0.823060668407095,0.815513658707684,0.814259506375624,0.81247770855925,0.811593880277319,0.807986093230476,0.804608985365216,0.803391953820997,1.04136183490271,0.796635970433914,0.79385633048724,0.793844840719575,1.15110679267012,0.790123039824362,0.78979690718833,0.789522036592649,0.783416550821068,0.784393181072602,0.781506597903814,0.781355463267604,0.781674525277381,0.78214560575165,0.917122093311632,0.912862040992723,1.04311181490094,1.062087608114,0.920197815732753,1.22064640189247,0.919137221794435,0.933446401678903,0.908875975441213,0.801417481439162,0.723845640790617,0.722709921448336,0.722499570317236,0.721739477994775,0.909980760793627,0.835880597636509,0.827089157716138,0.816223372818075,0.83421988429476,0.900514959894143,0.910051467056182,0.764868530496458,0.766952597585252,0.770518844702845,0.77442978485039,0.774359962416118,0.773173864861766,0.777773307240937,0.776072821626501,0.773743934103612,0.773943679295328,0.775222578819283,0.775713987344037,0.776895665756979,0.779081373098195,0.781837149681257,0.775201366940517,0.769399034269638,0.771882591741865,0.774115141982023,0.772092059044682,0.772342182448469,0.77307045695278,0.774836345860079,0.775731663909675,0.783664022740009,0.785704782242988,0.785875361101401,0.781689550358174,0.785232817940437,0.786136974272852,0.789096031360758,0.790249427268679,0.78819541034147,0.789729736238903,0.783763895335867,0.781041704227519,0.78078627785404,0.780883498965053,0.780936528661969,0.78225520045861,0.783688769931903,0.778958520967006,0.772754930256131,0.771632468338078,0.773191541427405,0.924599280576771,0.931952731882439,0.91675972371604,0.790229983046476,0.79115181594453,0.792968083063899,0.792621622377382,0.792114304943554,0.791780217852983,0.793026415730507,0.794992933657804,0.795326136920092,0.795784843798414,0.797566641614788,0.798047444200158,0.798694406502532,0.797614368342012,0.798492893654252,0.797175989514174,0.79292742696293,0.791012171075985,0.790307759935286,0.78997544050128,1.05323164872905,0.783933590365998,0.783337006275694,0.788998810249746,0.792729449427778,0.790509272783566,0.789203858411154,0.789969253703306,0.793426789942221,0.79493636864776,0.792530588064343,0.793022880417379,0.79346744604319,0.791122649611227,0.800060805026398,0.798241002593901,0.807724480059024,0.797916637614432,0.798674078452048,0.800834154773088,0.800141233400053,0.796370821949335,0.798060701624387,0.800920769944717,0.803813539911478,0.809955262642618,0.812067612236434,0.807319686705899,0.921063967449045,0.805832203707409,0.857022653968587,0.830732297894259,0.834284403759341,0.804640803183366,0.794492686850231,0.795168815485908,0.795397727010928,0.795145835950578,0.798518524674428
0.894478412728552,0.81955275395611,0.815079699021256,0.814481347274388,0.813838804113424,0.81022129495548,0.810218643470634,0.807271959978675,0.806366919817977,0.796449482666426,0.796407058908894,0.794978792405293,0.793825396497372,0.792238040903024,0.790113317713261,0.790035540824451,0.789421280168509,0.788239601755567,0.783977781780094,0.78318410398292,0.782834107983275,0.781749650681345,0.778210802240492,1.04364211187009,0.910749691398907,0.815469467293588,1.08090431223632,1.07706849749274,0.805871975980096,0.805436248637104,1.12335458461748,0.797267907655495,0.983939511425637,0.724573915294929,0.723802333204803,0.883952017890751,1.11397716654619,0.826903553776933,1.07266703264872,0.815039926748569,0.971327281842477,0.792935381417468,0.787442388645265,0.768679598048146,0.771580322469444,0.772733718377364,0.7699584975721,0.771712012883452,0.77901508597705,0.780169365713252,0.779264325552555,0.777425078897856,0.777113087514334,0.778913445724628,0.776383045353459,0.777757398331862,0.783053297397194,0.78336705643728,0.777391493423142,0.77808618245274,0.779121145370882,0.777737070281377,0.768881110896426,0.769968219683201,0.772214027347589,0.774857557738845,0.783862884103443,0.784396716385729,0.789863194309475,0.787574962887554,0.787271809786852,0.781937906105397,0.788776969350981,0.786962469888176,0.789780998279255,0.788672677613713,0.974844918404564,0.779616973037045,0.780582997349196,0.783787758699479,0.780228582208142,0.783102791780982,0.785532435728011,1.02938596168254,1.03486569703052,0.922380871589123,0.811536431438993,0.805985989828465,0.825294986303818,0.851522590570128,0.851614508711449,0.911854476751321,0.791208380954574,0.792153193387959,0.792052436963818,0.794508595759305,0.796142794252596,0.798606907502621,1.08028563243897,0.79859276625011,0.797473839645185,0.800795266328682,0.798322314795839,0.795396843182646,0.800352468359435,0.801284023368591,0.800924305257844,0.793609742396581,0.793648630840986,0.793195226932355,0.79300962299315,0.788921917189218,0.787307162918129,0.782676786549091,0.789906501895289,0.790354602834228,0.790442985662421,0.791961402650779,0.791283506358538,0.791895999357916,0.839133969542298,0.797236973665627,0.797793785483244,0.79586085303066,0.794801142920625,0.798167644846501,0.805385870425034,0.805204685627238,0.806054044606174,0.802978322185053,0.800503602995645,1.08737393526005,0.794500641304768,0.797624974281395,0.803014559144612,0.809471808572402,0.812880734255811,0.813289946750345,0.813566585002589,0.813037171861713,0.81171319709538,0.802769738710517,0.803849776871037,0.840077014319118,0.800234035369656,0.799366999825082,0.79331189226557,0.795251011516128,0.798271936583769,0.802043231862769
0.859744845076935,0.894752399495951,0.816324129242215,0.817272476988727,0.813119367891932,0.814392080617913,0.811209414974679,0.809354259410905,0.807464634544136,0.796258575757529,0.797986460048705,0.796702257555059,0.795005307253751,0.794742810254017,0.795968680081056,0.793814790557989,0.789991349410355,0.78699163622148,0.784381691304937,0.78411300750723,0.783187639296048,0.78261668622592,0.780742086439944,0.777642500655211,0.906569183625372,0.900240973126744,0.812344250488679,1.15177850216439,0.802242093226204,0.803165693780822,0.803807353113504,0.796665136767218,0.796191404808102,0.93335801885071,0.921638455832301,0.897041514746153,0.79682157437312,0.851223856610836,0.848421237128832,0.808675479290382,0.943486690961642,0.792761267245927,0.771625397711822,0.772148624054726,0.774151378941582,0.774142540658763,0.777695530352126,0.894929165152337,0.780242723460653,0.78166922230769,0.78094183163166,0.784350757315069,0.784440907799826,0.78308334755878,0.782941935033671,0.779763688531846,0.779975807319509,0.78503307274872,0.784306565900973,0.78375152173992,0.77801724384675,0.777769771927809,0.78079511613686,0.78045660990488,0.781007234924523,0.778660670835996,0.778515722997759,0.791427570368493,0.794218700082832,0.796460972434092,1.07719223345221,0.781762908105574,0.78680426462571,0.787109185382977,0.789669635915731,0.788678864411687,0.781690434186456,0.780739434955098,0.780719106904613,0.784845701152951,0.78385227816406,0.783996342174015,0.78624568515153,0.916353162706352,0.937476658644509,0.915663776646445,0.805717306030758,0.805830436050845,0.829624861056999,0.957857738825845,0.846045506707,0.784794439112599,1.05115465226651,0.794632331718776,0.798976347724468,0.799942372036619,0.799519018289574,0.802638932124791,0.799367883653363,0.801657882731847,0.802608881963206,0.80208477179202,0.799893761481113,0.797280281251442,0.799586189239001,0.803959371577997,0.803520108921877,0.802580599458184,0.794691548213665,0.793209368184866,0.793373760245306,0.793866052598341,0.8131503018818,0.784569946728988,0.787878999816539,0.790374930884713,0.792563289710774,0.798088100301127,0.796130420656649,0.793124520669801,0.793106844104162,0.808712600078223,0.801104606227358,0.799573815643054,0.797806159079191,0.800709534985335,0.808355533452323,0.80661085642379,0.808610959825801,0.808931789492142,1.02849329511779,0.791637037671311,0.793187272477818,1.08165556627596,0.808823962441746,0.812585535609646,0.81358956453792,0.814178194173686,0.814895862738614,0.815170733334295,0.913277440285231,0.805175519293934,0.802468353266378,0.804104319416233,0.803890432972006,0.80463373255711,0.798240118765619,0.797502122150207,0.801867350034665,0.813400425285586
1.29144104727517,0.979387795773691,0.987890223845869,0.817328158170489,0.819799342046769,0.819211596239285,0.815282095697818,0.812344250488679,0.81168579841864,0.976639089816884,1.04614334590796,0.800425826106835,0.800078481592036,0.79597044773762,0.796376124919026,0.796365518979643,1.03360182258736,0.824115959375721,0.785086102445636,0.783830182457012,0.785950486505365,0.787118907494078,0.786274851484834,0.784600880718856,0.913454205941617,1.27655737900744,1.17387420921267,0.801216852419164,0.800705999672207,0.801557126307707,0.820136080622185,0.796358448353388,0.791456736701797,0.926738145019044,1.02243023310374,0.895503653535593,1.12753509239101,0.913533750486991,0.90878759261302,0.811857261105334,1.1806178190038,0.787405267857424,0.773320580356567,0.773513254922028,0.775551362940161,0.776657915949139,0.777772423412655,0.780398277238272,0.991416698690775,0.985928125059982,0.78567826739453,0.784195203537449,0.788362453886755,0.786699972888443,0.787051736544651,0.786694669918751,0.780035907642681,0.784679541435948,0.783732961345999,0.78133513521712,0.77970623969352,0.779968736693254,0.791367470045322,0.782761634064157,0.783770965962122,0.786998706847735,0.786278386797961,0.792174405266725,0.795677900576301,0.797779644230733,0.794156832103097,0.790221144763657,0.790210538824274,0.787928494200327,0.787497185998745,0.784943806092245,0.783546473578512,0.783138144912259,0.827151909524155,0.784150128295071,0.787369030897864,0.785807306323692,0.787432666534164,0.799052356956714,0.793118333871828,0.792317585448398,0.788989971966926,0.831736326822533,0.807518548069334,0.806090281565733,0.912976938669374,0.784469190304848,0.806772596999384,0.803894852113416,0.80196103583255,0.805133095536401,0.805362007061422,0.807389509140172,0.809931399279006,0.804541814415789,0.800987940894144,0.801846138155899,0.804125531295,0.803003069376947,0.80059728879353,0.804034496981961,0.80239146020585,0.803327434356416,0.798987837492133,0.79346744604319,0.794147993820277,0.795584214778416,0.795807823333744,0.790111550056697,0.791120881954663,0.794397233395782,0.794131201082921,0.799254753633276,0.799111573451603,0.79670756052475,0.795168815485908,0.808113364503074,0.803441448204785,0.801993737478981,0.8003639581271,0.800163329107102,0.803060518215272,0.808467779644128,0.806863631312423,0.813393354659331,0.81032205137962,1.25193392307284,0.829459585168278,0.981243835165746,0.981738779003628,0.814559124163198,0.81539257423306,0.81705417140309,0.818348096007838,0.818364004916913,0.978583512037133,0.805363774717985,0.805864021525558,0.805364658546267,0.80494484011235,0.796403523595766,0.798997559603234,0.801499677469382,0.818736980451887,0.937635747735257
1.01891259654166,0.849625895077104,0.828089651331284,0.825148270809017,0.819206293269593,0.820381784884562,0.822443756266307,0.815370478526011,0.81469700137518,0.82349286043696,0.803518341265313,0.802367596842238,0.802247396195896,0.800851831338726,0.797359825796816,0.805810108000361,1.03365485228427,0.770129076430513,1.03226724188164,0.959307217208212,0.78792053974579,0.789088076906221,0.788995274936618,0.791079342025412,0.794900131688201,0.794231957507061,1.12108314593291,0.79886763684579,0.800456760096703,1.06302446609285,0.814956846890067,0.794686245243973,0.952378003477871,0.78549973408158,0.891057997277478,1.11291657260787,0.833013458689923,1.01938102553108,0.817164649938332,0.811833397741722,1.06500424144437,0.776153250000156,0.777128112595127,0.774643671294618,0.777707020119792,0.778061435260846,0.780815444187344,0.779761920875282,0.782556585902749,0.785791397414617,0.789852588370091,0.789354993047364,0.790400561904889,0.787867510048874,0.788247556210104,0.968322265683911,0.901222022519688,0.786807799938838,0.785172717617265,0.785227514970745,0.783093953498163,0.785818796091357,0.78819982948288,0.784681309092511,0.784071467577979,0.786631034282452,0.788076977351691,0.789810164612559,0.798206533290906,0.799038215704203,0.79369635756821,0.791635270014747,0.791602568368315,0.790473919652289,0.79102366084365,0.789872916420576,0.844572164961021,0.99007327970224,0.994563127374451,1.03878105631947,0.790416470813964,0.789032395724459,0.791189820560653,0.795648734242997,0.796333701161493,0.793667191234907,0.790746138763124,0.790225563905066,0.796814503746864,0.795359722394805,0.794286754860541,0.813809637780121,0.802507241710783,0.803157739326285,0.806130937666702,0.807371832574533,0.808131041068712,0.809363981522006,0.81131989350992,0.810649067843934,0.805104813031379,0.804899764869971,0.804031845497115,0.806941408201233,0.80252403444814,0.803027816568841,0.804863527910412,0.804982844728473,0.803968209860816,0.799736440046929,0.798376228321037,0.79733419477664,0.796395569141229,0.79246960391289,0.792398013822053,0.79434155221402,0.795007958738597,0.794118827486974,0.800859785793263,0.800949052449739,0.794605816870318,0.804302296951386,0.804417194628037,0.803597001982405,0.804708857961074,0.803785257406456,0.802279214014045,0.805065040758693,0.806667421433834,0.811304868429127,0.811884659782074,1.25248189660764,1.14134049015478,1.09328674646617,0.815769085081162,0.819093163249506,0.82140614186332,0.822495018306659,0.820901475914337,0.819854139400249,0.884685595364754,0.811174945671683,0.811046790570803,0.805963894121417,0.803716318800465,0.799958280945694,0.801055995671852,0.799686945663141,0.939606684803964,0.940075113793387
0.85597178214137,0.970478806691823,0.839054424996924,0.838648747815517,0.82440850653704,0.823489325123832,0.822081386670716,0.821827727953801,0.820341128783593,0.815130961061608,0.827608848745914,0.807587486675325,0.802081236478893,0.80226772424638,0.801862930893256,0.924714178253422,0.805773871040801,0.772237006882919,0.774778013193471,0.810489094924905,0.790321901187797,0.792679071215708,0.795745955354009,0.793992440042657,0.79620377840405,0.797193666079813,0.793849259860985,0.799291874421117,0.795973983050747,0.813037171861713,0.81459182580963,0.966519255988771,0.793946480971997,0.909247183319624,1.00445316584926,1.11447211038407,0.833699309436702,0.824607367900475,0.817327274342207,0.817840778574009,0.805387638081597,0.890978452732105,0.793967692850763,0.784353408799915,0.779753082592463,0.783976897951812,0.785067542051715,0.783292814861597,0.784486866870487,0.786702624373288,0.792403316791745,0.792088673923378,0.792669349104606,0.790502202157311,0.789333781168598,0.862002142508988,0.891049158994659,0.78974652897626,0.789997536208328,0.789787185077228,0.787955892877067,0.790027586369914,0.78976508937018,0.783943312477099,0.784884589597356,0.797082303716289,0.792145238933421,0.790838056904445,0.927286118553842,0.800792614843837,0.800901325722514,0.796597081989509,0.794975257092165,0.79506894289005,0.794857707930668,0.791165073368759,0.792061275246638,0.808495178320868,0.838719454078072,0.788500331098737,0.790022283400222,0.789836679461017,0.791158002742504,0.79414445850715,0.79640087211092,0.797315634382719,0.801181499287887,0.795537371879473,0.798596301563237,0.796325746706956,0.796255924272683,0.797400481897785,0.892100914650157,0.808109829189946,0.80992874779416,0.809797941208435,0.810359172167461,0.808888481906327,0.810494397894596,0.807912735483075,0.804554188011736,0.80559003475816,0.805628039374283,0.804891810415434,0.80669305245401,0.806624997676301,0.807404534220965,0.805988641313311,0.806678911201499,0.836411778433949,0.796197591606076,0.79702750636281,0.79697270900933,0.794855940274104,0.798988721320415,0.798283426351434,0.79465265976926,0.794735739627762,0.798073959048616,0.801749800873168,0.803692455436853,0.807281682089776,0.804558607153146,0.802178457589905,0.802966832417388,0.805136630849529,0.800888068298285,0.80244625755933,0.806033716555689,0.805163145697987,0.80236848067052,0.802232371115103,0.815379316808831,0.817591538998505,1.02076863593371,0.82138316232799,0.826068336050507,0.822231637478644,0.821074706257596,0.821295663328079,0.815834488374025,0.816034233565742,0.811138708712124,0.808034703785982,0.808261847654438,1.07305591709277,1.09045849596399,0.939951377833917,0.778958520967006,0.780826050126727
0.847267841220911,0.84491509033441,0.979175676986027,0.83630218372699,0.826653430373146,0.823605106628765,0.823266600396785,0.821693386054948,0.820973949833456,0.817998983836475,0.926366937140633,0.809480646855221,0.806718683474186,0.803418468669455,0.802771506367081,1.08402422607153,0.810304374813981,0.806735476211543,0.80609823602027,0.805403546990672,0.915292568768034,0.794903667001329,0.794401652537192,0.799799191854946,0.797327124150384,0.797501238321925,0.799223819643409,0.799960932430539,0.802687542680297,1.00848342281487,0.956744115190611,0.949381825602124,0.793453304790679,0.790558767167355,0.790202584369736,0.862892157588892,1.07840307819845,1.03287708339617,0.826101037696939,0.806843303261938,1.16044001932731,0.788700960118735,0.793021996589097,0.793006087680022,0.78778354636209,0.79115181594453,0.792199152458619,0.787620038129933,0.786782168918662,0.788573688846137,0.791489438348228,0.795235986435335,0.794582837334988,0.800575193086482,0.800914583146743,0.808800982906416,0.808760326805447,0.893965792325032,0.790768234470172,0.790389072137224,0.789910037208417,0.785597839020874,0.786217402646508,0.784332196921149,0.784174875486965,0.790324552672643,0.791834131378181,0.793659236780369,0.861530178206436,0.80216696782224,0.80211658961017,0.798975463896186,0.799359045370544,0.801154984439429,0.804169722709096,0.79656084502995,0.799533159542085,0.794647356799569,0.800014845955737,0.791533629762325,0.790225563905066,0.800802336954938,0.854796290526402,0.797040763787038,0.799227354956537,0.803711015830774,0.805620084919745,0.804437522678521,0.804184747789889,0.801140843186918,0.797223716241398,0.893497363335609,0.883463260850843,0.80834492751294,0.809654761026762,0.809500091077424,0.809173958441391,0.955453725898992,0.812452077539074,0.809255270643329,0.808294549300869,0.807175622695944,0.807481427281493,0.806937872888105,1.02778623249225,0.807586602847043,0.807211859655504,0.804586005829886,0.805825133081153,0.806830929665991,0.806719567302468,0.800046663773887,0.799514599148164,0.798768648078214,0.796861346645806,0.797887471281129,0.797004526827479,0.796224990282816,0.797161848261663,0.80257441266021,0.806883959362907,0.807106684089954,0.809495671936014,0.80335218154831,0.805419455899747,0.805264785950409,0.799921160157853,0.802592089225849,0.802891707013424,1.03148063471072,1.03448565086929,1.07876544779404,1.03733157793711,0.819298211410914,0.823953334971846,0.82673297491852,0.829695567319554,0.828038389290932,0.826663152484247,0.820530268035926,0.819959314965799,0.812743740872111,0.811456003065338,0.808458941361309,0.805904677626527,1.06277699417391,1.02126357977159,0.781968840095264,0.779702704380392,0.779561291855284
0.985901610211524,0.850611363611457,0.846139192504885,0.84573881829317,0.835938046474834,0.830191394985717,0.826710879211471,0.823278973992732,0.821566998610632,0.820416254187557,0.818352515149247,0.811514335731945,0.809788219097333,0.806311238636216,0.799326343724113,0.79885349559328,0.803051679932453,0.863090135124045,0.850909213742468,0.803190440972716,0.806240532373661,0.800902209550796,0.801587176469293,0.803932856729539,0.98865915445115,0.790221144763657,0.920984422903672,0.804868830880104,0.805390289566443,0.805286881657457,0.909344404430637,0.806411995060356,0.811964204327448,0.949143191966002,0.868639692906291,1.11072467846868,1.05627201801889,0.822324439448247,0.829935084783957,0.82539662655624,0.961755421549162,0.787990362180062,0.791761657459063,0.792051553135536,0.791363934732194,0.792784246781257,0.79350368300275,0.793210252013148,0.789132268320317,0.790353719005946,0.791107624530434,0.797762851493376,0.799541113996622,0.799648057218736,0.800304741632211,0.802198785640389,0.807296707170569,0.806224623464586,0.793247372800989,0.790821264167088,0.789960415420487,0.789446027360403,0.78927102936058,0.787153376797073,0.811687566075204,0.790270639147445,0.790401445733171,0.793057349720374,0.997205773937425,0.803718086457029,0.803469730709807,0.801487303873435,0.803080846265757,0.803664172931831,0.806287375272604,0.807294055685723,0.804631964900546,0.802778576993336,0.80342553929571,0.803308873962495,0.802962413275978,0.777118390484026,0.801103722399077,0.802258002135279,0.804441057991649,0.808456289876463,0.804014168931476,0.805211756253493,0.806674492060089,0.80772713154387,0.809147443592933,0.807409837190656,0.811069770106134,1.08314923607242,0.811810418206392,0.811616859812649,0.815473002606715,0.815168081849449,0.813275805497834,0.812493617468325,0.815583481141957,0.814641320193418,0.814095114315184,0.816401906131025,0.816439910747148,0.816332967525034,0.807632561917703,0.80323816769994,0.80429522632513,0.805103929203097,0.805887884889171,0.996799212927737,0.802132498519245,0.799126598532396,0.795230683465643,0.79714682318087,0.79808014584659,0.799033796562793,0.8000068915012,0.802051186317307,0.805142817647503,0.807133198938412,0.807479659624929,0.804620475132881,0.805171100152524,0.805722609000449,0.805902909969963,0.808728508987298,0.808878759795226,0.811545269721813,0.814073018608136,1.0924736244468,1.03466241652567,0.825771369747779,0.829568296046955,0.829255420835152,0.827809477765912,0.82691150823147,0.82762564148327,0.824470374516776,0.821956766882963,0.812441471599691,0.811938573307272,0.815576410515701,0.805929424818421,0.874099100203781,0.921382145630541,0.845485159576256,0.781547254004783,0.78194409290337
0.983709716072335,1.06081489538802,0.850144702278598,0.846043739050436,0.839503409764145,0.839832193885023,0.830153390369594,0.826812519463894,0.823955986456692,0.820686705641828,0.81793269671533,0.818841272189155,0.817222982604939,0.803561648851127,0.802630977670254,0.802737037064086,1.04377468611238,0.81099464470217,0.809128883199013,0.802907615922498,0.798482287714868,0.800264085531242,0.803076427124347,0.804900648698253,0.80615745251516,1.09234105020451,1.15362570327362,0.805749123848907,0.80885754791646,0.807323222019027,0.807286101231186,0.924705339970602,0.904227038678254,0.899472042521464,1.02317264886057,1.06191968074043,1.05304604478984,0.82691150823147,0.90981283342006,0.781515436186634,0.780750924722763,0.786904137221569,0.786227124757609,0.788191875028342,0.793243837487862,0.79338966915438,0.793897870416491,0.800627338955116,0.791525675307787,0.792447508205842,0.792466068599762,0.798740365573192,0.800001588531508,0.807199486059557,0.799038215704203,0.799839847955915,0.807161481443433,0.808274221250385,0.804242196628215,0.81422592090091,0.789973672844716,0.790423541440219,0.78974210983485,0.789206509895999,0.998071925653718,0.790749674076252,0.792161147842496,0.792615435579409,0.839272730582561,0.986697055665262,0.801014455742602,0.803158623154567,0.804827290950853,0.805578544990495,0.808280408048359,0.808382932129063,0.848785374380987,1.19380453697022,0.802106867499069,0.803065821184964,0.80412111215359,0.803724273255003,0.801167358035376,0.800628222783398,0.802380854266467,0.809463854117865,0.809285320804914,0.805716422202476,0.807092542837443,0.811282772722079,0.812178974599957,0.813618730871223,0.814981594081962,0.816011254030412,0.817060358201064,0.813714184325672,0.816961369433488,1.089088562127,0.816513268494549,0.814813666708395,0.813129973831315,0.814365565769455,0.814583871355092,0.81548449237438,0.818734328967042,0.818386100623961,1.09295089171904,0.807385089998762,0.806233461747406,0.807347085382639,0.809371935976544,0.808715251563069,0.982516547891727,0.799037331875921,0.800266737016088,0.802502822569374,0.799684294178295,0.801400688701805,0.800731630692384,0.802859889195274,0.802873146619503,0.810886817651774,0.989878837480215,1.01999970532843,0.81160360238842,0.806740779181234,0.808090384967743,0.80895388519919,0.816758088928643,1.28386663889902,0.815817695636669,0.827127162332261,0.830404397601662,0.831915743963765,0.955497917313088,0.830249727652324,0.831349210035047,0.830139249117083,0.827714908139745,0.825686522232713,0.822807009690181,0.816601651322742,0.816075773494992,0.812838310498278,0.807964881351709,1.07102311204433,0.8884595421286,0.91328627856805,1.01427249806152,0.838650515472081
0.888866103138289,0.858358118502585,0.859257855693591,0.849264409309794,0.843503616568166,0.841783686731528,0.838117567018077,0.828637624866082,1.04813195954231,0.820802487146761,0.820038859511172,0.819762221258928,0.820196180945356,0.820067142016194,0.809409940592667,0.813494111083471,1.04182142560932,1.04175955762958,0.81747045452388,1.08306085324423,0.804235126001959,0.804989031526447,0.806145962747495,0.806541033989518,0.805354052606884,0.808968910279983,0.810948685631509,0.808678130775228,0.811316358196792,0.811326080307894,0.810992877045606,0.92074578926755,0.896131171615764,1.05980733114662,0.861217302994633,0.846058764131229,0.829420696723873,0.909370919279095,0.915628423515168,0.815039926748569,0.787738471119712,0.787620038129933,0.787525468503766,0.790251194925242,0.793674261861162,0.794330946274637,0.797807042907473,0.802145755943473,0.801818739479159,0.796810084605454,0.795784843798414,0.796231177080789,0.803568719477383,0.810660557611599,0.809566378198569,0.802223532832283,0.801831113075106,0.804509112769358,0.805349633465474,0.810731263874154,0.813090201558629,1.22381050714179,0.797189246938403,0.794926646536659,0.814313419900821,0.794250517900981,0.79565492104097,0.789286938269655,0.830348716419901,0.807379787029071,0.808245054917081,0.808783306340777,0.807652006139906,0.809091762411171,0.809900465289139,0.810194780107022,0.793304821639315,0.796178147383873,0.800639712551063,0.804273130618082,0.806214017525203,0.963107678820516,0.811534663782429,0.803956720093151,0.80630858715137,0.813221008144354,0.812570510528853,0.809724583461034,0.876850457645433,0.811408276338113,0.813247522992812,0.816639655938865,0.820581530076278,0.820178504379718,0.817567675634893,0.817716158786257,0.817817799038679,0.821121549156538,0.82169426988323,0.821335435600765,0.849084992168562,0.816245468525123,0.815352801960373,0.815481840889535,0.885648968192059,0.819797574390205,0.816383345737104,0.814379707021966,0.810848813035651,0.810078998602089,0.812376068306828,1.07407231961699,0.909247183319624,0.797674468665183,0.79786979471549,0.805219710708031,0.805757962131727,0.806222855808023,0.805772987212519,0.807555668857175,0.810854116005342,1.00120951605457,0.879234142521802,0.968101308613428,0.965220028414332,0.983939511425637,0.814742076617558,0.94325689560834,0.819077254340431,1.19026038555967,0.824511030617745,0.824710775809461,0.832076600711076,0.835818729656773,0.834873033395107,0.830519295278313,0.83107610709593,0.83264578612464,0.830061472228273,0.82616997630293,0.825078448374744,0.82549296383897,0.824450930294573,0.82477441144576,0.823608641941893,1.03289475996181,0.995623721312768,0.931139609863062,0.837032225887865,0.839367300208728
0.865951087272656,0.85899182338073,0.85682290877687,0.856959018332288,0.84666772181748,0.847668215432626,0.91624710331252,0.8342472829715,0.830034957379815,0.829485216188454,0.823659020153963,0.825747506384166,0.823742983840746,0.821688083085256,0.828095838129258,0.814773894435708,1.00790893443161,1.03698688490715,1.35645545569403,0.810918635469923,0.811419766105778,0.808572955209678,0.807996699169859,0.809666250794427,0.805166681011115,0.807427513756295,0.809267644239276,0.810848813035651,0.811734408974146,0.812776442518543,0.812757882124622,0.922142237953002,0.885330790010564,1.08207980385129,0.863189123891621,0.951697455700784,0.825164179718092,0.815679818424687,0.812595257720747,0.806731940898415,0.791671506974306,0.7912021941566,0.788496795785609,0.791901302327608,0.794386627456399,0.796200243090922,0.80031799905644,0.800112950895032,0.799035564219357,0.800142117228335,0.796054411424403,0.797092909655672,0.802509009367347,0.810325586692748,0.810586316035917,0.803249657467606,0.804094597305132,0.804915673779046,0.807292288029159,0.808500481290559,0.815636510838873,0.821659800580234,0.82109503430808,0.801652579762156,0.802255350650433,0.805895839343708,0.802309264175631,0.80280332418523,0.936239299049805,0.818945563926423,0.808756791492319,0.810145285723234,0.813531231871312,0.813602821962149,0.811619511297495,1.10464393988899,0.795936862262906,0.795720324333833,0.97965294425827,0.806287375272604,0.808477501755229,0.813616079386378,0.816162388666622,0.815927290343628,0.814801293112448,0.815157475910066,0.81636301768662,0.817888505301233,0.818181936290835,0.82053203569249,0.812136550842425,0.819178010764571,0.815288282495792,0.815944966909267,0.817408586544145,0.820643398056013,0.820487844278393,0.821171043540326,0.824967086011221,0.826490805969271,0.821521923368253,0.817918555462819,0.817488131089519,0.817189397130226,0.816356830888647,0.815748757030678,0.817222982604939,0.818265899977618,0.812810911821538,0.811602718560138,0.812608515144976,0.86808995171493,0.868637041421446,0.821199326045348,0.82230764671089,0.803853312184165,0.805149004445476,0.812540460367267,0.810856767490188,0.816117313424243,0.94916970681446,0.818510720411713,0.818942028613296,0.818513371896559,1.31622359230052,1.27283646194051,0.821020792732398,0.824269745496777,0.826621612554997,0.827040547160632,1.09482460767674,1.09517813898951,0.832932146487986,0.838641677189262,0.838706196653843,0.834635283587267,0.835646383141797,0.832357658104731,0.830495431914701,0.829408323127926,0.824911404829459,0.823101324508064,0.821688966913538,0.820869658096188,0.823754473608411,0.820685821813546,0.818159840583786,0.893338274244861,0.821772930600321,1.01908936219804
0.867744374856695,0.861017557802916,0.857382372079333,0.855873677202076,0.850216292369434,0.850174752440183,1.14164099177064,0.927233088856926,0.830271823359373,0.830499851056111,0.828715401754892,0.828439647330929,0.827064410524244,0.823363821507798,0.823719120477134,0.820749457449845,0.82091650099513,1.41321490795966,0.832464601326844,0.816251655323097,0.814701420516589,0.813285527608935,0.814127815961616,0.813061919053607,1.22432312754531,0.809226104310025,0.811934154165862,0.811871402357845,0.813147650396954,0.812593490064183,0.810872676399263,0.808648080613642,0.863180285608802,0.862726881700171,0.845445387303569,0.842617136801389,0.824741709799329,0.840061105410044,1.33353778834355,0.799108921966758,0.80026320170296,0.79660680410061,0.796310721626163,0.796276252323168,0.796623596837967,0.797561338645096,0.801091348803129,0.801206246479781,0.801145262328327,0.802577064145056,0.803039306336506,0.799412958895742,0.803589931356149,0.803820610537733,0.809366633006852,0.803510386810775,0.803885130002314,0.810906261873976,0.808793912280161,0.808342276028094,0.808589747947035,0.82133278411592,1.06071767427701,0.865554248374069,0.808504016603687,0.808140763179813,0.807587486675325,0.807992280028449,0.812768488064006,0.813817592234658,0.809851854733632,0.808991005987031,0.817192048615072,0.808307806725098,0.807554785028893,0.933888315819868,0.796643924888451,0.993299252931289,1.06951176568222,0.811149314651508,0.811495775338025,0.816969323888025,0.817793051846785,0.813198912437306,0.815641813808564,0.816799628857894,0.817512878281413,0.821532529307636,0.82358919771969,0.825944600091037,0.820648701025705,0.819403386976464,0.816096985373759,0.819897446986063,0.822852968760841,0.823656368669117,0.857828705361708,0.824301563314927,0.825954322202138,0.829884706571887,0.823344377285595,1.14502605409043,0.860108098500809,0.885905278393819,0.910749691398907,0.818324232644226,0.817988377897092,0.818635340199465,0.81440887335527,0.811333150934149,0.812077334347535,0.814453948597648,0.822098179408072,0.820601858126763,0.821352228338122,0.810029504218301,0.81163542020657,0.814801293112448,0.817193816271635,0.817664012917623,0.934197655718544,1.46166637437513,0.820888218490108,0.820728245571079,0.823808387133609,0.991858612831741,0.998840856258998,0.828474116633924,0.829301379905812,0.83071020218721,0.832695280508428,0.835411284818803,0.837149775049362,0.839268311441151,0.841142911227127,0.83704371565553,0.836792708423462,0.834625561476166,0.83092497245972,0.83179907863055,1.02864354592572,0.919950343813812,0.921452851893095,0.820121939369674,0.821230260035216,0.823186172023129,0.823912678870877,0.822207774115032,0.821415863974421,0.823949799658718
0.869170873703732,0.867772657361717,0.86218155965022,0.857590955553869,0.853232798295665,0.85199455487268,0.848945347300017,0.905835606151369,0.837061392221169,0.83324060255838,0.831031915681834,0.831162722267559,0.830896689954698,0.826103689181785,0.826843453453761,0.82843080904811,0.839575883683263,0.836706977080114,0.826988401291998,0.82333730665934,0.820829885823501,0.817355556847229,0.817294572695776,0.816973743029435,0.814345237718971,0.813500297881445,0.812154227408063,0.815027553152622,0.813860899820473,0.813167978447438,0.811976577923395,0.809205776259541,0.860205319611821,0.844215982163402,0.840225497470483,0.838450770280365,0.921205379974154,0.805514025525914,0.796590895191535,0.798165877189937,0.800599940278376,0.800443502672474,0.7999335337538,0.800284413581726,0.797754013210557,0.799945907349747,0.800842993055907,0.800706883500489,0.800376331723047,0.801679094610614,0.80222176517572,0.80252403444814,0.802540827185497,0.803364555144257,0.803273520831218,0.802404717630079,0.803690687780289,0.81011170024852,0.810382151702791,0.810348566228078,0.81276583657916,0.815457977525922,0.879694617056688,1.18507231354474,0.813386284033076,0.811456003065338,0.810931892894152,0.810130260642441,0.814878186172976,0.812630610852024,0.811794509297317,0.811616859812649,0.814725283880201,0.815985623010235,1.0986073927234,1.18230593102229,1.00458574009155,0.976630251534065,0.978556997188675,1.16466471851495,0.819722448986241,0.820550596086411,0.8164178150401,0.814368217254301,0.815021366354648,0.819180662249417,0.82693006862539,0.829793672258848,0.828622599785289,0.833610042780227,0.824136287426206,0.820595671328789,0.818485973219819,0.821703991994331,0.822419892902695,0.824115075547439,0.824077954759598,1.01410457068795,0.827995081705118,0.831843270044646,0.905711870191899,0.903864669082663,0.852041397771622,0.895503653535593,0.898084432118832,0.90351113776989,0.820802487146761,0.819444926905714,0.81261028280154,0.811600067075293,0.815972365586006,0.81826236466449,0.818525745492506,0.817315784574542,0.818980033229419,0.820551479914692,0.819329145400782,0.819971688561746,0.820195297117074,0.821897550388074,0.964459936091871,0.825965811969804,0.825343596859324,0.826704692413498,0.825908363131478,0.827212893675608,0.833607391295381,0.834419629486476,0.834149178032205,0.833493377447012,0.836369354676417,0.838870588714282,0.839808330521411,0.839969187268723,0.841716515782101,0.840419055864226,0.835515576556071,0.831009819974785,0.828739265118504,0.827961496230404,1.06800925760294,0.813676179709549,0.816860613009347,0.823681115861011,0.822175956296882,0.823591849204536,0.82339210401282,0.824305098628055,0.824721381748844,0.824913172486023
0.871639406095166,0.871110876782571,0.865839724909133,0.866380627817675,0.854456016637858,0.853201864305798,0.854691114960852,0.882080953417902,0.835877946151663,0.834980860445503,0.834342736425948,0.836828945383021,0.83118570180289,0.827403800584506,0.827500137867236,0.831405775045091,0.979060779309376,0.82794558732133,0.828360102785555,0.8294878676733,0.828311492230049,0.819406038461309,0.819562476067211,0.820159060157515,0.814696117546898,0.814777429748835,0.81728750206952,0.81813420956361,0.973837354163162,0.812985025993079,0.813711532840826,0.811481634085514,1.0595686975105,1.10482070554538,0.839297477774455,0.875178254536019,0.795126391728375,0.795171466970754,0.794898364031637,0.796210849030305,0.804114925355616,0.809126231714167,0.804240428971651,0.802375551296776,0.799581770097591,0.798897687007376,0.801332633924097,0.802167851650522,0.802182876731315,0.800407265712915,0.797946687776018,0.805622736404591,0.805909980596219,0.802912035063908,0.80257883180162,0.800045779945605,0.804503809799666,0.806221088151459,0.810872676399263,0.812676569922685,0.815215808576673,0.817740905978151,0.944202591870006,0.815168081849449,0.816031582080896,0.814838413900289,0.812497152781453,0.816287008454374,0.815652419747947,0.815017831041521,0.813051313114224,0.811835165398286,0.814395615931041,0.8122258174989,0.814724400051919,0.816450516686531,0.921921280882519,0.921196541691335,1.17874410304611,0.81994605754157,0.824491586395542,0.82341508354815,1.01063112553996,0.815259116162488,0.816853542383092,1.15029367065074,0.827360492998691,0.828028667179831,0.827464784735959,0.928390903906256,0.855226714899702,0.852345434700606,0.826326413908831,0.828933707340529,0.822449943064281,0.82543816648549,0.823846391749732,1.00435594473825,0.831381027853196,0.831635570398393,0.831453501772315,0.890748657378802,0.85168786645885,0.893188023436933,1.07185391062934,1.11669051937172,0.922999551386475,0.919605650783859,0.911465592307272,0.823375311275463,0.821207280499885,0.869292842006639,0.843065237740328,0.824047904598013,0.823780988456869,0.824739942142765,0.828413132482471,0.82834861301789,0.828132075088817,0.824794739496245,0.897218280402539,0.897403884341745,0.827303044160365,0.826808100322484,0.829372969996649,0.830972699186944,0.834030745042426,0.831644408681212,0.835874410838535,0.836125418070603,0.838621349138778,0.839713760895245,0.841486720428799,0.839566161572162,0.84489211079908,0.835748907222501,0.834278216961367,0.835971631949548,0.831066384984829,0.900912682621012,0.818048478220263,0.817791284190221,0.854757402081997,0.824370501920918,0.82549296383897,0.823693489456958,0.825231350667519,0.827258852746269,0.829357061087574,0.830639495924656
0.869791321157648,0.870006975258439,0.870379950793414,0.869570364087165,0.869600414248751,0.852752879538577,0.852318919852148,0.846447648575279,0.946977812675271,0.837307096483546,0.837102048322138,0.838654934613491,0.834841215576957,0.830931159257693,0.832252482539181,0.837152426534208,0.837411388220814,0.83590888014153,0.831392517620862,0.830863104479985,0.83089757378298,0.828869187875948,0.822245778731155,0.822791984609388,0.823166727800927,0.819577501148004,0.82232620710481,0.822960795811237,0.807317919049335,0.808277756563513,0.814978058768834,0.81569484350548,0.816313523302832,0.841831413458752,0.824587039849991,0.796119814717266,0.795836105838766,0.794650892112696,0.795478155384584,0.783697608214722,0.803781722093328,0.808035587614264,0.80699974086784,0.805034990597107,0.806138008292957,0.799072685007198,0.799470407734068,0.80150321278251,0.801985783024444,0.803874524062931,0.803124153851572,0.803522760406722,0.851567665812507,1.01870047775399,0.800334791793796,0.803308873962495,0.804003562992093,0.808555278644039,0.814514932749102,0.815779691020545,0.817637498069165,0.819189500532236,0.821030514843499,0.818190774573654,0.818670693330743,0.815754060000369,0.816708594544855,0.817078918594984,0.816095217717195,0.815338660707862,0.816128803191908,0.816075773494992,0.817861990452776,0.810152356349489,0.814156098466638,0.820538222490463,0.820961576237509,0.918721822501927,0.823377078932027,0.823863184487089,0.824763805506377,0.827131581473671,1.09756447535072,0.844834661960754,0.845412685657137,0.844236310213887,0.833123053396883,0.83097535067179,0.83030275734924,0.829447211572331,0.85286866104351,0.853216889386591,0.836048525010076,0.831234312358396,0.832781895680057,0.829920059703164,0.829894428682988,0.998460810097767,0.848767697815349,0.858632989098266,0.836007868909107,0.885578261929505,0.885746189303071,0.849576400693316,0.881857344862574,0.891393852024612,0.919066515531881,0.829406555471362,0.829064513926255,0.909353242713456,0.819949592854697,0.824721381748844,0.824926429910252,0.824534010153075,0.825416954606724,0.828462626866259,0.828451137098594,0.829919175874882,0.862759583346603,0.839438006471282,0.832659043548869,0.833622416376174,1.34000741136729,0.829559457764136,0.833537568861109,0.837676536705393,0.838902406532432,0.839243564249257,0.844589841526659,0.839095081097893,0.840691274975061,0.841402756742015,0.842065627953464,0.844672037556879,0.845298671808768,0.846559894767084,0.834387811668327,0.833529614406571,0.833301586709833,0.834960532395018,0.895680419191979,0.869474910632717,1.13157418763944,0.830331039854262,0.829875868289067,0.826942442221338,0.827942935836484,0.8295612254207,0.830688990308444,0.834378089557225
0.871034867550325,0.870298638591476,0.872660227760797,0.874127382708803,0.870454192369096,0.853823195587995,0.852454145579284,0.852029024175675,0.865168015414865,0.909485816955745,0.84242534606421,0.841997573175755,0.837787015240634,0.83470510602154,0.834832377294138,0.838883846138511,0.835947768585935,0.837895726119312,0.838090168341337,0.835807239889108,0.834983511930348,0.834040467153528,0.829859075551711,0.829228905986694,0.823688186487266,0.82310397599291,0.821430889055214,0.821322178176537,0.821148064004996,0.820951854126407,0.915124641394467,0.816185368201952,0.813778703790253,0.806239648545379,0.849208728128032,0.800188076298996,0.798889732552839,0.798236583452491,0.797793785483244,0.79696387072651,0.796567915656205,0.807436352039114,0.805401779334108,0.80862421725003,0.807111103231363,0.800608778561195,0.799762071067105,0.799212329875744,0.799955629460848,0.803511270639057,0.805445086919923,0.805235619617105,0.82595962517183,0.866434541342873,0.869398017572188,0.884880037586779,0.807440771180524,0.807452260948189,0.818412615472419,0.819585455602542,0.820144035076722,0.818211102624138,0.819617273420691,0.820339361127029,0.910537572611244,0.822033659943491,0.821748183408427,0.817627775958064,0.816994954908201,0.81533335773817,0.816188019686798,0.81822082473524,0.81711338789798,0.820631024460066,0.821056145863675,0.8212505880857,0.822976704720312,0.822849433447714,0.825303824586637,0.823613061083302,0.829387111249159,0.830043795662634,0.831677110327643,0.922663696639341,0.844197421769482,0.836519605484345,0.838841422380978,0.839131318057452,0.836286274817915,0.835755977848756,0.910475704631509,0.858299785835977,0.885772704151529,0.937025906220724,0.838949249431374,0.836448015393509,0.836560261585314,1.07813792971387,0.845281879071412,0.843432026477329,0.859148260986631,0.844238077870451,0.842438603488439,0.8424942846702,0.841928634569764,0.84720774089774,0.867063827079608,0.833119518083755,0.845568239434757,0.830447705187477,0.831199843055401,0.829660214188276,0.824233508537218,0.824437672870344,0.833277723346221,0.834570764122686,0.834864195112288,0.830810958611351,0.836319860292628,0.933543622789915,0.933632005618108,0.875552997727558,0.958838788218788,0.88448231485991,0.928788626633125,0.839808330521411,0.843188089871516,0.843420536709664,0.84779813819007,0.847535641190336,0.845520512707533,0.843157155881649,0.842111587024124,0.846536915231754,0.847654074180115,0.838914780128379,0.838085749199927,0.837109118948393,0.834308267122953,1.12263868370911,0.881647877559756,1.11745061169418,1.02180271502357,0.829571831360083,0.831589611327732,0.831218403449321,0.830648334207476,0.83170274134782,0.834066982001986,0.83416066779987
0.860540290530673,0.871132088661338,0.877246412715738,0.877237574432919,0.875543275616457,0.895353402727664,0.853017144194874,0.854462203435832,0.856036301605951,0.854258922930988,0.84828777905826,0.848216188967423,0.844810798597142,0.839654544400355,0.838781322057807,0.838801650108291,0.836266830595712,0.842068279438309,0.839929414996036,0.838133475927151,0.838622232967059,0.8393637648956,0.832670533316534,0.831727488539713,0.829486983845018,0.824989181718269,0.82397808216374,0.822053987993976,0.819316771804834,0.819354776420958,0.819115258956554,0.817839894745727,0.812041097387976,0.808146949977787,0.809044919512229,0.806667421433834,0.804819336496316,0.802825419892279,0.801976060913343,0.801290210166564,0.800750191086304,0.80497223878909,0.982065795467942,0.806649744868195,0.807961346038581,0.804700903506537,0.80511895428389,0.803653566992448,0.803212536679765,0.805076530526358,0.807887104462899,0.808124854270739,0.813952817961794,0.852468286831795,0.819095814734352,0.819345054309856,1.23332049945537,0.812145389125244,0.818173981836297,0.826661384827683,0.821171927368608,0.824843350051751,0.822352721953268,0.825203951990779,0.940136981773122,0.92151471987283,0.820604509611608,0.819593410057079,0.820350850894694,0.820014112319278,0.822029240802082,0.823462810275374,0.823882628709291,0.823338190487622,0.821297430984642,0.827370215109792,0.829281051855328,0.826340555161342,0.826528810585394,0.825482357899587,0.832342633023938,0.837091442382754,1.08961885909616,0.828207200492781,0.837246996160374,0.838104309593848,0.839594444077184,0.839310735198684,0.838565667957016,1.07873893294559,0.879356110824708,0.884102268698679,0.848315177735,0.848059751361522,0.843122686578653,0.843424072022792,0.84234315003399,0.845614198505418,0.847597509170072,0.846240832757307,0.846909890766729,0.84681443731228,0.845739702121452,0.844101084486751,0.842445674114694,0.841589244509503,0.839694316673042,1.00484205029331,0.836527559938882,0.83755633605905,0.838734479158865,0.835639312515541,0.82578109185888,0.827478042160188,0.832758032316445,0.837433483927862,0.839105687037276,0.836440060938971,0.834963183879864,0.844831126647627,0.845673415000307,0.845190844758373,0.921417498761818,0.921426337044637,1.27252712204184,1.0816732428416,0.845750308060835,0.843272937386582,0.843663589487195,0.848999260825215,0.849609102339747,0.844034797365607,0.844598679809479,0.846085278979687,0.847875031250598,0.841734192347739,0.843364855527903,0.839596211733748,0.838699126027587,0.838081330058517,1.08264545395172,1.01065764038842,0.996931787170027,0.842025855680777,0.836052944151485,0.83357027050754,0.988809405259078,0.836210265585669,0.835158509930171,0.83915783290591
0.867540210523569,0.867674552422423,0.878178851553176,0.878179735381458,0.879090078511847,0.872413639670138,0.85427836715319,0.855077347920056,0.856309404545068,0.854235059567375,0.852276496094616,0.852015766751446,0.852109452549331,0.840867156803165,0.840213123874536,0.842849583639537,0.840914883530389,0.842070930923155,0.840394308672332,0.838040673957549,0.838231580866446,0.839362881067318,0.839095964926175,0.832680255427635,0.830804771813377,0.828505934452074,0.826709111554908,0.826068336050507,0.820393274652227,0.81917270779488,0.817352905362383,0.816969323888025,0.813365955982591,0.809379890431081,0.809775845501386,0.811765342964013,0.806100003676834,0.803685384810598,0.800089971359702,0.799328111380677,0.800193379268687,0.802470120922942,0.911677711094935,0.804025658699141,0.807372716402815,0.808231797492852,0.809379006602799,0.808479269411793,0.808001118311268,0.808486340038049,0.808375861502807,0.808200863502985,1.1001629304996,0.82446330389052,0.825013045081882,0.825614932141877,0.820514359126851,0.821749951064991,0.829547084168189,0.837028690574737,0.835595121101445,0.833283910144194,0.834750181263918,0.829571831360083,0.829731804279113,0.822547164175293,0.818229663018059,0.822700950296349,0.822478225569303,0.821889595933536,0.826431589474381,0.829756551471007,0.82747892598847,0.823228595780662,0.82546998430364,0.830110966612061,0.831514485923768,0.826086896444428,0.829679658410479,0.830409700571354,0.831262594863418,0.838238651492701,0.831832664105263,0.832277229731075,0.832831390063846,0.837804691806273,0.838082213886799,0.839445077097537,0.842326357296633,0.864957664283766,0.865716872777945,0.8496700864912,0.851068302833216,0.851382061873301,0.84913448655235,0.848270986320903,0.849076153885743,0.845769752283038,0.85109305002511,0.851853142347571,0.8508049220052,0.844936302213177,0.849336883228912,0.848257728896674,0.841575103256992,0.839362881067318,0.841073972621137,0.841594547479194,0.839179928612958,0.839680175420531,0.836524024625755,0.837135633796851,0.839774745046698,0.837832090483013,0.836560261585314,0.837926660109179,0.841983431923244,0.84486029298093,0.869394482259061,0.992061893336585,0.845973916616164,0.846680095413427,0.845873160192024,0.848305455623898,0.866994888473617,0.959519335995875,1.06823905295624,0.843538969699443,0.845163446081633,0.845787428848676,0.849100017249355,0.848242703815881,0.847065444544349,0.845418872455111,0.843387835063233,0.84478693523353,0.844339718122873,0.844536811829743,0.841833181115316,0.952316135498136,0.842107167882714,0.843564600719619,0.843873056790013,0.842635697195309,0.840807056479993,0.838575390068117,0.90454521685975,0.930874461378483,0.839478662572251,0.842123960620071
0.860673748601245,0.867483645513525,0.878459025118548,0.878512938643746,0.88087629546963,0.877492116978115,0.899878603531153,1.01284069624479,0.855920520101018,0.854889976324287,0.854276599496626,0.852919923083862,0.853834685355661,0.855583781525603,0.851559711357969,0.852306546256202,0.846475931080301,0.845648667808413,0.843668008628605,0.841293162035056,0.839080939845382,0.838957203885911,0.83918081244124,0.832189730731164,0.990223530510168,0.824772643789196,0.826462523464249,0.827336629635079,0.823276322507887,0.815585248798521,0.818397590391626,0.815023134011212,0.815946734565831,0.807658192937879,0.808847825805358,0.808756791492319,0.80957610030967,0.805330189243272,0.803477685164344,0.801395385732114,0.799450963511865,0.797985576220423,0.799600330491511,0.801709144772199,0.806411111232074,0.808515506371352,0.810865605773008,0.809183680552492,0.808108945361664,0.808024097846598,0.808885830421481,0.810266370197858,0.817918555462819,0.818245571927134,0.823990455759687,0.824810648405319,0.824878703183028,0.823961289426383,0.823765079547795,0.836005217424261,0.83573034682858,0.837526285897465,0.860934477944415,0.831763725499273,0.833661304820579,0.836657482696326,0.839607701501413,0.833458024315735,0.827458597937985,0.829985462996027,0.830061472228273,0.833146916760495,0.832934797972832,0.983356184759562,0.832968383447545,0.831269665489673,0.832291370983586,0.832745658720498,0.833250324669481,0.831046056934344,0.835659640566026,0.840007191884846,0.852670683508357,0.845943866454578,0.845387054636961,0.841641390378137,0.841431039247037,0.845586799828678,0.846144495474576,0.845098926617052,0.858733745522406,0.850480557025731,0.851092166196828,0.851125751671541,0.849271479936049,0.849898998016221,0.850242807217892,0.85073598339921,0.849387261440982,0.858048778603909,0.858692205593155,0.852340131730915,0.849283853531996,1.09927026393485,0.841498210196464,0.841690884761925,0.841819923691087,0.844215098335121,0.856743364231496,0.840835338985015,0.837977922149531,0.839408840137978,0.842179641801833,0.840674482237704,0.841707677499282,0.842614485316543,0.845181122647271,0.847834375149629,0.870896990338344,0.869991950177646,0.853644662275045,0.851486353610569,0.853238101265357,0.85494212219292,0.879217349784445,0.864496305920598,1.11743293512854,0.846498026787349,0.845599173424625,0.845457760899516,0.846715448544704,0.847579832604433,0.846490072332812,0.848128689967512,0.846503329757041,0.846953198352544,0.847884753361699,0.848704062179049,0.843934924769748,0.845324302828944,0.83933194707745,0.84633805386832,0.844592493011505,0.84416913926446,0.843275588871428,0.844272547173446,0.843713083870984,0.845751191889117,1.14749193499702,0.845439200505595
0.85569691154569,0.864194920476459,0.995588368181491,0.878550059431587,0.879420630289289,0.88499493526343,0.883987371022028,0.883802650911105,0.856038953090797,0.857108385311934,0.856647026948766,0.8563421061915,0.855810925394059,0.857178207746207,0.854151095880592,0.853371559335929,0.852569043255935,0.845240339142161,0.846177197121008,0.842528753973196,0.841719167266947,0.838884729966793,0.840148604409955,0.839340785360269,0.830759696570999,0.826725020463982,0.825885383596148,0.824305098628055,0.82341508354815,0.823530865053083,0.823941845204181,0.819178010764571,0.819535077390471,0.80686716662555,0.806480933666347,0.80743458438255,0.808709064765095,1.00814756806773,0.807199486059557,0.805398244020981,0.800576076914764,0.799766490208515,0.800835038601369,1.0536205331731,0.826548254807596,0.811348176014942,0.811287191863489,0.809554888430903,0.808656918896461,0.810326470521029,0.812163065690883,0.809779380814514,0.817851384513392,0.821179881823146,0.825393091243112,0.822308530539172,0.822909533770885,0.823313443295728,0.822283783347278,0.834036048012118,0.834990582556604,1.16049304902423,0.921718000377674,0.928682567239293,0.836351678110778,0.837581083250944,0.836090948767608,0.834083774739342,0.834159783971588,0.835456360061182,0.837204572402842,0.835700296666995,0.834675055859954,0.833408529931947,0.834481497466211,0.834723666415461,0.828510353593484,0.835242473616954,0.835641080172105,0.836227058323026,0.83513994953625,0.84317129713416,0.845748540404271,0.845943866454578,0.845234152344187,0.844784283748684,0.844806379455733,0.85821405449263,0.847000925079768,0.844952211122251,0.846186919232109,0.851809834761756,0.851479282984314,0.851014389308018,0.851671957549775,0.849096481936227,0.853700343456807,0.854306649658212,0.855163963091685,0.859113791683636,0.863552377315495,0.857590071725587,0.859121746138173,0.856330616423834,0.895114769091543,0.875733298697072,0.848735879997199,0.844670269900315,0.845241222970443,0.854920026485872,0.841539750125715,0.847832607493065,0.84830633945218,0.853452871537866,0.937520850058606,0.84311649978068,0.843965858759616,1.00091785272154,0.873924986032241,0.99882317969336,0.854912072031335,0.856814954322333,0.859471742137818,0.859204825996675,1.21146342604321,0.864915240526233,0.863735329769855,1.01253135634611,0.992070731619405,0.848706713663895,0.958529448320112,0.847266073564347,0.847929828604078,0.848791561178961,0.848403560563193,0.849022240360545,0.848017327603989,0.848408863532884,0.848347879381431,0.849610869996311,0.842256534862361,0.845819246666826,0.844437823062167,0.845053851374673,0.842630394225618,0.845416220970265,0.845931492858631,1.0795255401165,0.888760043744457,0.851256558257267
0.86852921437105,0.867715208523391,0.871846221913138,0.879818353016158,1.16287054710262,0.923114449063126,0.881207731075354,0.882818066205033,0.877576964493181,0.860902660126265,0.860049765834201,0.860198248985566,0.86078599479305,0.85937628868337,0.857306362847087,0.857231237443122,0.855027853536268,0.845365842758195,0.848505200815615,0.84610030406048,0.836289810131043,0.838082213886799,0.840995311904045,0.837709238351824,0.850165914157364,0.846707494090167,0.826255707646277,0.824726684718536,0.824986530233424,0.825110266192894,0.82207873518587,0.822127345741376,1.04107017156967,0.80847308261382,0.808336973058402,0.845651319293259,0.862647337154797,0.816629933827763,0.811245651934238,0.808237100462544,0.803350413891746,0.802961529447696,0.802125427892989,0.802532872730959,0.867237057422867,0.826895599322395,1.09943819130842,0.814867580233592,0.816043955676843,0.815736383434731,0.814263925517033,0.818421453755238,0.826430705646099,0.819791387592232,0.824777946758888,0.827558470533844,0.82339210401282,0.823820760729556,0.825986140020288,0.831674458842798,0.83295689367988,0.851425369459116,0.859714794915349,0.86097336638882,0.84242534606421,0.841233061711884,0.838603672573139,0.840820313904223,0.837450276665218,0.845573542404449,0.845087436849387,0.862096712135154,0.836001682111133,0.835842593020386,0.837508609331826,0.837529821210592,0.833453605174325,0.833315727962344,0.985981154756898,0.842451860912668,0.84216461672104,0.843121802750372,0.851090398540264,0.84666330267607,0.843920783517237,0.843012208043412,0.843498313598474,0.959660748520984,0.878825813855549,0.845778590565857,0.847229836604788,0.854066248365527,0.853537719052932,0.851860212973826,0.852451494094438,0.848070357300905,0.849283853531996,0.858480086805491,0.858000168048403,0.862104666589692,0.860848746601067,0.86019559750072,0.859656462248742,0.888070657684551,0.856374807837931,0.891146380105672,0.878793112209118,1.14629876681641,0.859294976481432,0.88872469061318,0.851538499479203,0.847015066332279,0.848248890613855,0.854800709667812,0.856277586726919,0.930255781581131,0.928364389057798,0.880940814934211,0.881533863711387,0.868439947714575,0.876518138211427,0.872363261458068,0.864296560728881,0.865018648435219,0.865171550727993,0.86688617759494,1.10315910837535,0.860061255601867,0.860438650278251,0.930609312893903,0.857997516563557,0.857984259139328,0.848209118341168,0.848734112340635,0.848971862148475,0.850860603186962,0.851596832145811,0.852317152195585,0.85132196155013,0.852007812296909,0.851323729206694,0.847787532250687,0.843895152497061,0.843457657497505,0.844231891072477,0.846597899383207,0.851351127883434,0.852795303296109,0.876783286696006,0.86355944794175
0.872835225760619,0.870738785075878,0.872479042963001,0.874828258536374,0.885233568899551,0.888786558592915,0.890015079904799,0.881987267620018,0.876440361322617,0.87478053180915,0.86253420713471,0.862325623660174,0.866126969100761,0.862032192670573,0.861300382853134,0.860679935399218,0.943415984699088,1.27207636961805,0.847973136189892,0.847267841220911,0.842166384377604,0.841437226045011,0.843025465467641,0.841915377145535,0.841765126337607,0.990868725155978,0.927966666330929,0.832172054165525,0.830301873520958,0.881542701994206,1.07859752042048,0.995818163534793,0.811030881661729,0.809845667935659,0.81070651668226,0.84847073151262,0.952819917618836,0.82708562240301,0.852015766751446,0.811625698095468,0.804652292951031,0.80602045913146,0.846517471009552,0.84262685891249,0.809503626390552,1.06501307972719,0.812504223407708,0.819512097855141,0.8209668792072,0.820931526075923,0.814796873971038,0.82431216925431,0.829615138945898,0.830408816743072,0.827136884443362,0.836835132180994,0.833964457921282,0.83283315772041,0.833556129255029,0.835599540242854,0.83480586244568,0.831568399448966,0.860953038338335,0.862118807842203,0.861444446863089,0.844958397920225,0.842671934154869,0.840877762742548,0.841615759357961,0.843057283285791,0.843021930154513,0.841994037862627,0.867687809846652,0.839978025551542,0.839060611794897,0.844944256667714,0.839183463926086,0.834301196496697,0.863433944325716,0.845156375455377,0.843414349911691,0.845574426232731,0.853211586416899,0.851593296832683,0.8466862822114,0.84624701955528,0.850359472551107,0.872551516882119,0.871071988338166,0.853066638578662,0.854137838456363,0.853964608113105,0.854543515637769,0.851336986630923,0.852926109881835,0.857818983250607,0.860130194207857,0.876126602282531,0.863318162820783,0.867439454099429,0.876571167908343,0.889334532127712,0.864430902627735,0.865727478717328,0.865537455636713,1.08393584324334,0.857771256523382,0.856034533949388,0.874773461182895,0.865889219292921,0.854768891849662,0.851024111419119,0.85014558610688,0.856308520716786,0.857895876311135,0.859133235905839,0.922893491992643,1.11617789896819,0.86922920637034,0.870292451793503,1.1179190406836,0.878687936643568,0.87079004711623,0.871009236530149,0.867098296382603,0.870645099277993,0.869681726450689,0.860272490561248,0.863462226830738,1.03201093167988,1.03222305046754,0.858896369926281,0.857081870463476,0.854761821223407,0.853975214052488,0.853558047103416,0.851072721974625,0.854408289910634,0.85692366520101,0.854353492557154,0.851281305449161,0.851117797217004,0.848485756593413,0.871477665519573,1.09893440918772,0.85474060934464,0.854172307759358,0.854042385001914,0.856535664585243,0.863814874315229
0.879400302238805,0.878534150522512,0.874042535193738,0.875710319161742,0.881547121135616,0.889829475965594,0.893161508588475,0.896431673231621,0.88448231485991,0.879957114056422,0.872646970336568,0.864400852466149,0.866940974948419,0.862374234215681,0.864955896627202,0.86484983723337,0.860833721520274,0.857080986635194,0.856475564262071,0.846751685504263,0.843081146649403,0.843211069406847,0.845153723970532,0.843542505012571,0.843016627184822,1.03765859440142,0.835923905222323,0.833516356982342,0.831868017236541,0.832109302357508,0.836159887373599,0.895972082525016,0.860902660126265,0.811896149549739,0.836071504545406,1.20812255513751,0.822489715336968,0.823402709952203,0.823301069699781,0.815867190020457,0.816261377434198,0.812818866276076,0.814689046920642,0.838520592714637,0.833522543780316,0.989542982733081,0.814006731486991,0.815494214485482,0.822741606397318,0.823826063699248,0.820623953833811,1.19418458313145,0.00404834009225495,0.832822551781026,0.835944233272808,1.00732560776554,0.837128563170595,0.836926166494033,0.836653063554917,0.839149878451372,0.835300806283562,0.836550539474213,0.957283250442589,0.858988288067602,0.859116443168482,0.83693854008998,0.838880310825383,0.837794969695172,0.839857824905199,0.8410660181666,0.845313696889561,0.906745949281759,1.22162745128542,0.845734399151761,0.842017017397958,0.840137998470572,0.875632542272932,0.838070724119134,0.851068302833216,0.854583287910456,0.856898034180834,0.854894395465696,0.85525322974816,0.855131261445254,0.854704372385081,0.856486170201455,0.857544112654926,0.859638785683103,0.860187643046183,0.857247146352197,0.857654591190168,0.854452481324731,0.854475460860061,0.856162689050267,0.854188216668433,0.855635043565955,0.858158373310868,0.868307373472285,0.861026396085735,0.860841675974812,0.87902290756242,0.87246490171049,0.871673875398162,0.861531062034718,0.860721475328469,0.862464384700438,0.858069990482675,0.857716459169903,0.860186759217901,0.929177511077175,0.856911291605063,0.851232694893655,0.853527996941831,0.854014986325175,0.856624047413436,0.860039159894818,0.862056056034185,0.866216235757236,0.866659033726483,0.887893892028164,0.930839108247206,0.876608288696184,0.876440361322617,0.876057663676541,0.873092419790661,0.874142407789596,0.874783183293996,0.872987244225111,0.867184911554233,0.988941979501368,0.867910534573698,0.866398304383314,0.864705773223415,0.860532336076136,0.858414683512629,0.855286815222874,0.854280134809754,0.850096975551373,0.852975604265623,0.854440991557065,0.85291020097276,0.852867777215228,0.848469847684338,0.848559114340813,0.967827321846029,0.858009890159504,0.860556199439748,0.855414086495472,0.860367060187415,0.863460459174174
0.885295436879286,0.882247996963187,0.881737144216231,0.878002969725071,0.881024778620995,0.888874941421108,0.892039046670422,0.898764979895919,0.898720788481823,0.887681773240501,0.88730172707927,0.965838708211684,0.871048124974554,0.86994775876355,0.863835202365713,0.862109085731101,0.861711363004232,0.857217980018894,0.854498440395391,0.854135186971517,0.844234542557323,0.843631771669046,0.844731254051768,0.843595534709487,1.00413498766777,0.836564680726723,0.836676043090247,0.836438293282407,0.834895129102155,0.833829232194146,0.90017026686419,0.818336606240173,1.06499540316155,0.893638775860718,0.916724370584763,1.02663725572574,0.824140706567615,0.823819876901274,0.824168105244355,0.820744154480153,0.819847068773993,0.817488131089519,0.819398967835054,1.10157705575069,0.8184037771896,0.819338867511883,1.11765389219902,0.82158467517627,0.82408325772929,0.824556989688405,0.824332497304794,0.906913876655326,0.970620219216932,0.864722565960772,0.842531405458041,0.8431986958109,0.840533953540877,0.839072101562563,0.841474346832852,0.844815217738552,0.843053747972663,0.837992947230324,0.843413466083409,0.844700320061901,0.84741809202884,0.848193209432093,0.854922677970718,0.844453731971242,0.845757378687091,1.05064203186299,0.843507151881294,0.931077741883327,0.857066845382683,0.84833373812892,0.848400025250065,0.842754130185088,0.854382658890458,0.842963597487906,0.848680198815437,0.853302620729938,0.854169656274513,0.851533196509512,0.851638372075061,0.853949583032312,0.855636811222519,0.858371375926814,0.859030711825135,0.861824493024319,0.859470858309536,0.860416554571203,0.862350370852068,0.862724230215326,0.854217383001737,0.857328458554135,0.855437949859084,0.854252736133014,0.854378239749048,0.854285437779446,0.866320527494504,0.857253333150171,0.873489258689248,0.903590682315264,0.912676437053518,0.863676113274965,0.862167418397709,0.862943419629244,0.860338777682393,0.858375795068224,0.85859851979527,0.86060304233869,0.860340545338957,0.856803464554668,0.854372052951075,0.854313720284467,0.855491863384282,0.861615025721502,0.862984075730213,0.866248053575385,0.861201394085558,0.862563373468014,0.866733275302166,0.918986970986507,0.879516083743738,0.87930219729951,0.879126315471406,0.876741746766756,0.875763348858658,0.874010717375588,0.871426403479221,0.874097332547217,0.873006688447314,0.867859272533346,0.866902970332297,0.863482554881222,0.863013242063517,0.861282706287495,0.862956677053473,0.854686695819442,0.85273166765981,0.853860316375837,0.856156502252294,0.855361056798556,0.85492798094041,0.849843316834459,0.855807390080931,0.861312756449081,0.928815141481583,0.963903124274255,0.861362250832869,0.866486687211507
0.889855990814052,0.885808057282807,0.884765139910128,0.886267647989411,0.883617930800181,0.884570697688103,0.895848346565546,0.89696197020078,0.896767527978755,0.891385013741793,0.882383222690323,0.873874607820171,0.872718560427404,0.875400095434784,0.874002762921051,0.869025042037214,0.869210645976419,0.860097492561426,0.859423131582312,0.852564624114525,0.848033236513064,0.846665954160916,0.845678717969999,0.842862841063766,0.84208242069082,0.836561145413596,0.837070230503988,0.839984212349516,0.838984602562651,0.835635777202414,1.16503592639336,1.14652856216972,0.860608345308382,0.99817798504755,0.824684260961003,0.825332990919941,0.824736406829637,0.826466058777377,0.825960509000112,0.824448278809727,0.825463797505667,0.826750651484158,0.828925752885991,0.82973975873365,0.825194229879677,0.82687969041332,0.827420593321862,0.825210138788752,0.828148867826174,0.829055675643435,0.832182660104908,0.835492597020741,0.838798114795164,0.844010934001994,0.844295526708776,0.845077714738286,0.846149798444268,0.847444606877297,0.843475334063144,0.844573048789303,0.847768971856766,0.848968326835347,0.8489559532394,0.847188296675537,0.851253906772421,0.847882985705135,0.851451884307574,0.851951247286865,0.853383932931876,0.857049168817045,0.853781655658745,0.854382658890458,0.855016363768603,0.852298591801664,0.851394435469248,0.915840542302832,0.856641723979074,0.860755944631464,0.850468183429784,0.851199109418942,0.851534964166075,0.852647703973027,0.852111220205895,0.852555785831706,0.852943786447474,0.858637408239675,0.861121849540184,0.861860729983879,0.860138148662394,0.860025902470589,0.86073561658098,1.03409676642524,0.855032272677677,0.859386894622753,0.855565221131682,0.855043762445343,0.856610789989207,0.851320193893566,0.855666861384104,0.855606761060933,0.868944613663558,0.868736030189022,0.873646580123432,0.861503663357978,0.861626515489167,0.868824413017215,0.858894602269717,0.858945864310069,0.862679154972947,0.858609125734653,0.858093853846287,0.860596855540717,0.858762911855709,0.858183120502762,0.85916593755227,0.860070093884686,0.863627502719459,0.866473429787278,0.8694855165721,0.865632909091161,0.863570053881134,0.871615542731554,0.883482705073045,0.881596615519404,0.882503423336666,0.881853809549446,0.876417381787287,0.875708551505178,0.872996082507931,0.875538856475047,0.873665140517353,0.870787395631385,0.867133649513881,0.868872139744439,0.863775102042542,0.863844924476814,0.86500097186958,0.858626802300292,0.860062139430148,0.860045346692792,0.860023250985743,0.858746119118353,0.858435011563113,0.85549539869741,0.853049845841306,0.858713417471921,0.87452422160739,0.950760597721936,0.952528254285799,1.02507287966672
0.887840862331249,0.88936104697617,0.885224730616732,0.88615275031276,0.890872393338273,0.889201957885423,0.893550393032524,0.896431673231621,0.896511217776994,0.894054175153225,0.88615275031276,0.875419539656986,0.875401863091348,0.874573715991178,0.876254757383411,0.870140433329011,0.87009447425835,0.862218680438061,0.862109969559383,0.854924445627282,0.850639646116479,0.848767697815349,0.8469699910899,0.842951223891959,0.838388018472348,0.836139559323114,0.922089208256086,0.841854392994082,0.842267140801744,0.836486903837913,0.861362250832869,1.04197167641724,1.09530187494898,0.830004907218229,0.828851511310309,0.827718443452873,0.828003036159655,0.833026716114153,0.8301286431777,0.831898951226408,0.833733778739697,0.831864481923413,0.831989101711165,0.831399588247117,0.831622312974164,0.831541000772226,0.830500734884393,0.830257682106862,0.830605910449943,0.829674355440787,0.829022973997004,0.833694890295293,0.836044989696948,0.842353755973373,0.844794889688067,0.844793122031504,0.85099229360097,0.849220217895697,0.847550666271129,0.851022343762555,0.853626985709407,0.852158063104837,0.852231420852237,0.851542034792331,0.852451494094438,0.853367140194519,0.855693376232562,0.854751215284023,0.860778040338513,0.854091879385703,0.856501195282247,0.856678844766915,0.85567393201036,0.855198432394681,0.85523466935424,0.858316578573334,0.863955403012056,0.864779130970816,0.857838427472809,0.851182316681585,0.853918649042444,0.854082157274601,0.855049949243316,0.853463477477249,0.852492150195407,1.02381784350638,0.900329355954937,1.16348922689998,0.925474270575882,1.06567595093864,0.905367177161946,0.906931553220964,0.875569790464915,0.878792228380836,0.863918282224215,0.866613958484105,0.842062976468618,0.831688600095309,0.84463580059732,0.834616723193347,0.857448659200478,0.849629430390232,0.874474727223602,0.866788956483927,0.867528720755904,0.868727191906203,0.896855910806948,0.862986727215059,0.874244048042018,0.874661214991089,0.860210622581513,0.862269058650131,0.862505924629688,0.861204045570404,0.863309324537964,0.861812119428372,0.865649701828518,0.864613855082095,0.870237654440023,0.873709331931449,0.870692826005218,0.873912612436293,0.880741953570777,0.883251142063179,0.881914793700899,0.881891814165569,0.876453618746846,0.878497913562953,0.878933640905945,0.87714654011988,0.876783286696006,0.872370332084323,0.8726160363467,0.868388685674223,0.866153483949219,0.866704992797144,0.865684171131513,0.860174385621954,0.859146493330068,0.859482348077201,0.865101728293721,0.866339087888424,0.863685835386067,0.865975834464551,0.859795223289005,0.860329055571292,0.861002532722123,1.04418124712207,1.05407128559688,0.883158340093577
0.889926697076606,0.890465832328584,0.889758769703039,0.886046690918928,0.897642517977866,0.898296550906496,0.892825653841341,0.894478412728552,0.896201877878319,1.04335928681988,0.891367337176154,0.881412779236762,0.87933843425907,0.876150465646144,0.877258786311685,0.871546604125564,0.870799769227331,0.865475587656978,0.862253149741056,0.854043268830196,0.851565898155943,0.850203034945205,0.845072411768594,0.937547364907064,0.943751839446222,0.927639649866614,1.09586752504941,0.842025855680777,0.84141866565109,0.83784004493755,0.836926166494033,0.846613808292282,0.839090661956483,0.831911324822355,0.829503776582374,0.83287911679107,0.835157626101889,0.835127575940303,0.971725004569346,0.83387695892137,0.83365688567917,0.83442581628445,0.833203481770539,0.833836302820401,0.832652856750896,0.836412662262231,0.832699699649838,0.832501722114685,0.83295689367988,0.836181099252365,0.835699412838713,0.834840331748675,0.838377412532964,0.842420043094518,1.02861703107726,0.849259990168384,0.849690414541685,0.851941525175764,0.849069967087769,0.853777236517335,0.859827041107155,0.857890573341443,1.08671990233143,0.854957147273713,0.857430098806557,0.857273661200655,0.856810535180923,0.860474003409528,0.860692308995165,0.855608528717497,0.859888025258608,0.859362147430859,0.859466439168127,0.857229469786559,0.859215431936058,0.86105114327763,0.868743100815277,0.867094761069476,0.852489498710561,0.852645052488181,0.855991226363573,0.856945760908059,1.03828611248159,0.871126785691646,0.877698048967805,0.845476321293436,1.01854138866325,0.843215488548256,0.841641390378137,0.84898777105755,0.872720328083968,0.886594664453725,0.837599643644865,0.856059281141282,0.848509619957025,0.832780128023494,0.818199612856473,0.843226978315921,0.820731780884206,0.855712820454765,0.886895166069582,0.880589935106284,0.856824676433434,0.875400095434784,0.859865045723278,0.869576550885139,0.878349430411589,0.879218233612727,0.873585595971979,0.874021323314971,0.865592252990192,0.862058707519031,0.865281145434953,0.865386321000502,1.20277539403182,0.866894132049477,0.870696361318345,0.871106457641162,0.872868811235333,0.873405295002465,0.876695787696095,0.876781519039442,0.878376829088328,0.883797347941413,0.884614889102199,0.880839174681789,0.881481717842753,0.881688533660725,0.881504697378083,0.881510000347775,0.87977327777378,0.878002969725071,0.873045576891719,0.87192488263023,0.869999020803902,0.871930185599922,0.866981631049388,0.866903854160578,0.863956286840338,0.86340831330554,0.864345171284387,0.867070013877582,0.869964551500906,0.869588924481086,0.867129230372471,0.863240385931973,0.860193829844156,0.862261104195593,0.930892137944121,1.0445612932833
1.11220950998232,0.925783610474558,0.890236036975282,0.889440591521544,1.11175875755854,0.90325482756813,0.971919446791371,0.900506121611324,0.893903924345297,0.89142036687307,1.05157005155902,0.887381271624644,0.884623727385019,0.879483382097306,0.876531395635656,0.878874424411056,0.870189927712799,0.866800446251592,0.857748276988052,0.857474290220654,0.854224453627992,0.852988861689852,0.925173768960026,0.94132131167091,0.827801523311375,0.828899238037533,0.886090882333024,0.836288042474479,0.841447831984394,0.840640012934708,0.8399311826526,0.833727591941724,0.835770119101267,0.834842983233521,0.833738197881107,0.831637338054957,0.835275175263386,0.835716205576069,0.836177563939237,0.835611913838802,0.832296673953277,0.837911635028387,0.842617136801389,0.998664090602612,0.840562236045899,0.839023491007056,0.839772093561852,0.835607494697392,0.835654337596334,0.837983225119223,0.838427790745035,0.839673104794276,0.841705026014436,0.848581210047861,0.84887375720918,0.855116236364461,0.850919819681851,0.853162975861393,0.853308807527911,0.854214731516891,0.859153563956323,0.859068716441258,0.882004944185656,1.07562785739319,0.863979266375668,0.858772633966811,0.860591552571025,0.862238124660263,0.900187943429829,0.856272283757227,0.885931793242277,0.864049972638222,0.863383566113646,0.862347719367223,0.863655785224481,0.863890883547475,0.869300796461176,0.866896783534323,0.864374337617691,0.858857481481876,0.857071264524093,0.913144866042941,0.868267601199598,0.830313363288623,0.829775995693209,0.847694730281084,0.843338340679445,0.930087854207564,0.867594124048767,0.849119461471557,0.848814540714291,0.847808744129453,0.842963597487906,0.846085278979687,0.838443699654109,0.828828531774979,0.828461743037977,0.879802444107084,0.877766987573796,0.863876742294964,0.894239779092431,0.885357304859022,0.864940871546409,0.874358945718669,0.857070380695811,0.85163306910537,0.903060385346105,0.914338034223548,0.866104873393713,0.868550426249816,0.872706186831457,1.04615218419078,0.957946121654038,0.87082186493438,0.871176280075434,1.03545786197941,0.8766613183931,0.878248673987448,0.876064734302796,0.875819913868701,0.875085452566416,0.927922474916832,0.892180459195531,0.918783690481663,0.885914116676638,0.880738418257649,0.879779464571753,0.880825033429278,0.884667918799115,0.881813153448477,0.880840058510071,0.880776422873772,0.876825710453539,0.874028393941227,0.872256318235954,0.87264343502344,0.873598853396208,0.865281145434953,0.866799562423311,0.869763922480908,0.868520376088231,0.868988805077654,0.872679671982999,0.872275762458157,0.871026029267506,0.872939517497887,0.864531659051875,0.864186966021922,0.925580329969714,0.922398548154762
1.24975086721647,1.09116555858954,0.915610746949529,0.893806703234285,0.895176637071278,0.913348146547785,0.912853202709904,1.10213386756831,1.02555014693896,0.890686789399067,0.890686789399067,0.887142637988523,0.887204505968258,0.879421514117571,0.877552217301287,0.880911648600907,0.870668078813324,0.867881368240394,0.866609539342695,0.85937186954196,0.857213560877484,0.939703905914976,0.916529928362738,1.06627695417035,0.830039376521225,0.830182556702898,0.831918395448611,0.832850834286048,0.834092613022162,0.840948469005103,0.838948365603092,0.837102048322138,0.83732300539262,0.836798895221435,0.835518228040917,0.836161655030163,0.837298258200726,0.838587763664064,0.838883846138511,0.838986370219215,0.83928598800679,0.839651892915509,0.846343356838011,0.862553651356913,0.843337456851163,0.840944049863693,0.840643548247836,0.836478065555094,0.839896713349604,0.837754313594203,0.841834064943598,0.845388822293525,0.835920369909196,0.836211149413951,0.845881998474843,0.854136954628081,0.85587986400005,0.85523466935424,0.857280731826911,0.858663039259851,0.863554144972059,0.863609826153821,0.88237261675094,0.865405765222705,0.865027486718038,0.903396240093239,0.916918812806788,0.859833227905128,0.859213664279494,1.04189213187187,0.882483979114463,0.867496019109472,0.868834135128316,0.868943729835276,0.8674995544226,0.865451724293365,0.868343610431844,0.867957377472641,0.858775285451656,0.895768802020172,0.878094887866392,0.863702628123423,0.832501722114685,0.830142784430211,0.840532185884313,0.830131294662546,0.8529375996495,0.849295343299661,0.853570420699363,0.848909110340458,0.847108752130164,0.889608518895111,0.892304195155001,0.859414293299493,0.873415900941848,0.868106744452287,0.873648347779996,0.876085062353281,0.919605650783859,0.906374741403347,0.884102268698679,0.930989359055134,0.865023067576629,0.87593834685848,0.869755084198089,0.950663376610924,0.843797047557767,0.858248523795625,0.866540600736705,0.873498096972068,0.869801043268749,0.886736076978834,0.876905254998913,0.878725941259691,0.873229413174361,0.875507038656897,0.876290110514689,0.878421904330707,0.881261644600552,0.880993844631127,0.876306019423763,0.937450143796051,0.894054175153225,0.896219554443957,0.890209522126824,0.891862281014036,0.986113728999188,0.885268922030829,0.883890149911016,0.882764152679835,0.882498120366974,0.883157456265295,0.880121506116861,0.876040870939184,0.875722692757689,0.876251222070284,0.876426220070106,0.867397914170178,0.870082100662403,0.872761868013219,0.874984696142276,0.874280285001577,0.875355020192405,0.877121792927986,0.867249431018814,0.870230583813768,0.872372983569169,0.865347432556098,1.01097581856991,0.918536218562722
0.907594424432413,1.02927106400589,0.901018742014844,0.899737191006044,0.896838234241309,0.909379757561914,0.910740853116088,0.930900976226941,1.08407725576845,1.02329638482004,0.888636307784987,0.886585826170906,0.890403964348849,0.884853522738321,0.88550755566695,1.08994587556047,0.869992834005928,0.868736030189022,0.86654325222155,0.85774739315977,0.859401035875264,0.918668792805012,0.956797144887527,0.834419629486476,0.832582150488341,0.833250324669481,0.832709421760939,0.833010807205078,0.942496803285879,0.84236612956932,0.842046183731261,0.843083798134248,0.841559194347917,0.83881932667393,0.836873136797117,0.837018968463636,0.840975867681842,0.840783193116381,0.840385470389512,0.840247593177531,0.849217566410852,0.849567562410496,0.849666551178073,0.852704268983071,0.845788312676958,0.844520019092387,0.842835442387026,0.842048835216107,0.84211865765038,0.845826317293081,0.848532599492355,0.848117200199847,0.86284973383136,0.855559034333709,0.852329525791532,0.854405638425788,0.857529971402415,0.860009109733232,0.860769202055694,0.859537145430681,0.863803384547563,0.866811052190976,0.86868918729008,0.867260036958197,0.867548164978106,0.897810445351433,0.875269288849058,0.904174008981339,0.869801043268749,0.870676033267861,0.874490636132677,0.878788693067708,0.874617023576993,0.873958571506954,0.874578135132588,0.876898184372657,0.893859732931201,0.901752319488847,0.857047401160481,0.852166901387656,0.848828681966802,0.864420296688352,0.836595614716591,0.860704682591112,0.880330089591397,0.896811719392851,0.88949362121846,0.900117237167274,0.922831624012908,0.879420630289289,0.9000376926219,0.925297504919496,0.927445207644589,0.928629537542377,0.922601828659606,0.890350934651933,0.900285164540841,0.936787272584603,0.905420206858862,0.897165250705624,0.854991616576709,0.854792755213274,0.909998437359266,0.872123743993665,0.953995409233805,0.874180412405719,0.859232224673415,0.8662180034138,0.875400979263066,0.928258329663966,0.88563129162642,0.903334372113504,0.874852121899986,0.864794156051608,0.86433279768844,0.8742449318703,0.877276462877324,0.879162552430965,0.8820615091957,0.882154311165303,1.03742879904812,0.89707686787743,0.897191765554082,0.897492267169938,0.894946841717976,0.896864749089767,0.891331984044877,0.889723416571762,0.933578975921192,0.889343370410532,0.888273938189395,0.886691885564738,0.885463364252853,0.885542908798227,0.880320367480295,0.878658770310264,1.00397589857702,0.914223136546897,0.915266053919576,0.877361310392389,0.883872473345377,0.88058816744972,0.881689417489007,0.898314227472134,0.869319356855097,0.869118727835098,0.871239915711733,0.878815207916166,0.879105987420922,0.880389306086286
0.911889829882599,1.13592262278654,1.13595797591782,0.903025032214828,0.896025112221932,0.895742287171714,1.09841295050138,1.246790042472,0.936548638948482,1.01843532926941,0.894610986970842,0.885949469807916,0.887938083442261,0.887858538896887,0.887478492735657,0.881367703994384,0.87375529100211,0.870524898631651,0.867990079119072,0.870133362702755,0.864034947557429,0.998239853027285,1.18840434616762,0.882199386407681,0.884367417183259,0.909910054531073,0.840913999702107,0.842612717659979,0.843971161729308,0.842915870760682,0.843932273284903,0.844802844142605,0.845114835526127,0.844016236971686,0.841195940924043,0.843812956466842,0.843025465467641,0.84295652686165,0.844261941234063,0.848407095876321,0.850631691661942,0.85131754240872,0.851243300833038,0.855077347920056,0.855200200051244,0.853859432547555,0.851121332530132,0.847690311139674,0.845250061253262,0.846625298059947,0.850481440854013,0.85291903925558,0.857951557492896,1.05539702801978,0.858849527027339,0.858275922472365,0.859019222057469,0.862980540417085,0.859240179127952,0.859108488713945,0.866124317615915,0.86688175845353,0.87020406896531,0.870183740914826,0.871506831852877,0.882843697225209,0.884146460112776,0.882891423952433,0.874754900788974,0.875712970646587,0.87580577261619,0.87639616990852,0.876414730302441,0.866694386857761,0.87645980554482,0.882925893255429,0.883706313628374,0.859133235905839,0.886294162837869,0.890792848792899,0.867601194675022,0.873093303618943,0.852314500710739,0.873514889709424,0.900373547369034,0.913772384123112,0.964256655587027,0.977257769614236,0.971451017801948,0.918739499067566,0.96113674175181,0.948860366915784,0.973430793153474,0.946553575099944,0.936919846826893,0.942576347831253,0.942558671265614,0.920551347045525,0.901416464741713,0.895866023131185,0.866985166362516,0.876905254998913,0.916194073615604,0.957857738825845,0.957698649735097,0.996251239392939,0.925394726030509,0.888936809400843,0.877872163139346,0.924767207950337,0.890624921419332,0.887849700614068,0.893842056365562,0.895468300404315,0.872455179599389,0.870887268227243,0.879169623057221,0.879625678450697,0.881557727074999,0.88769061152332,1.16016603255991,0.901893732013956,0.905994695242117,0.905508589687055,0.897872313331169,0.895547844949689,1.09806825747142,1.09063526162038,0.892313033437821,0.893948115759394,0.891146380105672,0.89052770030832,0.891544102832541,0.892012531821964,0.890943099600827,0.886550473039629,0.884119945264318,0.881602802317378,0.912402450286119,0.888123687381467,0.885109832940081,0.884685595364754,0.88472978677885,0.955276960242605,0.973413116587835,0.947914670654118,0.878294633058109,0.880434381328664,0.882003176529093,0.882401783084244
0.912367097154842,0.91226103776101,0.908840622309936,0.909547684935481,0.897200603836901,0.896520056059814,1.02979252269223,1.11737990543162,0.938006955613668,0.938219074401331,0.88988250566251,0.888768882027276,0.890165330712728,0.887416624755921,0.88731056536209,0.88296743318468,0.874648841395142,0.872895326083791,0.870587650439668,0.865079632586672,0.863032686285719,0.964150596193195,0.95277572620474,0.960730180742121,0.913427691093159,0.999159034440493,0.839694316673042,0.843181019245261,0.84512544146551,0.843434677962175,0.843851844911247,0.844953978778815,0.851278653964315,0.850573358995334,0.850592803217537,0.848933857532352,1.13603752046319,0.84584399385872,0.846496259130785,0.852258819528977,0.854837830455653,0.854587707051866,0.858399658431836,0.859297627966278,0.859432853693413,0.856106124040224,0.855418505636881,0.851577387923608,0.847300542867343,0.850691791985113,0.856093750444277,0.855226714899702,0.859977291915083,0.861097986176572,0.861919946478768,0.896555409191091,0.860783343308204,0.861745832307227,0.861884593347491,0.86461650656694,0.86917440901686,0.869367083582321,0.870839541500018,0.873597969567926,0.875377115899454,0.880969097439233,0.881794593054557,0.881860880175702,0.881757472266716,0.883934341325112,0.877497419947807,0.874845935102013,0.896378643534705,0.885922954959458,0.875290500727824,0.885701997888975,0.889122413340049,0.892383739700375,0.916512251797099,0.943698809749305,0.903988405042133,0.903617197163722,0.876491623362969,0.895583198080967,0.949134353683183,0.976382779615124,0.955524432161546,0.987315735462614,0.997930513128609,0.974606284768442,0.98055444910584,0.973121453254798,0.999167872723313,0.983144065971899,1.01570429987825,0.973059585275063,0.9828700792045,0.96550285346455,0.915310245333673,0.885949469807916,0.894160234547057,0.89361226101226,0.91521302422266,0.957778194280471,0.984098600516384,0.985671814858222,0.953040874689319,0.963072325689239,0.904235876961074,0.890421640914488,0.888318129603491,0.866591862777057,0.864689864314341,0.865065491334161,0.864393781839894,0.875122573354257,0.88936104697617,0.882148124367329,0.883326267467144,0.890580730005236,1.02934177026845,0.96485765881874,0.906259843726696,0.902424028983115,0.900833138075638,0.899516233935561,0.971504047498864,1.04040730035823,0.895044062828989,0.896422834948801,0.896732174847477,0.896723336564658,0.898720788481823,0.895185475354098,0.891111026974394,0.882197618751117,0.882398247771116,0.884941905566514,0.888256261623756,1.02393274118303,0.89219813576117,0.891632485660734,0.88743430132156,0.956063567413524,1.00532815584837,0.970063407399316,0.949523238127233,1.03530761117148,0.885958308090735,0.885242407182371
1.06284770043646,0.913745869274654,0.910148688167194,0.909326727864998,0.902901296255358,0.896413996665982,0.89746575232148,1.09987126716656,1.05161424297312,1.17203584638625,0.890492347177043,0.890677951116248,0.893850894648381,0.888220908492479,0.886691885564738,0.885445687687215,0.87257449641745,0.87851470630031,0.872475507649873,0.861254423782474,0.8596829770972,0.935558751272718,1.10469696958591,0.853217773214872,0.851767411004223,0.848025282058526,0.845410918000574,0.845372913384451,0.849218450239134,0.852673334993203,0.852995932316108,0.853563350073108,0.851279537792597,0.849663015864945,0.849914023097013,0.851260093570395,0.854951844304022,0.852196951549242,0.851132822297797,0.854277483324908,0.855743754444632,0.860722359156751,0.860757712288028,0.858668342229543,0.860411251601511,0.861914643509076,0.860542942015519,0.855196664738117,0.855140983556355,0.856967856615107,0.857642217594221,1.08107223960988,0.86830030284603,0.868206617048145,0.868281742452109,0.869719731066812,0.869567712602319,0.869557106662936,0.871070220681603,0.872575380245732,0.872393311619654,0.87210341594318,0.873589131285107,0.87521095618245,0.876515486726581,0.881431339630683,0.882311632599486,0.88169560428698,0.879767090975806,0.886859812938305,0.878575690451763,0.86397131192113,0.858541954785227,0.855292118192565,0.867690461331497,0.860598623197281,0.885472202535673,0.88124220037835,0.893055449194643,0.967721262452198,0.964672054879535,0.978318363552554,0.95959004225843,0.936645860059494,0.982684475265294,0.973651750223957,1.02540873441385,1.04396029005159,1.01790503230026,1.06210528467964,1.00498346281842,0.994404038283703,1.05134025620572,1.1297269865302,1.09422360444502,1.01836462300686,1.01315003614347,1.03520155177765,1.01062228725714,0.969674522955266,0.922071531690447,0.963805903163242,0.979661782541089,0.979599914561354,1.0040112517083,0.999052975046662,1.01061344897432,0.956620379231141,0.901937923428052,0.904138655850061,0.886179265161218,0.885171700919816,0.867392611200486,0.860649885237633,0.861300382853134,0.868868604431312,0.87603468414121,0.877564590897234,0.880627939722407,0.894169072829877,0.942470288437421,0.916273618160978,0.913533750486991,0.912844364427084,0.908319163623596,1.00590264423163,0.911934021296695,0.937538526624245,0.898102108684471,0.896467026362898,0.899498557369922,0.900417738783131,0.895167798788459,0.895273858182291,0.89206556151888,0.884941905566514,0.886621179302183,0.890669112833429,0.900886167772554,0.903493461204252,0.904589408273846,0.89477007606159,0.889316855562074,0.889475944652821,0.946253073484087,0.946200043787171,0.901398788176074,0.90068288726771,0.893435495355874,0.892861006972618
1.27826316759157,0.91894277957241,0.918094304421756,0.91611452907023,0.906675243019204,0.905932827262382,0.901619745246557,0.901920246862414,1.06154847286202,0.998540354643142,0.977248931331417,0.897023838180515,0.896581924039549,0.890660274550609,0.885525232232588,0.88094965321703,0.882305445801513,0.880992960802845,0.878167361785511,0.864706657051697,0.858170746906815,0.857135783988674,0.856174178817933,0.857372649968232,0.854191751981561,0.849334231744067,0.848171997553327,0.849709858763887,0.851927383923253,0.851613624883167,0.859560124966011,0.860568573035695,0.862138252064405,0.982808211224765,0.852717526407299,0.855510423778202,0.855002222516092,0.855837440242517,0.858845107885929,0.858222892775449,0.859202174511829,0.860831070035429,0.861149248216924,0.862027773529164,0.861771463327404,0.863266016952149,0.864559057728615,1.03030514309575,1.02635443067552,0.861549622428639,0.863390636739902,0.86992036008681,0.869802810925313,0.869703822157737,0.870486894015528,0.87096858042918,0.869681726450689,0.873056182831102,0.872333211296482,0.875845544888877,0.879577951723473,0.876747049736447,0.872243060811725,0.872219197448113,0.877449693220583,0.890686789399067,0.885313113444925,0.883405812012517,0.880893972035269,0.882916171144327,0.858311275603643,0.858748770603199,0.87578721222227,0.897377369493287,0.881976661680634,0.885171700919816,0.877163332857237,0.923600554618188,0.995650236161226,0.991372507276679,1.04562188722162,1.02098075472138,1.02306658946673,1.00358701413297,1.00019311353035,1.03727854824019,1.0379679343001,1.0505536490348,1.06138938377127,1.04459664641458,1.01543915139367,1.0454274449996,1.09457713575779,1.09858971615776,1.06602064396859,1.02893520925876,1.10169195342734,1.07539806203989,1.05042991307533,1.06572898063556,1.04647920065509,1.04704485075553,1.04981123327797,1.10813506160262,1.06973272275271,1.02292517694163,1.0512872265088,1.05921516619772,0.951679779135145,0.933543622789915,0.906905038372506,0.873975364244311,0.869200040037036,0.859516817380197,0.857959511947434,0.861120965711902,0.858358118502585,0.870521363318523,0.875284313929851,0.887717126371778,0.909017387966322,0.912888555841181,0.912561539376867,0.912146140084359,0.912826687861446,0.910166364732833,1.01022456453027,0.912941585538097,0.91277365816453,0.91251734796277,0.909892377965434,0.905950503828021,0.899419012824549,0.898358418886231,0.900258649692383,0.909538846652662,0.991787906569186,0.892480960811388,0.895238505051013,0.899542748784019,0.900824299792819,0.90145181787299,0.899922794945249,1.00995057776287,0.955303475091063,0.998319397572659,0.942311199346673,0.89939249797609,0.900276326258022,0.904730820798955
1.04517113479784,0.923079095931849,0.92203617855917,0.921488205024372,0.909070417663238,0.906931553220964,0.902052821104704,0.901982114842149,0.903705579991915,0.986069537585091,0.905994695242117,0.898323065754954,0.899737191006044,0.899118511208692,0.891561779398179,0.879515199915456,0.883260864174281,0.883619698456745,0.878525312239693,0.92434297037501,0.995199483737441,1.22229916077968,0.863323465790475,0.860406832460102,0.859851788299049,0.854090995557421,0.853961072799977,0.854331396850106,0.856512685049912,0.857219747675457,0.860363524874287,0.86020001664213,0.85998966551103,0.864892260990903,0.864643021415398,0.856046907545335,0.856312056029914,0.85903778245139,0.862001258680706,0.865171550727993,0.861371089115689,0.863374727830827,0.864980643819096,0.864892260990903,0.939960216116736,0.86641951626208,0.867383772917667,0.870180205601698,1.02236836512401,0.868855347007083,0.868052830927089,0.873552010497265,0.875127876323949,0.872728282538506,0.890633759702152,0.885074479808804,0.877118257614858,0.878521776926565,0.878915080512025,0.881875021428212,0.882118074205744,0.876754120362703,0.877311816008601,0.87643240686808,0.883742550587933,0.885189377485455,0.885233568899551,0.881380077590331,0.881803431337376,0.878263699068241,0.879798908793956,0.860379433783362,0.905464398272958,0.913242087153953,0.928709082087751,0.91290623240682,0.952996683275223,0.991885127680199,0.980483742843285,1.02015879441918,1.03186068087195,1.0258860016861,1.02621301815041,1.02517010077773,1.0266637705742,1.05316978074931,1.0623174034673,1.04388958378904,1.07121755426635,1.05768614326998,1.06922894063201,1.08308736809269,1.04829988691587,1.05593616327176,1.05651948993783,1.1179632320977,1.10758708806782,1.09484228424237,1.09090041010496,1.09147489848822,1.13257291359802,1.08603935455434,1.07776672183546,1.07853565244074,1.08709994849266,1.05688185953343,1.1084002100872,1.05917981306645,1.02578878057508,0.955453725898992,0.931334052085087,0.904306583223628,0.872688510265819,0.86074003572239,0.865122940172487,0.921320277650805,0.863084832154353,0.869345871703555,0.879996002500827,0.904987131000715,0.888945647683663,0.919110706945977,0.9170160339178,0.915540040686975,1.17772770052189,0.915778674323096,0.953818643577419,0.951202511862902,1.00386983918319,0.915354436747769,0.915080449980371,0.910422674934593,0.905782576454454,0.906374741403347,0.906268682009516,0.909353242713456,0.901248537368146,0.900400062217492,0.896882425655406,0.900196781712648,0.901876055448317,0.901354596761978,0.904571731708208,0.999291608682783,0.949567429541329,0.936619345211036,0.904562893425388,0.904642437970762,0.903802801102928,0.905411368576043
0.939642037935241,0.927675002997891,0.927118191180275,0.922893491992643,0.911916344731057,0.909963084227989,0.907939117462366,0.904695467667678,0.906578021908192,0.909583038066758,0.909291374733721,0.900691725550529,0.898685435350545,0.895070577677446,1.04875063933966,0.878570387482071,0.881739795701077,0.882079185761339,0.883087633831022,0.880467966803378,0.90428006837517,0.865085819384646,0.864709308536543,0.862150625660352,0.859936635814114,0.856963437473697,0.854759169738561,0.858320113886462,0.859955196208035,0.858754957401172,0.861205813226968,0.860555315611466,0.858853946168748,0.8571295971907,0.859268461632974,0.861173111580536,0.860204435783539,0.866682013261814,0.863310208366246,0.864906402243414,0.864931149435308,0.865205136202707,0.868200430250172,0.869532359471042,0.869434254531748,0.869614555501262,0.870508989722576,0.872584218528551,1.01407805583949,0.871370722297459,0.8714078430853,0.873503399941759,0.879826307470696,0.883468563820534,0.891605970812276,0.890439317480126,0.886426737080158,0.885109832940081,0.884579535970922,1.08337903142573,0.889148928188507,0.882529054356842,0.878096655522956,0.8905188620255,0.880400795853951,0.880998263772537,0.87974587909704,0.874535711375055,0.875172951566327,0.874632048657786,0.883002786315957,0.864886074192929,0.899189217471246,0.919128383511616,0.937458982078871,0.942912202578387,0.97810624476489,0.99560604474713,0.983400376173659,1.00120067777175,1.00976497382367,1.09364911606177,1.09834224423882,1.07333874214299,1.06230856518448,1.05959521235895,1.07458494002051,1.07126174568045,1.14479625873713,1.14421293207106,1.15488957771678,1.05414199185944,1.06738173952277,1.06109772043824,1.08367953304158,1.13286457693106,1.14539726196884,1.14168518318473,1.09367563091022,1.09914652797538,1.13555141490813,1.13172443844737,1.16303847447619,1.09541677262563,1.09212893141684,1.11191784664929,1.11158199190215,1.08195606789182,1.08019724961077,0.988995009198284,0.946138175807436,0.931015873903592,0.8879557600079,0.843466495780325,0.864518401627646,0.857873780604087,0.869489935713509,0.867362561038901,0.89476123777877,0.894655178384939,0.894584472122384,0.948497997320192,0.922265973912472,0.920630891590899,0.920975584620852,0.92152355815565,0.94363694176957,0.951016907923696,0.967155612351762,0.916600634625292,0.915920086848205,0.914682727253502,0.911386047761898,0.910351968672038,0.912190331498455,0.911686549377755,0.910502219479967,0.903369725244781,0.901115963125857,0.9020970125188,0.905216926354018,0.906003533524936,0.903935375345217,0.936902170261254,1.1197043738131,0.916202911898423,0.910599440590979,0.910988325035029,0.907037612614796,0.907470688472942
0.930750725419012,0.924625795425228,0.92229248876093,0.92268137320498,0.920993261186491,0.913507235638533,0.91354258876981,0.906569183625372,0.905994695242117,0.905393692010404,0.910466866348689,0.910793882813004,0.897280148382275,0.897642517977866,0.992839662224685,0.878773667986916,0.880306226227784,0.882530822013405,0.882220598286447,0.880166581359239,0.876542001575039,0.866685548574941,0.864551987102359,0.863134326538141,0.858597635966988,0.859154447784605,0.857284267140038,0.857764185897127,0.860950386853489,0.860931826459569,0.863731794456727,0.865223696596627,0.86176527652943,0.859469974481255,0.857614818917481,0.862621706134621,0.859249017410772,0.866647543958818,0.869089561501795,0.8662180034138,1.30042958090241,0.89117289495413,0.870386137591388,0.870777673520283,0.871583724913405,0.872235106357188,0.874079655981579,0.87521979446527,0.876063850474514,0.875962210222092,0.876133672908787,0.878893868633258,0.879774161602062,0.882892307780715,0.884579535970922,0.885277760313648,0.887036578594691,0.885207054051093,0.887911568593803,0.887725964654598,0.891190571519768,0.953014359840861,0.87519239578853,0.880954956186722,0.885834572131265,0.876199960029932,0.879583254693165,0.870096241914914,0.871255824620808,0.869138172057301,0.904359612920544,0.921629617549481,0.918783690481663,0.952872947315752,0.954101468627637,0.97154823891296,1.00921700028887,1.00435594473825,1.02637210724116,1.01172707260956,1.07793464920903,1.10335355059737,1.08292827900194,1.06051439377216,1.07612280123107,1.12907295360157,1.09408219191991,1.09461248888907,1.16918991931843,1.15669258741192,1.08546486617108,1.0844661402125,1.08643707728121,1.13528626642355,1.15306005317319,1.21264775594099,1.22746071794616,1.11517033472679,1.12140132411441,1.11273980695148,1.15884029013702,1.17594236739239,1.14099579712483,1.13582540167553,1.1253785513831,1.11676122563427,1.10749870523963,1.08682596172526,1.06599412912014,1.08808983616842,0.999742361106568,0.956019375999428,0.938183721270054,0.890810525358538,0.892268842023724,0.87102779692407,0.87372347318396,0.875176486879455,0.894929165152337,0.894390029900359,0.893408980507416,0.901239699085327,0.930379517540601,1.01703004230114,0.921629617549481,0.95135276267083,0.942956393992483,0.944326327829477,1.02303123633546,0.924846752495711,0.91971171017769,0.919473076541569,0.919234442905448,0.916821591695775,0.915151156242925,0.913957988062318,0.90891132857249,0.906639889887927,0.905985856959298,0.906197975746961,0.907346952513472,0.910148688167194,0.911995889276431,0.908239619078222,0.911792608771586,0.912446641700215,0.913242087153953,0.913577941901087,0.912941585538097,0.921532396438469
0.935072645717656,1.0011741629233,0.922964198255198,0.923123287345945,0.920657406439357,0.915575393818252,0.91212846351872,0.911951697862334,0.911297664933705,0.90569419362626,0.909079255946057,0.908946681703767,0.902972002517912,1.04368630328419,0.989101068592115,0.882742940801069,0.876108925716893,0.882303678144949,0.882165800932968,0.874855657213114,0.874427884324659,0.868213687674401,0.866638705675999,0.863349096810651,0.862042798609956,0.860857584883887,0.861320710903619,0.866309037726839,0.864306282839982,0.86083637300512,0.863835202365713,0.866491990181198,0.867261804614761,0.863353515952061,0.863767147588004,0.864815367930375,0.866177347312831,0.864343403627824,1.07804954688568,0.87102337778266,0.871079942792704,0.872356190831812,0.885613615060782,0.874733688910208,0.879543482420478,0.878611927411322,0.877502722917498,0.875688223454693,0.881305836014649,0.881044222843197,0.881710629367773,0.881101671681523,0.882994831861419,0.887239859099535,0.888300453037853,0.887204505968258,0.88472978677885,0.886585826170906,0.888123687381467,0.958476418623197,0.891234762933865,0.886400222231701,0.884924229000875,0.886426737080158,0.88756687556385,0.915327921899311,0.872349120205557,0.899799058985779,0.876234429332927,0.913843090385667,0.913189057457038,0.95817591700734,0.975269155979891,1.01205408907387,1.0219087744174,1.01580152098926,1.00103275039819,1.00542537695939,1.02076863593371,1.08869967768295,1.11408322594002,1.0988371880767,1.09227918222477,1.07857984385484,1.07358621406193,1.12003139027742,1.17029470467085,1.11806045320871,1.11654026856379,1.11739758199726,1.11658445997788,1.14636063479615,1.1606167849837,1.19166567252795,1.18682229354296,1.18516069637293,1.16334781437487,1.13848572480414,1.12939113178307,1.11372969462725,1.21095964392251,1.29509125807954,1.13951096561118,1.14046550015567,1.15262697731504,1.12733181188617,1.12106546936728,1.11085725271097,1.10247856059826,1.11726500775497,1.08671106404861,1.00158072393299,1.00146582625633,0.95701810195801,0.92010943290456,0.882218830629884,0.884827007889863,0.887425463038741,0.885693159606156,0.890766333944441,0.944317489546657,0.908407546451789,1.08626031162482,1.00734328433118,1.11243930533563,1.12147203037696,0.934780982384619,0.934710276122064,0.929690131480695,0.930079015924745,0.922964198255198,0.923980600779419,0.921302601085167,0.91856273341118,0.917882185634093,0.925845478454294,0.906312873423612,0.908292648775138,0.908389869886151,0.908973196552226,0.911960536145153,0.912314067457926,0.915495849272878,0.912835526144265,0.912305229175106,0.912561539376867,0.915071611697551,0.914983228869358,0.920498317348609,0.921815221488687
0.940437483388979,0.93991602470264,0.940649602176643,0.928152270270134,0.928249491381147,0.920003373510728,0.920719274419092,0.91881904361294,0.915080449980371,0.910952971903752,0.910281262409484,0.906374741403347,0.90313109160866,0.993422988890759,0.987191999503144,1.09136000081156,0.936893331978435,0.88409343041586,1.08074522314557,0.895468300404315,0.875279894788441,0.868534517340742,0.869171757532014,0.865461446404467,0.863906792456549,0.863372076345981,0.864534310536721,0.866271033110716,0.865587833848783,0.864415877546942,0.864176360082539,0.867994498260482,0.869182363471397,0.867623290382071,0.869216832774393,0.869207994491573,0.87226338886221,0.867382005261103,0.869791321157648,0.875195931101658,0.871638522266884,0.871620845701246,0.877438203452917,0.878175316240048,0.881157352863284,0.880637661833509,0.882209108518782,0.88054662752047,0.880846245308044,0.884075753850221,0.884827007889863,0.883054048356309,0.886223456575314,0.885869925262542,0.890996129297743,0.895185475354098,0.890280228389379,0.890898908186731,0.896917778786683,0.959704939935081,0.949496723278775,0.890121139298631,0.888176717078383,0.887646420109224,0.888123687381467,0.931272184105352,0.897792768785795,0.909971922510808,0.911536298569826,0.92293768340674,0.942823819750194,0.971610106892695,0.952846432467294,1.05844623559244,1.01749847129057,1.02389738805175,1.05743867135104,1.05477834822243,1.04855619711763,1.06511030083821,1.11491402452503,1.10005687110577,1.13774330904732,1.14278996853715,1.12024350906508,1.16594626952375,1.15861049478372,1.13939606793453,1.13040753430729,1.09384355828379,1.12561718501922,1.1330678574359,1.13556909147377,1.16991465850962,1.14627225196795,1.14950706347982,1.15508401993881,1.1639576558894,1.15974179498459,1.19386640494995,1.21153413230576,1.20269584948645,1.19408736202044,1.14905631105604,1.14963963772211,1.14585685267545,1.12768534319894,1.13669155339182,1.13426986389933,1.13745164571428,1.1370008932905,1.08758605404772,1.04156511540756,0.988005121522521,0.965202351848694,0.921983148862254,0.912579215942505,0.891517587984083,0.9000376926219,0.896166524747041,0.907691645543425,0.939580169955506,1.02884682643057,1.04671783429122,0.972131565579035,1.17795749587519,0.930123207338841,0.932235556932657,0.933720388446301,0.931979246730897,0.930635827742361,0.925845478454294,0.923423788961802,0.919252119471086,0.918492027148625,0.927922474916832,0.906666404736385,0.908814107461478,0.910732014833269,0.911987050993611,0.912013565842069,0.913383499679063,0.915230700788299,0.917263505836741,0.915663776646445,0.915053935131913,0.914178945132801,0.914373387354826,0.920312713409404,0.922778594315992
0.945669746818012,0.941011971772234,0.934940071475367,0.931148448145881,0.929610586935321,0.928355550774979,0.924555089162674,0.923892217951226,1.19898377070234,0.914771110081695,0.914762271798875,0.915319083616492,1.00523977302018,1.0221827611848,0.977169386786043,0.970894205984331,1.08508482000985,0.924820237647253,0.925686389363546,0.881880324397904,0.873118050810837,0.871725137438514,0.870513408863986,0.868748403784969,0.869661398400204,0.86731660196824,0.866403607353005,0.867553467947798,0.870233235298614,0.869328195137916,0.869292842006639,0.871239031883451,0.871320344085389,0.865221045111781,0.865099960637157,0.872677904326436,0.875315247919718,0.875358555505533,0.875509690141743,0.875653754151698,0.878822278542422,0.881403057125661,0.881662018812267,0.88221706297332,0.884800493041405,0.886143912029941,0.891597132529456,0.888229746775298,0.881776916488918,0.884694433647573,0.88031771599545,0.888344644451949,0.889811799399955,0.890421640914488,0.890996129297743,0.896997323332057,0.896749851413116,0.898013725856277,0.90055031302542,0.96190567235709,0.949823739743089,0.887664096674862,0.887938083442261,0.899675323026308,0.913410014527521,0.897801607068614,0.930220428449853,1.00166910676118,0.907647454129329,0.96537911750508,0.955144386000315,0.936097886524696,0.982569577588643,1.0275829519874,1.06756734346197,1.05499046701009,1.06201690185145,1.07174785123551,1.11988113946949,1.07620234577644,1.09982707575247,1.14323188267811,1.13170676188173,1.21611236280616,1.14407151954595,1.12263868370911,1.12477754815139,1.13234311824472,1.13198074864913,1.13095550784209,1.17556232123116,1.16714827598717,1.16877452002593,1.18430338293946,1.17829335062233,1.14800455540054,1.16856240123826,1.16843866527879,1.19445856989885,1.19697748050235,1.21160483856832,1.2113220135181,1.20971344604498,1.26398934083838,1.16673287669466,1.2670650632595,1.19973502474198,1.12999213501478,1.17178837446731,1.13686831904821,1.12519294744389,1.11232440765897,1.04060174258025,1.02542641097949,1.00445316584926,0.956337554180923,0.91418778341562,0.919172574925712,0.919835446137161,0.901107124843037,0.974579769919985,0.921178865125696,0.985150356171883,0.998628737471335,0.968746503259238,0.944467740354586,1.00931422139988,1.00805034695672,0.940119305207484,0.937547364907064,0.93656631551412,1.09240291818424,0.927471722493047,0.924360646940649,0.924130851587347,0.922725564619076,0.932589088245429,0.907258569685279,0.915363275030589,0.913701677860558,0.913233248871134,0.915009743717816,0.915080449980371,0.916096852504592,0.917837994219996,0.916547604928377,0.916052661090495,0.917820317654358,0.922230620781195,0.924263425829637
0.948365423077903,0.944485416920224,0.939960216116736,0.932164850670102,0.930273458146769,0.929133319663078,0.930715372287735,0.930529768348529,0.930680019156458,0.914514799879935,0.921072805731865,0.917829155937177,0.917484462907224,1.00053780656031,0.904465672314376,0.905031322414812,1.26181512326483,0.896926617069502,0.916521090079919,0.905269956050933,0.877737821240492,0.871695087276928,0.870831587045481,0.870389672904515,0.872099880630052,0.873725240840524,0.874104403173473,0.871442312388296,0.872549749225556,0.867788566270792,0.867664830311321,0.884234842940969,0.880654454570865,0.941082678034789,0.87714654011988,0.876278620747023,0.876391750767111,0.877079369170453,0.8779428694019,0.879191718764269,0.883414650295337,0.88313712821481,0.885481040818492,0.887443139604379,0.887743641220236,0.891208248085407,0.892092076367338,0.890350934651933,0.887805509199971,0.888530248391155,0.890253713540921,0.890943099600827,0.890589568288055,0.892436769397291,0.89836725716905,0.898508669694159,0.897315501513552,0.89811094696729,0.976373941332305,0.910687823419172,0.909697935743409,0.903679065143457,0.92743636936177,0.885410334555938,0.908283810492319,0.897403884341745,0.97091188254997,0.995058071212332,0.948984102875255,0.984257689607132,0.950539640651454,0.933587814204012,1.00416150251622,1.03164856208429,1.06066464458009,1.13563979773632,1.11820186573382,1.12509572633288,1.14345283974859,1.15422670650534,1.12150738350824,1.1325198839011,1.16608768204885,1.17758628799678,1.21307199351632,1.18248269667868,1.11872332442016,1.13857410763233,1.16857123952108,1.20626651574545,1.23055411693292,1.20776902382473,1.19664162575522,1.19936381686357,1.1688540645713,1.16403720043477,1.23631667733111,1.17847011627871,1.19201920384072,1.19204571868918,1.21113640957889,1.20955435695423,1.2398343138932,1.23696187197692,1.21611236280616,1.18613290748306,1.18770612182489,1.23118163501309,1.20275771746618,1.17824915920823,1.21052656806436,1.15522543246392,1.09523116868642,1.06541964073688,1.01448461684918,0.982578415871463,0.929478012693031,0.927401016230493,0.96408872821346,1.08700272738164,1.02495798199007,0.970982588812524,1.04205122096262,0.976497677291776,0.976241367090015,0.977416858704984,1.0090490729153,0.96742959911916,0.944370519243573,0.939677391066518,0.93734408440222,0.936840302281519,0.936849140564338,0.928046210876303,0.924201557849901,0.92421923441554,1.0708728612364,0.956364069029381,0.988376329400932,0.915053935131913,0.916706694019124,0.915867057151289,0.917334212099296,0.918748337350385,0.919190251491351,0.91919908977417,0.916980680786523,0.919773578157426,0.923697775729201,0.925960376130945
0.949549752975691,0.947216446311392,0.943336440153714,0.935567589555538,0.934197655718544,0.93154617087275,0.932774692184635,0.934321391678015,0.93386180097141,1.09272109636574,0.926004567545041,0.921090482297503,0.918642277956554,0.911138575842957,0.9108380742271,0.900090722318816,0.899825573834237,0.900771270095903,0.898650082219268,0.895379917576122,0.860555315611466,0.873109212528018,0.875607795081038,0.873881678446426,0.8758101917576,0.878801950491937,0.880968213610951,0.873346962335858,0.873632438870921,0.873562616436649,0.869154964794657,0.871411378398428,0.893523878184067,0.884393932031716,0.885472202535673,0.885578261929505,0.880460896177122,0.877218130210716,0.874388995880254,0.873602388709336,0.885808057282807,0.886736076978834,0.889166604754146,0.889635033743569,0.888291614755033,0.887469654452837,0.892542828791123,0.892339548286279,0.893408980507416,0.89104032071184,0.89090774646955,0.891323145762058,0.899100834643053,0.900064207470358,0.899030128380499,0.899162702622788,0.898455639997243,0.898455639997243,0.908681533219188,0.909883539682615,0.910157526450013,0.911456754024452,1.03818889137058,0.903802801102928,0.934100434607532,0.95906858357209,0.982958462032693,0.955621653272558,0.985742521120777,0.989958382025589,0.973192159517352,0.988473550511944,0.986325847786851,1.0229605300729,1.09894324747053,1.09790916838068,1.13774330904732,1.11834327825893,1.11848469078404,1.12955022087382,1.12330155492056,1.13944909763145,1.19292070868829,1.20490542019128,1.17783375991572,1.2300414965294,1.15924685114671,1.17651685577564,1.17239821598184,1.18777682808745,1.20495844988819,1.20616045635162,1.21835728664227,1.20924501705556,1.21619190735154,1.21605933310925,1.19767570484508,1.20846724816746,1.19387524323277,1.22980286289328,1.2264708302704,1.26640219204805,1.25760810064284,1.22832686966245,1.26049821912475,1.31183096573932,1.26162951932563,1.29371248595973,1.2282119719858,1.190684623135,1.18745864990595,1.2097222843278,1.13960818672219,1.08323761890062,1.05231246731584,1.00644177948361,1.00565517231269,1.04641733267536,0.952351488629413,0.952581283982715,0.9592099960972,0.959890543874287,0.969913156591387,0.970187143358786,0.954782016404724,0.961737744983523,0.961967540336825,0.953191125497247,0.962586220134177,0.943654618335209,0.943062453386315,0.936354196726457,0.93644257955465,0.934356744809292,0.929893411985539,0.92498816502082,0.925421240878967,1.19756080716843,0.939368051167842,0.916485736948641,0.920180139167114,0.920807657247285,0.921461690175915,0.923733128860478,0.967571011644269,0.921187703408516,1.00456806352591,0.921178865125696,0.922000825427893,0.923671260880743
0.952068663579195,0.946279588332545,0.945678585100831,0.943698809749305,0.943451337830365,0.935779708343201,0.934047404910616,0.938599120562562,1.08974259505563,0.93411811117317,0.929177511077175,0.92228365047811,0.922858138861366,1.00423220877878,1.05968359518715,1.21790653421849,0.899038966663318,0.899710676157586,0.897916504745265,0.894451897880094,0.897456914038661,0.877661812008246,0.878755107592995,0.878511170987182,0.880787912641437,0.882997483346265,0.88245039363975,1.15800065326918,0.877779361169743,0.873049996033129,0.872735353164761,0.873188757073392,0.894734722930313,0.890660274550609,0.889449429804363,0.887717126371778,1.0721102208311,0.909574199783939,0.891614809095095,0.884915390718056,0.888963324249301,0.892869845255438,0.894310485354986,0.893930439193755,0.893771350103007,0.89361226101226,0.894018822021948,0.895742287171714,0.896502379494175,0.895167798788459,0.894628663536481,0.892100914650157,0.894619825253661,0.903307857265046,0.904200523829797,0.906940391503783,0.903281342416588,0.903696741709096,0.907214378271182,0.906905038372506,1.03770278581552,0.918854396744217,0.957884253674303,0.924104336738889,0.925871993302751,0.986971042432661,0.98377158405207,1.07690057011917,1.03248819895212,1.01340634634523,1.02294285350726,1.00767913907831,1.07694476153327,1.08402422607153,1.11432185957614,1.11999603714614,1.13837966541031,1.18991569252972,1.18992453081254,1.12400861754611,1.15271536014323,1.14207406762878,1.20424254897983,1.19090558020548,1.21133085180092,1.1585574650868,1.23532678965535,1.17575676345318,1.23692651884565,1.24196434005265,1.23819923157163,1.22371328603077,1.21680174886607,1.21269194735509,1.19753429231997,1.20346478009173,1.22513624956468,1.20030951312523,1.21620958391718,1.2223079990625,1.236811621169,1.34016650045804,1.30112780524513,1.27297787446562,1.3183182653287,1.30914412776225,1.31494204129172,1.33045322763961,1.26183279983047,1.24635696661385,1.25445283367634,1.20116682655871,1.1590612472075,1.10918681725812,1.0733917718399,1.05316094246649,1.0293682851169,0.986131405564826,1.00172213645809,1.08747999465389,0.959386761753586,0.96396499225399,0.967509143664534,0.965679619120937,0.954614089031157,0.949390663884943,0.961596332458414,0.961949863771186,0.962108952861934,0.946686149342233,0.94196650631672,0.941798578943153,0.935426177030429,0.937158480463014,0.93155500915557,0.92910680481462,0.926287392595259,0.927339148250758,0.941568783589851,0.918076627856118,0.922009663710712,0.924263425829637,0.924298778960914,0.925792448757378,0.926031082393499,0.959298378925393,0.98582206566615,0.923733128860478,0.922964198255198,0.924360646940649
0.957442339533337,0.949001779440893,0.947605330755442,0.94711038691756,0.944847786515816,0.949337634188027,0.944556123182779,0.944087694193355,0.943248057325521,0.937388275816316,0.936513285817204,0.92718005916001,0.927330309967938,0.922257135629653,0.918253393512504,0.976541868705872,0.904447995748737,0.897306663230732,0.899666484743489,0.897156412422804,0.891331984044877,0.928046210876303,0.880668595823376,0.880636778005227,0.882133099286536,0.883309474729787,0.883476518275072,0.883264399487408,0.874822071738401,0.878785157754581,0.878385667371148,0.875588350858835,0.875851731686851,0.891632485660734,0.89244560768011,1.03289475996181,0.912358258872022,0.88525124546519,0.908858298875574,0.907285084533737,0.890863555055453,0.893842056365562,0.897006161614876,0.896873587372586,0.895353402727664,0.8925781819224,0.894009983739129,0.896069303636029,0.900868491206916,0.900718240398987,0.897368531210468,0.89606046535321,0.897483428887119,0.902821751709984,0.907108318877351,0.907612100998051,0.913834252102847,0.909114609077334,0.90917647705707,0.906631051605108,0.944715212273526,0.958608992865486,0.96434503841522,0.953367891153634,1.01097581856991,0.996313107372675,1.00503649251534,1.0775104116337,1.05278973458808,1.05005870519692,1.03859545238027,1.1655573850797,1.10769314746165,1.11818418916818,1.13060197652931,1.17880597102585,1.14232153954772,1.14225083328517,1.15130123489214,1.15154870681108,1.15534916842339,1.16666217043211,1.16110289053876,1.16087309518546,1.16045769589295,1.22867156269241,1.17847895456153,1.19409620030326,1.19467952696933,1.23915376611611,1.22213123340612,1.22176002552771,1.22756677733999,1.22861853299549,1.26283152578905,1.30916180432789,1.24812462317772,1.23242783289062,1.24508425388787,1.25788208741024,1.2613908856895,1.27343746517223,1.32796083188457,1.32483207976653,1.32429294451455,1.32431062108019,1.31064663584153,1.31158349382038,1.28700422929987,1.23218036097168,1.27248293062774,1.21520201967578,1.24559687429139,1.15016993469127,1.10685351059382,1.09835108252164,1.14142003470015,1.0536647245872,1.06123913296335,1.04695646792734,1.03200209339706,0.983091036274983,0.984399102132241,1.09525768353488,1.09501904989876,0.952598960548353,0.951679779135145,0.949532076410052,1.01516516462627,1.01547450452494,0.948259363684071,0.943831383991595,0.94222281651848,0.939553655107048,0.934241847132641,0.932156012387283,0.930786078550289,0.929398468147657,0.928567669562642,0.94376951601186,0.939765773894711,0.928505801582907,0.932235556932657,0.928841656330041,0.928152270270134,0.954154498324552,0.927330309967938,0.927621973300976,1.03591745268602,0.999963318177051
0.958228946704256,0.954764339839085,0.954631765596795,0.953712584183587,0.95342092085055,0.954905752364194,1.16847401841007,0.945678585100831,0.946668472776594,0.943495529244461,0.940402130257702,0.936239299049805,0.931060065317688,0.92665860047367,0.919694033612052,0.918571571693999,1.04926325974318,0.900391223934673,0.897403884341745,0.895097092525904,0.894045336870406,0.88936104697617,0.885445687687215,0.885719674454614,0.886753753544473,0.868567218987173,0.890616083136513,0.911589328266742,0.882680188993052,0.882151659680457,0.880728696146547,0.881663786468831,0.881845855094909,0.887584552129489,0.890050433036077,0.889590842329473,0.888698175764722,1.07297637254739,0.890183007278367,1.05139328590263,0.907956794028005,0.897032676463334,0.899728352723224,0.900788946661542,0.902203071912632,0.893568069598163,0.989357378793875,0.903069223628925,0.902901296255358,1.16076703579163,0.905579295949609,0.898358418886231,0.898588214239533,0.901752319488847,0.907302761099375,0.90775351352316,0.917290020685199,0.909600714632397,0.909211830188347,0.919632165632317,0.91972054846051,0.913295116850869,0.955117871151858,0.964018021950906,0.975834806080327,1.00148350282197,1.01870931603681,1.06883121790514,1.07684754042225,1.07689173183635,1.15641860064453,1.12212606330559,1.12086218886243,1.11351757583958,1.14623689883668,1.15043508317585,1.14248946692129,1.14316117641556,1.15770898993615,1.21642170270484,1.20240418615341,1.17638428153335,1.1845066634443,1.1750762156761,1.17436915305055,1.23452250591879,1.23465508016108,1.22382818370742,1.30704945473407,1.30282475554644,1.31007214745828,1.24046183197337,1.22665643420961,1.31387260907058,1.29066327838707,1.28398153657567,1.27851063951051,1.29692962090596,1.30610375847241,1.34326873772762,1.26702087184541,1.32165029795158,1.38329732061629,1.4260480946133,1.32653786835066,1.32264018562734,1.32264018562734,1.30058866999316,1.25473565872656,1.25774067488513,1.19368080101075,1.19351287363718,1.21439773593922,1.21308083179914,1.17018864527702,1.18187285516415,1.1294971911769,1.07931342132884,1.06556989154481,1.05086298893347,1.00433826817261,1.00546956837348,1.0065301623118,1.08460755273761,0.970558351237197,0.96936518305659,1.01589874210027,0.957981474785315,0.977637815775467,0.954896914081375,0.986361200918128,0.948630571562482,0.943141997931689,0.940455159954618,0.936530962382843,0.935214058242765,0.932951457841021,0.930856784812844,0.931395920064822,0.929575233804044,0.9285941844111,0.929566395521224,0.930688857439277,0.93129869895381,0.932509543700055,1.32639645582555,1.02439233188963,0.930538606631349,0.932262071781115,1.0384275250067
0.960774372156218,0.96023523690424,0.956028214282247,0.958096372461966,0.958016827916592,0.956779468321889,1.20970460776216,1.102540428578,0.949337634188027,0.947269476008308,0.94505990530348,0.940994295206596,0.930927491075399,0.927533590472782,1.03538715571686,0.91958797421822,0.912402450286119,0.906418932817444,0.899772544137321,0.895503653535593,0.894398868183179,0.893081964043101,0.890890069903912,0.889564327481015,0.890739819095983,0.891482234852805,0.892914036669534,0.891986016973506,0.892304195155001,0.88705425516033,0.885348466576202,0.880897507348396,0.884694433647573,0.885560585363866,0.890686789399067,0.890598406570874,0.890730980813164,1.10610225655418,0.914099400587427,0.911147414125776,1.26073685276088,0.899666484743489,0.899878603531153,0.903104576760202,0.962612734982635,0.897280148382275,0.90595934211084,0.905473236555777,0.905915150696743,0.909079255946057,0.90403259645623,0.905066675546089,0.902848266558442,0.902830589992803,0.909158800491431,0.911279988368066,0.915787512605916,0.917024872200619,0.982578415871463,0.928143431987315,0.925465432293063,0.964999071343849,0.955542108727185,1.01703004230114,1.04540976843396,1.01960198260156,1.03588209955474,1.05944496155103,1.05985152256071,1.15131891145778,1.14292254277944,1.14470787590894,1.11779530472413,1.12132177956903,1.12696060400776,1.13302366602181,1.13976727581294,1.16620257972551,1.16666217043211,1.17329972082941,1.18977428000461,1.19213410151737,1.17229215658801,1.26892110265156,1.21567928694802,1.21492803290838,1.19824135494551,1.24868143499533,1.33725870541049,1.33429788066602,1.2763982899167,1.2643163573027,1.24197317833547,1.2727834322436,1.31594960553312,1.3089850386715,1.41954311845829,1.34319803146506,1.34944669741832,1.30118083494205,1.31656828533047,1.35583677589668,1.35173581266852,1.32871208592421,1.32843809915681,1.31527789603885,1.31704555260272,1.27620384769467,1.25617629882611,1.24688726358301,1.2434933629804,1.19361009474819,1.1884396992989,1.18114811597296,1.17898273668223,1.18698138263371,1.17460778668667,1.12488360754522,1.0890443707129,1.05680231498805,1.03446797430365,1.04351837591062,1.00431175332415,1.09326023161772,0.968861400935889,0.983029168295247,0.982666798699656,0.966413196594939,0.949876769440005,1.07473519082844,0.952448709740425,0.953244155194163,0.94196650631672,0.942267007932577,0.938811239350226,0.937653424300895,0.936133239655974,0.93515219026303,0.935947635716768,0.934286038546737,0.931113095014604,0.931351728650726,0.932527220265694,0.933808771274495,0.93644257955465,1.01654393674608,0.9319350553168,0.932376969457766,0.970796984873319,1.06815067012805
0.965529368313008,0.964619025182619,0.963213738214348,0.95972261650072,0.962100114579115,0.961198609731545,0.960350134580891,0.958582478017028,0.952280782366858,0.95200679559946,0.948701277825036,1.12066774664041,0.985512725767475,0.930688857439277,0.929177511077175,0.924254587546817,0.912950423820916,0.908752239481743,0.909079255946057,0.897041514746153,0.896838234241309,0.897456914038661,0.89515012222282,0.894398868183179,0.894858458889783,0.893621099295079,0.89464634010212,0.894425383031637,0.892277680306544,0.894628663536481,0.894177911112696,0.889246149299519,0.888353482734769,0.889714578288943,0.892295356872182,0.89180925131712,1.18743213505749,0.918801367047301,0.918580409976819,1.04117623096351,0.904580569991027,0.903838154234205,0.901283890499423,0.905888635848285,0.907576747866774,0.906189137464142,0.90762977756369,0.908584312108176,0.90711715716017,0.906030048373394,0.905146220091463,0.905013645849173,0.908354516754874,0.90351997605271,0.908575473825356,0.91662714947375,0.917617037149513,0.918350614623516,0.913772384123112,0.925465432293063,1.0008559847418,1.00581426140344,0.993864903031725,1.12061471694349,1.10135609868021,1.09830689110754,1.0836883713244,1.18203194425489,1.08499643718166,1.15476584175731,1.12579395067561,1.15078861448862,1.13275851753723,1.13198074864913,1.13114995006411,1.16649424305854,1.18531978546368,1.18740562020904,1.17390956234395,1.17314063173867,1.16819119335985,1.16610535861449,1.18694602950243,1.27180238285065,1.26615472012911,1.25819142730891,1.37711936092559,1.45345560963599,1.39508758989725,1.31180445089086,1.31647106421946,1.26735672659254,1.25252608802173,1.31861876694455,1.31601147351286,1.40737280301609,1.41097882240637,1.42299888704064,1.38738944556163,1.37055251679084,1.49527836393698,1.43547854238151,1.39600677131046,1.39887037494391,1.34955275681215,1.34782045337956,1.34660960863332,1.31535744058423,1.29197134424433,1.27585915466472,1.26049821912475,1.30035003635704,1.19468836525215,1.18213800364873,1.1856026105139,1.22777889612766,1.22085852068014,1.16147409841717,1.1181488360369,1.1003927258529,1.09844830363265,1.04351837591062,1.07566321052447,0.995464632222021,0.970125275379051,0.970920720832789,0.972343684366698,0.947614169038261,0.944255621566922,0.940658440459462,0.956098920544801,0.952121693276111,0.953199963780067,0.944591476314056,0.940331423995147,0.940251879449773,0.945563687424181,1.20142313676047,1.13358931612224,0.940490513085895,0.941948829751082,0.937043582786363,0.937184995311472,0.93952714025859,0.94274427520482,0.943062453386315,0.995296704848454,0.964124081344737,0.942664730659446,1.05035036852995
0.973024232143785,0.971601268609876,1.24052369995311,0.958458742057558,0.963858932860158,0.963134193668974,0.960924622964146,0.961596332458414,1.04159163025601,0.949319957622389,0.950875495398588,0.940958942075319,1.19664162575522,0.930759563701831,0.926897234109792,0.922539960679871,0.906392417968986,0.908336840189235,0.906136107767226,0.90376744797165,0.900311679389299,0.901160154539953,0.896325613837789,0.89618420131268,0.897801607068614,0.89682939595849,0.897112221008708,0.898464478280062,0.900621019287975,0.899586940198115,0.898605890805172,0.895185475354098,0.894867297172602,0.894230940809612,0.895848346565546,0.891977178690687,0.958290814683991,0.995455793939201,0.899993501207804,1.15271536014323,0.909530008369842,0.908884813724032,0.9082749722095,0.9082749722095,0.910175203015652,0.908752239481743,0.909052741097599,0.909026226249141,0.909441625541649,0.905650002212164,0.904509863728473,0.904120979284423,0.908955519986587,0.907859572916992,0.910855750792739,0.912322905740745,1.00483321201049,0.927073999766178,0.958635507713944,1.01241645866946,1.0124341352351,1.01668534927119,1.08059497233764,1.10292931302204,1.17246008396158,1.12749973925973,1.12942648491434,1.10908075786429,1.14495534782788,1.10551009160528,1.12078264431706,1.19256717737552,1.15000200731771,1.13587843137244,1.15970644185331,1.16610535861449,1.19474139494907,1.19976153959044,1.17027702810521,1.1644614380101,1.16514198578719,1.19863023938956,1.31309484018248,1.26265476013267,1.29186528485049,1.27666343840128,1.3020735015068,1.32434597421147,1.33704658662282,1.3002881683773,1.30331969938432,1.26072801447806,1.28977061182232,1.27412685123213,1.31270595573843,1.43592929480529,1.42691424632959,1.46415877013018,1.45528513417959,1.50127955797129,1.56399601285714,1.46912588507463,1.39111920091138,1.38967856081183,1.34883685590379,1.37087953325515,1.37496281991767,1.34773207055137,1.32073111653837,1.31252035179923,1.31617056260361,1.26433403386834,1.2110038353366,1.18206729738617,1.20325266130406,1.20734478624941,1.18430338293946,1.19882468161159,1.14356773742525,1.1695876420453,1.10656184726078,1.13013354753989,1.04638197954408,0.996595932422893,0.977160548503224,0.97437648941514,0.968216206290079,0.970841176287415,1.00239384595236,1.00440897443517,0.943186189345785,0.943548558941377,1.05833133791579,0.950035858530753,0.947870479240021,0.943504367527281,0.944193753587187,0.994589642222909,0.953491627113104,0.961499111347402,0.949364149036485,0.942620539245349,0.94274427520482,0.941736710963418,0.943035938537857,0.943557397224196,0.945280862373962,0.991646494044078,0.946783370453246,1.09554934686792
0.980483742843285,0.976798178907632,0.984390263849422,0.970028054268038,0.969347506490951,0.967199803765858,0.961454919933305,0.961428405084847,0.946288426615364,0.94711038691756,0.947525786210068,0.940136981773122,0.938219074401331,0.930291134712408,0.922124561387363,0.916574119776835,0.913498397355714,0.910988325035029,0.909803995137241,0.906127269484407,0.908283810492319,0.906153784332865,0.90338740181042,0.901672774943473,0.901513685852726,0.901434141307352,0.896838234241309,0.897810445351433,0.901937923428052,0.904386127769002,0.903917698779579,0.901213184236869,0.897041514746153,0.898473316562882,0.899790220702959,0.897059191311792,0.898208168078303,0.900020016056261,0.903334372113504,0.904872233324064,0.90994540766235,0.909583038066758,0.912057757256166,0.912181493215636,0.913684001294919,0.914771110081695,0.912154978367178,0.912305229175106,0.909026226249141,0.906631051605108,0.90442148090028,0.904651276253582,0.909786318571602,0.910413836651774,1.03789722803754,0.921170026842877,0.957645620038181,0.938581443996923,0.940437483388979,1.03482150561642,1.02532035158566,1.10387500928371,1.08090431223632,1.17525298133248,1.17566838062499,1.11450746351534,1.11528523240344,1.12027886219636,1.11841398452148,1.12096824825626,1.14133165187196,1.17628706042234,1.17550929153424,1.2483455802482,1.17725043324965,1.20357967776838,1.19369847757639,1.19345984394027,1.17774537708753,1.21311618493042,1.19423761282837,1.22945816986333,1.2699905348727,1.30772116422834,1.34908432782273,1.29990812221607,1.29777809605662,1.35663222135042,1.33710845460256,1.33643674510829,1.30973629271115,1.30704061645125,1.28567848687698,1.28527192586729,1.35581909933104,1.4149737262407,1.41416060422133,1.41315303997992,1.55726124134882,1.50287928716159,1.53543068278512,1.48408025960491,1.46202874397072,1.38240465405154,1.38105239678018,1.35801099347023,1.39006744525588,1.33640139197701,1.33116912854798,1.33125751137617,1.30575022715964,1.28556358920032,1.30932973170146,1.25784673427896,1.18613290748306,1.18676042556323,1.20137894534637,1.19990295211555,1.226196843503,1.14482277358559,1.11799858522897,1.11913872371266,1.09890789433926,1.05358518004182,0.987863708997412,1.00494810968714,0.979246383248582,0.979158000420388,0.964592510334161,0.964459936091871,1.06189316589198,0.945015713889383,1.1632240784154,1.04966982075287,0.953191125497247,1.03887827743048,1.07246375214387,0.952749211356282,0.952218914387123,0.982534224457366,1.02528499845438,0.950884333681407,0.946836400150162,0.944750565404804,0.943972796516704,0.945042228737841,0.948648248128121,0.962197335690127,0.954030762365082,0.954808531253182
0.984567029505808,1.19533355989796,0.977708522038021,0.976992621129657,0.971062133357898,0.970125275379051,0.9671732889174,0.960986490943881,1.05111929913523,0.949452531864678,0.94814446600742,0.938192559552874,0.937317569553762,0.933419886830445,0.916185235332785,0.91406404745615,0.912844364427084,0.914125915435885,0.913312793416508,0.912464318265854,0.911474430590091,0.91135953291344,1.00519558160608,0.907417658776027,0.904103302718784,0.905048998980451,0.904501025445653,0.902910134538177,0.905817929585731,0.905923988979563,0.906312873423612,0.905623487363706,0.905853282717008,0.906454285948721,0.900214458278287,0.900391223934673,0.904041434739049,0.910360806954858,0.911253473519608,0.910263585843845,0.911456754024452,0.914930199172442,0.916070337656134,0.916026146242037,0.917935215331009,0.918023598159202,0.915716806343361,0.913489559072894,0.912331744023564,0.911995889276431,0.907488365038581,0.906144946050045,0.906542668776914,0.912676437053518,1.06215831437656,1.03798561086573,0.936522124100023,0.938934975309696,0.970372747297992,1.04517997308066,1.04505623712118,1.09052920222655,1.11821070401664,1.12754393067383,1.13506530935307,1.14292254277944,1.2023069650424,1.12787978542097,1.16031628336784,1.16909269820742,1.14891489853093,1.17123156264969,1.16746645416867,1.1634096823546,1.17469616951486,1.16783766204708,1.20214787595165,1.18030847910513,1.22172467239643,1.29327057181877,1.25512454317061,1.25556645731158,1.27253596032466,1.37148053648686,1.32482324148371,1.29369480939409,1.29235139040556,1.29102564798266,1.45923584659982,1.40478318615004,1.35597818842179,1.30781838533935,1.32853532026782,1.39862290302497,1.3990029491862,1.39842846080295,1.41226921169799,1.41104952866893,1.58807149525694,1.5546893010484,1.54022103207318,1.45165259994085,1.51032995957827,1.43494824541235,1.3772165820366,1.37062322305339,1.35463476943325,1.3520009611531,1.35843523104556,1.39134015798186,1.27825432930875,1.24285700661741,1.23642273672495,1.21875500936914,1.21838380149073,1.21531691735243,1.18947377838876,1.23705025480512,1.18179331061877,1.19486513090854,1.11342035472857,1.09108601404417,1.04984658640925,0.992751279396491,0.972396714063614,0.984628897485543,0.973324733759642,0.967376569422244,0.97373129476933,0.964035698516544,0.941904638336985,0.942938717426845,0.958865303067246,0.987006395563938,1.10464393988899,0.956691085493695,0.95650548155449,0.958494095188835,0.956549672968586,0.957071131654926,0.956814821453166,0.956708762059334,0.952448709740425,0.948648248128121,0.9489133966127,0.949479046713136,0.989065715460838,0.954843884384459,0.956691085493695,0.959086260137729
0.987960930108424,0.983736230920793,0.98235745880098,0.977796904866214,0.976515353857414,1.11656678341224,0.968605090734129,1.04091992076175,1.01626111169586,0.952651990245269,0.945386921767794,0.934869365212812,0.935099160566114,0.935320117636597,0.922849300578546,0.914099400587427,0.912287552609468,0.909839348268518,0.913498397355714,1.00846574624923,0.913825413820028,0.912040080690527,0.913250925436773,0.913613295032365,0.912093110387443,0.910316615540761,0.906825493827132,0.90762977756369,0.904951777869438,0.902848266558442,0.904271230092351,0.908734562916104,0.909795156854422,0.906825493827132,0.90557045766679,0.904492187162834,0.907399982210388,0.913701677860558,0.914152430284343,1.01701236573551,0.915274892202395,0.915336760182131,0.918244555229685,0.921709162094855,0.923370759264886,0.92396292421378,0.923308891285151,0.918624601390915,0.915071611697551,0.913268602002411,0.914134753718704,0.906869685241229,1.14537074712038,0.916485736948641,1.11097215038762,0.97168081315525,0.950610346914008,0.940994295206596,1.00535467069683,1.04545395984805,1.05552960226207,1.07992326284337,1.09565540626175,1.11524987927217,1.14446040399,1.14397429843493,1.18854575869273,1.18714931000728,1.1992400809041,1.18099786516504,1.16377205195019,1.14461065479792,1.15062952539788,1.1508239676199,1.24654257055306,1.19140052404337,1.19826786979397,1.21711992704757,1.31553420624061,1.31193702513315,1.29407485555532,1.28425552334307,1.27649551102771,1.29426045949453,1.28360149041444,1.27625687739159,1.30333737594996,1.29166200434565,1.39956859928664,1.41732470947064,1.45596568195668,1.41086392472972,1.41284370008125,1.46436205063502,1.44398980873651,1.38464073960482,1.38882124737836,1.39750044110692,1.43994187520526,1.44316784843431,1.50790827008578,1.53306202298954,1.43520455561411,1.47154757456712,1.41612270300721,1.37707516951149,1.3777645555714,1.36808663588425,1.38586042263389,1.32490278602909,1.37706633122867,1.25850076720759,1.24217645884032,1.25286194276887,1.26497039023133,1.23758055177428,1.28444112728227,1.28238180738537,1.17993727122672,1.17505853911046,1.15231763741636,1.07813792971387,1.04983774812643,0.994739893030837,0.980996363246806,0.981703425872351,0.975932027191339,1.01099349513555,0.976170660827461,0.962002893468102,0.946694987625052,0.953217640345705,0.955648168121016,0.995968414342722,0.985168032737521,0.966952331846917,0.96178193639762,0.960845078418772,0.961826127811716,0.961366537105112,0.965166998717416,0.962727632659286,0.958670860845221,0.9509727165096,0.950831303984491,0.952183561255846,0.953465112264646,0.961428405084847,0.95997892670248,0.961667038720969
0.988641477885511,0.989030362329561,0.988261431724281,1.11127265200348,0.979555723147257,0.976038086585171,0.971017941943801,0.964035698516544,0.959386761753586,0.956443613574755,0.940967780358138,0.940066275510568,0.936743081170506,0.936893331978435,0.926623247342393,0.916680179170666,0.908946681703767,0.909653744329313,0.909141123925792,0.912738305033253,0.913904958365402,0.917855670785635,0.918156172401491,0.918288746643781,0.918288746643781,0.980368845166634,0.915955439979483,0.915062773414732,0.914841816344249,0.907046450897615,0.908637341805092,0.909998437359266,0.910785044530185,0.96331979760818,0.913816575537209,0.913816575537209,0.916803915130137,0.917590522301055,1.05039455994405,0.921187703408516,0.99174371515509,0.920630891590899,0.927471722493047,0.928099240573218,0.92846161016881,0.929672454915056,0.928832818047221,0.924466706334481,0.922981874820836,0.915796350888735,0.915672614929265,0.915619585232349,0.915460496141601,0.922973036538017,0.9638324180117,0.945652070252374,0.947119225200379,0.997647688078391,1.04241359055821,1.06865445224875,1.089822139601,1.10431692342468,1.0888587667737,1.10506817746432,1.14421293207106,1.17858501395536,1.18927049788391,1.19984108413581,1.19679187656315,1.19673000858341,1.14357657570806,1.1469793145935,1.15408529398023,1.16959648032812,1.2009812226195,1.23947194429761,1.24648954085614,1.24560571257421,1.31582586957365,1.33226507561757,1.31472992250406,1.28935521252981,1.29655841302755,1.28590828223028,1.28451183354483,1.30851660968208,1.3124142924054,1.318548060682,1.43106823925467,1.41897746835785,1.41545099351295,1.468471852146,1.47369527729222,1.45773333852054,1.49724930100569,1.48537064889653,1.43143944713308,1.4576714705408,1.44808193368185,1.43427653591808,1.43215534804145,1.43756437712687,1.43669822541057,1.4458193332801,1.42560618047234,1.43031698521503,1.42255697289967,1.41154447250681,1.43838633742906,1.41247249220284,1.32910097036826,1.29043348303377,1.28539566182676,1.23536214278663,1.28572267829107,1.26995518174142,1.26906251517667,1.26775444931941,1.18209381223463,1.18085645263993,1.16743110103739,1.0960000992917,1.04796403216874,1.03085311663055,1.0320639613768,0.99329041464847,0.991496243236149,1.01848835896633,0.961074873772074,0.998973430501288,1.04076966995382,0.946350294595099,0.959307217208212,0.983038006578067,0.98261376900274,0.983497597284671,0.965900576191419,0.966050826999348,0.96435387669804,0.965317249525345,0.964831143970282,0.964141757910376,0.964079889930641,0.957177191048757,0.956841336301624,0.955763065797667,0.957946121654038,0.960191045490143,0.960562253368554,0.961658200438149
0.990886401721617,0.994722216465198,0.994792922727753,0.992318203538345,0.983391537890839,0.982569577588643,0.974730020727913,0.961994055185283,0.959537012561514,0.954048438930721,0.944865463081455,0.94157762187267,0.93669888975641,0.93644257955465,0.921116997145961,0.91997685866227,0.912968100386555,0.909211830188347,0.909079255946057,0.916644826039389,0.915672614929265,0.920162462601475,0.921276086236709,0.922372033306304,0.924449029768842,0.923503333507176,0.912269876043829,0.916202911898423,0.916521090079919,0.916874621392691,0.915487010990059,0.914090562304608,0.909256021602443,0.916989519069342,0.917431433210308,0.919393531996195,0.922248297346833,0.923662422597923,0.925536138555618,0.927321471685119,0.947437403381875,1.01813482765356,0.924616957142409,0.928726758653389,0.933676197032205,0.934825173798716,0.928965392289511,0.925527300272798,0.928019696027845,1.14797804055208,1.15938826367182,1.00593799736291,0.916512251797099,0.921594264418204,0.941436209347561,0.948904558329881,0.946032116413604,1.08306085324423,1.10866535857178,1.064924696899,1.09607080555426,1.09605312898862,1.10017176878242,1.11679657876555,1.14852601408688,1.14897676651066,1.18274784516326,1.18782985778436,1.18414429384871,1.18410010243461,1.24913218741912,1.17027702810521,1.17559767436243,1.20272236433491,1.21303664038504,1.20204181655782,1.24630393691694,1.24951223358035,1.30011140272091,1.3069699101887,1.30720854382482,1.30709364614817,1.34569042722011,1.30253309221341,1.31848619270227,1.33306935935413,1.38250187516255,1.36407405548428,1.41106720523457,1.41655577886536,1.41704188442042,1.41773127048033,1.44295572964665,1.50723656059151,1.46997436022529,1.49764702373255,1.48213583738466,1.47184807618298,1.4510339201435,1.45634572811791,1.43645959177445,1.43434724218064,1.42886750683266,1.43520455561411,1.44708320772327,1.4594568036703,1.48651962566304,1.43846588197444,1.37860419243923,1.3339266727876,1.31425265523181,1.30896736210587,1.29499403696853,1.26970770982248,1.27645131961361,1.29190947626459,1.19695980393671,1.16988814366116,1.15975947155023,1.16141223043744,1.1441422258085,1.06617089477652,1.05582126559511,1.01683560007912,1.02202367209406,0.994430553132161,1.03750834359349,0.98506197334369,0.96614804811036,1.05660787276603,0.951980280751002,1.05661671104885,0.966041988716528,0.966369005180843,0.968472516491839,0.970275526186979,0.997090876260774,0.967844998411668,0.969294476794035,0.969789420631917,0.968048278916512,0.96794221952268,0.965494015181731,0.963867771142977,0.961560979327137,0.962639249831093,0.960915784681327,0.960129177510408,0.961189771448726,0.96306348740642
0.992530322326009,1.11528523240344,0.997594658381475,0.994916658687223,0.989357378793875,0.98350643556749,0.974385327697959,0.961799612963258,0.957380471553602,0.953058551254958,0.947251799442669,1.1510537629732,0.931687583397859,0.933552461072734,0.924449029768842,0.918766013916024,0.913595618466726,0.913489559072894,0.913657486446461,0.917608198866694,0.919808931288703,0.923883379668406,0.924325293809372,0.925916184716848,0.92640229027191,0.916406192403267,0.912809011295807,0.914373387354826,0.919110706945977,0.919561459369762,0.919649842197955,0.919526106238485,0.92100209946931,0.921249571388251,0.921302601085167,0.923467980375899,0.925491947141521,0.926296230878078,0.92794898976529,0.931236830974074,0.938068823593403,1.2097222843278,0.937087774200459,0.93669005147359,0.936345358443637,0.936946361675351,1.06172523851841,0.931139609863062,0.931263345822532,0.932094144407548,0.936778434301784,0.929186349359994,0.928443933603172,0.979617591126993,0.986378877483767,1.00036104090392,1.04972285044978,1.05564449993872,1.08106340132707,1.12337226118312,1.1243267957276,1.16302079791055,1.16362180114227,1.1357193422817,1.1264303070386,1.19370731585921,1.19315050404159,1.18965938232796,1.18492206273681,1.23199475703247,1.24489864994867,1.21597095028106,1.19417574484863,1.21449495705023,1.21957696967134,1.23981663732756,1.29281098111216,1.26899180891411,1.26906251517667,1.34413488944391,1.30719086725918,1.33179664662815,1.29599276292711,1.34561972095756,1.37407015335292,1.37219643739523,1.34912851923682,1.38504730061451,1.47119404325435,1.53123249844594,1.47152989800149,1.43770578965198,1.44759582812679,1.46581152901739,1.51158499573861,1.49927326777131,1.48374440485778,1.58423568051336,1.50243737302062,1.45637224296636,1.46684560810725,1.45630153670381,1.43595580965375,1.43550505722997,1.43464774379649,1.48220654364722,1.476249541027,1.47379249840323,1.40009005797298,1.36043268296272,1.32301139350575,1.31580819300801,1.30353181817199,1.28926682970162,1.30674895311822,1.27720257365325,1.18968589717642,1.17179721275013,1.20678797443179,1.11954528472235,1.1277118580474,1.07885383062224,1.06511030083821,1.05969243346997,1.05318745731495,1.0011299715092,0.981897868094375,0.98377158405207,1.0677175942699,1.02075095936807,1.01605783119102,1.04140602631681,1.00671576625101,0.962268041952682,0.969250285379939,0.971557077195779,0.975083552040685,0.976886561735825,0.971433341236309,0.970505321540281,0.970072245682135,0.970973750529705,0.970169466793147,0.969047004875095,0.964106404779099,0.961949863771186,0.962170820841669,1.1636394777079,0.963717520335049,0.964300847001124
0.995411602525105,1.0279011301689,1.02024717724737,1.17803704042057,0.992433101214996,0.983594818395684,0.975348700525265,0.972900496184315,0.957742841149194,0.955877963474319,0.947304829139585,0.946889429847077,0.936363035009276,0.932376969457766,0.920648568156538,0.920904878358298,0.920153624318656,0.915071611697551,0.915584232101071,0.919755901591787,0.921099320580323,0.928143431987315,0.927940151482471,0.927887121785555,0.92602224411068,1.01330912523421,0.914099400587427,0.915575393818252,0.921337954216444,0.924793722798795,0.926800012998779,0.924334132092191,0.924378323506288,0.924077821890431,0.92589850815121,0.930185075318576,0.930246943298311,0.930715372287735,0.930812593398747,0.935779708343201,0.937688777432173,0.937476658644509,0.939695067632157,0.938263265815428,0.935443853596067,0.940402130257702,0.945218994394227,0.958414550643461,0.935991827130865,0.934392097940569,0.939226638642733,0.928320197643701,0.933791094708856,0.943159674497327,0.95521509226287,0.998328235855478,1.07507988385839,1.08064800203456,1.08110759274116,1.12925855754078,1.24070930389231,1.18916443849008,1.17394491547522,1.18840434616762,1.12939997006589,1.14492883297942,1.15316611256702,1.20855563099565,1.24545546176628,1.19639415383628,1.22092038865987,1.27925305526734,1.20357967776838,1.22723092259286,1.27478972244358,1.26907135345949,1.29676169353239,1.29242209666811,1.49601194141098,1.45300485721221,1.30895852382305,1.31366932856574,1.35684434013808,1.39773023646022,1.37701330153175,1.40592332463373,1.40221124584962,1.38964320768055,1.47616999648162,1.45919165518572,1.45342025650471,1.45243036882895,1.44867409863074,1.49872529423651,1.49617986878455,1.51208877785931,0.00408485987686435,1.51568595896677,1.54131697914278,1.49070897171939,1.46688979952135,1.48464590970535,1.50188939948583,1.50142980877922,1.46934684214512,1.48655497879432,1.47580762688603,1.50736029655098,1.4631600441716,1.36547934245255,1.36203241215302,1.33086862693212,1.3525489346879,1.30476917776669,1.27638945163388,1.27596521405855,1.23683813601745,1.16288822366826,1.13625847753367,1.12873709885444,1.10899237503609,1.09093576323624,1.06396132407169,1.04146789429654,1.02229765886145,1.00829781887566,0.98017440294461,0.973466146284751,0.986971042432661,0.943778354294679,0.926508349665742,1.05634272428145,0.977187063351682,0.969285638511216,0.972953525881231,0.973810839314704,0.973307057194003,0.97784993456313,0.979290574662678,0.976206013958738,0.974031796385187,0.974314621435405,0.974756535576371,0.975658040423941,1.05733261195721,0.961242801145641,0.962603896699815,0.964185949324472,0.967005361543833,0.962886721750034
1.00310090857791,1.18507231354474,1.01307049159809,1.1583276697335,0.992088408185043,0.982463518194811,0.976860046887367,0.970620219216932,0.957097646503384,0.958485256906016,0.952563607417076,0.949885607722824,0.937025906220724,0.928859332895679,0.918332938057878,0.918394806037613,0.915937763413844,0.921797544923048,0.919481914824388,0.922787432598811,0.927268441988203,0.927613135018156,0.928541154714184,0.931086580166146,0.967588688209908,1.01721564624035,0.915495849272878,0.918218040381227,1.01635833280688,0.928576507845461,0.927347986533577,0.92718005916001,0.925916184716848,0.925147254111568,0.928426257037533,0.931616877135305,0.933411048547625,0.933685035315024,0.93669005147359,0.938006955613668,0.941347826519368,0.940640763893823,0.941277120256814,0.955922154888415,0.946182367221532,0.945837674191579,0.946845238432981,0.944715212273526,0.946933621261174,0.93927083005683,0.940525866217172,0.94634145631228,1.01641136250379,0.942213978235661,0.98608721415073,0.974473710526153,1.04832640176433,1.09714907605821,1.13928117025788,1.15184920842694,1.16483264588851,1.27833387385413,1.15950316134847,1.17185024244705,1.16825306133959,1.14827854216794,1.16760786669378,1.17724159496683,1.20007087948911,1.1878917257641,1.18879323061167,1.22731930542105,1.21052656806436,1.43531061500794,1.40337789918176,1.30103058413412,1.30132224746716,1.29423394464607,1.3413861834871,1.38566598041186,1.34691011024917,1.33367920086866,1.3643568805345,1.44862106893383,1.44676502954177,1.43227908400092,1.52445353552353,1.42625137511815,1.48978095202337,1.55963873942721,1.45986336467999,1.45083063963865,1.45115765610297,1.49411171060483,1.50991456028576,1.57363857941301,1.58232661142439,1.56472959033114,1.57904760849843,1.49942351857924,1.53046356784066,1.60276955958546,1.60199179069736,1.54273110439387,1.4789982469838,1.47038975951779,1.50296766998978,1.44495318156381,1.4710791455777,1.45824595892406,1.36452480790807,1.37317748678817,1.36800709133887,1.43364017955509,1.26238077336527,1.2357156740994,1.21240028402205,1.28529844071575,1.14251598176975,1.13806148722881,1.12421189805095,1.09607080555426,1.05016476459075,1.02994277350016,1.03217002077063,1.00986219493468,0.965432147201996,0.983400376173659,0.94878082237041,0.957840062260206,0.939977892682375,0.973395440022196,1.01475860361658,0.971919446791371,0.973952251839813,0.97360755880986,0.977169386786043,0.97810624476489,0.981995089205388,0.982472356477631,0.982118825164858,0.979405472339329,0.977602462644189,0.976020410019532,0.990409134449374,0.967517981947353,0.967350054573787,0.966342490332385,0.966687183362338,0.965052101040765
1.00526628786864,1.00583193796907,1.00607940988802,0.998398942118032,0.997691879492487,0.984734956879375,1.02824582319885,0.97321867436581,0.958246623269894,0.958184755290159,0.952855270750114,0.950230300752778,0.997709556058126,0.936716566322048,0.925041194717736,0.924537412597035,0.946774532170426,0.92434297037501,0.923220508456958,0.923609392901008,0.937202671877111,0.930954005923856,0.930556283196987,0.930954005923856,1.10185988080091,1.10025131332779,0.918774852198843,0.921567749569746,1.32979919471099,0.930494415217252,0.928912362592595,0.927109352897455,0.926455319968826,0.924873267344169,0.928938877441053,0.930255781581131,0.934003213496519,0.935461530161706,0.937388275816316,0.940693793590739,0.941524592175755,0.942708922073542,0.942514479851518,0.945174802980131,0.945705099949289,0.946712664190691,0.951803515094615,0.946155852373074,0.94736669711932,0.947402050250598,0.961887995791451,0.951777000246158,1.00500113938406,0.991646494044078,0.957813547411748,1.0354048322825,1.028678899057,1.09628292434192,1.10726007160351,1.16019254740837,1.17339694194043,1.19913402151026,1.18865181808656,1.23167657885097,1.23328514632409,1.17337926537479,1.15261813903222,1.19604062252351,1.18828944849097,1.18957983778259,1.20924501705556,1.21755300290571,1.23458437389853,1.38599299687618,1.42780691289435,1.48065100587102,1.3044068081711,1.32606060107842,1.33952130581223,1.3422081437893,1.34012230904394,1.33413879157527,1.42392690673667,1.39326690363647,1.47797300617676,1.44021586197266,1.4703455681037,1.46765873012663,1.47134429406228,1.61434771007876,1.56602881790558,1.51679074431919,1.52572624824951,1.47727478183404,1.50879209836771,1.56428767619017,1.60122286009208,1.58369654526138,1.57263985345442,1.52301289542398,1.52116569431475,1.59950823322514,1.60576573746121,1.58990985808336,1.47312962719178,1.44166534035503,1.44093176288102,1.44121458793124,1.45963356932669,1.45110462640605,1.44744557731886,1.39405351080739,1.39499920706906,1.27011427083217,1.25526595569572,1.24513728358479,1.21451263361587,1.21321340604143,1.19564289979664,1.22947584642897,1.21179044250752,1.10402526009164,1.0624057862955,1.03797677258292,1.05630737115017,1.02701730188697,1.05541470458542,0.948736630956314,1.01648206876635,0.961923348922729,0.959174642965922,0.940234202884135,1.00019311353035,1.01144424755934,0.974190885475935,0.975578495878567,0.9787514394107,0.978866337087351,0.979034264460918,0.982189531427413,0.982322105669702,0.982313267386883,0.979087294157834,0.977779228300576,1.04479992691942,0.972493935174627,0.970690925479487,0.964839982253102,0.966492741140313,0.965494015181731
1.00502765423252,1.00514255190917,1.00171329817527,0.995888869797348,0.99585351666607,0.982437003346353,0.976612574968426,0.967111420937665,0.998876209390275,0.998787826562082,0.951449983781843,0.948904558329881,0.958847626501608,0.936575153796939,0.936239299049805,0.933464078244541,0.935567589555538,0.928373227340617,0.928938877441053,1.04386306894058,0.932986810972298,0.933137061780227,0.932827721881551,0.932933781275383,0.95547140246463,0.95547140246463,1.3218889315877,0.936902170261254,0.93566481066655,0.932916104709744,0.930503253500072,0.93052093006571,0.928249491381147,0.927798738957362,0.92897423057233,0.930370679257782,0.932933781275383,0.938166044704416,0.942823819750194,0.939942539551098,0.940976618640957,0.945298538939601,0.945634393686735,0.94749927136161,0.94865708641094,0.949867931157186,0.955895640039957,0.953014359840861,0.951715132266422,0.949576267824149,0.964327361849582,0.968118985179067,0.967898028108584,0.967464952250438,0.960650636196748,1.03308036390102,1.03744647561376,1.09115672030672,1.12355786512232,1.14435434459616,1.16932249356072,1.15363454155644,1.1855142276857,1.18333117182933,1.16802326598628,1.17228331830519,1.20032718969087,1.19338029939489,1.19121492010416,1.19232854373939,1.20624000089699,1.27624803910877,1.25300335529398,1.38373923475725,1.4189067620953,1.43075006107318,1.42823998875249,1.3268295316837,1.41757218138958,1.3514529876183,1.34059957631619,1.33324612501052,1.41406338311031,1.41731587118782,1.44367163055501,1.43876638359029,1.41218966715262,1.41332096735349,1.41292324462662,1.52904944258957,1.56345687760516,1.55362870711008,1.54158212762736,1.57719156910637,1.48422167213002,1.56206042891971,1.56268794699988,1.62097642219325,1.58399704687724,1.59085555434503,1.58952097363931,1.58761190455034,1.55704028427834,1.48345274152474,1.46323075043415,1.46710191830901,1.44152392782992,1.44047217217442,1.45451620357431,1.45101624357786,1.45990755609409,1.37476837769565,1.39887037494391,1.26671153194673,1.26625194124013,1.23023593875143,1.20939526786349,1.20718569715866,1.21780931310747,1.21468056098944,1.14287835136534,1.11301379371888,1.0754510917368,1.06222018235629,1.04974052701542,1.03833030389569,1.01281418139633,1.01113490766066,1.0355904362217,0.996984816866942,0.938121853290319,0.939518301975771,0.982207207993051,0.982392811932257,0.977558271230093,0.97810624476489,0.981128937489095,0.982666798699656,0.981535498498784,0.982878917487319,0.982313267386883,0.982551901023004,0.979290574662678,0.97900774961246,0.97772619860366,0.978283010421277,0.979060779309376,0.969992701136761,0.970213658207244,0.970814661438957
1.00607940988802,1.00549608322194,1.22813242744043,1.06139822205409,0.988226078593003,1.06178710649814,1.0711468480038,0.965078615889223,0.957707488017916,0.946783370453246,0.948833852067326,0.945713938232109,1.00748469685629,0.933384533699168,0.937900896219836,0.936663536625132,0.936389549857734,0.931722936529137,0.940764499853294,0.933525946224277,0.933729226729121,0.933419886830445,0.931608038852486,0.932297424912392,0.953323699739537,0.952395680043509,0.935470368444525,0.935231734808404,0.935443853596067,0.934683761273606,0.934931233192547,0.934356744809292,0.933711550163482,0.932871913295647,0.930591636328265,0.931634553700944,0.928452771885991,0.94132131167091,0.951688617417964,0.940119305207484,0.940932427226861,0.945802321060302,0.945599040555458,0.948825013784507,0.948816175501688,0.952925977012668,0.955444887616172,0.958405712360642,0.954481514788867,0.953014359840861,0.952183561255846,0.992883853638781,0.962321071649598,0.979882739611572,0.980987524963986,1.02599206107993,1.09742306282561,1.15048811287277,1.14879116257146,1.13565747430196,1.13559560632223,1.16700686346206,1.17228331830519,1.1570461187247,1.19080835909447,1.2017589915076,1.21129549866964,1.18447131031302,1.20405694504062,1.20388901766706,1.2029963511023,1.31073501866973,1.26220400770888,1.31049638503361,1.38911291071139,1.36995151355912,1.34418791914083,1.33444813147394,1.32292301067756,1.42811625279302,1.35176232751698,1.42944199521592,1.403757945343,1.40785007028834,1.42831953329787,1.43212883319299,1.42344963946442,1.44341532035325,1.53555441874459,1.51136403866813,1.51073652058796,1.5722156158791,1.58287458495919,1.57469917335132,1.52021115977026,1.55007571741672,1.5524001857982,1.60337056281717,1.58001981960855,1.58213216920237,1.56822955032759,1.55176382943521,1.55723472650036,1.47005390477066,1.45027382782104,1.44879783459021,1.47012461103321,1.4587232261963,1.45378262610031,1.44135600045635,1.46247949639451,1.36486950093802,1.34675985944125,1.30109245211386,1.27097158426564,1.25912828528776,1.26369767750534,1.25568135498823,1.25211068872923,1.23300232127387,1.21521969624141,1.1055631213022,1.08344973768828,1.0665244260893,1.06634766043291,1.05426572781891,1.0587025457942,1.00603521847392,0.986529128291695,0.981977412639749,0.969683361238085,0.970213658207244,0.970602542651294,1.01155030695317,1.00331302736557,0.981570851630061,0.983144065971899,0.982074633750762,0.981102422640637,0.983842290314624,0.984275366172771,0.985928125059982,0.97978551850056,0.981111260923456,0.979255221531401,0.977673168906744,0.980625155368394,0.975887835777243,0.970823499721777,0.971742681134985
1.0062561755444,1.20337639726353,1.20342942696045,0.990656606368314,0.981296864862662,1.12365508623333,0.967491467098896,0.958706213976499,0.958326167815268,0.947189931462934,0.947022004089367,0.943566235507016,0.94325689560834,0.996260077675759,0.939748097329073,0.942496803285879,0.942655892376627,0.939438757430397,0.938899622178419,0.934462804203124,0.934754467536161,0.93502845430356,0.92961942521814,0.933181253194323,0.933411048547625,0.93682262571588,0.93643374127183,0.935859252888575,0.936707728039229,0.937202671877111,0.938546090865646,0.938890783895599,0.933508269658638,0.938130691573138,0.933773418143217,0.933729226729121,0.934710276122064,0.935806223191659,0.959996603268118,0.954985296909568,0.946615443079679,0.948683601259398,0.949788386611812,0.951635587721048,0.951812353377435,0.951759323680519,0.953129257517512,0.960067309530673,0.95701810195801,0.953279508325441,0.954348940546577,1.01383058392055,1.01084324432762,0.949196221662918,0.995358572828189,1.05623666488762,1.11427766816204,1.14476090560585,1.13378375834427,1.13430521703061,1.16620257972551,1.16580485699864,1.16281751740571,1.22895438774263,1.24510193045351,1.21575883149339,1.24895542176273,1.21451263361587,1.21729669270395,1.2529680021627,1.30314293372794,1.2729690361828,1.262442641345,1.26234542023399,1.27331372921276,1.31861876694455,1.34926993176193,1.34073215055848,1.34674218287561,1.35831149508609,1.35628752832047,1.39921506797387,1.40704578655178,1.46977991800326,1.50426689756422,1.50471764998801,1.48050959334591,1.48191488031418,1.57304641446411,1.5713936555769,1.56929898254872,1.6365141233896,1.62872759622578,1.62158626370778,1.54648737459208,1.56401368942277,1.58154000425347,1.6944048758561,1.61221768391931,1.55650114902636,1.47703614819792,1.47526849163406,1.46748196447024,1.45600987337077,1.44226634358674,1.44504156439201,1.45674345084478,1.47064606971955,1.47168014880941,1.4561601241787,1.46944406325613,1.39560904858359,1.34612350307826,1.32997596036737,1.28805598495537,1.25471798216092,1.27286297678897,1.26214213972915,1.25867753286398,1.27520512173609,1.17002955618627,1.13341255046585,1.08360882677903,1.07135012850864,1.09600893757452,1.05185287660924,1.03797677258292,0.993705813940977,1.02274841128524,0.988190725461726,0.968419486794923,0.979538046581619,1.00008705413652,1.02585948683764,0.988429359097848,0.985548078898752,1.09016683263096,0.981562013347241,0.982825887790403,0.986387715766586,0.986431907180683,0.985574593747209,0.982631445568378,0.981120099206276,0.979149162137569,1.005248611303,0.98196857435693,0.979617591126993,0.972334846083879,0.972891657901496
1.01048087473203,1.11370317977879,1.14730633105781,1.14172937459883,0.989976058591227,0.979281736379859,1.00344560160786,0.963947315688351,0.958715052259318,0.953058551254958,0.943407146416268,0.942567509548433,0.942540994699976,0.942912202578387,0.940110466924664,0.940950103792499,0.942496803285879,0.942434935306144,0.937679939149353,0.936902170261254,0.931236830974074,0.939217800359914,0.933163576628685,0.933278474305336,0.933570137638373,0.935090322283295,0.93566481066655,0.935638295818092,0.939686229349337,0.939580169955506,0.93952714025859,0.937034744503544,0.931501979458654,0.936460256120288,0.936557477231301,0.936672374907952,0.936575153796939,0.940190011470038,0.942761951770458,0.944573799748417,0.950566155499912,0.94916970681446,0.954799692970362,0.991637655761258,1.14786314287543,0.953270670042621,0.954234042869926,0.957159514483119,0.960305943166794,0.956708762059334,0.954516867920144,0.95830849124963,0.945660908535193,0.945899542171314,1.00421453221314,1.04735419065421,1.10843556321848,1.15165476620492,1.19053437232707,1.24313983166762,1.18731723738084,1.18445363374739,1.17735649264348,1.1925141476786,1.22115018401317,1.21348739280883,1.22749607107744,1.21658079179559,1.21566161038238,1.31224636503183,1.31235242442566,1.28800295525846,1.26474059487802,1.25949065488335,1.30469847150414,1.3273333138044,1.35486456478656,1.3566233830676,1.37319516335381,1.3730537508287,1.59559287393618,1.59701583747009,1.48674058273352,1.47088470335568,1.46201990568791,1.47458794385697,1.50522143210871,1.48023560657851,1.52006974724515,1.70000834716354,1.58104506041559,1.64381454499835,1.62137414492011,1.69407785939178,0.00396300647163449,1.61777696381265,1.65618814094539,1.57659056587466,1.56352758386771,1.52350783926186,1.50698908867257,1.47400461719089,1.46788852547993,1.52104195835528,1.44844430327744,1.44261987489951,1.45450736529149,1.45354399246418,1.44649104277437,1.45398590660515,1.46222318619275,1.39787164898533,1.34654774065358,1.3126440877587,1.30952417392348,1.28227574799154,1.26634032406832,1.24159313217424,1.26123179659876,1.21619190735154,1.17284013012281,1.16972905457041,1.11690263815938,1.10998226271186,1.0616280174074,1.04859155024891,1.0387457031882,1.02119287350904,0.986361200918128,0.97798250880542,0.956549672968586,0.957557237209988,1.01677373209938,1.01147960069062,0.990550546974483,0.989534144450262,0.990082117985059,1.07794348749185,1.00526628786864,0.988491227077583,0.987678105058206,0.986811953341913,0.987103616674951,1.18439176576765,0.980766567893503,0.980837274156058,0.981995089205388,0.982392811932257,0.981155452337553,0.977019135978115
1.09535490464589,1.06505727114129,1.00367539696116,0.995358572828189,0.993361120911024,1.01541263654521,0.969179579117384,0.958989039026717,0.956098920544801,1.00196077009422,0.942779628336097,0.942426097023324,0.939774612177531,0.943557397224196,0.941365503085007,0.940914750661222,0.943813707425957,0.94338946985063,0.939500625410132,0.939491787127313,0.938519576017188,0.939792288743169,0.936857978847157,0.93862563541102,0.936106724807516,0.936663536625132,0.937741807129089,0.938033470462126,0.940481674803076,0.942523318134337,0.936398388140553,0.932279748346753,0.92988457370272,0.931784804508872,0.973810839314704,0.957619105189723,0.94106500146915,1.19495351373673,0.948966426309616,0.950451257823261,0.95251941600298,0.956063567413524,0.956673408928057,0.960491547106,0.963266767911264,0.961985216902464,0.958388035795003,0.961225124580003,0.95816707872452,0.9563729073122,0.956903204281359,0.96306348740642,0.951679779135145,0.951706293983603,0.992397748083719,1.08554441071646,1.08634869445301,1.17179721275013,1.16598162265502,1.16945506780301,1.2063814134221,1.18691067637115,1.17984005011571,1.17938929769192,1.2259228567356,1.20538268746352,1.20440163807058,1.21870197967222,1.24168151500244,1.2342043277373,1.258138397612,1.25150968549751,1.24342265671784,1.28432622960562,1.34418791914083,1.33831046106598,1.36501975174595,1.39811912090427,1.49287435101013,1.37289466173795,1.59649437878375,1.47893637900407,1.46277115972755,1.45964240760951,1.4718127230517,1.46413225528172,1.4744642078975,1.46584688214867,1.5035244818074,1.67298087830208,1.6352325723808,1.71077337563746,1.70996909190091,1.69508542363318,1.72695627147963,1.87465281567316,1.70012324484019,1.5873644326314,1.56421696992762,1.59694513120753,1.54476390944231,1.52731713915699,1.46535193831079,1.48474313081636,1.48611306465335,1.47031021497242,1.47444653133186,1.48623680061282,1.44466151823077,1.52139548966805,1.40488040726105,1.37217876082959,1.3318673528907,1.31798241058156,1.29418091494915,1.29027439394302,1.23563612955403,1.22176002552771,1.19593456312967,1.19326540171824,1.1824915349615,1.13493273511078,1.12761463693639,1.08102804819579,1.04141486459963,1.06165453225585,1.04426079166745,1.00622082241312,0.994580803940089,0.964963718212572,0.952722696507824,0.960739019024941,1.00409079625367,1.00021079009599,0.990594738388579,0.991531596367426,0.992441939497816,0.989878837480215,0.992698249699576,0.991363668993859,0.988703345865246,0.986608672837069,0.987395280007988,0.986476098594779,0.982560739305824,0.980784244459142,0.983117551123441,0.982295590821245,0.982428165063534,0.981296864862662
1.21095080563969,1.06553453841353,1.11137871139731,1.07104962689278,0.995773972120696,0.982764019810668,0.983011491729609,0.958061019330689,0.953111580951874,0.934807497233077,0.94016349662158,0.941056163186331,0.943451337830365,0.942558671265614,0.941303635105272,0.94068495530792,0.942231654801299,0.939730420763434,0.939279668339649,0.939491787127313,0.940596572479727,0.943053615103496,0.946093984393339,0.945068743586299,0.941374341367826,0.939721582480615,0.939889509854182,0.940198849752858,0.942655892376627,0.938687503390755,0.936743081170506,0.936133239655974,0.932871913295647,0.931493141175835,0.9381130150075,0.939668552783699,0.942620539245349,0.949629297521064,0.951379277519288,0.952705019942185,0.954225204587107,0.955922154888415,0.96035897286371,0.961826127811716,0.964999071343849,0.96203824659938,0.961870319225813,0.961013005792339,0.961896834074271,0.959731454783539,0.962409454477791,0.955630491555378,0.951821191660254,1.00838620170386,0.993237384951554,1.04776075166389,1.1591054386216,1.15941477852027,1.16119127336695,1.1577355047846,1.19312398919313,1.17524414304966,1.17900041324787,1.18080342294301,1.18428570637382,1.19463533555523,1.22924605107566,1.22131811138674,1.24299841914251,1.26232774366835,1.25385183044463,1.25766996862257,1.30849893311644,1.32660857461321,1.35644661741121,1.33961852692324,1.40832733756058,1.39332877161621,1.44125877934534,1.44377768994884,1.45943912710467,1.46694282921826,1.4664125322491,1.47505637284639,1.49922023807439,1.47305892092923,1.50332120130255,1.51166454028399,1.49646269383477,1.5665414383091,1.57020932567911,1.72819363107433,1.70298684847365,1.69435184615918,1.74215811792884,1.74166317409096,1.76225637305996,1.68256157687822,1.62188676532363,1.57687339092487,1.593498200908,1.54120208146613,1.53590795005736,1.49108017959781,1.49796520191405,1.47194529729399,1.48445146748332,1.46795039345966,1.47262584507108,1.47177736992043,1.40531348311919,1.39798654666198,1.34232304146595,1.31818569108641,1.28897516636858,1.2393747231866,1.20503799443357,1.20443699120185,1.2030405425164,1.18854575869273,1.20208600797192,1.20471981625207,1.12335458461748,1.10288512160795,1.03954114864193,1.03580255500936,1.03800328743137,1.02202367209406,1.01013618170208,0.970443453560546,0.973386601739377,0.94994747570256,1.01761336896722,1.01949592320773,0.997895159997331,0.99443939141498,0.99508458606079,0.991717200306632,0.992344718386803,0.99148740495333,0.988809405259078,0.985530402333113,0.986617511119888,0.986414230615044,0.982534224457366,0.985486210919016,0.984620059202724,0.985689491423861,0.9849293991014,0.985247577282895
1.08125784354909,1.11471074402019,1.12085335057961,1.12274474310294,0.996224724544482,0.981438277387771,0.966696021645157,0.955427211050534,0.952528254285799,0.946076307827701,0.943106644800412,0.941515753892935,0.942841496315832,0.942885687729929,0.936654698342313,0.939412242581939,0.943071291669134,0.943106644800412,0.937397114099136,0.940746823287655,0.945793482777483,0.945086420151938,0.945669746818012,1.23601617571526,0.944237945001284,0.943884413688511,0.943150836214508,0.943027100255038,0.943504367527281,0.938696341673574,0.938934975309696,0.940570057631269,0.937759483694727,0.939173608945817,0.939412242581939,0.94133014995373,0.944626829445333,0.948957588026797,0.952192399538665,0.956169626807356,0.956328715898104,0.96074785730776,0.962409454477791,0.964574833768522,0.965997797302432,0.967959896088319,0.962144305993211,1.11448094866689,0.965175837000236,0.964928365081295,0.963973830536809,0.997647688078391,1.00662738342281,1.00668041311973,1.06880470305668,1.09896092403617,1.14570660186752,1.24289235974868,1.1662467711396,1.16631747740216,1.1538908517582,1.17341461850606,1.17314947002149,1.180706201832,1.19358357989974,1.21580302290749,1.23374473703069,1.27516976860481,1.24541127035219,1.25457656963581,1.29040696818531,1.29715941625926,1.29318218899057,1.38015973021543,1.47179504648606,1.36827223982345,1.3676535600261,1.33960968864042,1.45357050731264,1.39868477100471,1.47697428021818,1.46095047346677,1.49200819929383,1.51660514037998,1.50922517422585,1.50819993341881,1.53255824086884,1.50175682524354,1.50926936563995,1.55990388791179,1.58163722536448,1.71949676078013,1.71855990280128,1.80938209705254,1.74302426964514,1.74264422348391,1.82362940895727,0.00419438387756128,1.55987737306334,1.55973596053823,1.56236093053556,1.64641300014723,1.48664336162251,1.48688199525863,1.49234405404097,1.47839724375209,1.46936451871075,1.46834811618653,1.46414109356454,1.43178414016304,1.44167417863785,1.36851087345958,1.32485859461499,1.30300152120283,1.28140075799243,1.28231993940564,1.27261550487003,1.19903680039925,1.20897986857098,1.20238650958777,1.21936485088367,1.17163812365938,1.15337823135468,1.08100153334733,1.08064800203456,1.06264441993162,1.05656368135193,1.0417242044983,1.02902359208695,1.02484308431342,1.01020688796463,0.963876609425797,1.04174188106394,1.04183910217495,0.999600948581459,1.1567721319573,1.00448851898054,1.06732870982585,0.991452051822053,0.989976058591227,0.987660428492567,0.987351088593891,0.985353636676727,0.985716006272319,0.98440794041506,0.984531676374531,0.984080923950746,0.98582206566615,0.985618785161306,0.985371313242365
1.20605439695779,1.12676616178573,1.08406841748563,1.12983304592403,1.10311491696125,0.98004182870232,0.997744909189403,0.957265573876951,0.953208802062886,0.945501819444445,0.943265733891159,0.942302361063854,0.943937443385427,0.945979086716688,0.942620539245349,1.05759776044179,0.940720308439197,0.940994295206596,0.941091516317608,0.943433661264726,0.945537172575723,0.944865463081455,0.948542188734289,0.948798498936049,0.951414630650566,0.945607878838277,0.943610426921112,0.941109192883247,0.939447595713216,0.939562493389867,0.941604136721128,0.941780902377515,0.942523318134337,0.937953925916752,0.942540994699976,0.942638215810988,0.945280862373962,0.948621733279663,0.954251719435565,1.09962379524762,0.964327361849582,0.964256655587027,0.965573559727105,0.96897629861254,0.968251559421357,0.968932107198443,0.987580883947194,0.980660508499672,1.02007924987381,0.971504047498864,1.01688862977603,1.01583687412054,0.979184515268847,0.989454599904888,1.02920035774334,1.07616699264517,1.13308553400154,1.17560651264525,1.19436134878784,1.17902692809633,1.18141326445754,1.19903680039925,1.18206729738617,1.18273900688044,1.19883351989441,1.22008075179204,1.27326069951584,1.2509086822658,1.24485445853457,1.28058763597305,1.32619317532071,1.29234255212274,1.38410160435284,1.31952027179212,1.32630807299736,1.32766916855153,1.39065961020477,1.33907055338844,1.43141293228462,1.41096114584073,1.463434030939,1.45685834852143,1.518169516439,1.48490221990711,1.50021012575016,1.50144748534486,1.5014209704964,1.49658642979424,1.53497993036133,1.55145448953653,1.57277242769671,1.76451013517889,1.7154134741176,1.7151836787643,1.75502665771376,1.76884089376035,1.74131848106101,0.00453928018801932,1.57316131214076,1.56038999346686,1.64765919802475,1.64773874257013,1.53317692066619,1.48049191678027,1.48393000879698,1.57443402486674,1.5009613797898,1.44752512186423,1.45960705447823,1.39264822383912,1.35543021488699,1.37069392931595,1.29927176585308,1.29558620191743,1.3223485222943,1.26911554487358,1.24764735590547,1.19410503858608,1.19470604181779,1.19589037171558,1.19309747434467,1.21758835603699,1.12993910531786,1.09213776969966,1.06004596478274,1.04307646176966,1.05529980690877,1.04241359055821,1.01376871594082,0.994678025051102,0.975004007495311,0.970938397398428,0.992609866871383,1.01466138250557,1.15477468004013,1.00896952836993,1.0075377265532,1.00710465069506,0.988314461421196,0.991823259700464,0.990957107984171,0.985662976575403,0.986750085362178,0.986864983038829,1.06840698032981,1.06264441993162,0.977788066583395,0.985627623444125,0.988420520815028,0.987978606674063
1.20037138110497,1.17443102103029,1.04522416449475,1.04403983459696,0.990859886873159,1.09545212575691,1.00198728494267,0.956593864382683,0.954119145193275,0.94646519227175,0.937503173492967,0.938873107329961,0.94106500146915,0.942664730659446,0.944617991162514,0.945607878838277,0.942735436922,0.942426097023324,0.943575073789835,0.943919766819788,0.947799772977467,0.947525786210068,0.950893171964226,0.950292168732513,0.951670940852326,0.952050987013556,0.950053535096391,0.940313747429509,0.940393291974883,0.9414538859132,1.10897469847045,0.944936169344009,0.943159674497327,0.941559945307032,0.945749291363386,0.945775806211844,0.947985376916672,0.951388115802108,0.950292168732513,1.17607494163468,0.964194787607292,0.967862674977307,0.968065955482151,0.971079809923536,0.973147968103256,0.975905512342881,0.975967380322616,0.976188337393099,0.973147968103256,0.980289300621261,0.988022798088159,1.00182819585193,0.953491627113104,0.975490113050374,1.0155894022016,1.05626317973607,1.15037321519612,1.19589037171558,1.15953851447974,1.17574792517036,1.17154090254837,1.19153309828566,1.23551239359456,1.22792914693559,1.22693925925982,1.23655531096724,1.21521085795859,1.30681082109795,1.29233371383992,1.29086655889191,1.3010659372654,1.300791950498,1.33361733288893,1.34352504792938,1.32800502329866,1.32370961784848,1.34620304762363,1.34603512025006,1.37167497870889,1.41708607583452,1.43708710985462,1.44451126742285,1.45974846700334,1.45962473104387,1.50342726069639,1.50060784847702,1.5012353665572,1.57058937184034,1.52135129825395,1.56917524658925,1.61493987502766,1.62129460037474,1.66152646376825,1.71050822715288,1.7394359268205,1.78122332799021,1.73109258783906,1.67162862103073,1.55124237074887,1.56309450800957,1.55225877327309,1.52607977956228,1.56092029043602,1.48545903172472,1.4688342217416,1.48621912404718,1.49360792848413,1.42491679441243,1.4286995794591,1.35320296761653,1.3401046324783,1.36510813457414,1.3031252571623,1.31247616038513,1.29538292141258,1.28542217667522,1.22444686350478,1.20295215968821,1.22442918693914,1.16306498932465,1.16749296901713,1.12399094098047,1.11464003775763,1.09394961767762,1.06769991770426,1.05103091630704,1.0404426534895,1.07527432608042,1.04073431682254,1.01364497998135,0.977072165675031,1.0221827611848,1.02655771118036,1.02811324895656,1.00379913292063,1.00153653251889,1.00204915292241,1.05002335206564,0.99842545696649,0.996321945655494,1.06491585861618,1.07987907142928,1.0049746245356,1.0245602592632,1.02235068855837,0.982578415871463,0.993741167072255,0.991381345559498,0.98055444910584,0.991628817478439
1.06521636023204,1.20741549251196,1.13637337521032,1.1361789329883,0.992150276164778,0.982772858093487,1.04434917449564,0.996100988585011,0.945979086716688,1.03718132712918,0.944326327829477,0.942399582174867,0.939756935611892,0.944467740354586,0.946783370453246,0.949072485703448,0.947640683886719,0.940905912378403,0.950495449237357,0.950778274287575,0.949832578025909,0.951883059639989,0.951856544791531,0.952802241053198,0.952713858225004,0.951547204892855,1.00417917908186,0.94389325197133,0.941338988236549,1.194255289394,1.12285080249678,1.09918188110666,0.949620459238245,0.949346472470846,0.950230300752778,0.948984102875255,0.948966426309616,0.950336360146609,0.950937363378323,1.17396259204086,0.961013005792339,0.965661942555298,0.967571011644269,0.973077261840701,0.974403004263598,0.974606284768442,0.977514079815996,0.975030522343769,0.974950977798396,0.972988879012508,0.972882819618676,0.961189771448726,0.964203625890111,1.00590264423163,0.991814421417644,1.06073535084265,1.12297453845625,1.13221938228525,1.15376711579873,1.15483654801987,1.18455969314122,1.17369744355628,1.22130927310392,1.23630783904829,1.26371535407098,1.24885820065172,1.22381050714179,1.22675365532062,1.29961645888303,1.30049144888214,1.28574919313953,1.33370571571712,1.37384919628244,1.32766916855153,1.31891043027759,1.33721451399639,1.35917764680238,1.37603225213881,1.40414682978704,1.41764288765214,1.46320423558569,1.44464384166514,1.46203758225354,1.48669639131943,1.50129723453693,1.54189146752603,1.61130734078892,1.54264272156568,1.5413258174256,1.66404537437176,1.60647280008675,1.60319379716079,1.6257137417844,1.71988564522418,1.75830566063973,1.70930622068946,1.74039046136498,1.58162838708167,1.54332326934276,1.54538258923966,1.52801536349971,1.52799768693408,1.53194839935431,1.50505350473514,1.4739604257768,1.4562043155928,1.45583310771439,1.4172628414909,1.44965514802369,1.34141269833556,1.34181925934525,1.36380006871688,1.34918154893374,1.30160507251738,1.31467689280714,1.23735075642097,1.2514124643865,1.22706299521929,1.19352171192,1.18056478930689,1.13498576480769,1.13467642490902,1.11829024856201,1.09514278585823,1.05666974074576,1.05230362903302,1.04065477227717,1.03765859440142,1.00727257806862,1.05860532468319,1.02150221340772,0.993617431112784,1.0165085836148,1.13802613409754,1.0775104116337,1.00270318585104,0.999751199389387,0.999406506359434,1.00154537080171,1.0013597668625,1.00838620170386,1.0063003669585,1.00382564776909,0.990532870408844,0.990188177378891,0.99315784040618,0.993988638991195,0.989454599904888,0.98980813121766,0.992159114447598
1.20764528786526,1.04407518772824,1.11740642028008,1.1176008625021,0.99096594626699,0.985998831322537,0.976895400018644,0.997895159997331,1.0009001761559,0.951785838528977,0.946588928231221,0.94543995146471,0.943760677729041,0.945669746818012,0.948188657421516,0.948020730047949,0.949196221662918,0.949346472470846,0.951547204892855,0.952298458932497,0.947340182270862,0.952157046407388,0.952378003477871,0.955312313373883,0.955223930545689,0.954631765596795,1.00693672332149,1.00114764807484,0.94595257186823,0.947048518937825,0.965105130737681,0.983559465264406,0.955754227514848,0.953615363072574,0.95046009610608,0.965564721444285,1.16848285669289,0.958396874077823,0.972661862548194,0.962117791144753,0.961914510639909,0.962718794376467,0.970549512954378,0.973616397092679,0.973448469719112,0.978839822238893,0.979697135672367,0.974305783152586,0.973810839314704,0.97013411366187,0.971565915478599,1.02197064239714,1.0242862724958,1.00113880979202,1.06922894063201,1.11225370139642,1.18471878223197,1.17327320598096,1.14762450923931,1.1580536829661,1.17971631415623,1.19954058251995,1.28162171506291,1.28189570183031,1.24352871611167,1.27498416466561,1.22911347683337,1.248893553783,1.26942488477226,1.30159623423456,1.28495374768579,1.3322297224863,1.32093439704321,1.32667044259295,1.31617940088642,1.32615782218943,1.36775078113711,1.36827223982345,1.41486766684687,1.4136921752319,1.47444653133186,1.49254733454581,1.46688979952135,1.52437399097816,1.55005804085108,1.55091535428455,1.55049995499205,1.5425631770203,1.53746348783356,1.53302666985826,1.62093223077915,1.60637557897574,1.69150591909136,1.69741873029748,0.00418662386524592,0.00396668319728732,1.70456006281549,1.64511377257279,1.54356190297888,1.543066959141,1.5287401026909,1.58076223536537,1.50873023038797,1.52417954875613,1.50646762998623,1.52271239380813,1.45000867933646,1.43250887935422,1.39760650050075,1.3923212073748,1.37654487254233,1.3223485222943,1.33051509561935,1.34125360924481,1.28801179354127,1.21587372917004,1.20760993473399,1.21169322139651,1.19153309828566,1.17801936385493,1.14436318287898,1.17691457850251,1.08079825284249,1.0932513933349,1.04959911449031,1.05406244731406,1.04183026389214,1.02164362593282,1.0132119041232,0.997497437270462,1.00984451836904,1.02987206723761,1.03353995460762,1.02965111016712,1.07202183800291,1.00267667100258,1.00251758191183,1.00063502767132,1.00188122554884,1.00325999766865,1.00220824201316,1.0031892914061,0.995632559595588,0.98762507536129,0.989162936571851,0.992450777780635,0.994457067980619,0.994236110910136,0.991416698690775,0.994642671919825
1.23921563409585,1.04678854055377,1.16018370912555,1.17006490931755,0.99019701566171,0.989233642834405,0.978283010421277,0.968065955482151,0.956284524484007,0.955100194586219,0.948736630956314,0.947826287825925,0.945572525707,0.948170980855878,0.948595218431205,1.09545212575691,0.949275766208292,0.951989119033821,0.952581283982715,0.952183561255846,0.953526980244381,0.954596412465518,0.954941105495471,0.95650548155449,0.957734002866374,0.951556043175675,0.950159594490223,1.2522344246887,1.24575596338214,0.950787112570394,0.990135147681975,0.962612734982635,0.961578655892775,0.955356504787979,0.954790854687543,0.957186029331577,0.959537012561514,0.958087534179147,0.961693553569426,0.962983942861046,0.96435387669804,1.15062952539788,0.971574753761418,0.969453565884783,0.976223690524377,0.978804469107616,0.977425696987803,0.974075987799284,0.973651750223957,0.970496483257462,0.973837354163162,0.993617431112784,0.985707167989499,1.0014481496907,1.03606770349394,1.09849249504675,1.13550722349403,1.15236182883046,1.16523036861538,1.17215958234572,1.17590701426111,1.19414923000017,1.21468939927226,1.2140707194749,1.23002381996376,1.22860085642985,1.22960842067126,1.26022423235736,1.28222271829462,1.32827901006606,1.31878669431812,1.32432829764583,1.27258899002157,1.32127025179035,1.31992683280181,1.35025981943769,1.36365865619177,1.42035624047766,1.44230169671802,1.51201807159676,1.46809180598477,1.46226737760685,1.5629707720501,1.53566931642124,1.54747726226784,1.54099880096128,1.57965745001296,1.51490819007867,1.51538545735092,1.62783492966103,1.62359255390776,1.68205779475752,1.68677743778303,1.68480650071432,0.0039113467085556,0.00396217567304947,1.66444309709863,1.602743044737,1.60143497887975,1.57163228921302,1.53253172602038,1.51347638826194,1.51117843472892,1.52107731148655,1.5109839925069,1.54281064893924,1.53627915793577,1.42856700521681,1.4006026783765,1.39947137817563,1.41489418169533,1.33463373541315,1.34074982712411,1.35302620196014,1.28650928546199,1.21245331371897,1.24990995630722,1.23810201046062,1.19289419383983,1.20992556483265,1.17892970698532,1.11441908068715,1.10143564322558,1.06522519851486,1.0554500577167,1.04213076550799,1.04613450762514,1.01940754037954,0.994898982121584,0.995827001817612,1.0039670602942,1.02576226572662,1.03918761732916,1.02682285966494,1.02987206723761,1.06607367366551,1.00169562160964,1.00269434756822,1.00361352898143,1.00467412291974,1.00427640019288,1.00738747574527,0.999052975046662,0.997859806866054,0.995491147070478,0.996295430807036,0.997426731007908,0.997630011512752,0.99765652636121,0.997815615451958
1.24199969318393,1.04175071934676,1.18042337678178,1.01754266270466,1.11980159492411,0.985194547585979,0.966475064574675,0.967738939017836,0.95907742185491,0.953809805294599,0.952210076104304,0.948825013784507,0.948692439542217,0.949107838834725,0.950150756207404,0.9550913563034,1.1356751508676,0.955162062565954,0.955206253980051,0.957875415391483,0.957574913775627,0.956752953473431,0.95624917135273,0.955763065797667,0.955409534484895,0.951953765902544,0.952537092568618,0.975366377090903,0.95907742185491,0.960518061954458,0.960632959631109,0.963302121042541,0.961711230135065,0.961693553569426,0.955771904080487,0.957981474785315,0.959307217208212,0.961675877003788,0.961225124580003,0.965405632353538,0.967447275684799,0.97232600780106,0.972105050730577,0.969957348005484,0.976983782846838,0.978097406482071,0.97733731415961,0.976656766382523,0.976117631130545,0.973006555578147,0.975392891939361,0.973899222142897,0.973315895476823,1.02741502461384,1.06818602325933,1.13871552015744,1.13580772510989,1.17951303365139,1.18062665728662,1.18630083485662,1.1855584190998,1.18781218121873,1.19449392303013,1.26947791446918,1.24557035944293,1.23061598491266,1.24897309832837,1.28415830223205,1.32899491097443,1.24740872226935,1.24652489398742,1.27629223052287,1.29451676969629,1.32196847613307,1.33912358308536,1.35591632044205,1.35599586498743,1.39601560959328,1.40740815614737,1.42826650360095,1.46601480952223,1.45936842084211,1.52676032733937,1.5261770006733,1.54762751307577,1.54700883327842,1.55377895791801,1.51961015653855,1.57108431567823,1.57147320012227,1.59181008888951,1.65163642529344,1.71854222623564,1.69240742393893,1.68517770859273,1.70402092756351,1.6526705043833,1.6307957544055,1.63005333864868,1.63000914723458,1.53863014116571,1.54765402792423,1.52278310007068,1.53973492651812,1.52315430794909,1.55751755155058,1.49922023807439,1.46226737760685,1.38945760374135,1.39147273222415,1.40988287533678,1.4050394963518,1.34881917933815,1.34754646661217,1.31414659583798,1.32064273371018,1.25275588337504,1.19969083332788,1.18681345526014,1.16949925921711,1.13657665571517,1.12699595713903,1.11460468462636,1.06618857134216,1.06719613558356,1.06176942993251,1.05623666488762,1.02535570471694,0.990276560207084,0.997417892725089,0.991434375256414,1.01689746805885,1.01945173179364,1.02478121633368,1.02656654946318,1.02640746037243,1.00112113322638,1.00332186564839,1.00468296120256,1.00642410291797,1.00516906675763,1.00375494150654,1.00073224878233,1.0008559847418,0.998390103835213,0.997683041209668,0.997674202926849,0.999265093834325,0.998416618683671,0.99971584625811
1.06199922528581,1.03309804046665,1.0191600684606,1.0177901346236,0.989021524046741,0.988332137986835,0.977823419714672,0.970805823156138,0.960853916701592,0.961295830842557,1.13206913147732,0.945766967929025,0.946182367221532,0.951184835297263,1.07053700648926,0.957866577108664,0.957619105189723,1.08758605404772,0.95816707872452,0.959678425086623,0.961278154276919,0.960995329226701,0.956929719129817,0.955657006403836,0.955232768828509,0.953968894385347,1.36730002871333,0.963054649123601,0.964159434476014,0.964212464172931,0.96408872821346,0.96306348740642,0.961728906700704,0.962250365387043,0.963673328920952,0.964035698516544,0.963204899931529,0.965007909626669,0.966430873160578,0.968887915784347,0.974005281536729,0.975127743454782,0.969966186288303,0.970178305075967,0.982410488497896,0.980218594358706,0.980324653752538,0.978990073046821,0.979149162137569,0.979237544965762,0.978079729916432,1.03604118864549,0.97694842971556,0.993378797476663,1.04715974843218,1.07735132254295,1.16875684346029,1.18344606950598,1.17922137031835,1.19085255050857,1.19094977161958,1.17823148264259,1.20359735433402,1.20527662806969,1.20550642342299,1.33139892390128,1.27576193355371,1.36889975790363,1.33454535258496,1.26170022558818,1.27703464627969,1.27226197355726,1.3033550525156,1.30292197665746,1.35413982559537,1.356897369835,1.39122526030521,1.45750354316724,1.43642423864317,1.42906194905469,1.4304849125886,1.43947344621584,1.5390367021754,1.52475403713939,1.54806058893392,1.57230399870729,1.53015422794199,1.52417071047331,1.56297961033292,1.56274097669679,1.56776112133816,1.59991479423482,1.78225740708007,1.9578210570029,1.89609448979281,0.00427832988777911,1.63821991197373,1.63889162146799,1.54787498499471,1.53277919793932,1.53663268924854,1.54337629903968,1.55633322165279,1.5549190964017,1.52852798390323,1.50482370938184,1.49871645595369,1.49340464797928,1.42763014723796,1.42625137511815,1.38039836385155,1.4054548956443,1.34126244752763,1.31199889311289,1.2804727382964,1.21164019169959,1.21845450775328,1.17043611719596,1.16378089023301,1.18805965313767,1.21504293058503,1.13557792975659,1.16471774821186,1.07403696648571,1.05273670489117,1.05381497539512,1.09434734040449,1.04081386136791,0.979511531733161,0.991734876872271,1.02383552007201,1.04735419065421,1.01750730957339,1.01831159330994,1.025108232798,1.10733077786606,1.00563749574705,1.00569052544397,1.00736096089682,1.00792661099725,1.00733444604836,1.00118300120612,1.00013124555062,1.00036987918674,0.998717120299528,0.998646414036973,1.00006937757088,1.00032568777264,0.999229740703048,1.00151885595325
1.11911220886421,1.03744647561376,1.01839997613814,1.01054274271177,0.991982348791211,0.987191999503144,0.980536772540201,0.971954799922648,0.963143031951794,0.962533190437261,1.01469673563685,0.957097646503384,0.957433501250518,0.966713698210796,1.13282038551696,0.959749131349178,0.959015553875175,0.960862754984411,0.962188497407308,0.963894285991435,0.963461210133289,1.21358461391984,0.957212544180035,0.948188657421516,0.952369165195051,0.973855030728801,0.97309493840634,0.963947315688351,0.96408872821346,0.966307137201108,0.967040714675111,0.966209916090095,0.964592510334161,0.963204899931529,0.964442259526233,0.966846272453086,0.967756615583475,0.967243995179955,0.968534384471574,0.972679539113832,0.976550706988691,0.977894125977227,1.20330569100098,1.19351287363718,0.981959736074111,0.983152904254718,0.980907980418612,0.980156726378971,0.981111260923456,0.982772858093487,0.974933301232757,0.973298218911184,0.970098760530593,0.994386361718064,1.04426962995027,1.05240085014403,1.08636637101865,1.16634399225061,1.22060221047838,1.1847364587976,1.22265269209246,1.22214007168894,1.27311928699073,1.28126818375014,1.28294745748581,1.31064663584153,1.27577961011935,1.25875707740935,1.25621165195739,1.27843993324796,1.30684617422923,1.30624517099752,1.32526515562468,1.40501298150334,1.40535767453329,1.40750537725838,1.37341612042429,1.39339947787876,1.43499243682645,1.43452400783702,1.43135106430489,1.45005287075056,1.49076200141631,1.57295803163592,1.54080435873926,1.5667270422483,1.51833744381257,1.55790643599463,1.56174225073821,1.56003646215408,1.6308841372337,1.59266740232299,1.72534770400651,1.68176613142448,1.70911177846743,1.67945050132582,1.63972242005301,1.55783572973208,1.59368380484721,1.52784743612615,1.54402149368549,1.54179424641502,1.53984982419477,1.54028290005292,1.50553077200738,1.50307372938361,1.50462042887699,1.45859065195401,1.39821634201529,1.36700836538029,1.34244677742542,1.36862577113623,1.34643284297693,1.31579051644237,1.25413465549485,1.26377722205072,1.19911634494463,1.16846518012725,1.16881871144002,1.15428857448507,1.15967992700485,1.18743213505749,1.11509079018142,1.08909740040982,1.08143460920548,1.07589300587777,1.08601283970588,1.01029527079283,0.983046844860886,0.976356264766666,1.01715377826061,1.04733651408857,1.01618156715049,1.01717145482625,1.01167404291264,1.01768407522977,1.00839503998668,1.00998593089415,1.01080789119635,1.00711348897787,1.00669808968537,1.00519558160608,1.00382564776909,0.999954479894231,0.99855803120878,0.999503727470447,0.999379991510976,1.00274737726513,1.00302136403253,1.00141279655942
1.04145021773091,1.02901475380413,1.24787715125877,0.997444407573547,0.995119939192067,0.989949543742769,0.975331023959626,0.973713618203692,0.969780582349098,0.963956153971171,0.9597137782179,0.955436049333353,0.955975184585331,0.958228946704256,0.960800887004676,0.963425857002012,0.962886721750034,0.961437243367666,0.963938477405532,0.963717520335049,0.966457388009036,1.21065030402383,0.959448629733321,0.95508251802058,0.959669586803804,0.983656686375419,0.961764259831981,0.965591236292743,0.965582398009924,0.965829869928865,0.967076067806388,0.968012925785235,0.967906866391403,0.967447275684799,0.969214932248662,0.969444727601964,0.970125275379051,0.973033070426605,0.973147968103256,0.974403004263598,0.976365103049486,0.979573399712896,0.981597366478519,1.18257991778969,0.98260493071992,0.982684475265294,0.981252673448566,0.988553095057318,0.984133953647662,0.983824613748986,1.03663335359438,0.968702311845141,0.963514239830205,0.976992621129657,1.02606276734248,1.10485605867666,1.12385836673818,1.16234908841629,1.18379960081876,1.19405200888916,1.19580198888738,1.2475678113601,1.23515886228178,1.23080158885186,1.23033315986244,1.28751684970339,1.29479959474651,1.25598185660409,1.33586225672503,1.26451079952472,1.29706219514825,1.28216085031489,1.27783009173343,1.33036484481142,1.30444216130238,1.40488040726105,1.38632885162331,1.43394951945377,1.43508081965464,1.43475380319032,1.44109969025459,1.48804864859078,1.56216648831354,1.55760593437877,1.55330169064577,1.55259462802022,1.62171883795007,1.57400978729142,1.55788875942899,1.55692538660169,1.63045989965837,1.69778993817589,1.66364765164489,1.6508409798397,1.64968316479037,1.64940033974016,1.65570203539033,1.66121712386958,1.62977935188128,1.54904163832686,1.54840528196387,1.62693342481346,1.55483955185633,1.73167591450514,1.51441324624079,1.48662568505687,1.44368930712065,1.45076877165892,1.38076957172996,1.35041890852844,1.32307326148549,1.32156191512339,1.41155331078963,1.31584354613929,1.29760133040023,1.28458253980738,1.19815297211732,1.16439073174755,1.16298544477928,1.15460675266657,1.13016006238835,1.13086712501389,1.09049384909527,1.06226437377039,1.05936541700565,1.05676696185677,1.0502354708533,0.999600948581459,0.998487324946226,0.986104890716368,0.988897788087271,1.02078631249935,1.02162594936719,1.02254513078039,1.07812909143105,1.00779403675496,1.01170939604392,1.0122043398818,1.01189499998312,1.0106046106915,1.00874857129945,1.0085894822087,1.00225243342725,1.00164259191272,1.00542537695939,1.00437362130389,1.00243803736646,1.00158072393299,1.0037372649409,1.00361352898143
1.08362650334467,1.02562969148434,1.07481473537381,1.0008559847418,0.991991187074031,0.991018975963906,0.979608752844173,0.975914350625701,0.969029328309456,0.966068503564986,0.966704859927977,0.960252913469878,0.967659394472463,0.961790774680439,0.964000345385267,0.96434503841522,0.96524654326279,0.964159434476014,0.963947315688351,0.962577381851358,0.967323539725329,0.968525546188755,1.08405957920281,0.960023118116576,0.960341296298072,0.964919526798475,0.964875335384379,0.965882899625781,0.96562658942402,0.967836160128849,0.967243995179955,0.96846367820902,0.96910887285483,0.969480080733241,0.970593704368474,0.964398068112136,0.969930833157026,0.974173208910296,0.976426971029221,0.976807017190451,0.98004182870232,0.980722376479407,0.984575867788627,0.985415504656462,0.985424342939281,0.98454051465735,0.996454519897784,0.996542902725977,0.989861160914576,0.985627623444125,0.989525306167442,1.01720680795753,0.964574833768522,0.964185949324472,1.04988193954053,1.06705472305845,1.15546406610004,1.14994013933797,1.15967992700485,1.21491035634274,1.20908592796481,1.25831516326838,1.22084968239732,1.22065524017529,1.22761096875409,1.23655531096724,1.26813449548064,1.26789586184452,1.30381464322221,1.29319102727339,1.27346398002069,1.27631874537132,1.27439199971671,1.33570316763429,1.33730289682458,1.38317358465682,1.38269631738457,1.42871725602473,1.47118520497153,1.48991352626566,1.4325000410714,1.47870658365077,1.46853372012574,1.56858308164036,1.62509506198705,1.56360712841309,1.6154171422999,1.59424061666482,1.58755887485342,1.5819642418288,1.57822564819623,1.73337286480645,1.73127819177827,1.65209601600005,1.71577584371319,1.67398844254348,1.60991973038629,1.65225510509079,1.62137414492011,1.62749023663108,1.54853785620616,1.55453021195765,1.54470204146258,1.64958594367936,1.45596568195668,1.45570937175492,1.45844040114608,1.38378342617135,1.35212469711257,1.32183590189078,1.29597508636148,1.28626181354305,1.32446087188812,1.31951143350931,1.25851844377323,1.23045689582191,1.20291680655693,1.16713943770435,1.16311801902157,1.15721404609826,1.10597852059471,1.08443962536404,1.05649297508938,1.05628085630171,1.08183233193235,1.06777946224964,1.06048787892371,0.999114843026397,0.991496243236149,0.982560739305824,1.02685821279622,1.01941637866236,1.01785200260334,1.02129009462005,1.0221827611848,1.01776361977515,1.0165085836148,1.01452880826328,1.01334447836549,1.01283185796197,1.01231923755845,1.01250484149766,1.00992406291442,1.00691020847303,1.00671576625101,1.00678647251356,1.00354282271887,1.00263247958848,1.00428523847569,1.00510719877789
1.02786577703762,1.02285447067907,1.01662348129146,1.00873973301663,0.993856064748906,0.989489953036165,0.982056957185123,0.976356264766666,0.973298218911184,0.966501579423133,0.963558431244301,0.966165724675999,0.966740213059254,0.966970008412556,0.967297024876871,0.967721262452198,0.970160628510328,0.96563542770684,0.966262945787011,0.9646101868998,0.964848820535921,0.967155612351762,1.08440427223277,0.988305623138377,0.966757889624893,0.966978846695375,0.965688457403756,0.964672054879535,0.966978846695375,0.968446001643381,0.970089922247773,0.97039042386363,0.970805823156138,0.978822145673255,0.968401810229285,0.97115935446891,0.972290654669782,0.974676991030997,0.977284284462694,0.979299412945497,0.981261511731385,0.984169306778939,0.985645300009764,0.988535418491679,0.988579609905776,0.983152904254718,0.983029168295247,0.996127503433469,0.994306817172691,0.988155372330449,0.988323299704016,0.985026620212412,0.963664490638133,1.05647529852374,1.07616699264517,1.0965480728265,1.17527065789812,1.13410193652576,1.20579808675603,1.17552696809988,1.19140052404337,1.21469823755507,1.21551135957445,1.21764138573391,1.21709341219911,1.21759719431981,1.26089594185162,1.2455084914632,1.24576480166496,1.25364854993979,1.2547091438781,1.27078598032643,1.33135473248718,1.33430671894883,1.36825456325782,1.37335425244456,1.3965282299968,1.39910900858004,1.43177530188022,1.4291591701657,1.45400358317079,1.45958053962977,1.45859949023683,1.59445273545249,1.57214490961654,1.56550735921924,1.56390763002894,1.67100110295056,1.66888875335674,1.58373189839266,1.5817344464755,1.54848482650924,1.57668778698567,1.6611375793242,1.66029794245637,1.60614578362244,1.58794775929747,1.58893764697324,1.58785053818646,1.54454295237183,1.56355409871617,1.58123950263762,1.53695970571286,1.64558220156221,1.45962473104387,1.45623966872407,1.52030838088127,1.36505510487722,1.3800536708216,1.33713496945102,1.29300542333419,1.27260666658721,1.30629820069443,1.26720647578461,1.28221388001181,1.21760603260263,1.20973112261062,1.16424048093962,1.16083774205418,1.13078758046852,1.11435721270742,1.07446120406104,1.08023260274205,1.06968853133861,1.0682213763906,1.08673757889706,1.0550876881211,1.01944289351082,0.994510097677535,0.986175596978923,1.01010966685362,1.03221421218472,1.01980526310641,1.02074212108526,1.02386203492047,1.01921309815751,1.02229765886145,1.02143150714516,1.01465254422275,1.01456416139456,1.01383942220337,1.01320306584038,1.01058693412586,1.00819175948183,1.00677763423074,1.00741399059373,1.00844806968359,1.00676879594792,1.00516906675763,1.07140315820556
1.03422934066753,1.02581529542354,1.0132560955373,1.00662738342281,1.00266783271976,0.991699523740993,0.975251479414252,0.97605576315081,0.975711070120856,0.972820951638941,0.970160628510328,0.968136661744705,0.9700103777024,0.970054569116496,0.971124001337633,0.971495209216044,0.971998991336745,0.973634073658318,0.967747777300656,0.967509143664534,0.964106404779099,0.966687183362338,1.01021572624745,0.977991347088239,0.975198449717336,0.969082358006372,0.967632879624005,0.968781856390515,0.968012925785235,0.969400536187867,0.970735116893583,0.974500225374611,0.97630323506975,0.981146614054734,0.968136661744705,0.976197175675919,0.976250205372835,0.977266607897056,0.978283010421277,0.980642831934033,0.982383973649438,0.985388989808004,0.985353636676727,0.990055603136601,0.99186745111456,0.99174371515509,0.988676831016788,0.98891546465291,0.989693233541009,0.988809405259078,0.968481354774659,0.96769474760374,0.983373861325201,1.03589093783756,1.06490702033336,1.12317781896109,1.15967992700485,1.13759305823939,1.12994794360068,1.16412558326297,1.19351287363718,1.27084784830617,1.20000017322656,1.23678510632054,1.24211459086058,1.2300414965294,1.24211459086058,1.27931492324707,1.28137424314397,1.25421420004022,1.25234048408253,1.28226690970872,1.3624831645768,1.43093566501238,1.43403790228196,1.43385229834276,1.42511123663445,1.43582323541146,1.43249120278858,1.43470077349341,1.53416680834196,1.54738004115683,1.49842479262065,1.5475479685304,1.5500668791339,1.56601997962276,1.57343529890816,1.5598155050836,1.61745878563116,1.5695641310333,1.56846818396371,1.56624977497606,1.71272663614053,1.73089814561704,0.0040521582304329,1.77424108456295,1.59850066898373,1.60287561897929,1.53907205530667,1.59085555434503,1.55152519579909,1.53549255076485,1.50468229685673,1.5088804811959,1.44984959024571,1.49937932716514,1.51476677755356,1.3841723106154,1.39048284454839,1.32164145966876,1.32096091189167,1.28924031485316,1.23596314601834,1.23518537713024,1.22343046098056,1.23776615571348,1.28077323991226,1.22483574794883,1.20885613261151,1.13780517702705,1.11447211038407,1.10015409221678,1.0919698423261,1.08268964536582,1.07402812820289,1.09031708343889,1.01399851129412,1.01030410907565,0.986670540816804,1.02601857592838,1.02971297814686,1.02242139482092,1.01492653099015,1.01973455684385,1.02425975764734,1.22939630188359,1.02260699876013,1.02109565239803,1.01634065624124,1.01607550775666,1.0139896730113,1.01122329048886,1.01024224109591,1.00733444604836,1.00727257806862,1.00978265038931,1.01122329048886,1.01303513846681,1.01070183180252,1.01131167331705
1.03493640329307,1.02362340128435,1.01342402291086,1.00714000382633,1.00130673716559,0.991284124448486,0.986608672837069,0.977019135978115,0.975057037192227,0.974040634668006,0.973687103355234,0.975755261534953,0.974570931637165,0.969515433864518,0.971822225680359,0.974685829313816,0.974915624667118,0.975958542039797,0.974959816081215,0.967968734371139,0.967624041341185,0.967067229523568,0.969427051036325,0.975313347393987,0.975295670828349,0.970576027802836,0.969320991642493,0.970637895782571,0.970938397398428,0.972078535882119,0.975684555272399,0.977301961028333,0.979361280925233,1.01013618170208,0.97488910981866,0.978795630824797,0.978530482340217,0.98017440294461,0.981729940720809,0.982428165063534,0.984955913949858,0.985415504656462,0.985919286777163,0.990930593135713,0.991080843943641,0.992680573133937,0.993758843637893,0.990568223540121,0.990294236772723,0.987130131523409,0.988897788087271,1.00644177948361,1.00059083625722,1.01634065624124,1.05175565549822,1.06016086245939,1.0973700331287,1.19328307828388,1.13984682035831,1.14787198115825,1.16771392608761,1.17462546325231,1.20958087180269,1.20499380301947,1.25185437852747,1.22578144421049,1.23630783904829,1.24024087490289,1.25854495862169,1.23111092875054,1.26792237669298,1.28018991324618,1.34511593883685,1.40225543726371,1.40785890857116,1.44579281843165,1.42235369239483,1.42409483411023,1.43598232450221,1.44100246914358,1.44049868702288,1.46977107972044,1.47067258456801,1.54045966570931,1.51107237533509,1.53829428641857,1.64643067671287,1.80148067221207,1.94278713792724,1.92922921208242,1.82830486056869,0.00366063997810298,1.64095094136489,1.6405443803552,1.65498613448196,1.63387147682662,1.59754613443925,1.60230113059604,1.59066995040582,1.52551412946185,1.52196113976848,1.51136403866813,1.49704602050084,1.48902085970091,1.43902269379205,1.43773230450043,1.43216418632427,1.37921403395376,1.37726961173351,1.35421937014075,1.31858341381328,1.29830839302577,1.29756597726895,1.2504490915592,1.24062092106412,1.18798010859229,1.18566447849363,1.21001394766084,1.18370237970774,1.12695176572494,1.0913776773772,1.09210241656839,1.06363430760738,1.04529487075731,1.05449552317221,1.02336709108259,1.03109175026667,1.04088456763047,0.995650236161226,0.988809405259078,0.998089602219356,0.999026460198204,1.02074212108526,1.02027369209583,1.0237824903751,1.02730012693719,1.02789229188608,1.02238604168965,1.01757801583594,1.01642020078661,1.01556288735314,1.01190383826594,1.00791777271443,1.00760843281576,1.01004779887389,1.01114374594348,1.01419295351614,1.01356543543597,1.01365381826417,1.01352124402188
1.03158669410455,1.03061448299443,1.15625067327096,1.00819175948183,0.99637497535241,0.996967140301304,0.986378877483767,0.977072165675031,0.979485016884703,0.976921914867102,0.971822225680359,0.992415424649358,0.979299412945497,1.05304604478984,0.973041908709424,0.973943413556994,0.977699683755202,0.975490113050374,0.973572205678583,0.972555803154362,0.971203545883007,0.971495209216044,0.970611380934113,0.97142450295349,0.974562093354346,0.974226238607212,0.985335960111088,0.975507789616012,0.974261591738489,0.975419406787819,0.978256495572819,0.98004182870232,0.979953445874127,1.02208554007379,1.01482930987913,0.998142631916272,0.996834566059014,0.984301881021229,0.987731134755122,0.986016507888175,0.986803115059094,0.987024072129577,0.988676831016788,0.991239933034389,0.989242481117224,0.994943173535681,0.994766407879295,0.99315784040618,0.991964672225573,0.978274172138457,0.976506515574595,1.03063215956007,1.00980916523777,1.00810337665364,1.05437178721274,1.04573678489827,1.08352928223365,1.20406578332344,1.1412609456094,1.14617503085694,1.15975063326741,1.17899157496505,1.17893854526814,1.19996482009528,1.22208704199202,1.22998846683249,1.2215744215885,1.26347672043486,1.29724779908746,1.23793408308705,1.24198201661829,1.28297397233427,1.30384115807066,1.38893614505501,1.41325026109094,1.39734135201617,1.43146596198154,1.42707333542034,1.4242185700697,1.44391910247395,1.465634763361,1.52117453259757,1.47247559426315,1.51631347704694,1.5107100057395,1.54857320933744,0.00405016961679855,0.00354063377398235,0.0041184718664262,1.95605340043903,0.00399322456059372,1.8617665993226,1.88926249717349,1.64584735004679,1.61614188149108,1.58460688839177,1.62096758391043,1.57605143062268,1.54327023964585,1.56943155679101,1.52349016269623,1.4806421675882,1.48168508496088,1.46207293538482,1.41729819462218,1.44857687751973,1.39444239525144,1.41324142280812,1.41622876240105,1.31858341381328,1.405958677765,1.33405040874707,1.25379880074771,1.25288845761733,1.24030274288262,1.18563796364517,1.18379960081876,1.18593846526103,1.13298831289053,1.13228125026498,1.08633101788738,1.0785179758751,1.05250690953787,1.03818889137058,1.0291384897636,1.01957546775311,1.03408792814242,1.03507781581818,1.00145698797351,0.992751279396491,1.01021572624745,1.07735132254295,1.02118403522622,1.02233301199273,1.02783042390634,1.02841375057242,1.02729128865437,1.06944989770249,1.01858558007734,1.02615115017067,1.01870931603681,1.01464370593993,1.00671576625101,1.01204525079105,1.01134702644833,1.01360962685007,1.01588990381745,1.01642020078661,1.01415760038487,1.01596944836283
1.03589093783756,1.03217002077063,1.07123523083199,1.00545189180784,1.00014892211626,0.997612334947114,0.980395360015092,0.978804469107616,0.979334766076775,0.976497677291776,0.99174371515509,1.32214524178946,0.98377158405207,0.982834726073223,0.978017861936697,0.98196857435693,0.9720696975993,0.97322751264863,0.983241287082911,0.975578495878567,0.975101228606324,0.973156806386075,0.974314621435405,0.974005281536729,0.974809565273287,0.975940865474159,0.977575947795732,0.979467340319064,0.97965294425827,1.00508952221225,0.982755181527849,0.981641557892615,0.982339782235341,0.981623881326977,1.01292024079016,0.983320831628285,0.988473550511944,0.986971042432661,0.990444487580651,0.986776600210636,0.98723619091724,0.989392731925153,0.990426811015012,0.992335880103984,1.00053780656031,1.01338866977959,0.997417892725089,0.9936704608097,0.993564401415868,1.08008235193412,0.99624240111012,1.02317264886057,1.0695913102276,1.00383448605191,1.03441494460673,1.04312949146657,1.12827750814783,1.16009532629736,1.15301586175909,1.17698528476507,1.15501331367626,1.18111276284169,1.20646095796748,1.21433586795948,1.21149877917448,1.22548094259464,1.22484458623165,1.23555658500865,1.24526985782708,1.24801856378388,1.24529637267554,1.27920002557042,1.27895255365148,1.34180158277961,1.40620614968394,1.36137837922439,1.42441301229173,1.39506991333161,1.41998503259925,1.4481968313585,1.51367966876679,1.75331203084682,1.4929097041414,1.52028186603282,1.49559654211847,1.57213607133372,1.65146849791988,1.77189010133301,1.98338137091635,0.00388317026292764,1.92479239410712,1.8412175917677,1.78170059526245,1.82013828724364,1.6123060667475,1.58529627445168,1.60613694533962,1.57618400486497,1.51133752381967,1.60593366483478,1.47510940254331,1.47507404941203,1.47505637284639,1.4564341109461,1.43157202137537,1.41030711291211,1.38398670667619,1.43850123510571,1.42214157360717,1.34468286297871,1.33279537258673,1.28266463243559,1.29094610343729,1.21451263361587,1.20064536787237,1.14766870065341,1.13261710501212,1.15783272589562,1.09292437687058,1.07507104557557,1.07474402911126,1.0840065495059,1.04010679874237,1.04512694338374,1.01510329664653,1.00177516615501,0.999600948581459,0.991664170609716,0.992176791013236,0.988447035663486,1.05750053933078,1.02659306431164,1.02682285966494,1.02514358592927,1.03253239036622,1.03310687874947,1.02659306431164,1.02635443067552,1.02391506461739,1.02208554007379,1.01916890674342,1.01475860361658,1.01334447836549,1.01227504614435,1.01299094705272,1.01727751422008,1.01799341512845,1.01845300583505,1.01615505230203,1.01694165947295
1.0388871157133,1.03440610632391,1.0942147661622,1.00780287503778,0.998151470199092,0.988844758390355,0.988570771622956,0.976117631130545,0.976966106281199,0.975940865474159,0.979237544965762,0.984186983344578,0.984434455263518,0.984142791930481,0.978256495572819,0.981632719609796,0.981606204761338,0.988588448188595,1.02038858977248,0.988491227077583,0.982490033043269,0.977408020422164,0.976382779615124,0.974447195677695,0.974641637899719,0.977796904866214,0.979370119208052,0.982914270618596,0.983117551123441,1.00064386595414,0.987925576977147,0.986520290008876,0.985689491423861,0.992494969194731,1.06041717266115,1.01114374594348,0.989984896874047,0.989339702228237,0.991337154145401,0.992220982427333,0.989834646066118,0.994147728081943,0.994845952424669,0.994624995354186,0.999388829793796,1.00057315969158,1.0019519318114,1.00655667716026,1.00443548928362,1.00026381979291,0.996799212927737,0.990824533741881,0.987165484654686,0.994430553132161,1.00630920524132,1.05239201186121,1.10570453382731,1.13945793591426,1.21254169654716,1.16259656033523,1.15689586791677,1.20538268746352,1.21194069331545,1.20344710352609,1.21888758361143,1.22453524633297,1.22648850683604,1.23814620187471,1.23739494783507,1.34394044722189,1.34567275065447,1.28528960243293,1.32763381542025,1.3843579145546,1.32748356461233,1.39653706827962,1.3838541324339,1.43433840389782,1.4325000410714,1.44109085197177,1.44067545267926,1.52446237380635,1.55034970418412,1.50131491110257,1.52009626209361,1.53897483419566,1.5752825000174,1.73108374955624,0.00404976305578886,0.00413634287428685,1.84998516832446,1.84443472671393,1.7859341327329,1.78557176313731,1.52009626209361,1.54821083974184,1.50111163059773,1.51445743765489,1.51403320007956,1.47995278152829,1.48414212758464,1.48302850394941,1.54827270772158,1.5436591240899,1.45571821003774,1.42668445097629,1.34857170741921,1.3262815581489,1.34880150277251,1.29068979323553,1.28891329838884,1.30945346766093,1.24375851146498,1.24491632651431,1.25088216741734,1.14308163187018,1.14068645722615,1.12086218886243,1.08521739425214,1.0818588467808,1.07219860365929,1.05528213034313,1.03761440298732,1.01847068240069,1.01417527695051,1.00662738342281,1.04386306894058,0.999556757167363,1.02832536774423,0.982366297083799,1.02266886673987,1.02525848360592,1.02601857592838,1.02831652946141,1.03011953915655,1.03087079319619,1.02511707108082,1.02518777734337,1.02452490613192,1.02477237805086,1.01631414139278,1.01452880826328,1.01535076856547,1.01420179179896,1.0163229796756,1.01668534927119,1.02073328280244,1.02203251037687,1.01794038543153,1.01936334896544
1.04109668641813,1.03610305662522,1.02329638482004,1.00708697412942,1.0018635489832,0.989781616369202,0.987766487886399,0.980068343550778,0.977151710220405,0.975375215373723,0.982233722841509,0.983532950415948,0.98454051465735,0.984487484960434,1.23464624187826,0.985388989808004,0.984770310010652,0.98454051465735,0.981438277387771,0.986175596978923,0.98029813890408,0.980899142135793,0.979829709914656,0.978353716683831,0.978919366784267,0.980651670216852,0.98067818506531,0.983824613748986,0.988376329400932,0.992088408185043,0.990851048590339,0.989763939803564,0.988606124754234,0.98840284424939,0.99148740495333,0.992998751315432,0.99341415060794,0.992760117679311,0.992715926265214,0.993944447577099,0.995305543131273,0.997541628684559,0.997364863028173,0.994987364949778,0.999680493126833,1.00114764807484,1.00493927140432,1.00673344281664,1.00539886211093,1.00541653867657,1.00057315969158,0.992406586366538,0.993149002123361,1.02186458300331,1.03182532774067,1.04421660025335,1.09674251504853,1.12630657107913,1.15413832367714,1.15714333983571,1.15628602640224,1.1654690022515,1.16580485699864,1.20286377686001,1.20690287210844,1.20756574331989,1.24631277519976,1.2362636476342,1.23600733743244,1.33366152430303,1.33275118117264,1.35835568650019,1.26480246285776,1.26371535407098,1.37501584961459,1.35036587883153,1.44727764994529,1.44966398630651,1.39252448787965,1.42592435865383,1.50462042887699,1.50478835625056,1.50471764998801,1.50465578200827,1.49821267383299,1.56168038275848,1.7102872700824,0.00399046701635409,1.89612100464127,1.86986246638509,0.0041761328235394,1.79817515443765,1.78765759788267,1.52937645905389,1.50524794695716,1.54086622671899,1.48047424021463,1.52736133057108,1.51529707452272,1.49880483878188,1.50895118745846,1.54028290005292,1.53039286157811,1.42625137511815,1.40250290918265,1.35198328458746,1.35582793761386,1.3060065373614,1.29525918545311,1.29811395080375,1.289443595358,1.3124142924054,1.26925695739869,1.2120555909921,1.21802143189514,1.14220664187107,1.0870734336442,1.08611889909971,1.08274267506273,1.10717168877532,1.14712072711861,1.06462419528314,1.03622679258469,1.02186458300331,1.04847665257226,1.00528396443428,0.989127583440573,0.989489953036165,1.04715091014936,1.08796610020895,1.02284563239625,1.02614231188786,1.02809557239092,1.03194022541732,1.02806021925965,1.02995161178298,1.02604509077684,1.02638094552398,1.02545292582795,1.04472038237405,1.0203974280553,1.01745427987647,1.02036207492402,1.01742776502801,1.01870931603681,1.0132560955373,1.02038858977248,1.0201234412879,1.06935267659148,1.02128125633723
1.08588026546359,1.03677476611949,1.02846678026933,1.00996825432851,1.00407311968803,0.991814421417644,0.984637735768362,0.985123841323425,0.976886561735825,0.976700957796619,0.980510257691743,0.982189531427413,0.984690765465278,0.987810679300496,0.990983622832629,0.989905352328673,0.985530402333113,0.98583090394897,0.984178145061758,0.985539240615932,0.980801921024781,0.979918092742849,0.979511531733161,0.979794356783379,0.98260493071992,0.982587254154282,0.985097326474967,0.985875095363066,0.989224804551586,0.992830823941865,0.992715926265214,0.991849774548922,0.991787906569186,0.993113648992084,0.992185629296056,0.995323219696912,0.99469570161674,0.998222176461646,0.995111100909248,0.99508458606079,0.995800486969155,0.997515113836101,0.993343444345386,0.994819437576211,1.0044266510008,1.00400241342548,1.00704278271532,1.01011850513644,1.13180398299274,1.10179801282117,1.00639758806951,1.00631804352414,1.06461535700032,0.984310719304048,1.01492653099015,1.03935554470273,1.0998447523181,1.11206809745721,1.15543755125158,1.19032225353941,1.19175405535614,1.17048030861005,1.16721898224973,1.17746255203731,1.20172363837632,1.20396856221243,1.20312008706177,1.2310932521849,1.2807025336497,1.32053667431635,1.30147249827509,1.30682849766359,1.27332256749558,1.27031755133701,1.33404157046426,1.3232146740106,1.35648197054249,1.45291647438401,1.38089330768943,1.40937909321608,1.50740448796508,1.57229516042447,1.50529213837126,1.50336539271665,1.49837176292374,1.51859375401433,1.65805301862026,1.6575227216511,1.87865655779031,0.00325644762821016,1.76256571295864,1.71209911806036,0.0040049794767434,1.52754693451029,1.46846301386318,1.48118130284018,1.48051843162873,1.5049916367554,1.53078174602216,1.51214180755623,1.42086886088118,1.41307349543455,1.41505327078608,1.40161908090072,1.40115949019412,1.44063126126517,1.47093773305259,1.31734605421857,1.31689530179479,1.26776328760223,1.24246812217336,1.22426125956557,1.22715137804749,1.21506944543349,1.1675283221484,1.14083670803408,1.09020218576223,1.10935474463169,1.12842775895576,1.08614541394817,1.07820863597643,1.06609135023115,1.03374323511246,1.02882031158211,1.02417137481915,1.00193425524576,1.04157395369038,1.01503259038398,1.02775971764379,1.04334161025424,1.02706149330106,1.025841810272,1.02903243036977,1.03313339359793,1.02828117633013,1.02861703107726,1.02814860208784,1.02653119633191,1.02635443067552,1.02518777734337,1.02404763885968,1.01796690027999,1.02088353361036,1.0209454015901,1.02053884058041,1.02120171179186,1.02057419371169,1.02174968532666,1.06843349517827,1.05693488923034
1.19580198888738,1.17275174729462,1.02547944067641,1.04495017772735,1.00065270423696,0.990833372024701,0.986219788393019,0.985875095363066,0.97861886516841,0.97887517537017,0.980200917793067,0.980669346782491,0.983117551123441,0.990665444651134,0.991434375256414,0.991726038589451,0.988818243541897,0.988500065360402,0.988995009198284,0.9882702700071,0.990630091519856,0.992919206770058,0.982109986882039,0.98325896364855,0.988623801319872,0.987465986270542,0.989375055359514,0.988579609905776,0.988950817784187,0.992344718386803,0.994404038283703,0.994748731313656,0.99496085010132,0.993193193537457,0.995349734545369,0.99714390595769,1.13168024703327,0.987607398795652,0.996507549594699,0.995402764242285,0.997285318482799,0.999618625147098,1.00412614938495,1.00671576625101,1.00786474301752,1.00929654483425,1.00994173948005,1.01125864362013,1.01245181180074,1.01123212877167,1.01103768654965,1.00898720493557,1.03822424450186,1.02514358592927,1.00902255806685,1.02209437835661,1.02641629865525,1.09061758505474,1.11075119331714,1.16041350447886,1.14688209348249,1.1969067742398,1.17749790516859,1.17754209658268,1.17621635415979,1.19949639110586,1.22728395228978,1.27237687123391,1.2053738491807,1.32182706360797,1.32196847613307,1.25264098569838,1.27078598032643,1.28010153041799,1.30038538948831,1.30635123039135,1.36446293992833,1.444307986918,1.43780301076299,1.3957062696946,1.41422247220106,1.43769695136916,1.40412031493859,1.50191591433428,1.50692722069283,1.5279623338028,1.63882091520544,1.63715931803541,1.6120320799801,1.61812165684261,1.61748530047962,1.62106480502144,1.64400898722038,1.52600023501691,1.53467942874548,1.49669248918807,1.50633505574394,1.47804371243932,1.45940377397339,1.4238031707772,1.42093956714374,1.48035050425516,1.41100533725483,1.41646739603717,1.40196377393067,1.40108878393156,1.62115318784963,1.3110885499825,1.27101577567974,1.24388224742445,1.24236206277952,1.22646199198758,1.17843476314743,1.17924788516681,1.14973685883313,1.12829518471347,1.10855046089513,1.10231063322469,1.10320329978944,1.10535100251454,1.04962562933877,1.05762427529025,1.02649584320063,1.0206714148227,0.98968439525819,0.989693233541009,1.04735419065421,1.0346270633944,1.01277882826505,1.03723435682609,1.03104755885257,1.02828117633013,1.03702223803843,1.03181648945785,1.03057029158033,1.02948318279356,1.03122432450896,1.02829885289577,1.03214350592217,1.03301849592128,1.03013721572218,1.02254513078039,1.0219971572456,1.02357037158744,1.02214740805353,1.02151988997335,1.01947824664209,1.01883305199628,1.02595670794865,1.04813195954231
1.05663438761448,1.04467619095995,1.02723825895745,1.03707526773535,1.00086482302462,0.991787906569186,0.993104810709264,0.989587174147178,1.01967268886412,0.985512725767475,0.985300606979811,0.984823339707568,0.984841016273207,0.993263899800012,0.994342170303968,0.99470453989956,0.993555563133049,0.991929319094295,0.991655332326897,0.991849774548922,0.986962204149842,0.987837194148954,0.994412876566522,0.993007589598252,0.990382619600916,0.992910368487239,0.991531596367426,0.991893965963018,0.988694507582427,0.995659074444046,0.996958302018484,0.997488598987643,0.997939351411428,0.999989833025509,1.00078527847925,0.99881434141054,0.998248691310104,0.992583352022925,0.992229820710152,0.997630011512752,0.998018895956802,1.00075876363079,1.00953517847037,1.00697207645277,1.00970310584393,1.0101450199849,1.01063112553996,1.09356957151639,1.01593409523155,1.0127081220025,1.01315887442628,1.01340634634523,1.01456416139456,0.998098440502176,0.997479760704824,1.00353398443605,1.01949592320773,1.05670509387704,1.11864377987478,1.15048811287277,1.15972411841895,1.15945896993437,1.20022113029704,1.21527272593833,1.19516563252439,1.21519318139296,1.20696474008818,1.21450379533305,1.21168438311369,1.26386560487891,1.29268724515269,1.25970277367102,1.26025958548863,1.25696290599703,1.2779538276929,1.26769258133967,1.33807182742986,1.52950019501336,1.4381742186414,1.41758985795522,1.41799641896491,1.41677673593584,1.40686902089539,1.42417437865561,1.51590691603726,1.51408622977648,1.56724850093464,0.00386237378345379,1.95770615932624,1.7116130125053,1.69757781938823,1.80829498826576,1.63172377410153,1.51476677755356,1.44204538651626,1.52495731764423,1.4929538955555,1.52959741612437,1.43042304460886,1.42848746067143,1.40139812383024,1.41082857159845,1.36827223982345,1.37039342770009,1.39255100272811,1.40039939787166,1.32284346613219,1.34918154893374,1.25829748670274,1.25051979782175,1.19903680039925,1.217685577148,1.18073271668046,1.14473439075739,1.1209417334078,1.14110185651866,1.10897469847045,1.100436917267,1.07167714497295,1.06008131791402,1.05134909448854,1.0486799330771,1.03305384905256,1.01544798967649,0.996569417574435,1.00348095473914,1.00430291504133,1.00371075009244,1.02164362593282,1.03392000076885,1.03265612632569,1.03685431066486,1.0360942183424,1.03335435066841,1.03258542006313,1.03424701723317,1.0330273342041,1.03304501076974,1.03488337359616,1.03448565086929,1.03111826511513,1.02144034542798,1.02258048391167,1.02316381057775,1.02243907138656,1.02086585704473,1.02115752037776,1.02364107784999,1.01957546775311,1.04118506924633
1.05841088246117,1.09651271969522,1.02747689259357,1.00974729725803,1.00897836665275,0.994589642222909,0.993228546668734,0.990506355560386,0.990603576671399,0.99496085010132,0.992839662224685,0.994457067980619,0.990329589904,0.992627543437021,0.993396474042301,0.996145179999108,0.996065635453734,0.995013879798236,0.991133873640557,0.994404038283703,0.994678025051102,0.991708362023813,0.991646494044078,0.992609866871383,0.987351088593891,0.98762507536129,0.990983622832629,0.986909174452926,0.986219788393019,0.99276895596213,1.22214007168894,0.999176711006132,1.00118300120612,0.999804229086303,1.00067921908542,1.00141279655942,1.00128906059995,0.996189371413204,0.99559720646431,0.996392651918048,1.00104158868101,1.00353398443605,1.00577006998934,1.00851877594615,1.00833317200694,1.01116142250912,1.10855929917795,1.08321994233498,1.02136963916543,1.01836462300686,1.01603131634256,1.01592525694873,1.12017280280252,0.9820923103164,1.08922113636929,1.03917877904634,1.035820231575,1.03758788813887,1.14030641106492,1.10236366292161,1.16337432922333,1.15926452771234,1.19817064868296,1.19847998858164,1.19680955312879,1.26976073951939,1.2265150216845,1.20594833756396,1.21656311522995,1.23632551561393,1.22274107492065,1.24385573257599,1.25604372458382,1.25082029943761,1.27707883769378,1.27044128729648,1.26975190123657,1.52137781310241,1.4075584069553,1.36804244447015,1.4479228445911,1.47884799617588,1.40253826231393,1.46536077659361,1.51431602512978,1.51064813775976,1.51777179371213,1.53288525733316,1.77685721627747,1.74304194621078,1.86013151700103,1.69215995201999,1.64384105984681,1.62251428340381,1.44303527419202,1.47843259688337,1.49365211989823,1.50292347857568,1.47777856395474,1.44931929327655,1.40408496180731,1.4003286916091,1.36728235214769,1.3528229214553,1.32381567724231,1.30378812837375,1.30979816069088,1.36676089346135,1.26650825144189,1.25340107802085,1.21757067947135,1.19808226585477,1.18155467698265,1.12807422764299,1.13015122410553,1.11981927148975,1.11098098867044,1.10064903605466,1.07303824052713,1.07413418759672,1.03718132712918,1.02546176411077,1.03912574934943,0.995270189999996,1.00090901443872,0.989852322631757,0.99843429524931,1.00328651251711,1.15108911610448,1.03744647561376,1.03907271965251,1.03996538621726,1.0381093468252,1.03418514925343,1.03290359824463,1.03323945299176,1.03512200723228,1.03658032389746,1.03596164410011,1.02990742036888,1.02704381673543,1.02832536774423,1.02820163178476,1.02357037158744,1.02220927603326,1.02106029926675,1.02499333512134,1.02577110400944,1.02731780350282,1.0260274142112
1.08100153334733,1.17241589254748,1.03483034389924,1.04959911449031,1.00464760807129,0.992397748083719,0.994333332021148,0.991513919801788,0.993564401415868,0.999645139995556,0.993599754547146,0.998469648380587,0.993811873334809,0.992707087982395,0.995155292323345,0.998893885955914,0.999477212621989,0.996083312019373,0.996993655149762,0.996604770705712,0.995305543131273,0.995022718081055,0.994262625758594,0.99328157636565,0.990621253237037,0.988367491118112,0.990630091519856,0.989702071823829,0.990444487580651,0.990683121216772,0.989613688995636,1.06445626790958,1.00234081625545,1.00098855898409,1.00125370746867,1.00208450605369,1.0009001761559,1.00107694181228,1.00107694181228,1.00077644019643,1.00374610322372,1.00439129786953,1.00837736342104,1.00998593089415,1.01034830048974,1.0114707624078,1.01284069624479,1.01385709876901,1.01645555391789,1.02116635866058,1.01779897290642,1.01803760654255,1.01203641250823,0.98840284424939,0.995411602525105,1.04031891753003,1.02721174410899,1.04386306894058,1.08044472152971,1.11973972694438,1.13867132874335,1.20558596796836,1.1924699562645,1.17181488931577,1.23588360147297,1.17958373991395,1.1910028013165,1.33805415086422,1.22213123340612,1.23956916540862,1.25766113033975,1.25234932236535,1.26414842992913,1.24816881459181,1.2817542893052,1.26486433083749,1.31476527563533,1.3525047432738,1.38174178284009,1.36900581729746,1.36881137507543,1.38889195364091,1.42321984411112,1.43265029187933,1.47557783153273,1.47472051809926,1.43853658823699,1.51429834856414,1.72880347258886,1.77978268789066,0.00393952315418357,1.73202944581791,1.63385380026098,1.68482417727996,1.62298271239323,1.46568779305792,1.46509562810903,1.48552973798728,1.47709801617765,1.45292531266683,1.43194322925378,1.3777203641573,1.40573772069452,1.31183096573932,1.32784593420792,1.3054143724125,1.28544869152367,1.26852337992469,1.2452786961099,1.2205668573471,1.24275978550639,1.25797047023843,1.13196307208349,1.13340371218304,1.12726994390643,1.12011093482279,1.08017073476231,1.06012550932811,1.08458987617197,1.06352824821355,1.0263455923927,1.00957053160164,0.998310559289839,0.995102262626429,0.996092150302192,0.992839662224685,1.01895678795575,1.02748573087639,1.0469387913617,1.17926556173245,1.04183026389214,1.040760831671,1.040760831671,1.03605002692831,1.03638588167544,1.03545786197941,1.03852474611771,1.03840101015824,1.03935554470273,1.03447681258647,1.02981903754069,1.0294566679451,1.02709684643234,1.02517893906055,1.02225346744736,1.02126357977159,1.02764481996714,1.02862586936008,1.02981903754069,1.030146054005
1.04975820358106,1.07959624637906,1.03115361824641,1.03835681874415,0.999159034440493,0.99727648019998,0.995782810403516,0.99663128555417,1.00015776039908,1.00073224878233,0.999565595450182,0.998107278784995,0.997523952118921,0.996145179999108,0.995906546362986,0.997957027977067,0.997488598987643,0.997603496664294,0.998080763936537,0.999052975046662,0.998231014744465,0.99804541080526,0.996171694847566,0.995773972120696,0.992539160608828,0.990232368792987,0.990674282933953,0.991460890104872,1.10509469231278,0.998310559289839,1.00383448605191,1.21475126725199,1.00480669716203,1.00390519231446,1.0028711132246,1.00456806352591,1.00077644019643,1.0014039582766,1.00386983918319,1.00398473685984,1.00537234726247,1.00833317200694,1.01038365362102,1.01176242574083,1.01456416139456,1.01418411523332,1.0134858908906,1.01384826048619,1.01626994997868,1.02006157330817,1.01954011462183,1.01996435219716,1.13368653723325,0.989348540511056,1.04604612479695,1.03072054238826,1.02959808047021,1.04574562318109,1.06490702033336,1.12361973310206,1.16278216427443,1.14332910378912,1.15687819135113,1.2004774404988,1.17345880992016,1.17517343678711,1.26550068720048,1.39922390625669,1.38854726061096,1.26973422467094,1.23694419541128,1.2252334706757,1.21502525401939,1.2524200286279,1.27329605264712,1.27806872536955,1.28087929930609,1.31267060260716,1.32375380926258,1.35496178589757,1.3872391947537,1.39317852080828,1.41420479563542,1.43768811308634,1.41177426786011,1.40716952251125,1.41953428017547,1.41737773916756,1.66990515588096,1.75776652538775,1.73326680541262,1.72890069369987,1.55469813933122,1.59007778545693,1.68199592677778,1.46860442638829,1.42400645128204,1.41531841927066,1.41917191057988,1.42320216754548,1.42368827310055,1.34705152277428,1.31031961937722,1.26468756518111,1.31530441088731,1.25768764518821,1.26884155810618,1.27573541870525,1.23332049945537,1.20296099797103,1.20590414614986,1.16346271205152,1.16255236892113,1.14594523550364,1.10417551089957,1.08497876061602,1.07793464920903,1.05274554317399,1.05043875135815,1.05876441377394,0.999768875955026,0.993811873334809,0.983267801931369,1.00855412907742,0.997974704542706,1.00105042696383,1.037190165412,1.03814469995648,1.03498943298999,1.15045275974149,1.0335311163248,1.03522806662611,1.04688576166478,1.03734041621992,1.03658916218028,1.03750834359349,1.040027254197,1.04251081166922,1.04211308894235,1.03612073319086,1.0312861924887,1.02745921602793,1.02892637097594,1.02567388289843,1.02226230573018,1.02106913754957,1.0260716056253,1.03049958531778,1.03091498461028,1.03455635713184
1.03777349207807,1.0356346276358,1.02800718956273,1.05936541700565,1.00453271039464,1.00360469069861,0.999318123531241,0.999821905651942,1.00054664484313,1.00376377978936,1.00371958837526,1.00103275039819,1.0011299715092,0.998611060905696,1.000308011207,0.997850968583235,0.997603496664294,1.00537234726247,0.995632559595588,1.00054664484313,0.999866097066038,0.999026460198204,0.998743635147986,0.998849694541817,0.999238578985867,0.999804229086303,0.992265173841429,1.02495798199007,1.00064386595414,1.00209334433651,1.00234081625545,1.00671576625101,1.0085894822087,1.00541653867657,1.00470947605102,1.0039670602942,1.00210218261932,1.00154537080171,1.00343676332504,1.00462993150565,1.00800615554263,1.01019804968182,1.01107303968093,1.01578384442362,1.01775478149233,1.01819669563329,1.11532942381754,1.01219550159898,1.12470684188883,1.01900981765267,1.02014995613636,1.0225009393663,1.02392390290021,1.02075979765089,1.02835188259268,1.03620911601905,1.06426182568755,1.06172523851841,1.08719716960367,1.10979665877265,1.12361973310206,1.13913975773277,1.17558883607962,1.15991856064097,1.175032024262,1.17411284284879,1.23950729742889,1.2267006256237,1.21174625109342,1.20986369685291,1.21909970239909,1.22905160885364,1.21689013169426,1.24542894691783,1.27878462627791,1.28383128576774,1.28566964859416,1.316444549371,1.30605956705831,1.30351414160635,1.30355833302045,1.37676582961281,1.39454845464527,1.41284370008125,1.40127438787077,1.38124683900221,1.44048101045724,1.38564830384622,1.41998503259925,1.63940424187151,0.00391765724248859,0.00391330880734149,1.55918798700343,1.57851731152927,1.59801456342867,1.43445330157447,1.40647129816852,1.42215041188998,1.42156708522391,1.47278493416183,1.47717756072303,1.30258612191032,1.30817191665213,1.28028713435719,1.25006904539796,1.23270181965801,1.23301999783951,1.23085461854878,1.23545052561482,1.24257418156719,1.18520488778703,1.17352951618272,1.14516746661554,1.09163398757896,1.07235769275004,1.07150037931657,1.05907375367261,1.04229869288156,1.02379132865792,1.02718522926053,1.01900981765267,1.01619924371613,0.986299332938393,1.01419295351614,0.985256415565714,0.993970962425557,1.05825179337042,1.05497279044445,1.04792867903746,1.0477165602498,1.03418514925343,1.03726970995737,1.04706252732117,1.04650571550355,1.03776465379525,1.04125577550888,1.0446054846974,1.04031891753003,1.04134415833707,1.03727854824019,1.03159553238737,1.03048190875214,1.02921803430898,1.30236516483984,1.04066361055999,1.02558550007024,1.03624446915033,1.02857283966317,1.03136573703407,1.03346924834507
1.03635052854416,1.03672173642257,1.02570039774689,1.02557666178742,1.05042107479251,0.996330783938313,1.00371075009244,1.00445316584926,1.0099152246316,1.0085452907946,1.00702510614968,1.00740515231091,1.00484205029331,1.00286227494179,0.998540354643142,0.995880031514528,0.996224724544482,1.00722838665453,1.00729025463426,1.00120067777175,1.00069689565105,1.00077644019643,1.00193425524576,1.00197844665985,1.00181935756911,1.00120951605457,1.02119287350904,1.14423944691951,1.00372842665808,1.00357817585015,1.0037372649409,1.00504533079816,1.00963239958138,1.01005663715671,1.00862483533998,1.00410847281931,1.0035074695876,1.00178400443783,1.00389635403165,1.00887230725892,1.01066647867124,1.01191267654876,1.01278766654787,1.01516516462627,1.01897446452139,1.01889491997602,1.01928380442007,1.01281418139633,1.01505026694962,1.02156408138745,1.02223579088172,1.02404763885968,1.0263455923927,1.02827233804731,1.03490105016179,1.04630243499871,1.04705368903835,1.0384275250067,1.05443365519248,1.14296673419353,1.11215648028541,1.1683502824506,1.16846518012725,1.15240602024456,1.18469226738351,1.19015432616584,1.20856446927847,1.25027232590281,1.19711005474464,1.20302286595076,1.20274887918336,1.20313776362741,1.20257211352698,1.228300354814,1.22676249360344,1.24937965933806,1.26946907618636,1.26809914234936,1.33962736520606,1.35925719134775,1.37051716365956,1.38494124122068,1.38814953788409,1.4562043155928,1.39988677746814,1.3800094794075,1.37223179052651,1.38359782223214,1.43288892551545,0.00377142785324306,1.61155481270786,1.60291097211057,1.63645225540986,1.74109752399053,1.475515963553,1.41830575886358,1.3779943509247,1.36806012103579,1.37720774375378,1.37095907780053,1.34318035489942,1.3460527968157,1.30400024716141,1.30288662352618,1.28855092879325,1.23036851299372,1.19749010090587,1.20036254282215,1.19343332909181,1.19119724353852,1.15739081175465,1.16404603871759,1.1171412717955,1.11707056553295,1.07016579861085,1.0644651061924,1.08514668798959,1.02730896522,1.02846678026933,1.01117026079194,0.99997215645987,0.988729860713704,0.987713458189483,1.00171329817527,1.00738747574527,1.00736979917963,1.04570143176699,1.05317861903213,1.04112320126659,1.04019518157056,1.03845403985516,1.03589977612038,1.03731390137147,1.06192851902325,1.04330625712296,1.04658526004893,1.04632011156435,1.04034543237849,1.03877221803665,1.03709294430098,1.03385813278912,1.03270031773979,1.03084427834773,1.02809557239092,1.02759179027022,1.03984165025779,1.03306268733538,1.03225840359882,1.0345828719803,1.0360942183424
1.0363240136957,1.02979252269223,1.02555898522178,1.04372165641547,1.26861176275288,0.999441859490711,1.00627385211004,1.01256670947739,1.0143078511928,1.01300862361836,1.01066647867124,1.01000360745979,0.999185549288951,1.00298601090126,1.00299484918407,0.998204499896008,0.996728506665182,0.997515113836101,1.0090932643294,1.00507184564661,0.994775246162114,1.00105042696383,1.00249106706337,1.00368423524398,1.00135092857968,1.32906561723698,1.1595208379141,1.00714884210915,1.00522209645454,1.00360469069861,1.00472715261666,1.00519558160608,1.0050188159497,1.00848342281487,1.00733444604836,1.00263247958848,1.00238500766954,1.00294181948716,1.01722448452317,1.01106420139811,1.00805918523954,1.01251367978048,1.01312352129501,1.01506794351526,1.01718029310907,1.01844416755223,1.01757801583594,1.01763988381568,1.01883305199628,1.02243907138656,1.02410950683941,1.02392390290021,1.0268493745134,1.02879379673365,1.03412328127369,1.035820231575,1.04427846823309,1.04341231651679,1.05358518004182,1.11108704806427,1.08466058243453,1.1148079651312,1.11180294897264,1.11234208422461,1.13953748045964,1.19909866837899,1.164417246596,1.17026818982239,1.1917363787905,1.21033212584233,1.20606323524061,1.2123295777595,1.24463350146409,1.2516864511539,1.23631667733111,1.26043635114502,1.33192922087044,1.36740608810716,1.33000247521583,1.46060578043681,1.37798551264188,1.38008902395288,1.38533896394755,1.38466725445328,1.36969520335736,1.36761820689482,1.36221801609222,1.38720384162242,1.44246962409158,1.5230217337068,1.72111416653606,1.5271403735006,1.51584504805752,1.52324269077728,1.39441588040298,1.43386997490839,1.34637981328002,1.3714982130525,1.35056915933637,1.3457788100483,1.29857354151035,1.26026842377145,1.31807079340976,1.29292587878881,1.22116786057881,1.20749503705733,1.17848779284435,1.17441334446465,1.14854369065252,1.13427870218215,1.14936565095471,1.11863494159196,1.08768327515873,1.08700272738164,1.07230466305313,1.08759489233054,1.05925935761182,1.0369161786446,1.0209454015901,1.00434710645543,0.99161997919562,0.99765652636121,0.990108632833517,1.01027759422719,1.01061344897432,1.01543031311085,1.04618753732206,1.05250690953787,1.1294971911769,1.0469387913617,1.04175955762958,1.03596164410011,1.03825075935031,1.06342218881972,1.04692995307888,1.0487241244912,1.04587819742338,1.03927600015735,1.03692501692742,1.03698688490715,1.03558159793888,1.03430004693008,1.03588209955474,1.04512694338374,1.0456572403529,1.0334869249107,1.03478615248514,1.03418514925343,1.03478615248514,1.12389371986945
1.03283289198208,1.0263014009786,1.02700846360415,1.045065075404,1.06050555548934,1.00090901443872,1.03561695107016,1.0132560955373,1.01425482149588,1.01315003614347,1.01351240573906,1.1729727043651,0.997868645148874,1.0343088852129,1.0036930735268,1.00124486918585,0.995305543131273,1.00115648635766,1.00508068392943,1.01075486149943,1.0119303531144,1.00152769423607,1.00120951605457,1.00363120554707,1.00348095473914,1.02805138097683,1.01132934988269,1.01085208261044,1.00665389827127,1.00443548928362,1.00672460453382,1.00467412291974,1.00407311968803,1.00986219493468,1.00485088857613,1.00265015615412,1.00232313968981,1.09212893141684,1.01104652483247,1.01312352129501,1.01277882826505,1.01255787119457,1.01292024079016,1.01437855745535,1.01634065624124,1.0197080419954,1.01929264270289,1.01982293967205,1.02201483381124,1.02585948683764,1.02406531542532,1.02789229188608,1.02935060855127,1.03072938067108,1.03295662794155,1.04075199338818,1.04112320126659,1.04659409833175,1.08311388294115,1.08017073476231,1.15018761125691,1.15010806671154,1.12655404299807,1.11418928533385,1.18714931000728,1.15707263357316,1.16380740508147,1.15753222427976,1.17000304133781,1.18286274283991,1.17432496163645,1.19308863606185,1.25155387691161,1.26298177659698,1.24498703277686,1.27020265366036,1.27638945163388,1.27240338608237,1.32541540643261,1.32519444936212,1.38684147202683,1.3805132615282,1.36464854386754,1.35320296761653,1.34770555570291,1.37667744678462,1.46917007648873,1.54238641136392,1.45652249377429,1.4489304088325,1.45266900246507,1.46184314003152,1.37947034415552,1.38994370929641,1.3337852602625,1.35642010256276,1.35883295377243,1.31297110422301,1.29839677585397,1.35127622196192,1.48227724990977,1.26724182891589,1.24251231358745,1.24966248438828,1.23097835450825,1.19363660959665,1.15374943923309,1.16103218427621,1.16044001932731,1.13630266894777,1.10598735887753,1.07364808204166,1.04685924681632,1.06785900679501,1.0728437983051,1.15869003932909,1.1076666326132,1.03186951915477,1.01944289351082,1.00269434756822,1.0129821087699,0.984222336475855,0.978981234764002,0.988491227077583,0.992583352022925,1.01969920371258,1.05285160256782,1.05762427529025,1.14709421227015,1.0473983820683,1.04740722035112,1.28924915313598,1.0378795514719,1.03699572318997,1.05860532468319,1.04818498923922,1.04356256732472,1.0376497561186,1.03700456147279,1.03719900369482,1.03282405369926,1.03465357824285,1.03850706955207,1.03696920834151,1.03667754500848,1.03491872672743,1.03683663409922,1.03421166410189,1.03528993460584,1.04033659409567
1.02834304430986,1.02796299814863,1.02362340128435,1.02252745421476,1.01006547543953,1.00969426756111,1.01392780503156,1.01986713108614,1.01391896674875,1.01135586473114,1.01287604937607,1.12480406299984,1.01756917755312,1.00542537695939,1.00429407675851,1.00263247958848,0.992662896568298,0.992486130911912,1.00700742958404,1.00701626786686,1.01168288119546,1.00971194412675,1.00949982533909,1.00902255806685,1.00875740958227,1.01657928987736,1.01518284119191,1.01312352129501,1.01356543543597,1.00811221493646,1.00952634018755,1.00918164715759,1.00997709261133,1.01105536311529,1.02861703107726,1.00604405675674,1.00382564776909,1.15943245508591,1.14734168418909,1.01383058392055,1.01221317816462,1.01184197028621,1.01030410907565,1.01153263038753,1.01735705876546,1.01804644482536,1.01652626018044,1.02197064239714,1.02342895906233,1.02544408754513,1.02264235189141,1.02757411370458,1.02829885289577,1.02874960531955,1.03529877288866,1.04341231651679,1.0404868449036,1.04058406601461,1.05846391215808,1.0605762617519,1.07283496002229,1.07216325052802,1.09345467383974,1.2243673189594,1.1518315318613,1.14996665418643,1.15028483236792,1.15849559710706,1.156542336604,1.20037138110497,1.22434964239376,1.1863361879879,1.21057959776127,1.20958971008551,1.22737233511797,1.27008775598371,1.29120241363905,1.28615575414922,1.28604969475539,1.32043061492251,1.30967442473141,1.41271996412178,1.29759249211741,1.30144598342663,1.31661247674457,1.35403376620154,1.4068248294813,1.50174798696072,1.49552583585592,1.41732470947064,1.38324429091937,1.32150004714365,1.32197731441589,1.30866686049001,1.3010217458513,1.3203775852256,1.32493813916036,1.32782825764228,1.29405717898968,1.29554201050333,1.29650538333063,1.30226794372883,1.23716515248177,1.2356714826853,1.22017797290305,1.16276448770879,1.12699595713903,1.12429144259632,1.11984578633821,1.10941661261142,1.08658732808914,1.08476664182836,1.05926819589464,1.05375310741539,1.04442871904101,1.05642226882682,1.04756630944187,1.01352124402188,1.01000360745979,0.998699443733889,1.01692398290731,0.978300686986915,0.961834966094535,1.0782439891077,1.07243723729542,1.06958247194478,1.06000177336864,1.05756240731051,1.05506117327265,1.05544121943388,1.05170262580131,1.04740722035112,1.0402570495503,1.03566998076707,1.05301952994139,1.05231246731584,1.0427759601538,1.03880757116793,1.03816237652212,1.03950579551066,1.04436685106128,1.03703107632125,1.03795025773446,1.03526341975739,1.03744647561376,1.03773813894679,1.03429120864726,1.03337202723405,1.1718767572955,1.06421763427346
1.0284049122896,1.0270791698667,1.02418021310197,1.01913355361214,1.0142636597787,1.01295559392144,1.03172810662966,1.02425975764734,1.17348532476862,1.01583687412054,1.01306165331527,1.01200989765977,1.0099152246316,1.00734328433118,1.00400241342548,1.00332186564839,1.00188122554884,1.00104158868101,1.00664505998845,1.00405544312239,1.00691020847303,1.00526628786864,1.00592915908009,1.01024224109591,1.01118793735758,1.01304397674963,1.01660580472582,1.01467905907121,1.0106929935197,1.01109955452938,1.01144424755934,1.0101450199849,1.01283185796197,1.01287604937607,1.01214247190206,1.14243643722437,1.13871552015744,1.0090490729153,1.04553350439343,1.01122329048886,1.01272579856814,1.01207176563951,1.00852761422896,1.01048087473203,1.01862977149144,1.01722448452317,1.01892143482448,1.02472818663677,1.02487843744469,1.02407415370814,1.0255236320905,1.03088846976183,1.03117129481204,1.03696920834151,1.04323555086041,1.04582516772646,1.03799444914855,1.23201243359811,1.05620131175634,1.07203067628573,1.07274657719409,1.07182739578088,1.08738277354287,1.10256694342645,1.18531978546368,1.1781430998144,1.15801832983482,1.14856136721816,1.13330649107202,1.15998926690353,1.16377205195019,1.16506244124181,1.20078678039748,1.23953381227734,1.22344813754619,1.22827383996554,1.263812575182,1.29426929777735,1.28458253980738,1.2696723566912,1.26674688507801,1.26101967781109,1.25793511710715,1.29161781293155,1.27951820375191,1.29554201050333,1.30301035948565,1.31569329533136,1.35381280913106,1.33706426318846,1.3123259095772,1.29433116575708,1.27376448163654,1.27335792062685,1.27290716820307,1.28221388001181,1.36755633891509,1.36784800224813,1.29870611575264,1.32240155199122,1.28911657889369,1.2671534460877,1.23348842682893,1.22191911461845,1.20568318907938,1.11739758199726,1.09698998696747,1.11889125179372,1.09940283817714,1.07527432608042,1.08744464152261,1.06705472305845,1.04909533236961,1.06844233346109,1.01652626018044,1.02074212108526,1.03248819895212,1.01946940835927,0.997638849795572,1.00152769423607,0.989180613137489,0.989012685763922,0.974721182445093,1.0255236320905,1.04543628328242,1.04717742499782,1.05355866519336,1.05582126559511,1.05387684337486,1.05429224266737,1.05291347054755,1.04944886368238,1.0468945999476,1.03857777581463,1.04807892984539,1.05193242115461,1.04146789429654,1.04107900985249,1.04190980843751,1.04226333975028,1.04056638944897,1.04026588783312,1.03866615864282,1.03818889137058,1.03733157793711,1.03452100400056,1.03405257501114,1.03233794814419,1.09685741272518,1.079843718298
1.02864354592572,1.02492262885879,1.02293401522444,1.01999086704561,1.01909820048086,1.14758031782521,1.02402996229404,1.02698194875569,1.02406531542532,1.0232345168403,1.01905400906677,1.01292907907298,1.00921700028887,1.00722838665453,1.00585845281753,1.00671576625101,1.00622966069594,1.00516906675763,1.00737863746245,1.00962356129856,1.01062228725714,1.00862483533998,1.01163868978136,1.01261973917431,1.01385709876901,1.01265509230558,1.01474092705094,1.01564243189851,1.01581035927208,1.0134416994765,1.01315003614347,1.01217782503334,1.01297327048708,1.01479395674786,1.01379523078928,1.0147674418994,1.02235952684119,1.01456416139456,1.01509445836371,1.03875454147101,1.01438739573817,1.01414876210205,1.01185964685185,1.01079905291353,1.01346821432496,1.01912471532932,1.02030020694429,1.02501101168698,1.02513474764645,1.02503752653544,1.02500217340416,1.03049074703496,1.03267380289133,1.03644774965517,1.03724319510891,1.04061941914589,1.04046916833796,1.0471243953009,1.20699125493663,1.06333380599152,1.06702820821,1.13389865602092,1.0832287806178,1.09003425838867,1.06777062396682,1.23424851915139,1.22567538481666,1.13017773895399,1.12967395683329,1.13274084097159,1.14711188883579,1.14155260894244,1.17357370759681,1.18154583869983,1.22982937774174,1.21864894997531,1.26017120266044,1.31912254906526,1.26568629113969,1.23276368763775,1.24694029327993,1.22818545713735,1.2526940153953,1.26011817296352,1.27020265366036,1.26045402771066,1.26324692508156,1.28811785293511,1.27500184123125,1.29517080262492,1.25690987630011,1.24717892691605,1.26469640346393,1.25553994246312,1.26082523558907,1.27995127961006,1.28720750980472,1.27070643578106,1.26746278598637,1.26678223820929,1.2627608195265,1.23423084258576,1.23384195814171,1.1995140676715,1.18815687424868,1.1351713687469,1.13372189036453,1.0937551754556,1.05161424297312,1.07776672183546,1.07043978537825,1.0388871157133,1.02594786966583,1.02074212108526,1.01700352745269,1.0243304639099,1.04087572934765,0.998858532824637,0.996657800402628,0.988641477885511,0.985636461726945,0.98903920061238,1.02553247037332,1.07859752042048,1.05423037468763,1.05407128559688,1.05613060549378,1.05472531852551,1.05348795893081,1.05286927913346,1.05114581398369,1.04809660641103,1.04633778812999,1.04292621096173,1.04052219803488,1.04374817126393,1.04301459378992,1.04152976227628,1.04438452762692,1.04479992691942,1.0430941383353,1.04033659409567,1.04133532005425,1.03994770965162,1.0340790898596,1.03635052854416,1.13974076096448,1.0374641521794,1.04036310894413,1.03803864056265
1.02832536774423,1.02310194259801,1.02243907138656,1.02161711108437,1.0204416194694,1.02418905138479,1.02441884673809,1.0310122057213,1.03167507693275,1.04687692338196,1.01855022694607,1.01801109169409,1.0119745445285,1.00897836665275,1.0083596868554,1.00910210261222,1.01088743574172,1.01044552160076,1.01071067008534,1.01318538927474,1.01482930987913,1.02530267502002,1.01594293351437,1.0158191975549,1.01615505230203,1.01621692028177,1.01524470917164,1.01615505230203,1.01440507230381,1.0167825703822,1.01626111169586,1.01596944836283,1.00851877594615,1.01628762654432,1.01469673563685,1.01526238573728,1.01319422755756,1.01459067624301,1.0183381081584,1.01945173179364,1.0201234412879,1.01950476149055,1.01095814200428,1.01467022078839,1.01639368593815,1.02008808815663,1.02407415370814,1.02562969148434,1.02509055623236,1.02528499845438,1.02600973764557,1.03042887905522,1.0324793606693,1.02850213340061,1.0348126673336,1.03802980227983,1.04162698338729,1.05560914680744,1.18425035324254,1.19721611413847,1.20284610029438,1.12316014239545,1.08247752657816,1.08201793587155,1.13020425380244,1.13052243198394,1.11519684957525,1.10223108867932,1.12993910531786,1.15674561710884,1.15049695115559,1.14957776974238,1.15102724812475,1.19188662959843,1.1652833983123,1.23325863147563,1.25021929620589,1.22026635573124,1.20862633725821,1.20441931463621,1.2699905348727,1.23692651884565,1.24336078873811,1.24850466933895,1.23752752207736,1.23837599722801,1.22378399229333,1.26109922235647,1.24249463702181,1.33759456015762,1.24163732358834,1.26877085184363,1.22240522017352,1.24489864994867,1.24230903308261,1.25493010094859,1.31805311684412,1.31667434472431,1.32320583572778,1.3219331230018,1.25074959317505,1.2256930613823,1.18672507243195,1.17612797133159,1.1703654109334,1.13626731581649,1.10202780817448,1.08618960536227,1.10594316746343,1.07842959304691,1.06922010234919,1.02656654946318,1.03029630481293,1.0253380281513,1.01952243805619,1.01384826048619,1.00231430140699,1.00711348897787,0.999795390803484,0.995225998585899,1.00540770039375,1.06518984538358,1.03303617248692,1.08933603404594,1.08946860828823,1.05567101478718,1.05674928529114,1.05438946377838,1.05548541084797,1.05461042084886,1.05260413064888,1.0505094576207,1.1199783605805,1.03942625096528,1.03810050854239,1.03951463379348,1.0425019733864,1.04352721419344,1.0468945999476,1.04697414449298,1.04479992691942,1.04076966995382,1.04060174258025,1.03704875288689,1.03733157793711,1.04038078550977,1.0410348184384,1.04007144561109,1.04314716803221,1.21559090411983
1.02587716340328,1.02137847744825,1.02204134865969,1.02512590936363,1.02615115017067,1.02583297198918,1.02620417986759,1.03406141329396,1.03398186874859,1.05575939761537,1.01885956684474,1.01892143482448,1.01931031926853,1.01471441220248,1.01458183796019,1.01460835280865,1.01419295351614,1.00963239958138,1.00977381210649,1.02714103784644,1.01878002229937,1.02532918986848,1.02137847744825,1.02026485381301,1.01583687412054,1.01846184411787,1.01822321048175,1.01691514462449,1.01898330280421,1.01914239189496,1.01927496613725,1.01846184411787,1.02356153330462,1.01952243805619,1.01827624017867,1.01370684796108,1.01334447836549,1.01402502614258,1.01974339512667,1.02100726956983,1.02050348744913,1.02050348744913,1.01778129634079,1.01880653714783,1.01918658330906,1.02053000229759,1.02322567855748,1.02513474764645,1.02368526926409,1.02960691875303,1.02912081319796,1.03140992844817,1.0317457831953,1.03040236420676,1.0304200407724,1.03905504308687,1.03853358440053,1.04052219803488,1.04059290429743,1.04108784813531,1.17976050557033,1.16596394608938,1.08061264890328,1.09115672030672,1.09569959767585,1.08245985001252,1.09383472000097,1.09226150565913,1.12675732350291,1.18865181808656,1.16558389992815,1.16644121336163,1.15150451539699,1.15158405994236,1.16424931922244,1.19318585717287,1.16737807134047,1.18265946233507,1.19979689272171,1.20217439080011,1.18951796980285,1.19028690040813,1.211277822104,1.25317128266754,1.21578534634185,1.21483965008018,1.21660730664405,1.21473359068635,1.22322718047571,1.20372992857631,1.24190247207292,1.20161757898249,1.20375644342477,1.20341175039481,1.20916547251019,1.23407175349501,1.30171997019403,1.26056892538731,1.35854129043939,1.25106777135655,1.25089984398298,1.20707963776483,1.18764425384516,1.23309954238488,1.14925075327806,1.131008537539,1.11766273048184,1.08394468152616,1.06900798356152,1.04628475843307,1.02215624633635,1.05320513388059,1.02524080704029,1.03008418602527,1.03111826511513,1.00387867746601,1.00523977302018,1.00722838665453,1.01345053775932,1.0363682051098,1.13497692652487,1.01697701260423,1.02037975148966,1.0839623580918,1.05409780044534,1.05648413680656,1.05902956225852,1.05289579398192,1.05316978074931,1.0562278266048,1.05452203802067,1.05240085014403,1.05378846054667,1.03858661409745,1.03764091783578,1.0402128581362,1.04041613864105,1.04395145176877,1.0466206131802,1.04274060702252,1.04055755116615,1.03860429066309,1.03661567702874,1.03606770349394,1.04019518157056,1.04072547853972,1.04479992691942,1.04751327974495,1.04868877135992,1.04998799893436
1.02714987612926,1.02372946067818,1.02685821279622,1.02612463532222,1.02804254269401,1.02683169794776,1.03012837743937,1.03430004693008,1.03433540006136,1.03226724188164,1.07911897910682,1.01933683411698,1.02028253037865,1.02089237189318,1.02100726956983,1.01968152714694,1.02676099168521,1.02904126865259,1.04522416449475,1.01822321048175,1.02161711108437,1.02496682027289,1.02471934835395,1.02444536158655,1.02113984381212,1.02219159946762,1.02246558623502,1.02191761270022,1.01974339512667,1.02156408138745,1.02109565239803,1.0227749261337,1.02298704492136,1.02392390290021,1.12315130411263,1.01580152098926,1.01401618785976,1.01436971917253,1.01839997613814,1.023004721487,1.0232345168403,1.02504636481826,1.02486959916187,1.02281027926497,1.025841810272,1.02237720340683,1.0260716056253,1.02661074087728,1.02751224572485,1.03267380289133,1.03133038390279,1.03116245652923,1.03117129481204,1.03114477996359,1.03303617248692,1.03589977612038,1.0388871157133,1.04114971611505,1.0415386005591,1.04197167641724,1.04499436914145,1.25505383690806,1.16576066558454,1.12932042552051,1.09426779585912,1.1332976527892,1.06117726498361,1.09831572939036,1.10989387988366,1.15108911610448,1.1683060910365,1.16937552325764,1.13749583712838,1.13618777127112,1.15852211195552,1.15486306286833,1.14149074096271,1.17293735123382,1.19282348757728,1.19682722969442,1.19786130878428,1.18120114566988,1.21454798674715,1.27976567567086,1.26790470012734,1.21742926694624,1.17591585254393,1.17306992547611,1.15998042862071,1.17256614335541,1.18217335678,1.19108234586187,1.18558493394826,1.19260253050679,1.19627925615963,1.28192221667877,1.22220193966867,1.23460205046417,1.26146159195206,1.24266256439538,1.21063262745819,1.18108624799323,1.19208991010327,1.12980653107558,1.12518410916107,1.12962976541919,1.11630163492767,1.09067945303448,1.06576433376683,1.03618260117059,1.02061838512579,1.01524470917164,1.02849329511779,1.01742776502801,1.01666767270555,1.01696817432141,1.01622575856459,0.99547347050484,1.02609812047376,1.02386203492047,1.0353606408684,1.03859545238027,1.04991729267181,1.04885669873349,1.05576823589819,1.058516941855,1.05954218266204,1.0533465464057,1.05273670489117,1.05628969458453,1.11464887604045,1.32256064108197,1.03932019157145,1.03806515541111,1.03868383520846,1.04116739268069,1.04183026389214,1.04342999308243,1.04574562318109,1.04369514156701,1.06435904679856,1.03818889137058,1.0359086144032,1.11183830210391,1.04041613864105,1.04183026389214,1.04685924681632,1.04809660641103,1.04784029620927,1.04705368903835
1.04243126712385,1.031515987842,1.03434423834418,1.04963446762159,1.03696920834151,1.03594396753447,1.03597048238293,1.03736693106838,1.03629749884725,1.03335435066841,1.03105639713539,1.02799835127991,1.02409183027377,1.02518777734337,1.02260699876013,1.02078631249935,1.0247900546165,1.02432162562708,1.16617606487705,1.0188860816932,1.02017647098482,1.02259816047731,1.0250198499698,1.02275724956806,1.02309310431519,1.02521429219183,1.02599206107993,1.02673447683675,1.02524080704029,1.02256280734603,1.02367643098127,1.02661074087728,1.02812208723938,1.02626604784733,1.02601857592838,1.11506427533296,1.0157750061408,1.0163229796756,1.08075406142839,1.02088353361036,1.02608044390812,1.02705265501824,1.02824582319885,1.02797183643145,1.02725593552309,1.02609812047376,1.02697311047287,1.02917384289488,1.03226724188164,1.03232910986137,1.03156017925609,1.03095917602438,1.03136573703407,1.03254122864904,1.03501594783845,1.03715481228072,1.03858661409745,1.04193632328597,1.04289969611327,1.03755253500759,1.0441017025767,1.17967212274214,1.06269744962853,1.0816732428416,1.0857476912213,1.07050165335799,1.07447004234386,1.06047020235807,1.1091779789753,1.14768637721905,1.14753612641112,1.13059313824649,1.1299567818835,1.14505256893889,1.1266159109778,1.1294529997628,1.12871058400598,1.1883513164707,1.1868841615227,1.19393711121251,1.17509389224173,1.16949042093429,1.18584124415002,1.17690574021969,1.17667594486639,1.18437408920201,1.16250817750703,1.15286561095116,1.14503489237325,1.16950809749993,1.16097031629647,1.15720520781544,1.17411284284879,1.18659249818966,1.19111769899315,1.20563015938246,1.21746462007752,1.31752281987496,1.31852154583354,1.22382818370742,1.22336859300082,1.19919588949,1.13892763894511,1.18162538324521,1.11116659260964,1.11091028240788,1.05665206418012,1.04777842822953,1.04670015772558,1.03862196722873,1.0263455923927,1.02676982996803,1.01500607553552,1.00488624170741,1.01017153483336,1.02274841128524,1.05138444761981,1.01094930372146,1.01098465685273,1.0404426534895,1.04268757732561,1.04541860671678,1.05168494923567,1.0546722888286,1.05697024236162,1.05839320589553,1.05655484306911,1.05346144408235,1.05270135175989,1.04984658640925,1.06594109942322,1.06773527083554,1.03834798046133,1.03775581551243,1.05283392600218,1.04562188722162,1.04217495692209,1.04434917449564,1.04508275196964,1.04959027620749,1.12334574633466,1.04732767580575,1.12985072248967,1.04345650793089,1.04390726035467,1.04420776197053,1.04829988691587,1.04787564934055,1.04687692338196,1.06768224113863
1.04362443530446,1.26740091800664,1.12062355522631,1.04061941914589,1.04212192722517,1.04441988075819,1.04318252116349,1.04125577550888,1.03884292429921,1.03550205339351,1.031515987842,1.02648700491781,1.02385319663765,1.0279011301689,1.0273973480482,1.02516126249491,1.02642513693807,1.02558550007024,1.0226865433055,1.02025601553019,1.02015879441918,1.0219529658315,1.02249210108348,1.02372062239536,1.02444536158655,1.03490105016179,1.02932409370281,1.03110058854949,1.0312420010746,1.02790996845172,1.02419788966761,1.02575342744381,1.02756527542176,1.02597438451429,1.0245160678491,1.02878495845083,1.02708800814952,1.02126357977159,1.02179387674075,1.02520545390901,1.03091498461028,1.03198441683142,1.03093266117592,1.03201093167988,1.03111826511513,1.02998696491426,1.02698194875569,1.02849329511779,1.03217002077063,1.03199325511424,1.03164856208429,1.03140992844817,1.03149831127636,1.03456519541466,1.0432797422745,1.03770278581552,1.04106133328686,1.04072547853972,1.04392493692031,1.04953724651058,1.04882134560221,1.05005870519692,1.05880860518804,1.06275047932545,1.07100543547869,1.07125290739763,1.04357140560754,1.06211412296246,1.11517033472679,1.07853565244074,1.08889411990498,1.10509469231278,1.10469696958591,1.10726890988633,1.11379156260698,1.12513107946416,1.12581162724125,1.13639105177596,1.1536610564049,1.14458413994947,1.14192381682085,1.14318769126401,1.14894141337939,1.25744901155209,1.1747580374946,1.15392620488948,1.14944519550009,1.15342242276878,1.12904643875311,1.19670349373495,1.13934303823761,1.1371864972297,1.16718362911845,1.17147903456864,1.17547393840296,1.30758858998605,1.19652672807857,1.178602690521,1.17839057173334,1.23923331066149,1.18524907920112,1.17872642648047,1.15022296438819,1.12457426764654,1.06609135023115,1.13068152107469,1.04915720034935,1.04464083782868,1.03877221803665,1.10794945766341,1.0301902454191,1.01691514462449,1.02633675410988,1.01283185796197,1.03886060086485,1.02855516309753,1.0327975388508,1.03291243652745,1.0437835243952,1.04470270580841,1.0456572403529,1.05199428913435,1.05095137176167,1.05493743731318,1.05948915296512,1.05766846670434,1.05786290892637,1.05588313357484,1.0545839060004,1.04651455378637,1.06395248578888,1.04015982843929,1.03818889137058,1.03818005308776,1.047168586715,1.04478225035379,1.04586935914056,1.04732767580575,1.05002335206564,1.05368240115283,1.05060667873171,1.04964330590441,1.04791984075464,1.04691227651324,1.04646152408946,1.04659409833175,1.05177333206386,1.04852084398636,1.07664425991741,1.06306865750694
1.0768210255738,1.26012701124634,1.26335298447539,1.26739207972382,1.04671783429122,1.0479463556031,1.04668248115994,1.04832640176433,1.04403099631414,1.03482150561642,1.03175462147812,1.02810441067374,1.03020792198474,1.03261193491159,1.03327480612304,1.03365485228427,1.02959808047021,1.02765365824996,1.02677866825085,1.0219971572456,1.02214740805353,1.02241255653811,1.02756527542176,1.03025211339884,1.03140992844817,1.05866719266293,1.0348568587477,1.03705759116971,1.03437959147545,1.03486569703052,1.02692891905877,1.02715871441208,1.02807789582528,1.03113594168077,1.02485192259624,1.03184300430631,1.03192254885169,1.02905010693541,1.02698194875569,1.02908546006669,1.03058796814597,1.03344273349661,1.03399954531422,1.03108291198385,1.03126851592306,1.03102104400412,1.03057912986315,1.03106523541821,1.03402606016268,1.0334869249107,1.03217002077063,1.03210815279089,1.03298314279,1.03644774965517,1.18680461697732,1.04169768964985,1.04152976227628,1.04391609863749,1.04951073166212,1.05167611095285,1.0538061371123,1.05446900832375,1.0567316087255,1.05764195185589,1.07590184416059,1.07543341517116,1.049272098026,1.09164282586178,1.05351447377927,1.05677580013959,1.07573391678702,1.10599619716035,1.10342425685993,1.08486386293937,1.08916810667238,1.11942154876288,1.14164983005345,1.10804667877443,1.14160563863936,1.1415349323768,1.15428857448507,1.14139351985169,1.14066878066051,1.15592365680664,1.15022296438819,1.15075326135735,1.13349209501123,1.13261710501212,1.1353569726861,1.11107820978145,1.14548564479704,1.12243540320427,1.13953748045964,1.13234311824472,1.21616539250308,1.1742100639598,1.29548898080641,1.2912289284875,1.16928714042945,1.1677581175017,1.16810281053166,1.16992349679244,1.15788575559253,1.11677006391709,1.08804564475432,1.09145722192258,1.03507781581818,1.06821253810778,1.02645165178653,1.0227307347196,1.01312352129501,1.01077253806507,1.05012057317665,1.02060070856015,1.02582413370636,1.07916317052091,1.05443365519248,1.05054481075198,1.05075692953964,1.04957259964185,1.05227711418456,1.05807502771403,1.05889698801623,1.05822527852196,1.05777452609818,1.05872906064266,1.05806618943121,1.05454855286913,1.05426572781891,1.05091601863039,1.13914859601559,1.04015099015647,1.03845403985516,1.04042497692386,1.04638197954408,1.0471243953009,1.04976704186388,1.04963446762159,1.05247155640659,1.05350563549645,1.05273670489117,1.05186171489206,1.05251574782068,1.0504652662066,1.05020895600484,1.05142863903391,1.05026198570176,1.0503238536815,1.05895001771314,1.05827830821888
1.09394961767762,1.06454465073777,1.25761693892566,1.04571910833263,1.0510574311555,1.05251574782068,1.05118116711497,1.05107510772114,1.0515612132762,1.27339327375813,1.04392493692031,1.03198441683142,1.03488337359616,1.03612073319086,1.03661567702874,1.03487453531334,1.03546670026223,1.14246295207283,1.01827624017867,1.01889491997602,1.02809557239092,1.02564736804997,1.02769784966405,1.03016373057064,1.03440610632391,1.03506013925254,1.03697804662433,1.03873686490538,1.03526341975739,1.03414095783933,1.09607964383708,1.02800718956273,1.02898823895567,1.03310687874947,1.03281521541644,1.03300081935564,1.03450332743493,1.03555508309042,1.13315624026409,1.0312861924887,1.03227608016446,1.03379626480938,1.03262077319441,1.03232910986137,1.02942131481382,1.02929757885435,1.03394651561731,1.03528109632302,1.03425585551598,1.03699572318997,1.0440575111626,1.03383161794066,1.0350424626869,1.0376939475327,1.04775191338108,1.0471243953009,1.04344766964807,1.04761933913879,1.04830872519869,1.0548578927678,1.05552076397925,1.05529096862595,1.05841972074399,1.07913665567245,1.07337409527426,1.07180088093243,1.06989181184345,1.05059784044889,1.05479602478807,1.04337696338552,1.05122535852906,1.05088066549911,1.05376194569821,1.06811531699677,1.07479705880817,1.12387604330382,1.12553764047385,1.1153117472519,1.10429040857622,1.13620544783676,1.14511443691863,1.18018474314566,1.19781711737019,1.13331532935484,1.11401251967746,1.11134335826603,1.12186091482101,1.13790239813807,1.12174601714436,1.1026818411031,1.1024962371639,1.11809580633999,1.11426882987922,1.12796816824916,1.190684623135,1.1485348523697,1.21628029017973,1.23895048561127,1.28037551718539,1.16855356295544,1.17746255203731,1.1158155293726,1.10837369523874,1.0965038814124,1.08591561859487,1.12054401068094,1.04009796045955,1.0338051030922,1.05525561549467,1.05057132560044,0.999751199389387,0.995535338484575,1.01376871594082,1.06575549548402,1.0667100300285,1.06641836669546,1.05248039468941,1.06184897447788,1.05862300124883,1.05736796508849,1.06072651255983,1.06039065781269,1.0610358524585,1.30222375231473,1.17144368143736,1.05364704802156,1.06195503387171,1.06275931760827,1.05353215034491,1.05387684337486,1.05197661256871,1.04032775581285,1.03865732036,1.03908155793533,1.20577157190757,1.04814963610794,1.05026198570176,1.0503238536815,1.05080112095374,1.05460158256604,1.05470764195987,1.05278089630526,1.05579475074665,1.05585661872638,1.05539702801978,1.05436294892992,1.05391219650614,1.05115465226651,1.1050151477674,1.0587909286224
1.23243667117344,1.21909086411627,1.22261733896118,1.05368240115283,1.04827337206741,1.05316978074931,1.05430108095019,1.05649297508938,1.05849042700654,1.05322281044623,1.19798504474375,1.23737727126943,1.040760831671,1.04041613864105,1.03934670641991,1.03579371672654,1.09596474616043,1.04926325974318,1.04870644792556,1.39812795918709,1.02813976380502,1.0281751169363,1.02772436451251,1.03132154561997,1.03323945299176,1.03605002692831,1.03789722803754,1.04009796045955,1.04008912217673,1.03577604016091,1.03754369672477,1.11289889604223,1.03763207955296,1.03475079935387,1.03498059470717,1.03709294430098,1.03732273965429,1.03765859440142,1.03807399369393,1.03446797430365,1.03522806662611,1.03568765733271,1.03201093167988,1.03108291198385,1.03041120248958,1.03118013309486,1.03363717571863,1.03432656177854,1.03846287813798,1.03958534005603,1.04031007924721,1.03780000692653,1.03729622480583,1.040760831671,1.05002335206564,1.05169378751849,1.04646152408946,1.04632011156435,1.05255993923478,1.05955985922768,1.06222902063911,1.05537935145414,1.05888814973341,1.05943612326821,1.06169872366995,1.06083257195366,1.05449552317221,1.0557240444841,1.05765079013871,1.05402709418279,1.04837059317843,1.04511810510092,1.03765859440142,1.04140602631681,1.07153573244785,1.08403306435435,1.11110472462991,1.1208003208827,1.11878519239989,1.12635076249322,1.15351080559697,1.14552983621113,1.14792501085517,1.11957179957081,1.10147099635686,1.10999110099468,1.10466161645463,1.11713243351268,1.11211228887131,1.10736613099734,1.10021596019652,1.09981823746965,1.0921554462653,1.0921996376794,1.12856033319805,1.13364234581916,1.21859592027839,1.27876694971227,1.14648437075562,1.14610432459439,1.14264855601204,1.0980594191886,1.09743190110843,1.09980056090401,1.12194045936639,1.12178137027564,1.03749950531067,1.06631230730163,1.05562682337308,1.02177620017511,1.00795312584571,0.996410328483687,0.973112614971979,1.00752888827038,1.05800432145148,1.06489818205054,1.06401435376861,1.06141589861973,1.06104469074132,1.05898537084442,1.05883512003649,1.06081489538802,1.05997525852018,1.1827213303148,1.0503238536815,1.0494577019652,1.0482645337846,1.04874180105684,1.04989077782335,1.05594500155458,1.05841088246117,1.04056638944897,1.03871035005692,1.0408050230851,1.07826166567334,1.04965214418723,1.0502354708533,1.05088950378193,1.05356750347618,1.05505233498983,1.05312558933522,1.05421269812199,1.05868486922857,1.05630737115017,1.05522026236339,1.05502582014137,1.05323164872905,1.05061551701453,1.1366385236949,1.3010217458513
1.05780104094663,1.06250300740651,1.06355476306201,1.05794245347174,1.05860532468319,1.05922400448054,1.08777165798692,1.05894117943033,1.0541243152938,1.05295766196165,1.21331062715244,1.04696530621016,1.04715091014936,1.04469386752559,1.0441017025767,1.04228985459874,1.04207773581108,1.23366519248532,1.04624056701897,1.03163972380147,1.03176345976094,1.03004883289399,1.03133038390279,1.03353995460762,1.0340348984455,1.03645658793799,1.03718132712918,1.04023937298466,1.04051335975206,1.03647426450363,1.03793258116882,1.0389754985415,1.03964720803577,1.03228491844728,1.03238213955829,1.03857777581463,1.03736693106838,1.03736693106838,1.03764091783578,1.03973559086396,1.040760831671,1.03717248884636,1.03463590167721,1.03368136713273,1.10881560937971,1.05643994539246,1.24039996399364,1.03880757116793,1.03993003308598,1.04063709571153,1.04358024389036,1.04058406601461,1.04091108247893,1.04738070550266,1.05002335206564,1.05274554317399,1.05088066549911,1.0486799330771,1.05275438145681,1.05681999155369,1.08802796818868,1.05950682953076,1.05910026852107,1.06045252579243,1.06449162104085,1.06192851902325,1.07545993001962,1.04445523388947,1.05610409064533,1.05449552317221,1.04141486459963,1.08425402142484,1.08408609405127,1.04481760348506,1.07031604941878,1.04686808509914,1.07099659719587,1.0672138121492,1.14419525550542,1.12552880219103,1.09934980848022,1.09885486464234,1.12287731734523,1.09653039626086,1.08671106404861,1.08154950688213,1.08131087324601,1.0984217887842,1.08979562475255,1.10591665261497,1.12429144259632,1.15973295670177,1.07322384446633,1.12864871602625,1.12596187804917,1.20279307059746,1.13868900530898,1.13843269510722,1.28477698202941,1.21263891765817,1.25709548023932,1.09020218576223,1.08960118253052,1.09642433686703,1.07378065628395,1.23951613571171,1.03647426450363,1.04429614479872,1.06877818820822,0.993193193537457,0.97964410597545,0.982313267386883,0.983197095668815,1.18531094718086,1.06350173336509,1.06199038700299,1.06790319820911,1.06401435376861,1.05805735114839,1.05910026852107,1.06149544316511,1.06146009003383,1.05596267812022,1.17451056557566,1.05109278428678,1.0494577019652,1.04819382752204,1.04845897600662,1.04815847439076,1.04491482459608,1.08098385678169,1.03995654793444,1.03835681874415,1.0685395545721,1.07191577860908,1.05235665872994,1.05069506155991,1.05272786660835,1.05420385983917,1.05403593246561,1.05321397216341,1.05242736499249,1.05304604478984,1.05341725266825,1.14861439691507,1.33755036874352,1.06243230114395,1.06207876983118,1.08055961920636,1.30305455089974
1.19737520322922,1.06354592477919,1.0646507101316,1.06476560780825,1.05623666488762,1.05764195185589,1.06879586477386,1.06267977306289,1.05913562165235,1.05244504155813,1.05313442761804,1.04367746500137,1.06161034084176,1.04961679105595,1.04783145792645,1.04709788045245,1.04625824358461,1.04369514156701,1.04604612479695,1.03795909601728,1.03627982228161,1.03544018541377,1.03201093167988,1.03232027157855,1.0364123965239,1.03610305662522,1.03597932066575,1.0374199607653,1.03786187490626,1.03823308278468,1.03808283197675,1.0404868449036,1.04099946530712,1.03440610632391,1.03452984228338,1.03717248884636,1.03754369672477,1.0353606408684,1.03720784197764,1.0415386005591,1.04105249500404,1.0392052938948,1.04069896369126,1.03913458763225,1.03835681874415,1.04029240268158,1.04064593399435,1.03978862056087,1.04062825742871,1.04212192722517,1.04345650793089,1.04457896984894,1.04439336590974,1.04904230267269,1.04999683721718,1.05214453994227,1.04967865903569,1.04997032236872,1.05741215650258,1.06618857134216,1.0669840167959,1.06716078245229,1.06395248578888,1.06160150255894,1.06429717881883,1.06270628791135,1.07506220729275,1.0692731320461,1.05857880983473,1.10161240888197,1.03997422450008,1.04366862671855,1.06479212265671,1.07212789739674,1.04240475227539,1.04651455378637,1.05960405064177,1.03941741268246,1.05669625559422,1.07065190416591,1.0536205331731,1.05397406448587,1.04697414449298,1.05359401832464,1.07037791739852,1.21432702967666,1.05882628175367,1.06762037315889,1.06260906680034,1.05918865134927,1.06224669720475,1.06453581245495,1.06448278275803,1.08115178415526,1.08386513698079,1.08450149334378,1.19689793595698,1.14259552631512,1.23698838682538,1.1590612472075,1.35938092730723,1.11500240735323,1.16678590639158,1.07803187032004,1.0549020841819,1.05331119327442,1.03729622480583,1.04618753732206,1.01147960069062,0.982622607285559,0.982383973649438,1.08693202111909,1.03741112248248,1.11477261199992,1.06172523851841,1.06170756195277,1.06211412296246,1.06151311973075,1.06334264427434,1.05915329821799,1.06106236730696,1.0616280174074,1.05720887599774,1.05326700186033,1.05132257964008,1.04810544469385,1.05240085014403,1.05067738499427,1.04792867903746,1.04522416449475,1.04131764348862,1.0396648846014,1.03932019157145,1.27597405234137,1.06167220882149,1.05066854671145,1.05030617711586,1.05195893600307,1.05333770812288,1.05186171489206,1.05292230883037,1.05390335822332,1.05177333206386,1.05681115327087,1.04160046853883,1.10246972231544,1.04769888368416,1.0611242352867,1.05676696185677,1.05805735114839
1.26231006710271,1.06495121174746,1.06521636023204,1.06584387831221,1.06483631407081,1.06695750194744,1.06646255810956,1.06473025467698,1.05996642023737,1.05854345670346,1.0531167510524,1.05297533852729,1.05188822974051,1.06606483538269,1.05306372135548,1.04803473843129,1.05185287660924,1.05158772812466,1.04858271196609,1.04546279813087,1.04516229651502,1.03766743268424,1.03393767733449,1.03610305662522,1.03727854824019,1.03732273965429,1.03571417218117,1.03592629096883,1.03612073319086,1.03824192106749,1.03967372288422,1.04074315510536,1.04065477227717,1.04012447530801,1.03626214571597,1.03726087167455,1.04015982843929,1.04032775581285,1.03962069318731,1.04090224419611,1.0419981912657,1.0418125873265,1.04200702954852,1.04038962379259,1.04031891753003,1.04015099015647,1.04132648177143,1.04099946530712,1.04069012540844,1.04155627712474,1.04346534621371,1.04531254732294,1.04791100247182,1.04827337206741,1.04959027620749,1.05061551701453,1.05276321973963,1.05986036084353,1.06385526467786,1.06472141639416,1.06472141639416,1.06477444609107,1.06161034084176,1.06180478306378,1.06041717266115,1.06267977306289,1.07414302587954,1.06767340285581,1.05853461842064,1.05991339054045,1.04979355671234,1.04513578166656,1.09688392757364,1.08925648950057,1.04648803893791,1.04989077782335,1.05921516619772,1.0317015917812,1.04137951146835,1.05468996539424,1.08954815283361,1.05588313357484,1.03771162409834,1.03853358440053,1.04398680490005,1.08093966536759,1.06800041932012,1.05615712034224,1.05697024236162,1.05375310741539,1.07925155334911,1.07789929607775,1.06680725113951,1.06840698032981,1.18242966698176,1.09424128101066,1.13804381066317,1.14204755278032,1.15673677882602,1.15610926074585,1.35808169973279,1.18746748818877,1.09663645565469,1.09387891141507,1.05460158256604,1.05718236114928,1.07063422760028,1.01583687412054,1.01666767270555,1.03152482612482,1.04102598015558,1.05274554317399,1.04563072550444,1.05767730498716,1.05895001771314,1.0589765325616,1.06141589861973,1.06064696801445,1.06169872366995,1.06070883599419,1.06193735730607,1.06138054548846,1.0603464663986,1.07069609558001,1.05625434145325,1.04986426297489,1.0515170218621,1.05146399216519,1.04737186721984,1.04699182105861,1.04072547853972,1.04329741884014,1.20332336756662,1.0474867648965,1.04868877135992,1.05263064549734,1.05049178105506,1.05132257964008,1.05096021004449,1.05114581398369,1.05077460610528,1.05266599862861,1.0721544122452,1.04026588783312,1.03963836975295,1.32076646966965,1.31725767139038,1.06390829437478,1.06455348902059,1.11896195805628
1.07481473537381,1.19069346141782,1.06805344901704,1.06823021467342,1.06599412912014,1.06598529083732,1.06804461073422,1.06283886215364,1.06192851902325,1.05886163488495,1.05674044700832,1.05672277044268,1.05733261195721,1.06000177336864,1.0587467372083,1.05350563549645,1.05264832206297,1.05324932529469,1.05575055933255,1.42032972562921,1.20837002705645,1.04145905601372,1.03786187490626,1.04008028389391,1.04092875904457,1.04112320126659,1.16176576175021,1.03407025157678,1.03618260117059,1.03775581551243,1.04062825742871,1.04013331359083,1.0402570495503,1.04017750500492,1.03837449530978,1.03827727419877,1.04026588783312,1.04221031005337,1.04559537237316,1.04455245500048,1.04909533236961,1.04871528620838,1.04395145176877,1.04400448146569,1.04041613864105,1.04099946530712,1.04311181490094,1.04209541237671,1.04112320126659,1.04243126712385,1.04327090399168,1.04454361671766,1.04933396600573,1.05020895600484,1.05045642792378,1.05197661256871,1.05430108095019,1.06174291508405,1.06212296124528,1.07834121021872,1.0623174034673,1.0623615948814,1.06035530468142,1.06138054548846,1.06357243962765,1.06400551548579,1.06487166720208,1.06218482922501,1.06177826821532,1.06166337053867,1.06101817589286,1.05560914680744,1.05520258579776,1.08177046395261,1.08130203496319,1.04357140560754,1.04727464610883,1.04664712802866,1.05259529236606,1.04709788045245,1.06887540931923,1.05573288276691,1.03413211955651,1.04275828358816,1.03771162409834,1.03326596784022,1.04841478459252,1.0486799330771,1.05164959610439,1.0489097284304,1.04759282429033,1.0589765325616,1.06019621559067,1.07231350133595,1.07848262274383,1.13309437228436,1.14616619257412,1.20721221200712,1.13653246430107,1.15551709579696,1.17543858527169,1.20008855605475,1.35800215518741,1.05219756963919,1.05291347054755,1.06517216881794,1.06556105326199,1.07325035931479,1.05306372135548,1.05497279044445,1.12133061785185,1.06366966073866,1.06218482922501,1.06297143639593,1.06250300740651,1.06266209649726,1.06441207649548,1.06294492154747,1.06343986538536,1.06483631407081,1.06585271659503,1.06207876983118,1.06195503387171,1.06386410296068,1.06203457841708,1.05320513388059,1.05286927913346,1.05397406448587,1.05438946377838,1.04859155024891,1.08467825900016,1.08210631869974,1.46019038114431,1.04697414449298,1.04637314126126,1.04946654024802,1.05332003155724,1.0562278266048,1.05270135175989,1.05225943761892,1.0518352000436,1.37014595578115,1.04187445530623,1.03818889137058,1.03794141945164,1.07134129022582,1.06284770043646,1.06383758811222,1.06648907295802,1.07024534315623
1.07531851749451,1.07521245810068,1.07523897294914,1.06762037315889,1.06624160103908,1.06722265043202,1.06669235346286,1.06226437377039,1.05834901448143,1.06125680952899,1.06804461073422,1.06144241346819,1.05980733114662,1.062087608114,1.0610800438726,1.05849042700654,1.05740331821976,1.05666974074576,1.05670509387704,1.05649297508938,1.05991339054045,1.07888918375351,1.04398680490005,1.04325322742604,1.0433239336886,1.04327090399168,1.08745347980543,1.02946550622792,1.03463590167721,1.03496291814153,1.04019518157056,1.04160930682165,1.03946160409656,1.04011563702519,1.04041613864105,1.03905504308687,1.03709294430098,1.03991235652034,1.04765469227006,1.04702717418989,1.04715091014936,1.04731883752293,1.04346534621371,1.04492366287889,1.04004493076263,1.04433149793,1.04688576166478,1.04747792661368,1.04395145176877,1.04259919449742,1.04447291045511,1.04651455378637,1.04913952378371,1.04992613095463,1.05392987307177,1.0554058663026,1.05772149640126,1.05869370751138,1.06191084245761,1.05941844670257,1.05981616942944,1.06351940993073,1.06188432760916,1.06038181952987,1.06415576629372,1.06487166720208,1.0710584651756,1.07023650487341,1.06022273043913,1.06065580629727,1.06517216881794,1.05815457225941,1.05662554933167,1.15307772973883,1.12026118563072,1.06216715265937,1.06183129791224,1.0526129689317,1.04296156409301,1.04572794661545,1.07458494002051,1.11798974694615,1.04310297661812,1.0412204223776,1.08055961920636,1.08036517698434,1.18119230738706,1.05890582629905,1.05940960841975,1.25211068872923,1.05934774044001,1.06656861750339,1.09397613252608,1.1351713687469,1.0862956647561,1.08914159182392,1.13834431227903,1.1367269065231,1.14120791591249,1.14218012702261,1.11883822209681,1.44733951792503,1.11844049936994,1.06823021467342,1.14295789591071,1.07268470921436,1.07333874214299,1.07399277507161,1.07415186416236,1.06697517851308,1.06503959457565,1.06602948225141,1.06747012235096,1.0648805054849,1.06525171336331,1.06167220882149,1.06071767427701,1.06381107326377,1.06808880214831,1.06762921144171,1.06450929760649,1.06624160103908,1.06328961457743,1.06229972690166,1.06258255195188,1.05770381983562,1.16667100871493,1.05865835438011,1.05797780660302,1.05415966842508,1.08398887294026,1.08409493233409,1.44397213217087,1.05324048701187,1.20481703736308,1.05710281660391,1.05782755579509,1.05871138407702,1.05569752963564,1.38076957172996,1.17871758819765,1.04045149177232,1.03891363056176,1.03741112248248,1.0746733228487,1.07837656334999,1.08260126253763,1.12284196421396,1.06739941608841,1.07132361366018
1.08185000849798,1.07686521698789,1.07432862981875,1.07145618790247,1.06852187800646,1.06809764043113,1.06608251194833,1.06157498771048,1.06170756195277,1.14758915610803,1.08050658950945,1.06610018851397,1.06456232730341,1.06271512619417,1.06427950225319,1.06442975306112,1.06244113942677,1.05895885599596,1.05802199801712,1.05859648640037,1.05918865134927,1.05905607710698,1.05195893600307,1.04978471842952,1.04647036237227,1.04645268580664,1.04699182105861,1.18763541556234,1.03706642945253,1.03707526773535,1.03812702339084,1.04070780197408,1.04008028389391,1.04010679874237,1.04038078550977,1.04052219803488,1.04107900985249,1.03797677258292,1.05431875751582,1.05093369519603,1.04998799893436,1.05080995923656,1.04661177489738,1.04779610479517,1.04900694954142,1.04930745115727,1.04839710802689,1.0472127781291,1.04765469227006,1.04436685106128,1.04695646792734,1.04667364287712,1.04967865903569,1.05190590630615,1.05401825589997,1.0567316087255,1.05850810357218,1.05860532468319,1.06157498771048,1.05935657872283,1.0644651061924,1.06342218881972,1.06174291508405,1.06244113942677,1.06284770043646,1.06420879599064,1.06795622790602,1.06562292124173,1.06449162104085,1.06173407680123,1.06480979922235,1.06238810972986,1.05818108710786,1.05569752963564,1.05634272428145,1.06333380599152,1.06010783276247,1.06894611558179,1.06751431376506,1.06734638639149,1.08103688647861,1.07827050395616,1.07734248426013,1.1788766772884,1.10225760352778,1.06947641255095,1.05295766196165,1.06283002387082,1.06216715265937,1.06307749578976,1.15123936691241,1.07427560012183,1.08178814051825,1.09576146565558,1.08344089940546,1.11799858522897,1.24632161348258,1.14279880681997,1.17793981930955,1.23542401076636,1.22511857299904,1.14224199500235,1.08154950688213,1.13848572480414,1.07705965920992,1.07697127638172,1.07897756658171,1.07513291355531,1.0741253493139,1.0685837459862,1.0679915810373,1.06944989770249,1.09926142565203,1.05698791892726,1.05702327205853,1.05859648640037,1.05822527852196,1.06064696801445,1.06845117174391,1.06851303972364,1.06559640639327,1.06482747578799,1.06323658488051,1.06338683568844,1.06473025467698,1.06365198417302,1.06651558780648,1.06216715265937,1.05902956225852,1.05598919296867,1.05533516004005,1.44642033651182,1.07267587093154,1.05715584630082,1.05720887599774,1.05647529852374,1.05885279660213,1.05849926528936,1.08997239040893,1.04971401216696,1.06993600325755,1.03964720803577,1.03830378904723,1.03740228419966,1.07822631254207,1.08203561243719,1.20123753282126,1.10864768200614,1.06922894063201,1.07671496617996
1.08227424607331,1.07903059627862,1.07915433223809,1.07287915143638,1.07138548163992,1.06982994386372,1.06832743578444,1.06010783276247,1.06106236730696,1.06473909295979,1.07177436608397,1.07109381830688,1.06741709265405,1.06453581245495,1.06397900063733,1.0649688883131,1.06560524467609,1.06447394447522,1.05757124559333,1.06069999771137,1.06075302740828,1.05887931145059,1.05179984691232,1.05248923297223,1.05022663257048,1.04708904216963,1.04581632944365,1.04350069934499,1.04372165641547,1.04299691722428,1.03878989460229,1.03826843591595,1.04213076550799,1.04310297661812,1.04306762348684,1.04049568318642,1.04003609247982,1.04189213187187,1.04780494307799,1.04964330590441,1.05150818357928,1.05017360287357,1.05088950378193,1.05025314741894,1.04941351055111,1.0505094576207,1.05017360287357,1.05084531236783,1.10123236272074,1.04807892984539,1.04904230267269,1.05007638176255,1.05232130559866,1.05106626943832,1.05226827590174,1.0564576219581,1.05765079013871,1.05833133791579,1.06459768043469,1.06432369366729,1.26447544639344,1.06264441993162,1.05982500771226,1.05907375367261,1.06107120558978,1.06118610326643,1.06925545548046,1.07081983153948,1.12285080249678,1.05974546316688,1.06239694801268,1.06526938992895,1.05756240731051,1.0590649153898,1.06252068397215,1.06274164104263,1.06488934376772,1.06787668336065,1.06695750194744,1.06921126406637,1.07053700648926,1.07538922375707,1.07470867597998,1.06806228729986,1.12120688189238,1.1176892453303,1.14440737429308,1.06365198417302,1.18144861758882,1.1749878328479,1.252464220042,1.19373383070766,1.14408035782877,1.2572722458957,1.16693615719951,1.15636557094761,1.23366519248532,1.15493376913088,1.15042624489303,1.2873842754611,1.13844153339004,1.29132614959852,1.12744670956282,1.08285757273939,1.07704198264428,1.07542457688834,1.2246854971409,1.08882341364242,1.07410767274827,1.07667077476587,1.07022766659059,1.07209254426546,1.07281728345665,1.07294101941612,1.05940077013693,1.05899420912724,1.05971011003561,1.06093863134749,1.06663048548313,1.07018347517649,1.06885773275359,1.06534893447433,1.06274164104263,1.06473025467698,1.06692214881616,1.06687795740207,1.06733754810867,1.06757618174479,1.06244997770959,1.05924168104618,1.05924168104618,1.05642226882682,1.06054974690344,1.05619247347352,1.05576823589819,1.05829598478452,1.05986036084353,1.06059393831754,1.05514955610084,1.04972285044978,1.07663542163459,1.04069896369126,1.03808283197675,1.03728738652301,1.08474896526272,1.08664035778605,1.08853175030938,1.08967188879308,1.07235769275004,1.07554831284781
1.07993210112619,1.08001164567157,1.08046239809535,1.07556598941345,1.07202183800291,1.06980342901526,1.06941454457121,1.06473909295979,1.06482747578799,1.07365692032448,1.11137871139731,1.07735132254295,1.07492079476764,1.06724916528048,1.06435020851574,1.06507494770693,1.06843349517827,1.06837162719853,1.06731103326021,1.06257371366906,1.06238810972986,1.05553844054489,1.05322281044623,1.05543238115106,1.05546773428234,1.05077460610528,1.05085415065065,1.04796403216874,1.04833524004715,1.04737186721984,1.04086689106483,1.04034543237849,1.0446054846974,1.04554234267625,1.04614334590796,1.04111436298377,1.04229869288156,1.04342999308243,1.04730116095729,1.05347028236517,1.05336422297134,1.05274554317399,1.05316978074931,1.05260413064888,1.05049178105506,1.05018244115639,1.04952840822776,1.05068622327709,1.05110162256959,1.16326826982949,1.05324048701187,1.05250690953787,1.05276321973963,1.05108394600396,1.05283392600218,1.05530864519159,1.05646646024092,1.05988687569199,1.0659764525545,1.06674538315978,1.06786784507783,1.06766456457299,1.06209644639682,1.05600686953431,1.06004596478274,1.0626355816488,1.06541964073688,1.06796506618884,1.06690447225053,1.25762577720848,1.06648907295802,1.06592342285758,1.05904723882416,1.05704978690699,1.06567595093864,1.06856606942056,1.06937919143993,1.06961782507606,1.06876051164258,1.17889435385404,1.07226047163903,1.07315313820378,1.07970230577289,1.08097501849887,1.17348532476862,1.10041040241854,1.23660834066415,1.24333427388965,1.19240808828477,1.10996458614622,1.09818315514807,1.09808593403706,1.15701960387624,1.13195423380067,1.25212836529486,1.13001864986324,1.13495041167642,1.1348973819795,1.14541493853448,1.32236619885994,1.24374083489934,1.24252115187027,1.09128045626619,1.12878129026854,1.08927416606621,1.06607367366551,1.06777946224964,1.06829208265316,1.07530084092887,1.07555715113063,1.07169482153859,1.07248142870951,1.07195113174035,1.07449655719232,1.06184897447788,1.06229088861884,1.0610358524585,1.06275047932545,1.0679915810373,1.07146502618529,1.0711468480038,1.23299348299105,1.06480096093953,1.0653842876056,1.06801809588576,1.06936151487429,1.06926429376328,1.06807996386549,1.06621508619062,1.06539312588842,1.06375804356685,1.06400551548579,1.0572353908462,1.05316094246649,1.05383265196076,1.05907375367261,1.06077954225674,1.06018737730785,1.06502191801001,1.0533023549916,1.08115178415526,1.04105249500404,1.03931135328863,1.0420865740939,1.24178757439627,1.15454488468683,1.10651765584669,1.17869107334919,1.08002932223721,1.08195606789182
1.08302550011295,1.07832353365308,1.0803916918328,1.07853565244074,1.07721874830066,1.0770508209271,1.07699779123018,1.07539806203989,1.08327297203189,1.1174152585629,1.08532345364597,1.08365301819312,1.07698011466454,1.0760432566857,1.07708617405837,1.07161527699322,1.07126174568045,1.0721544122452,1.06987413527781,1.06518100710076,1.06579084861529,1.0718362340637,1.0595245060964,1.0595245060964,1.05727958226029,1.05561798509026,1.05434527236428,1.05309023620394,1.0526129689317,1.05103975458986,1.04388074550622,1.04334161025424,1.04319135944631,1.04598425681721,1.04688576166478,1.04659409833175,1.0471243953009,1.0456572403529,1.04975820358106,1.0512872265088,1.05168494923567,1.05396522620305,1.0557240444841,1.05471648024269,1.05502582014137,1.04887437529913,1.04952840822776,1.05149934529646,1.05654600478629,1.05821644023914,1.05742983306822,1.05562682337308,1.05557379367617,1.05254226266914,1.05594500155458,1.05631620943299,1.0587025457942,1.06262674336598,1.06461535700032,1.06573781891838,1.06866329053157,1.06874283507694,1.06413808972808,1.05987803740917,1.058516941855,1.06314820205232,1.06417344285936,1.06499540316155,1.06506610942411,1.06716078245229,1.06755850517916,1.06790319820911,1.06583504002939,1.06552570013071,1.06535777275715,1.06603832053423,1.05861416296601,1.07088169951922,1.06883121790514,1.0702806962875,1.15274187499169,1.07762530931035,1.08224773122485,1.08512017314113,1.20058349989263,1.10233714807315,1.10325632948636,1.2429011980315,1.11515265816115,1.11114891604401,1.10682699574536,1.10381314130398,1.10283209191103,1.15465094408066,1.22975867147918,1.12884315824827,1.13096434612491,1.13277619410286,1.14583033782699,1.13181282127556,1.26096664811418,1.22119437542727,1.09765285817892,1.3709944309318,1.08321994233498,1.06925545548046,1.06820369982496,1.06801809588576,1.07302056396149,1.07575159335266,1.07458494002051,1.07053700648926,1.07005973921702,1.06886657103641,1.06914939608663,1.06631230730163,1.06870748194567,1.06834511235007,1.0690875281069,1.07516826668658,1.0736215671932,1.0756808870901,1.1163193114933,1.06346638023381,1.06829208265316,1.06808880214831,1.06787668336065,1.07013928376239,1.06945873598531,1.06499540316155,1.06457116558623,1.06466838669724,1.06402319205143,1.05589197185766,1.05580358902947,1.05636923912991,1.06168104710431,1.06230856518448,1.06940570628839,1.05184403832642,1.04687692338196,1.04496785429299,1.04330625712296,1.0441017025767,1.13568398915042,1.1284454355214,1.12698711885621,1.17291967466818,1.11772459846157,1.08436891910149
1.08444846364686,1.08072754657993,1.07825282739052,1.08022376445923,1.0785179758751,1.08004699880284,1.08037401526716,1.08307852980987,1.08315807435524,1.08768327515873,1.08905320899572,1.08402422607153,1.07496498618174,1.07449655719232,1.07372762658704,1.07624653719054,1.07632608173591,1.0754510917368,1.07331222729453,1.08694969768473,1.06479212265671,1.06518984538358,1.06161917912458,1.06017853902503,1.05830482306733,1.05856997155191,1.05918865134927,1.05783639407791,1.05583894216075,1.05487556933344,1.05289579398192,1.04597541853439,1.04684157025069,1.0466648045943,1.04988193954053,1.04778726651235,1.04845897600662,1.04831756348151,1.04939583398547,1.04978471842952,1.05166727267003,1.05821644023914,1.06092095478185,1.05768614326998,1.05659019620039,1.05157005155902,1.05127838822598,1.05255110095196,1.05308139792112,1.05799548316866,1.05895885599596,1.05876441377394,1.05863183953165,1.05112813741805,1.05560030852462,1.05625434145325,1.05862300124883,1.06555221497917,1.06539312588842,1.06800041932012,1.06610902679679,1.06885773275359,1.06779713881528,1.06456232730341,1.06499540316155,1.06411157487962,1.06466838669724,1.06462419528314,1.06470373982852,1.06525171336331,1.06644488154392,1.06746128406814,1.17898273668223,1.18478948849452,1.06290073013338,1.06227321205321,1.07254329668925,1.07438165951566,1.07512407527249,1.07255213497207,1.09808593403706,1.07619350749362,1.25776718973359,1.09047617252963,1.16995884992371,1.09913768969256,1.22002772209512,1.10924868523785,1.11556805745366,1.11589507391798,1.11179411068982,1.24225600338569,1.11259839442637,1.15339590792032,1.15899054094495,1.12973582481302,1.12965628026765,1.13358047783942,1.15841605256169,1.17243356911312,1.35575723135131,1.09992429686348,1.23907422157074,1.15802716811764,1.07711268890683,1.0741253493139,1.07142083477119,1.06665700033159,1.07101427376151,1.07272006234563,1.06687795740207,1.07179204264961,1.06798274275448,1.06769107942144,1.06846001002673,1.0703248877016,1.06855723113774,1.07253445840643,1.07154457073067,1.07423140870774,1.07381600941523,1.07414302587954,1.07447888062668,1.07086402295358,1.0692731320461,1.06629463073599,1.06497772659592,1.10572221039295,1.06641836669546,1.06585271659503,1.06518100710076,1.0654284790197,1.07419605557646,1.06092095478185,1.05805735114839,1.05705862518981,1.06131867750872,1.06275931760827,1.12259449229502,1.35249590499098,1.0508276358022,1.09353421838512,1.18617709889715,1.09571727424149,1.13319159339537,1.13570166571606,1.14282532166842,1.29624907312887,1.07869474153149,1.08481967152527
1.08355579708211,1.08405074091999,1.07771369213855,1.07683870213943,1.07928690648038,1.079843718298,1.08187652334644,1.083414384557,1.08324645718344,1.0911036906098,1.22965261208535,1.08838149950146,1.14887070711683,1.07945483385395,1.08968956535871,1.08129319668037,1.08185000849798,1.07995861597465,1.07930458304602,1.0800735136513,1.23715631419895,1.07072261042847,1.0657466572012,1.06360779275892,1.05849042700654,1.05905607710698,1.0595686975105,1.05568869135282,1.05268367519425,1.05254226266914,1.05387684337486,1.05371775428411,1.05030617711586,1.05257761580042,1.05240968842685,1.05001451378282,1.05202964226562,1.05076576782246,1.05326700186033,1.05225059933611,1.05555611711053,1.05853461842064,1.06140706033691,1.06107120558978,1.06015202417657,1.05932122559156,1.05521142408058,1.05234782044712,1.0522947907502,1.05347912064799,1.0587467372083,1.06445626790958,1.06049671720652,1.06086792508494,1.06197271043735,1.06494237346464,1.0597984928638,1.0662062479078,1.06810647871395,1.06875167335976,1.07069609558001,1.07015696032803,1.06807112558268,1.07091705265049,1.06916707265227,1.06828324437034,1.06509262427257,1.06897263043025,1.1112372988722,1.07477938224253,1.23785453854167,1.23999340298395,1.24011713894342,1.12324852522365,1.08094850365041,1.06702820821,1.079843718298,1.07642330284693,1.07740435223987,1.07689173183635,1.0775104116337,1.09625640949346,1.17067475083208,1.09314533394107,1.09861623100622,1.16257888376959,1.22058453391274,1.11438372755587,1.11692031472502,1.11953644643953,1.11843166108712,1.11661981310916,1.21578534634185,1.19211642495173,1.14626341368514,1.14598942691774,1.13600216733191,1.13561328288786,1.16498289669644,1.30750020715786,1.26107270750801,1.09658342595778,1.08938906374286,1.21748229664316,1.07835004850154,1.07769601557291,1.07570740193856,1.07294985769894,1.07173017466987,1.07127058396327,1.07086402295358,1.07095240578177,1.07069609558001,1.06605599709987,1.07074028699411,1.07142967305401,1.07307359365841,1.07279960689101,1.07126174568045,1.07346247810246,1.07331222729453,1.07693592325045,1.07407231961699,1.07397509850598,1.06989181184345,1.06552570013071,1.06502191801001,1.06406738346553,1.06607367366551,1.0646065187175,1.06447394447522,1.06544615558534,1.07803187032004,1.06520752194922,1.05934774044001,1.05836669104707,1.06075302740828,1.06648907295802,1.06223785892193,1.05857880983473,1.09832456767318,1.20883845604587,1.10022479847934,1.10932822978323,1.11374737119288,1.10984085018675,1.10185104251809,1.29130847303288,1.08441311051558,1.08477548011118
1.08619844364509,1.08632217960456,1.08668454920015,1.07985255658082,1.08031214728742,1.19452043787858,1.08905320899572,1.09040546626708,1.09206706343711,1.09384355828379,1.09555818515074,1.0949925350503,1.08748883293671,1.08626031162482,1.08728555243186,1.08583607404949,1.08543835132263,1.0836441799103,1.08215051011384,1.07884499233942,1.07996745425747,1.07176552780115,1.07123523083199,1.06440323821266,1.06458884215187,1.06171640023559,1.06319239346641,1.05971894831842,1.05184403832642,1.05848158872372,1.27927073183297,1.05818992539068,1.05375310741539,1.0518352000436,1.05660787276603,1.0559096484233,1.05561798509026,1.05731493539157,1.05642226882682,1.0541685067079,1.05400941761715,1.05993990538891,1.05973662488406,1.06166337053867,1.06176059164969,1.06936151487429,1.06353708649637,1.05860532468319,1.05248039468941,1.05240085014403,1.06009015619684,1.06033762811578,1.06203457841708,1.06209644639682,1.06470373982852,1.0711026565897,1.07407231961699,1.06807112558268,1.0679473896232,1.09006077323713,1.07243723729542,1.07121755426635,1.07033372598442,1.07013044547958,1.07051932992363,1.07189810204344,1.17028586638803,1.05589197185766,1.05359401832464,1.05267483691143,1.05234782044712,1.19403433232352,1.05354098862772,1.23705025480512,1.0859774865746,1.07978185031826,1.08092198880196,1.08014421991386,1.08171743425569,1.08957466768206,1.1534312610516,1.51681725916764,1.1055631213022,1.10161240888197,1.23806665732934,1.23789872995577,1.27014962396344,1.11923594482368,1.12338993774875,1.1228596407796,1.1227712579514,1.12172834057872,1.12131294128622,1.19519214737285,1.14558286590805,1.14551215964549,1.13683296591693,1.13419915763677,1.15453604640401,1.17849663112717,1.28754336455185,1.25414349377767,1.09016683263096,1.08891179647061,1.21214397382029,1.0865696515235,1.07453191032359,1.07401045163725,1.07015696032803,1.06987413527781,1.06896379214743,1.06915823436945,1.06947641255095,1.07214557396238,1.06975923760116,1.07170365982141,1.073435963254,1.07475286739408,1.07532735577733,1.07300288739585,1.07208370598264,1.22687739128009,1.07994093940901,1.08055961920636,1.07252562012361,1.06712542932101,1.06516333053512,1.06335148255716,1.06336032083998,1.06345754195099,1.06096514619595,1.0657466572012,1.06789435992629,1.06635649871573,1.062821185588,1.06246765427523,1.06560524467609,1.0679473896232,1.08110759274116,1.08361766506185,1.08721484616931,1.06468606326288,1.35805518488433,1.35908042569137,1.1233634229003,1.17202700810343,1.10521842827225,1.0868436382909,1.0860216779887,1.08926532778339
1.09129813283183,1.11455165492944,1.08457219960633,1.10331819746609,1.12906411531875,1.10509469231278,1.09533722808026,1.09730816514896,1.09723745888641,1.09667180878597,1.09347235040538,1.0929774065675,1.08946860828823,1.08996355212611,1.08852291202657,1.08856710344066,1.0873474204116,1.08716181647239,1.08413912374819,1.08450149334378,1.08228308435613,1.07199532315445,1.07180971921524,1.20069839756928,1.06857490770338,1.06815067012805,1.0621317995281,1.06657745578621,1.06703704649282,1.06228205033603,1.0625471988206,1.05953334437922,1.05814573397659,1.05687302125061,1.05829598478452,1.05861416296601,1.05495511387881,1.05957753579332,1.05841088246117,1.0525687775176,1.05303720650702,1.05918865134927,1.05864067781447,1.06024924528758,1.06026692185322,1.06467722498006,1.06468606326288,1.06289189185056,1.13213983773987,1.05752705417924,1.05669625559422,1.06235275659858,1.06305981922412,1.06601180568578,1.06854839285492,1.0629095684162,1.06206109326554,1.06393480922324,1.08981330131818,1.16347155033434,1.07377181800113,1.07158876214476,1.07252562012361,1.07204835285137,1.07386020082932,1.09641549858421,1.10465277817181,1.05626317973607,1.05291347054755,1.05196777428589,1.05092485691321,1.05058900216607,1.14785430459261,1.08499643718166,1.10169195342734,1.07903943456144,1.08175278738697,1.08299898526449,1.0836441799103,1.08566814667593,1.08623379677636,1.33037368309424,1.13843269510722,1.10710098251276,1.1102297346308,1.11443675725279,1.22719556946158,1.12425608946505,1.12610329057428,1.12759696037075,1.12787978542097,1.1261121288571,1.18930585101519,1.17747139032013,1.14557402762523,1.23129653268974,1.13586959308962,1.13602868218037,1.15679864680576,1.19699515706799,1.15806252124892,1.25791744054151,1.10022479847934,1.09220847596222,1.0932513933349,1.07528316436323,1.07438165951566,1.07229582477031,1.06993600325755,1.06873399679412,1.06942338285403,1.07144734961965,1.07138548163992,1.06817718497651,1.06994484154037,1.06955595709632,1.07131477537736,1.07367459689012,1.07391323052624,1.07534503234297,1.07393090709188,1.07681218729098,1.07701546779582,1.07721874830066,1.07580462304957,1.07395742194034,1.06581736346375,1.06424414912191,1.06355476306201,1.06290073013338,1.06069999771137,1.06216715265937,1.06343986538536,1.06363430760738,1.06250300740651,1.06203457841708,1.06513681568666,1.06774410911836,1.06939686800557,1.12209954845713,1.11465771432327,1.15405877913177,1.17619867759415,1.08133738809446,1.08573001465566,1.16104986084185,1.09341932070846,1.08789539394639,1.09053804050937,1.09341048242565
1.09587636333223,1.094762739697,1.09743190110843,1.09669832363443,1.11495821593913,1.16014835599428,1.10125887756919,1.10246972231544,1.09864274585468,1.09916420454102,1.10064019777184,1.10092302282206,1.0958144953525,1.09237640333579,1.08928300434903,1.08898250273317,1.08876154566269,1.08814286586533,1.08633101788738,1.08616309051381,1.08733858212878,1.20074258898338,1.07465564628306,1.07783742809802,1.07719223345221,1.07116452456943,1.0731177850725,1.07440817436412,1.07076680184257,1.06917591093509,1.06882237962232,1.06296259811311,1.06209644639682,1.06199038700299,1.06200806356863,1.05830482306733,1.06123029468053,1.06132751579154,1.06092095478185,1.05939193185411,1.05877325205676,1.05939193185411,1.05892350286469,1.06090327821621,1.05976313973252,1.06215831437656,1.06755850517916,1.06289189185056,1.06385526467786,1.06218482922501,1.062821185588,1.06278583245673,1.06686911911925,1.06752315204788,1.06674538315978,1.0654284790197,1.0643767233642,1.06621508619062,1.06974156103553,1.06785900679501,1.06939686800557,1.07083750810512,1.07177436608397,1.07200416143727,1.07371878830422,1.07341828668836,1.06226437377039,1.05866719266293,1.07789929607775,1.076273052039,1.08948628485387,1.08420099172792,1.08149647718521,1.06438556164702,1.10246088403262,1.08053310435791,1.08000280738875,1.08519087940368,1.08612773738253,1.08553557243364,1.0927476112142,1.10206316130575,1.10695956998765,1.10578407837268,1.11428650644486,1.11801626179461,1.12111849906419,1.12579395067561,1.12744670956282,1.12895805592492,1.13351860985969,1.13477364602003,1.13521556016099,1.15921149801543,1.14629876681641,1.13305901915308,1.1392016257125,1.22725743744132,1.15709914842161,1.1057929166555,1.09239407990142,1.2562646816543,1.25516873458471,1.07077564012538,1.06976807588398,1.07425792355619,1.07016579861085,1.06839814204699,1.06913171952099,1.06869864366285,1.07158876214476,1.07094356749895,1.07594603557468,1.0654726704338,1.06828324437034,1.0687251585113,1.07359505234475,1.07286147487074,1.07457610173769,1.07541573860552,1.07657355365485,1.07717455688657,1.07441701264694,1.07703314436146,1.07718339516939,1.07535387062579,1.06791203649193,1.0678059770981,1.06348405679945,1.06222902063911,1.06343102710254,1.06140706033691,1.06024924528758,1.06518984538358,1.06105352902414,1.05996642023737,1.06596761427168,1.07081099325666,1.07281728345665,1.07424908527337,1.07731596941168,1.07990558627774,1.08326413374907,1.08329064859753,1.08725019930058,1.14632528166487,1.15382898377847,1.09066177646884,1.09597358444325,1.1937956986874
1.09929677878331,1.0989255709049,1.09927910221767,1.1002071219137,1.10045459383264,1.16307382760747,1.10802900220879,1.10723355675505,1.10448485079824,1.10284976847667,1.10615528625109,1.10826763584491,1.09846598019829,1.09866042242032,1.0942589575763,1.09291553858776,1.09086505697368,1.09023753889351,1.08992819899484,1.08838149950146,1.09017567091378,1.08852291202657,1.0862956647561,1.09069712960012,1.08174394910415,1.08002932223721,1.08049775122663,1.08136390294292,1.28003966243825,1.16064329983216,1.08371488617286,1.07230466305313,1.06981226729808,1.06633882215009,1.05790710034047,1.05708514003827,1.06071767427701,1.0600724796312,1.05916213650081,1.05765079013871,1.05849926528936,1.05971894831842,1.06020505387349,1.06163685569022,1.06488934376772,1.06256487538624,1.06331612942588,1.06329845286025,1.06199038700299,1.24318402308172,1.07372762658704,1.24001991783241,1.06600296740296,1.06737290123995,1.06647139639238,1.06815950841087,1.06835395063289,1.06906985154126,1.06796506618884,1.06783249194655,1.06862793740029,1.07155340901348,1.07161527699322,1.07272006234563,1.07318849133506,1.07317081476942,1.08930068091466,1.08622495849354,1.07510639870685,1.24656908540152,1.15142497085161,1.20907708968199,1.08448381677814,1.32873860077267,1.1243267957276,1.07568972537292,1.08375907758696,1.08660500465477,1.0844661402125,1.08280454304247,1.0986515841375,1.10088766969078,1.106111094837,1.10864768200614,1.11700869755321,1.11673471078581,1.12276241966858,1.12691641259366,1.13172443844737,1.13196307208349,1.13169792359891,1.13637337521032,1.14919772358115,1.15022296438819,1.1507797762058,1.13922814056096,1.13887460924819,1.16924294901535,1.37011060264987,1.09983591403529,1.09329558474899,1.09219079939658,1.33234462016295,1.07037791739852,1.06944989770249,1.07083750810512,1.06792971305757,1.06783249194655,1.07103195032715,1.0700067095201,1.07159760042758,1.07795232577467,1.06445626790958,1.06487166720208,1.06571130406992,1.06839814204699,1.07276425375973,1.07709501234119,1.07713920375529,1.07550412143372,1.07812025314823,1.07788161951211,1.07417837901082,1.0768210255738,1.07817328284515,1.07758111789626,1.07486776507073,1.06994484154037,1.07074912527693,1.06330729114307,1.06458884215187,1.06500424144437,1.06465954841442,1.06585271659503,1.06693098709898,1.12376114562717,1.06905217497562,1.06948525083377,1.33178780834533,1.07760763274471,1.07903943456144,1.08269848364864,1.08582723576667,1.08706459536138,1.08897366445035,1.09177540010407,1.09361376293049,1.09201403374019,1.09409103020273,1.09908465999564
1.10486489695947,1.1037335967586,1.10269067938592,1.09932329363177,1.09920839595511,1.12273590482013,1.1094077743286,1.10802900220879,1.10476767584846,1.10636740503876,1.10624366907929,1.11071584018586,1.11026508776207,1.10104675878153,1.09851017161239,1.09645085171549,1.09563772969611,1.09381704343533,1.09245594788116,1.09106833747853,1.09513394757541,1.09218196111376,1.08887644333934,1.08889411990498,1.08889411990498,1.08843452919837,1.08499643718166,1.08550021930236,1.27851947779333,1.07949902526805,1.07663542163459,1.07083750810512,1.06923777891482,1.06981226729808,1.05628969458453,1.06321007003205,1.06248533084087,1.05937425528847,1.05890582629905,1.05754473074487,1.06023156872194,1.06045252579243,1.06248533084087,1.06374920528403,1.06658629406903,1.06555221497917,1.06473909295979,1.0635989544761,1.05971011003561,1.05710281660391,1.07703314436146,1.07593719729186,1.27575309527089,1.06531358134305,1.06674538315978,1.06878702649104,1.06888424760205,1.06923777891482,1.06785016851219,1.06846884830954,1.06855723113774,1.07142083477119,1.07251678184079,1.07279076860819,1.07233117790158,1.07377181800113,1.07401045163725,1.07971998233853,1.0790659494099,1.07924271506629,1.07684754042225,1.07028953457032,1.06996251810601,1.26988447547886,1.28855976707607,1.08378559243541,1.08657848980632,1.08983981616664,1.08696737425037,1.08723252273495,1.09208474000275,1.10021596019652,1.14854369065252,1.11083957614533,1.11569179341313,1.11707056553295,1.1246449739091,1.1328380620826,1.1343935998588,1.13290876834515,1.13024844521654,1.1472533013609,1.14719143338116,1.24831022711692,1.21833077179381,1.13885693268255,1.14005893914598,1.13566631258478,1.10610225655418,1.19867443080366,1.08954815283361,1.09245594788116,1.11992533088358,1.06967085477297,1.0685395545721,1.07005973921702,1.0678059770981,1.06686028083643,1.06689563396771,1.06617973305934,1.06511030083821,1.06362546932456,1.06343986538536,1.06336032083998,1.06357243962765,1.06782365366373,1.07046630022671,1.10925752352067,1.21307199351632,1.07806722345132,1.0780583851685,1.0772364248663,1.07596371214032,1.07686521698789,1.07767833900727,1.07698011466454,1.07699779123018,1.07652052395794,1.07037791739852,1.07077564012538,1.08491689263629,1.07119987770071,1.06924661719764,1.07071377214565,1.07232233961876,1.09882834979388,1.07116452456943,1.20279307059746,1.33159336612331,1.08428053627329,1.08540299819135,1.08636637101865,1.08980446303537,1.09415289818247,1.09254433070935,1.08984865444946,1.09128045626619,1.13043404915575,1.09905814514719,1.10467045473745
1.11045069170128,1.10897469847045,1.09972101635863,1.09920839595511,1.09991545858066,1.12394674956637,1.10954918685371,1.1073926458458,1.1073042630176,1.10689770200792,1.11177643412418,1.10932822978323,1.10834718039028,1.10612877140264,1.10216922069958,1.10119700958946,1.09957076555071,1.09829805282473,1.09410870676837,1.09243827131552,1.09534606636307,1.09610615868554,1.09365795434459,1.09207590171993,1.09228802050759,1.08972491848999,1.08654313667504,1.08526158566624,1.08749767121952,1.08660500465477,1.07995861597465,1.07099659719587,1.06945873598531,1.06868096709721,1.06948525083377,1.06365198417302,1.06241462457832,1.05754473074487,1.05993990538891,1.0592947107431,1.06405854518271,1.06324542316333,1.06385526467786,1.06478328437389,1.06787668336065,1.06952944224786,1.06789435992629,1.067761785684,1.10553660645374,1.05596267812022,1.05542354286824,1.05593616327176,1.21517550482732,1.06877818820822,1.06975039931834,1.07089937608486,1.07222511850775,1.06815950841087,1.06802693416858,1.06838930376417,1.07093472921613,1.0744435274954,1.07578694648394,1.07713920375529,1.07698011466454,1.07533619406015,1.07623769890772,1.07798767890594,1.0790659494099,1.08246868829534,1.08118713728654,1.1595650293282,1.07090821436767,1.0761846692108,1.10846207806693,1.0864812686953,1.08953047626797,1.08654313667504,1.08613657566535,1.0893183574803,1.09338396757719,1.2895319781862,1.25412581721203,1.19004826677201,1.17620751587697,1.1709575758823,1.13069035935751,1.1320161017804,1.13385446460682,1.13221938228525,1.18869600950066,1.14559170419087,1.14697047631068,1.27652202587617,1.12530784512055,1.14017383682263,1.13985565864113,1.13600216733191,1.18882858374295,1.08725019930058,1.08585375061513,1.08078941455967,1.08168208112442,1.07769601557291,1.07496498618174,1.0708728612364,1.07135896679146,1.06760269659325,1.06678073629106,1.06610902679679,1.06482747578799,1.06330729114307,1.06198154872017,1.06153079629638,1.22964377380253,1.08819589556225,1.08934487232876,1.12050865754966,1.20639025170492,1.07825282739052,1.07896872829889,1.07766950072445,1.07881847749096,1.07720991001784,1.07946367213677,1.07924271506629,1.07985255658082,1.08279570475965,1.08170859597287,1.07454074860641,1.07222511850775,1.07089937608486,1.07104078860996,1.07280844517383,1.08109875445834,1.09366679262741,1.10108211191281,1.11994300744922,1.12544925764565,1.2083965419049,1.08795726192613,1.08983097788382,1.09130697111465,1.09346351212256,1.09237640333579,1.09335745272873,1.19894841757106,1.11690263815938,1.10521842827225,1.10680931917972
1.11124613715502,1.13970540783321,1.09991545858066,1.09930561706613,1.10284093019385,1.10486489695947,1.1084002100872,1.10803784049161,1.10797597251187,1.10756057321936,1.11083073786251,1.11684960846246,1.11058326594357,1.11244814361844,1.10754289665373,1.10554544473656,1.10326516776918,1.10143564322558,1.0986073927234,1.09977404605555,1.09793568322913,1.0981036106027,1.09690160413927,1.09466551858599,1.09502788818158,1.09195216576046,1.08783352596666,1.0865696515235,1.0860658694028,1.08588026546359,1.08359998849621,1.07053700648926,1.06815950841087,1.06537544932278,1.06764688800735,1.06252952225497,1.06074418912546,1.05912678336953,1.05873789892548,1.06212296124528,1.06477444609107,1.06505727114129,1.06580852518093,1.06536661103997,1.06952060396504,1.07007741578266,1.06962666335887,1.06929964689456,1.07098775891305,1.07559250426191,1.05457506771758,1.05481370135371,1.08010886678258,1.19157728969975,1.07063422760028,1.07414302587954,1.07436398295003,1.07508872214121,1.07477938224253,1.07407231961699,1.08109875445834,1.07923387678347,1.07776672183546,1.07784626638084,1.07944599557113,1.07865938840021,1.0780141937544,1.07495614789892,1.07991442456055,1.08177930223543,1.08283989617375,1.11253652644664,1.0772806162804,1.07766950072445,1.10180685110399,1.09534606636307,1.09351654181948,1.08676409374552,1.08591561859487,1.30416817453498,1.0984217887842,1.10064903605466,1.44059590813389,1.3857278483916,1.17524414304966,1.22838873764219,1.13412845137422,1.13034566632755,1.13387214117246,1.13347441844559,1.19016316444866,1.15713450155289,1.14121675419531,1.14145538783143,1.15180501701284,1.13889228581383,1.18204962082053,1.18597381839231,1.09073248273139,1.08786004081512,1.08617192879663,1.08393584324334,1.08328181031471,1.07767833900727,1.0769624380989,1.074169540728,1.07112917143816,1.07386903911214,1.08405957920281,1.06590574629194,1.0644209147783,1.06253836053779,1.06197271043735,1.09609732040272,1.06838930376417,1.08604819283716,1.08837266121864,1.08784236424948,1.39829588656066,1.08398003465744,1.08035633870152,1.07905711112708,1.08037401526716,1.08084244425658,1.07991442456055,1.07456726345487,1.08336135486009,1.08370604789004,1.12481290128266,1.07542457688834,1.07397509850598,1.06795622790602,1.06800041932012,1.0775546030478,1.07987907142928,1.07934877446012,1.08981330131818,1.07799651718876,1.10209851443703,1.11838746967302,1.09088273353932,1.0944445615155,1.09548747888818,1.09693695727055,1.09905814514719,1.19478558636316,1.10223108867932,1.10185988080091,1.1107335167515,1.10792294281496
1.11501124563605,1.14047433843849,1.14210942076006,1.10282325362821,1.1026818411031,1.10568685726167,1.11338500159729,1.11342035472857,1.11290773432505,1.11275748351712,1.11359712038496,1.11272213038584,1.11275748351712,1.11223602483078,1.11034463230745,1.10779920685549,1.10756941150218,1.10519191342379,1.10756057321936,1.10622599251365,1.21386743897006,1.10643811130131,1.10293815130486,1.10270835595156,1.09562005313047,1.09486879909083,1.09384355828379,1.09482460767674,1.15030250893356,1.08228308435613,1.08298130869886,1.09078551242831,1.06796506618884,1.06548150871662,1.06628579245317,1.06596761427168,1.05930354902592,1.05556495539335,1.0569172126647,1.09638014545293,1.09698114868465,1.14663462156355,1.06380223498095,1.06879586477386,1.07022766659059,1.07150921759939,1.07140315820556,1.07017463689367,1.06857490770338,1.07761647102753,1.05470764195987,1.05391219650614,1.07821747425925,1.12785327057251,1.09349886525384,1.07519478153504,1.07925155334911,1.07930458304602,1.07844726961255,1.07766950072445,1.09083854212523,1.07835004850154,1.0786063587033,1.08063032546892,1.08299014698168,1.08335251657727,1.08092198880196,1.08299014698168,1.08212399526538,1.08289292587066,1.08271616021428,1.11509079018142,1.10974362907573,1.10595200574625,1.10529797281762,1.09957076555071,1.1904990191958,1.29010646656945,1.0834585759711,1.08393584324334,1.0865696515235,1.08911507697546,1.178602690521,1.26203608033531,1.4201883131041,1.42061255067942,1.42015295997282,1.37146285992123,1.13267013470903,1.13561328288786,1.1353569726861,1.20218322908293,1.14183543399266,1.15545522781722,1.13853875450106,1.13729255662353,1.21871965623786,1.23842902692493,1.08593329516051,1.08420983001074,1.08305201496141,1.08436891910149,1.08309620637551,1.07784626638084,1.07736016082577,1.07396626022316,1.07383368598087,1.0754069003227,1.07614047779671,1.07437282123285,1.08335251657727,1.06785900679501,1.09345467383974,1.17882364759148,1.33131054107309,1.0790659494099,1.0821770249623,1.08536764506007,1.08653429839222,1.08503179031294,1.08502295203012,1.08378559243541,1.08211515698256,1.08163788971032,1.0832287806178,1.07903943456144,1.08005583708566,1.08215051011384,1.10150634948814,1.07414302587954,1.07404580476853,1.07287031315356,1.07302056396149,1.07422257042492,1.08021492617641,1.08397119637462,1.08649894526094,1.0813550646601,1.08942441687414,1.09117439687236,1.0952665218177,1.09166050242742,1.0993409701974,1.10137377524585,1.10474999928282,1.19763151343098,1.1045997484749,1.10450252736388,1.1109191206907,1.1120150677603
1.12606793744301,1.13536581096892,1.14305511702172,1.10977898220701,1.11069816362022,1.11082189957969,1.11015902836824,1.11412741735411,1.11656678341224,1.11388878371799,1.11355292897086,1.1094077743286,1.11135219654885,1.1135706055365,1.11429534472768,1.10596084402907,1.10870954998588,1.10887747735944,1.1101413518026,1.11015019008542,1.10837369523874,1.10791410453214,1.10213386756831,1.10145331979122,1.10142680494276,1.09237640333579,1.09409103020273,1.09126277970055,1.09155444303359,1.08071870829711,1.08168208112442,1.0824510117297,1.27976567567086,1.06952944224786,1.06779713881528,1.06770875598708,1.06010783276247,1.05558263195899,1.05554727882771,1.05585661872638,1.05825179337042,1.08729439071468,1.08633101788738,1.06769991770426,1.06991832669191,1.07150037931657,1.07119987770071,1.07026301972186,1.068495363158,1.21941788058059,1.05621898832198,1.05431875751582,1.05707630175545,1.06024924528758,1.09415289818247,1.0984217887842,1.08323761890062,1.08059497233764,1.08086895910504,1.08424518314202,1.0849699223332,1.08117829900372,1.0818588467808,1.08314923607242,1.08386513698079,1.08610122253407,1.08740928839133,1.08646359212967,1.23080158885186,1.08562395526183,1.10981433533829,1.11234208422461,1.11192668493211,1.1084002100872,1.09962379524762,1.10147983463968,1.10827647412773,1.08888528162216,1.08839033778428,1.08398887294026,1.08413028546537,1.08938022546004,1.15751454771412,1.49929094433695,1.46697818234954,1.13253756046674,1.30357600958608,1.21485732664582,1.13731907147199,1.13723952692662,1.13492389682796,1.13389865602092,1.13272316440595,1.15245021165865,1.13903369833894,1.2820724674867,1.12244424148709,1.21478662038327,1.10566034241321,1.08377675415259,1.08154066859931,1.08128435839755,1.08117829900372,1.07614931607953,1.07985255658082,1.07748389678524,1.07553947456499,1.07546876830244,1.07766950072445,1.07750157335088,1.08713530162393,1.08719716960367,1.09930561706613,1.07386903911214,1.33341405238408,1.07857984385484,1.08443962536404,1.08777165798692,1.0903259217217,1.09061758505474,1.08612773738253,1.08611006081689,1.08406841748563,1.08245985001252,1.08546486617108,1.08293711728476,1.0814434474883,1.08307852980987,1.0821770249623,1.07652936224076,1.07560134254473,1.07623769890772,1.07508872214121,1.07458494002051,1.08094850365041,1.08525274738342,1.08618076707945,1.08727671414904,1.09054687879219,1.0953107132318,1.09720210575513,1.17806355526902,1.10179801282117,1.10406061322292,1.10464393988899,1.10547473847401,1.10756057321936,1.10777269200703,1.11024741119644,1.11294308745633
1.25556645731158,1.13609938844293,1.12859568632933,1.10818809129954,1.11004413069159,1.10721588018941,1.27935911466117,1.1225414625981,1.12343412916285,1.11831676341047,1.11649607714969,1.11721197805805,1.11921826825804,1.11808696805717,1.11721197805805,1.11669935765453,1.11433953614178,1.11053907452947,1.11130800513475,1.11055675109511,1.11078654644841,1.10748102867399,1.1055631213022,1.10326516776918,1.10026898989343,1.09925258736921,1.09879299666261,1.09706069323002,1.09619454151373,1.09674251504853,1.26329995477848,1.08852291202657,1.08859361828912,1.07104962689278,1.06800925760294,1.06947641255095,1.05958637407613,1.05660787276603,1.05703211034135,1.05795129175456,1.05911794508671,1.06197271043735,1.0658880697263,1.07058119790336,1.0692731320461,1.07085518467076,1.07132361366018,1.06937035315711,1.0675319903307,1.14293138106225,1.0953107132318,1.09505440303004,1.12293918532497,1.09592939302915,1.08766559859309,1.27437432315107,1.11976624179284,1.08437775738431,1.08529693879752,1.09828037625909,1.09881951151106,1.09817431686525,1.09035243657016,1.08361766506185,1.08613657566535,1.08802796818868,1.08823124869353,1.08919462152083,1.09191681262918,1.09141303050848,1.09651271969522,1.10387500928371,1.11025624947926,1.10508585402996,1.10023363676215,1.10010106251986,1.10800248736033,1.11044185341846,1.11072467846868,1.08930951919748,1.12023467078226,1.2131515380617,1.12364624795051,1.12278893451704,1.38247536031409,1.11190017008365,1.24490748823149,1.13559560632223,1.13525091329227,1.13477364602003,1.13360699268788,1.18402055788924,1.28542217667522,1.1328380620826,1.22038125340789,1.13651478773543,1.10824112099645,1.09922607252075,1.09557586171638,1.09120975000364,1.08379443071823,1.08311388294115,1.08305201496141,1.0801177050654,1.07979068860108,1.07850913759228,1.07694476153327,1.07698011466454,1.07990558627774,1.08002932223721,1.08254823284071,1.0839623580918,1.08685247657372,1.08224773122485,1.08378559243541,1.08343206112264,1.08428053627329,1.0893625488944,1.09411754505119,1.09386123484943,1.08844336748119,1.08899134101599,1.08388281354643,1.08543835132263,1.08588910374641,1.0860216779887,1.08247752657816,1.08174394910415,1.08142577092266,1.08054194264073,1.07710385062401,1.07640562628129,1.0777843984011,1.07956089324778,1.08018841132795,1.08525274738342,1.08957466768206,1.08945977000541,1.09394961767762,1.09389658798071,1.0999331351463,1.10460858675771,1.10479419069692,1.10230179494187,1.10375127332424,1.10644694958413,1.1106451339233,1.11133451998321,1.11233324594179,1.11398600482901
1.13166257046763,1.13421683420241,1.13013354753989,1.12979769279276,1.13960818672219,1.11715011007832,1.1169114764422,1.12366392451615,1.12358437997078,1.1230010533047,1.12311595098136,1.11973088866156,1.12023467078226,1.12035840674173,1.11551502775675,1.11705288896731,1.11675238735145,1.10924868523785,1.11005296897441,1.11055675109511,1.11235092250743,1.11117543089246,1.11190900836647,1.10752522008809,1.10201013160884,1.09869577555159,1.0991111748441,1.10251391372954,1.10074625716567,1.09617686494809,1.08639288586711,1.08694085940191,1.08783352596666,1.07392206880906,1.07259632638616,1.083414384557,1.06265325821444,1.06113307356951,1.0603022749845,1.06161034084176,1.06160150255894,1.06281234730518,1.09029056859043,1.07163295355886,1.07111149487252,1.06994484154037,1.07070493386283,1.06862793740029,1.06774410911836,1.06802693416858,1.24800088721825,1.09590287818069,1.09729048858332,1.09942051474278,1.09741422454279,1.08643707728121,1.08422750657638,1.08664919606887,1.0891327535411,1.09078551242831,1.0903701131358,1.08945093172259,1.08907088556136,1.08849639717811,1.09225266737632,1.09243827131552,1.0927034198001,1.09311881909261,1.09568192111021,1.09674251504853,1.09777659413839,1.09770588787583,1.09607964383708,1.09813012545116,1.09902279201591,1.09969450151018,1.10279673877976,1.11116659260964,1.19511260282748,1.0914660602054,1.09254433070935,1.0930215979816,1.12393791128355,1.47959925021552,1.11338500159729,1.11400368139464,1.11794555553206,1.19037528323633,1.13003632642888,1.13092015471081,1.12735832673463,1.16491219043389,1.12988607562095,1.11432185957614,1.11381807745544,1.21821587411716,1.09684857444236,1.09590287818069,1.0952665218177,1.09496602020184,1.09219079939658,1.08449265506096,1.08385629869797,1.08010002849976,1.07945483385395,1.07875660951122,1.07688289355353,1.07523897294914,1.07834121021872,1.08259242425481,1.08329948688035,1.08510249657549,1.08383862213233,1.08436008081867,1.08376791586977,1.08375907758696,1.08603935455434,1.08911507697546,1.09143954535694,1.09546096403973,1.08957466768206,1.08987516929792,1.08999006697457,1.08991936071202,1.08689666798781,1.21124246897272,1.0821770249623,1.08253939455789,1.08199142102309,1.07892453688479,1.07711268890683,1.07545993001962,1.08228308435613,1.08187652334644,1.0973258417146,1.09751144565381,1.09816547858244,1.09349002697102,1.09469203343445,1.09756447535072,1.09824502312781,1.1084002100872,1.10748986695681,1.10346844827402,1.10213386756831,1.1089039922079,1.11354409068804,1.11571830826159,1.11468422917173,1.11945690189416
1.12335458461748,1.12385836673818,1.13478248430285,1.13455268894955,1.13052243198394,1.12017280280252,1.11992533088358,1.12137480926595,1.12549344905975,1.12608561400864,1.12570556784741,1.12181672340692,1.12044678956992,1.12055284896375,1.12123339674084,1.12110082249855,1.12046446613556,1.12179904684128,1.1140743876572,1.11493170109067,1.11522336442371,1.11486099482812,1.11639001775586,1.21524621108987,1.10421086403085,1.10387500928371,1.10284976847667,1.10138261352867,1.10156821746787,1.10151518777095,1.10218689726522,1.08554441071646,1.08624263505918,1.0957703039384,1.07520361981786,1.27798918082417,1.06621508619062,1.06577317204965,1.06536661103997,1.06518100710076,1.06427066397037,1.06905217497562,1.07226930992185,1.07241956072978,1.07104962689278,1.07043094709543,1.06967085477297,1.07085518467076,1.07113800972098,1.07333874214299,1.07500033931302,1.24850466933895,1.09382588171815,1.23039502784217,1.09537258121153,1.0877628197041,1.09025521545915,1.08889411990498,1.08944209343977,1.08992819899484,1.09120091172082,1.08768327515873,1.10497095635331,1.0860658694028,1.1240970003743,1.09260619868909,1.09328674646617,1.09862506928904,1.100436917267,1.1014002900943,1.10141796665994,1.09574378908994,1.09698114868465,1.0967778681798,1.09951773585379,1.10445833594979,1.10608457998854,1.10823228271363,1.28510399849372,1.09591171646351,1.13069919764033,1.13332416763766,1.13250220733547,1.11679657876555,1.11385343058672,1.11353525240522,1.11715894836114,1.12436214885888,1.12636843905886,1.12692525087648,1.12635076249322,1.12144551552851,1.18773263667335,1.11439256583869,1.11130800513475,1.26579235053352,1.09339280586001,1.09349002697102,1.0932072019208,1.09464784202035,1.09507207959568,1.08939790202568,1.08696737425037,1.08020608789359,1.07781975153238,1.07674148102842,1.08383862213233,1.09308346596133,1.10946080402552,1.08418331516228,1.08458987617197,1.08595097172615,1.08596864829178,1.08615425223099,1.08621612021072,1.08414796203101,1.08644591556403,1.08699388909882,1.0944445615155,1.09736119484588,1.09706953151284,1.10822344443081,1.08756837748208,1.09312765737543,1.09020218576223,1.21217932695157,1.21029677271106,1.09988010544938,1.07846494617819,1.0770508209271,1.07612280123107,1.0754952831509,1.2753023428471,1.11996952229768,1.11155547705369,1.13942258278299,1.09674251504853,1.09756447535072,1.31560491250317,1.09992429686348,1.10414899605111,1.10500630948458,1.10648230271541,1.10773733887575,1.11055675109511,1.11216531856823,1.11528523240344,1.12087102714525,1.12007558169151,1.12099476310472
1.12478638643421,1.13039869602447,1.13101737582182,1.19371615414203,1.19266439848653,1.12019047936816,1.12126874987212,1.12865755430906,1.12737600330026,1.12890502622801,1.12683686804829,1.15426205963661,1.11986346290385,1.12353135027386,1.1264303070386,1.12750857754255,1.1220376804774,1.12220560785097,1.12283312593114,1.11666400452326,1.11669935765453,1.11669935765453,1.11583320593824,1.11424231503077,1.11015902836824,1.1083560186731,1.10786107483522,1.10722471847223,1.10164776201324,1.10125887756919,1.10047227039828,1.3072438969561,1.09012264121686,1.08647243041248,1.0816732428416,1.07432862981875,1.07121755426635,1.08067451688302,1.07229582477031,1.07216325052802,1.07202183800291,1.0724283990126,1.07457610173769,1.07418721729364,1.07408115789981,1.07268470921436,1.07241072244696,1.07306475537559,1.07465564628306,1.07469099941434,1.07653820052358,1.07857100557202,1.07675031931124,1.08961885909616,1.08668454920015,1.08673757889706,1.09099763121597,1.09071480616575,1.09126277970055,1.08798377677459,1.09000774354021,1.08271616021428,1.0808512825394,1.08079825284249,1.14530004085783,1.21175508937624,1.13061965309495,1.10202780817448,1.10045459383264,1.10173614484144,1.10447601251542,1.10485605867666,1.10277906221412,1.10298234271896,1.10452020392952,1.10760476463346,1.10853278432949,1.10856813746077,1.2982288484804,1.10109095019563,1.21321340604143,1.21789769593567,1.4586790347822,1.11963366755055,1.11840514623866,1.11950109330826,1.11791020240078,1.12182556168974,1.12369927764743,1.12602374602891,1.12385836673818,1.12250610946682,1.16987930537834,1.10956686341935,1.10892166877354,1.22459711431271,1.09305695111287,1.09038778970144,1.09220847596222,1.0934811886882,1.18790940232974,1.16089961003392,1.08632217960456,1.08375023930414,1.07886266890506,1.08115178415526,1.08360882677903,1.08635753273583,1.10458207190926,1.08836382293582,1.08910623869264,1.08826660182481,1.08740045010851,1.08715297818957,1.08713530162393,1.08641056243275,1.09136000081156,1.0896807270759,1.0896807270759,1.09779427070402,1.09676902989698,1.09616802666527,1.09161631101332,1.09318068707234,1.09222615252786,1.09310998080979,1.09040546626708,1.08930951919748,1.08961002081334,1.08036517698434,1.08055078092354,1.17216842062854,1.08093082708478,1.12548461077693,1.14314349984992,1.09601777585734,1.09647736656395,1.09849249504675,1.09920839595511,1.0985632013093,1.09964147181326,1.10513888372687,1.10845323978412,1.11401251967746,1.11477261199992,1.11577133795851,1.11753899452237,1.12105663108446,1.11920942997522,1.11767156876466
1.21828658037972,1.13548070864557,1.1354011641002,1.13240498622445,1.13198958693195,1.13604635874601,1.14807526166309,1.12916133642977,1.12860452461215,1.12540506623156,1.12574092097869,1.12962092713637,1.12952370602536,1.12605026087737,1.12982420764121,1.1300451647117,1.17338810365761,1.13018657723681,1.12371695421307,1.12449472310117,1.12056168724657,1.12192278280075,1.11836095482456,1.11418044705103,1.11088376755943,1.11097215038762,1.11080422301405,1.10833834210746,1.10919565554094,1.10353915453658,1.09689276585645,1.09672483848289,1.09024637717633,1.09048501081245,1.08715297818957,1.08337903142573,1.08035633870152,1.07779323668392,1.07461145486897,1.07707733577556,1.07410767274827,1.20255443696134,1.0761846692108,1.07663542163459,1.07622002234208,1.07536270890861,1.07422257042492,1.07383368598087,1.07483241193945,1.07691824668481,1.07864171183457,1.07698895294736,1.07679451072534,1.07631724345309,1.08356463536493,1.08601283970588,1.08898250273317,1.09088273353932,1.09250897757808,1.09143954535694,1.08853175030938,1.08879689879396,1.07853565244074,1.07766950072445,1.08534113021161,1.16014835599428,1.10521842827225,1.11851120563249,1.10604038857444,1.10487373524229,1.10608457998854,1.10528029625198,1.10675628948281,1.10514772200969,1.10476767584846,1.10787875140086,1.10726007160351,1.10729542473479,1.1052891345348,1.1230452447188,1.12335458461748,1.32011243674102,1.12368160108179,1.12170182573027,1.12140132411441,1.12316014239545,1.12038492159019,1.12055284896375,1.12299221502189,1.12471568017165,1.12305408300162,1.11744177341136,1.11471958230301,1.12374346906153,1.10927520008631,1.2151666665445,1.09055571707501,1.08555324899928,1.08493456920192,1.09194332747764,1.09301275969878,1.18535513859496,1.08449265506096,1.08308736809269,1.08416563859664,1.08091315051914,1.08546486617108,1.08809867445124,1.08893831131907,1.09052036394373,1.08996355212611,1.08626031162482,1.08587142718077,1.08661384293759,1.08824892525917,1.09181959151817,1.09103298434725,1.09044081939836,1.0908738952565,1.09487763737365,1.09486879909083,1.09379052858688,1.09201403374019,1.09044965768118,1.09227034394195,1.08990168414638,1.08723252273495,1.08925648950057,1.09021102404505,1.08424518314202,1.08086012082222,1.08429821283893,1.08646359212967,1.17696760819943,1.09592055474633,1.09771472615865,1.09881067322825,1.10134726039739,1.10156821746787,1.09872229040005,1.10064019777184,1.10573104867577,1.11225370139642,1.1140301962431,1.12159576633643,1.11972205037874,1.11532058553472,1.11920942997522,1.12046446613556,1.12613864370556
1.1827213303148,1.18436525091919,1.13945793591426,1.1382824442993,1.13715998238124,1.14765986237059,1.13232544167908,1.13450849753545,1.27538188739248,1.1348531905654,1.13021309208526,1.13160954077072,1.17153206426555,1.17463430153513,1.13074338905442,1.1328380620826,1.13565747430196,1.13281154723414,1.12391139643509,1.123867205021,1.12452123794963,1.12430028087914,1.1248305778483,1.12142783896287,1.11397716654619,1.11432185957614,1.10786991311804,1.10741916069426,1.10850626948103,1.27578844840216,1.1207119380545,1.2293521104695,1.09029056859043,1.0911478820239,1.08921229808647,1.08739161182569,1.0883107932389,1.08928300434903,1.08395351980898,1.21702270593655,1.0895923442477,1.31590541411903,1.08081592940812,1.08340554627418,1.08012654334822,1.0803475004187,1.07850029930946,1.0785179758751,1.08137274122574,1.07982604173236,1.07995861597465,1.07797884062312,1.077740206987,1.07644981769538,1.08309620637551,1.08481967152527,1.08571233809002,1.08964537394462,1.09198751889174,1.09006961151994,1.08832846980454,1.08859361828912,1.07371878830422,1.08387397526361,1.0834585759711,1.09437385525295,1.09663645565469,1.10225760352778,1.10515656029251,1.10568685726167,1.10735729271452,1.10810854675416,1.10882444766253,1.1094519657427,1.11000877756031,1.10838253352156,1.11168805129598,1.1117410809929,1.11707056553295,1.11689379987656,1.11683193189682,1.37366359234323,1.28947011020646,1.12246191805273,1.12133945613467,1.12344296744567,1.12461845906064,1.12245307976991,1.12299221502189,1.25632654963404,1.14850833752124,1.15562315519079,1.10889515392508,1.10732193958324,1.10935474463169,1.20044208736752,1.09437385525295,1.0922438290935,1.09280064091111,1.09409986848555,1.09059107020628,1.08847872061247,1.0840065495059,1.08306969152705,1.08458103788915,1.08434240425303,1.083414384557,1.08662268122041,1.09056455535783,1.09279180262829,1.09217312283094,1.09514278585823,1.08732974384596,1.08886760505652,1.08996355212611,1.09128929454901,1.09338396757719,1.09311881909261,1.09138651566002,1.09252665414371,1.09428547242476,1.09279180262829,1.09145722192258,1.08955699111642,1.09030824515607,1.09229685879041,1.08925648950057,1.08909740040982,1.09172237040716,1.09290670030494,1.09044081939836,1.10277906221412,1.09120091172082,1.10973479079292,1.26945139962072,1.10142680494276,1.10083463999387,1.10162124716479,1.10308840211279,1.10109095019563,1.10206316130575,1.11584204422106,1.11458700806072,1.11905034088447,1.12150738350824,1.11471074402019,1.11376504775852,1.18775915152181,1.12301872987034,1.12895805592492
1.19368080101075,1.16420512780834,1.14239224581028,1.14168518318473,1.13959934843937,1.13677109793719,1.13495924995923,1.13700973157331,1.13945793591426,1.13959051015655,1.13815870833983,1.13280270895132,1.13388097945528,1.41744844543011,1.2097664757419,1.13581656339271,1.13591378450372,1.13689483389666,1.12593536320072,1.12567021471614,1.12641263047296,1.13034566632755,1.12839240582449,1.12355786512232,1.20147616645738,1.11282818977968,1.11246582018408,1.1062966987762,1.10909843442993,1.2770876759766,1.26340601417231,1.15038205347894,1.10319446150662,1.10414015776829,1.35547440630109,1.1758539845642,1.09488647565647,1.08921229808647,1.08891179647061,1.10035737272162,1.10136493696303,0.0037036205474533,1.08883225192524,1.09006077323713,1.09284483232521,1.08897366445035,1.08677293202834,1.08519087940368,1.07954321668214,1.07814676799669,1.0790217579958,1.08027679415615,1.07964043779316,1.08090431223632,1.08160253657904,1.08845220576401,1.08677293202834,1.08995471384329,1.09407335363709,1.08958350596488,1.08678177031116,1.09269458151728,1.21551135957445,1.08921229808647,1.08922113636929,1.09413522161683,1.09703417838156,1.09827153797627,1.10073741888286,1.10522726655507,1.10628786049338,1.11108704806427,1.11098098867044,1.11111356291273,1.11197971462902,1.11027392604489,1.11152012392242,1.11596578018053,1.116823093614,1.11632814977612,1.11454281664662,1.11730919916907,1.12299221502189,1.12361089481924,1.11969553553028,1.12144551552851,1.12352251199104,1.12278009623422,1.26465221204983,1.14163215348782,1.14384172419264,1.14806642338028,1.10645578786695,1.10498863291894,1.10718936534095,1.09989778201502,1.09439153181859,1.09436501697013,1.09276528777984,1.09278296434547,1.09037895141862,1.08989284586356,1.08440427223277,1.08276035162837,1.0844661402125,1.08500527546448,1.08382094556669,1.09210241656839,1.09072364444857,1.09357840979921,1.09347235040538,1.09191681262918,1.09327790818336,1.09239407990142,1.09115672030672,1.09272993464856,1.09296856828468,1.0942147661622,1.09404683878864,1.09374633717278,1.0935253801023,1.09415289818247,1.09057339364065,1.09055571707501,1.09553167030228,1.09619454151373,1.09299508313314,1.09037895141862,1.09241175646706,1.09353421838512,1.09108601404417,1.17529717274658,1.09520465383797,1.10181568938681,1.10155937918505,1.10324749120354,1.10311491696125,1.10006570938859,1.10069322746876,1.0996591483789,1.10502398605022,1.1188824135109,1.11843166108712,1.23437225511086,1.1192447831065,1.11853772048095,1.11412741735411,1.11474609715147,1.11693799129066,1.11698218270475
1.185010445565,1.1853286237465,1.15052346600404,1.14669648954328,1.14222431843671,1.13505647107025,1.13236079481036,1.14035060247902,1.1411195330843,1.1410753416702,1.14161447692218,1.13204261662886,1.13264361986057,1.15741732660311,1.19684490626006,1.16310918073875,1.14119907762967,1.14087206116535,1.14124326904377,1.26091361841726,1.13438476157598,1.13365118410198,1.15648930690708,1.44552766994707,1.36776845770275,1.11174991927572,1.11129032856911,1.14994013933797,1.11369434149597,1.11332313361756,1.11226253967924,1.11083957614533,1.10799364907751,1.10593432918061,1.10616412453391,1.10163008544761,1.10052530009519,1.09827153797627,1.09550515545382,1.10522726655507,1.10351263968812,1.09301275969878,1.20082213352875,1.0960442907058,1.09839527393574,1.098333405956,1.0953107132318,1.08956582939924,1.08892947303625,1.0960000992917,1.08879689879396,1.08320226576934,1.08250404142661,1.0919698423261,1.09450642949524,1.09047617252963,1.0896365356618,1.0895923442477,1.09546096403973,1.09383472000097,1.09372866060714,1.09356957151639,1.09356957151639,1.09205822515429,1.09527536010052,1.09840411221856,1.09527536010052,1.11615138411974,1.10003035625731,1.10444065938415,1.10484722039384,1.09874880524851,1.11438372755587,1.1140743876572,1.1134822227083,1.11374737119288,1.11349106099112,1.1151261433127,1.11884706037963,1.11884706037963,1.11678774048273,1.1179632320977,1.12278009623422,1.12107430765009,1.1225856540122,1.12202884219458,1.12316014239545,1.12221444613379,1.186380379402,1.14458413994947,1.20515289211022,1.16373669881892,1.10483838211102,1.10658836210924,1.23921563409585,1.10009222423705,1.0970960463613,1.09832456767318,1.0958144953525,1.09539909605999,1.09329558474899,1.09319836363798,1.08447497849532,1.0832287806178,1.08297247041604,1.08333484001163,1.08719716960367,1.09642433686703,1.09340164414283,1.09388774969789,1.09235872677015,1.09616802666527,1.09363143949613,1.09449759121242,1.09136000081156,1.09314533394107,1.09478925454546,1.0937551754556,1.09512510929259,1.09562889141329,1.09562005313047,1.09432082555603,1.09516046242387,1.20220090564857,1.1058812994837,1.09790916838068,1.09546096403973,1.09427663414194,1.09583217191814,1.09573495080712,1.11976624179284,1.17225680345673,1.10086999312515,1.10406945150574,1.10394571554627,1.1027702239313,1.10149751120532,1.10421970231366,1.1047853524141,1.10535100251454,1.25461192276709,1.11076003159996,1.11626628179639,1.11623092866511,1.11799858522897,1.11944806361134,1.11571830826159,1.11653143028097,1.11726500775497,1.11667284280608
1.19913402151026,1.16122662649823,1.15775318135024,1.15372292438464,1.14551215964549,1.38732757758189,1.13822057631956,1.14068645722615,1.14317001469838,1.13959051015655,1.13911324288431,1.13913091944995,1.13694786359358,1.14177356601292,1.14451343368691,1.14462833136356,1.13966121641911,1.14079251661998,1.14077484005434,1.26314086568773,1.13804381066317,1.137416292583,1.151601736508,1.29555084878615,1.15048811287277,1.14680254893711,1.14648437075562,1.24580015479624,1.11896195805628,1.1183786313902,1.11326126563782,1.12378766047562,1.19576663575611,1.11114007776119,1.10822344443081,1.10806435534007,1.10197477847756,1.10233714807315,1.10353031625376,1.10079044857977,1.10208083787139,1.09967682494454,1.19554567868562,1.0996591483789,1.0998889437322,1.09942051474278,1.09872229040005,1.09578798050404,1.0952223304036,1.09210241656839,1.09034359828734,1.08999006697457,1.08860245657194,1.09029940687325,1.1019482636291,1.09189029778072,1.09252665414371,1.09230569707323,1.09869577555159,1.09826269969345,1.09912001312692,1.09835992080446,1.09874880524851,1.09827153797627,1.1003927258529,1.10080812514541,1.09498369676748,1.0953107132318,1.10239017777007,1.10545706190837,1.10655300897796,1.1068888637251,1.1091779789753,1.1164076943215,1.11749480310827,1.11561224886776,1.11743293512854,1.11801626179461,1.11996952229768,1.11969553553028,1.11821070401664,1.11652259199815,1.12086218886243,1.12259449229502,1.12400861754611,1.1227712579514,1.12219676956815,1.12192278280075,1.20225393534548,1.15479235660577,1.1014002900943,1.1014886729225,1.13883925611691,1.11047720654974,1.10899237503609,1.10063135948902,1.10010106251986,1.09788265353222,1.09671600020007,1.09734351828024,1.09439153181859,1.0942589575763,1.0921554462653,1.08768327515873,1.089822139601,1.08800145334023,1.08929184263185,1.09076783586267,1.09449759121242,1.09555818515074,1.09539909605999,1.09509859444413,1.09672483848289,1.09531955151462,1.09420592787938,1.09262387525473,1.09283599404239,1.09241175646706,1.09234105020451,1.09399380909172,1.09777659413839,1.09676902989698,1.09798871292605,1.09870461383441,1.09564656797893,1.09710488464412,1.09715791434103,1.0981478020168,1.09750260737099,1.11499356907041,1.11719430149242,1.10666790665461,1.10728658645197,1.10703911453303,1.10923984695503,1.10758708806782,1.10189523393219,1.10551009160528,1.11811348290562,1.18406474930334,1.14839343984459,1.11318172109245,1.11954528472235,1.1204821427012,1.12338993774875,1.12346948229413,1.12460962077782,1.12475987158575,1.11677006391709,1.11586855906952
1.15854862680398,1.15974179498459,1.15856630336962,1.15717869296699,1.22453524633297,1.43181065501149,1.14074832520588,1.14221548015389,1.14514095176708,1.14787198115825,1.24473956085792,1.28242599879947,1.14421293207106,1.14540610025166,1.14444272742436,1.14750961156266,1.14521165802964,1.14268390914331,1.14097812055919,1.14103998853892,1.14148190267989,1.13959051015655,1.23465508016108,1.22220193966867,1.20843189503618,1.14732400762345,1.14735936075473,1.14552983621113,1.11692031472502,1.11685844674528,1.13664736197772,1.1596092207423,1.12285080249678,1.12219676956815,1.1192005916924,1.11460468462636,1.10174498312426,1.1014002900943,1.10368940534451,1.10513888372687,1.10561615099912,1.10449368908106,1.10307956382997,1.1050151477674,1.10311491696125,1.1035038014053,1.10155937918505,1.09912001312692,1.09896976231899,1.09630943919038,1.09823618484499,1.09359608636485,1.09084738040804,1.08823124869353,1.09088273353932,1.09341932070846,1.09554934686792,1.09574378908994,1.09571727424149,1.09661877908906,1.10188639564937,1.10207199958857,1.10147983463968,1.10205432302293,1.10209851443703,1.10208083787139,1.09485996080801,1.09440037010141,1.18371121799056,1.10544822362555,1.10695073170483,1.10870954998588,1.11004413069159,1.11366782664751,1.11588623563516,1.15411180882869,1.11765389219902,1.11978391835847,1.12007558169151,1.11935084250033,1.11556805745366,1.11469306745455,1.11583320593824,1.11911220886421,1.12245307976991,1.11912104714703,1.12157808977079,1.11444559553561,1.1833134952637,1.17210655264881,1.10104675878153,1.10041924070136,1.14178240429574,1.10878909453125,1.10610225655418,1.10210735271985,1.10181568938681,1.09881067322825,1.09841295050138,1.09784730040094,1.09447991464678,1.09377285202124,1.09501904989876,1.09210241656839,1.09213776969966,1.10459091019208,1.10259345827491,1.10444065938415,1.09576146565558,1.09776775585557,1.09774124100711,1.09676902989698,1.0973258417146,1.09738770969434,1.095496317171,1.09253549242653,1.0952665218177,1.09235872677015,1.11079538473123,1.21706689735065,1.09885486464234,1.1009848908018,1.10129423070047,1.10241669261852,1.14147306439707,1.09679554474544,1.09666297050315,1.10164776201324,1.10115281817536,1.12112733734701,1.10618180109955,1.10596968231189,1.10764895604756,1.11044185341846,1.1073042630176,1.14884419226837,1.12101243967036,1.12045562785274,1.12612096713992,1.25279123650631,1.12415886835403,1.12044678956992,1.12128642643776,1.12397326441483,1.12606793744301,1.12984188420685,1.13127368602358,1.13160954077072,1.12373463077871,1.19386640494995
1.1593352339749,1.16082006548854,1.16113824367004,1.15742616488593,1.15830999316786,1.17899157496505,1.14415106409132,1.14323188267811,1.14476090560585,1.14807526166309,1.15208784206306,1.15240602024456,1.15046159802431,1.16111172882158,1.1611205671044,1.15397039630358,1.14749193499702,1.14420409378824,1.13987333520677,1.13967889298475,1.14108417995302,1.13984682035831,1.13945793591426,1.13817638490546,1.13871552015744,1.13529510470637,1.24504006247378,1.15761176882513,1.23694419541128,1.14534423227193,1.13797310440062,1.12729645875489,1.12690757431084,1.12680151491701,1.12029653876199,1.23796943621833,1.16103218427621,1.398083767773,1.11484331826248,1.11076886988278,1.11136103483167,1.11065397220612,1.11117543089246,1.11330545705192,1.10951383372243,1.1114229028114,1.12177253199282,1.10947848059116,1.10195710191192,1.10131190726611,1.1022222503965,1.10161240888197,1.10212502928549,1.1058812994837,1.13193655723503,1.09941167645996,1.09889021777362,1.09861623100622,1.09653923454368,1.09721094403795,1.10494444150485,1.10414899605111,1.10768430917884,1.10837369523874,1.10761360291628,1.10092302282206,1.09656574939214,1.09502788818158,1.10864768200614,1.10837369523874,1.10746335210835,1.10742799897708,1.11091028240788,1.11102518008454,1.11258955614355,1.13647059632134,1.13472945460593,1.12004906684305,1.11772459846157,1.11762737735056,1.35129389852755,1.11504659876732,1.11380923917262,1.11623976694793,1.11829024856201,1.12022583249944,1.11849352906685,1.11405671109156,1.14883535398556,1.15158405994236,1.10025131332779,1.09884602635952,1.10071974231722,1.1382824442993,1.10660603867488,1.10032201959035,1.10541287049427,1.23043921925627,1.14230386298208,1.15192875297232,1.11057442766075,1.09570843595867,1.09617686494809,1.0983775973701,1.09554934686792,1.09825386141063,1.09816547858244,1.10009222423705,1.09839527393574,1.10242553090134,1.10028666645907,1.10077277201413,1.10109978847845,1.09822734656217,1.09877532009697,1.09854552474367,1.10849743119821,1.114622361192,1.10418434918239,1.10525378140352,1.20518824524149,1.10352147797094,1.10741032241144,1.10741916069426,1.18257107950687,1.17968096102496,1.12920552784386,1.10139145181148,1.1040517749401,1.10444065938415,1.10717168877532,1.10974362907573,1.10823228271363,1.11104285665017,1.11254536472946,1.30718202897636,1.13880390298564,1.12443285512143,1.33507564955412,1.24157545560861,1.29718593110772,1.12800352138044,1.12513991774698,1.12856917148087,1.12713736966414,1.13602868218037,1.13571050399888,1.13557792975659,1.12843659723858,1.29766319837996
1.16629980083652,1.16275564942597,1.16234025013347,1.16261423690086,1.16036047478194,1.34462099499897,1.14446924227282,1.14384172419264,1.14456646338383,1.14884419226837,1.15509285822163,1.15516356448418,1.15639208579607,1.15211435691152,1.15274187499169,1.15217622489126,1.14794268742081,1.14504373065607,1.14283415995124,1.13936955308607,1.13987333520677,1.14047433843849,1.13991752662087,1.1386978435918,1.13936955308607,1.13883041783409,1.13793775126934,1.13758421995657,1.13569282743324,1.13588726965526,1.13305018087026,1.13275851753723,1.12909946845003,1.12772953461304,1.23764241975401,1.15328101024367,1.15200829751769,1.11999603714614,1.12006674340869,1.36270412164729,1.11552386603957,1.11544432149419,1.11543548321137,1.11295192573915,1.11573598482723,1.11654026856379,1.11629279664485,1.10908075786429,1.10985852675239,1.18500160728218,1.10494444150485,1.10465277817181,1.10678280433127,1.10804667877443,1.10753405837091,1.12093289512499,1.11099866523608,1.10450252736388,1.10408712807137,1.10156821746787,1.10233714807315,1.10452020392952,1.10694189342201,1.10627018392775,1.10473232271718,1.14808409994591,1.09587636333223,1.43335735450487,1.10781688342112,1.10736613099734,1.10760476463346,1.10767547089602,1.1086741968546,1.11388878371799,1.11371201806161,1.11519684957525,1.12392907300073,1.12385836673818,1.11699102098757,1.19815297211732,1.14993130105515,1.45261597276816,1.1156299254334,1.11603648644309,1.11670819593735,1.11949225502544,1.12330155492056,1.1110075035189,1.20901522170226,1.15975063326741,1.09917304282384,1.09870461383441,1.09944702959124,1.10086115484233,1.10275254736566,1.10248739888108,1.0919698423261,1.09080318899395,1.15252091792121,1.09054687879219,1.09075015929703,1.09221731424504,1.09689276585645,1.09873996696569,1.09847481848111,1.09849249504675,1.09903163029873,1.09923491080357,1.09963263353044,1.10072858060004,1.10067555090312,1.09927026393485,1.10223108867932,1.10207199958857,1.099703339793,1.10012757736832,1.10433459999032,1.17253962850695,1.10179801282117,1.10436995312159,1.10710982079558,1.11047720654974,1.10999110099468,1.11067164877176,1.11121962230656,1.16906618335896,1.16699802517924,1.17228331830519,1.10806435534007,1.10911611099556,1.11228021624488,1.11097215038762,1.11193552321492,1.11284586634531,1.11513498159552,1.20759225816835,1.1330678574359,1.18907605566189,1.12635076249322,1.12649217501833,1.13216635258833,1.12913482158131,1.1215338983567,1.13271432612313,1.13228125026498,1.13219286743679,1.1371864972297,1.13836198884467,1.13164489390199,1.13218402915397
1.17131994547789,1.16975556941887,1.16747529245149,1.16621141800832,1.2092626936212,1.16859775436954,1.25768764518821,1.25791744054151,1.15214087175998,1.15358151185953,1.15389969004102,1.16283519397135,1.15815090407711,1.15377595408155,1.15323681882957,1.15058533398378,1.14858788206661,1.14607780974593,1.14266623257768,1.14198568480059,1.14307279358736,1.13987333520677,1.14283415995124,1.14317001469838,1.14385056247546,1.14204755278032,1.13933419995479,1.13673574480592,1.13526858985791,1.13534813440328,1.13507414763589,1.1354453555143,1.13316507854691,1.13189236582093,1.12965628026765,1.15049695115559,1.15047927458995,1.12133945613467,1.12147203037696,1.12221444613379,1.11969553553028,1.11978391835847,1.11042417685282,1.11710591866422,1.11725616947215,1.11852888219813,1.11850236734967,1.11911220886421,1.11757434765365,1.18556725738262,1.11725616947215,1.11838746967302,1.11379156260698,1.11392413684927,1.1130226320017,1.11199739119466,1.11876751583425,1.10773733887575,1.10837369523874,1.11027392604489,1.10237250120443,1.10477651413128,1.10672093635153,1.10670325978589,1.10558963615066,1.10595200574625,1.10657952382642,1.10653533241232,1.10795829594623,1.10892166877354,1.11121962230656,1.10918681725812,1.11069816362022,1.11356176725368,1.11358828210214,1.11662865139198,1.11782181957259,1.11870564785452,1.11664632795762,1.20572738049347,1.10880677109689,1.10820576786517,1.36086575882087,1.11649607714969,1.11693799129066,1.11898847290474,1.11880286896553,1.11103401836735,1.1706835891149,1.16497405841362,1.11072467846868,1.12234702037608,1.09957076555071,1.10389268584935,1.10413131948547,1.09694579555337,1.09081202727677,1.08911507697546,1.08894714960189,1.08837266121864,1.1899068542469,1.22410217047482,1.16405487700041,1.09881951151106,1.09902279201591,1.10124120100356,1.10056949150929,1.09980939918683,1.10034853443881,1.09903163029873,1.10063135948902,1.10431692342468,1.10429040857622,1.1045113656467,1.10142680494276,1.10119700958946,1.10807319362289,1.10755173493655,1.10798481079469,1.10886863907662,1.11304030856734,1.11296076402196,1.11404787280874,1.11361479695059,1.1145339783638,1.15411180882869,1.15468629721194,1.18165189809366,1.11068048705458,1.11435721270742,1.11702637411885,1.12070309977168,1.11982810977257,1.12223212269942,1.12027886219636,1.12499850522187,1.16426699578808,1.23573335066504,1.13169792359891,1.13218402915397,1.13076990390288,1.12541390451438,1.12494547552495,1.1358607548068,1.13480016086849,1.13431405531342,1.13813219349137,1.13532161955483,1.13284690036542,1.13478248430285
1.1724247308303,1.17268987931488,1.17279593870871,1.17067475083208,1.1704096023475,1.25880126882345,1.2123295777595,1.21331946543526,1.21844566947046,1.15278606640579,1.16536294285767,1.16534526629203,1.16525688346384,1.15834534629914,1.15612693731149,1.15373176266746,1.15273303670887,1.15103608640756,1.15126588176087,1.14739471388601,1.14923307671242,1.1487204563089,1.14927726812652,1.14446924227282,1.14628992853359,1.14646669418998,1.31642687280537,1.13217519087115,1.13250220733547,1.13557792975659,1.13451733581827,1.13495041167642,1.13631150723059,1.13564863601914,1.13514485389844,1.15177850216439,1.25523944084726,1.21234725432514,1.12484825441394,1.12326620178928,1.12387604330382,1.11639885603868,1.11600997159463,1.11945690189416,1.12057936381221,1.12133061785185,1.11969553553028,1.12104779280164,1.12554647875667,1.12315130411263,1.12042911300428,1.11756550937083,1.11628395836203,1.11465771432327,1.11414509391975,1.11311985311271,1.1116968895788,1.11152012392242,1.11085725271097,1.11048604483256,1.10923984695503,1.10759592635064,1.10731310130042,1.10566918069603,1.10590781433215,1.10768430917884,1.10975246735855,1.10956686341935,1.11354409068804,1.1148521565453,1.11368550321315,1.11392413684927,1.15722288438108,1.11280167493122,1.11602764816027,1.11684960846246,1.11723849290651,1.11900614947037,1.11780414300695,1.11502892220168,1.1076666326132,1.2359896608668,1.19970850989352,1.20026532171114,1.19642066868474,1.11715011007832,1.11470190573737,1.10950499543961,1.10927520008631,1.11600997159463,1.11696450613911,1.10669442150307,1.10615528625109,1.10444065938415,1.09976520777273,1.09584984848378,1.09079435071113,1.08934487232876,1.08822241041071,1.08755953919926,1.0885847800063,1.09521349212079,1.09551399373664,1.22524230895851,1.10056065322647,1.1006225212062,1.10134726039739,1.10134726039739,1.10057832979211,1.10138261352867,1.10496211807049,1.10462626332335,1.10553660645374,1.10497095635331,1.10549241503965,1.10230179494187,1.10309724039561,1.10614644796827,1.10802016392597,1.11114007776119,1.11328778048628,1.11324358907218,1.11538245351446,1.11541780664573,1.11923594482368,1.11844933765276,1.14824318903666,1.14918888529833,1.11504659876732,1.1187410009858,1.12044678956992,1.12323084865801,1.12110966078137,1.12141900068005,1.12896689420774,1.12937345521743,1.16285287053699,1.27561168274578,1.13629383066495,1.13509182420152,1.13427870218215,1.15016993469127,1.12971814824738,1.13140626026587,1.13333300592048,1.13241382450727,1.13122065632667,1.13469410147466,1.13282038551696,1.27321650810174
1.17214190578008,1.17025935153957,1.17262801133515,1.17197397840652,1.17184140416423,1.17185024244705,1.21109221816479,1.18931468929801,1.1904548277817,1.16531875144357,1.16586672497837,1.16957880376248,1.16412558326297,1.16317104871848,1.15973295670177,1.15708147185597,1.15346661418288,1.15176966388157,1.15536684498903,1.15193759125513,1.15238834367892,1.15136310287188,1.15103608640756,1.14818132105693,1.14606013318029,1.14805758509746,1.28286791294043,1.13270548784031,1.13173327673019,1.13353628642533,1.13515369218126,1.13513601561562,1.13907788975303,1.13533045783765,1.13576353369579,1.13372189036453,1.13299715117335,1.13134439228614,1.13086712501389,1.12641263047296,1.12383185188972,1.11582436765542,1.1150819518986,1.11468422917173,1.1230452447188,1.12141016239723,1.12079148259988,1.12570556784741,1.12459194421218,1.13137974541741,1.12388488158664,1.12016396451971,1.11726500775497,1.1135706055365,1.1138445923039,1.11365015008187,1.11357944381932,1.11115775432683,1.11053023624665,1.10950499543961,1.11030044089335,1.10953151028807,1.11092795897352,1.10878025624843,1.10738380756298,1.10961989311626,1.10973479079292,1.11196203806338,1.11136987311449,1.26597795447273,1.11857307361223,1.11866145644042,1.12181672340692,1.12093289512499,1.11852004391531,1.1120150677603,1.11703521240167,1.11854655876377,1.11821070401664,1.11553270432239,1.37810041031853,1.10211619100267,1.10150634948814,1.2884802225307,1.20306705736486,1.20774250897628,1.19116189040724,1.16046653417577,1.1590170557934,1.11829908684483,1.11397716654619,1.12009325825715,1.13818522318828,1.13936955308607,1.10123236272074,1.09821850827935,1.0981036106027,1.11213880371977,1.08926532778339,1.09138651566002,1.09392310282917,1.09328674646617,1.09802406605733,1.09733467999742,1.10055181494365,1.10142680494276,1.10175382140708,1.10438762968723,1.10467929302027,1.10390152413217,1.10732193958324,1.1063850816044,1.10461742504053,1.10571337211013,1.10589897604933,1.10421970231366,1.10312375524407,1.17027702810521,1.11052139796383,1.11275748351712,1.11340267816293,1.11265142412329,1.11783065785541,1.11551502775675,1.11991649260076,1.12198465078048,1.13669155339182,1.13751351369402,1.18498393071655,1.12141900068005,1.12326620178928,1.12669545552318,1.12770301976458,1.13285573864824,1.13370421379889,1.13491505854514,1.14165866833627,1.14152609409398,1.13992636490369,1.14037711732747,1.1459717503521,1.19491816060545,1.1338014349099,1.13355396299096,1.13266129642621,1.13136206885177,1.12987723733813,1.1320161017804,1.30450402928211,1.16568995932199
1.22695693582546,1.22618800522018,1.1714171665889,1.17291083638536,1.17093989931666,1.17216842062854,1.17485525860561,1.20429557867674,1.17598655880648,1.17048914689287,1.16695383376515,1.16917224275279,1.16736039477484,1.16494754356516,1.16547784053432,1.15942361680309,1.16023673882247,1.15496028397934,1.15607390761457,1.15815974235993,1.15259162418376,1.15191107640668,1.15561431690797,1.15458907610093,1.15321914226393,1.150868159034,1.16132384760924,1.1303191514791,1.13017773895399,1.33202644198145,1.13966121641911,1.13878622642,1.14090741429663,1.14076600177152,1.13222822056807,1.13358047783942,1.13304134258744,1.13250220733547,1.1287636137029,1.12431795744478,1.12416770663685,1.123867205021,1.12734065016899,1.12462729734346,1.12441517855579,1.12301872987034,1.12213490158841,1.12264752199193,1.12345180572849,1.12571440613023,1.12728762047207,1.12989491390377,1.11824605714791,1.11370317977879,1.11349989927394,1.11366782664751,1.11316404452681,1.1119708763462,1.11083073786251,1.11040650028718,1.11155547705369,1.10956686341935,1.11126381372066,1.11365015008187,1.11371201806161,1.11555038088802,1.11449862523253,1.11381807745544,1.11354409068804,1.12118036704393,1.12599723118045,1.12216141643687,1.12005790512587,1.12551996390821,1.13196307208349,1.1297711779443,1.11979275664129,1.11960715270209,1.11948341674262,1.1022664418106,1.10184220423527,1.10255810514363,1.09942051474278,1.09967682494454,1.15657768973527,1.21160483856832,1.16844750356161,1.15989204579252,1.11939503391442,1.11985462462103,1.11467539088891,1.11091028240788,1.2558492823618,1.12663358754344,1.10030434302471,1.09857203959212,1.10000384140885,1.11339383988011,1.1019924550432,1.09672483848289,1.09637130717011,1.09060874677192,1.09851900989521,1.10152402605377,1.10374243504142,1.10702143796739,1.10526261968634,1.10452904221234,1.10969943766164,1.1084444015013,1.10882444766253,1.10898353675327,1.10841788665284,1.10531564938326,1.10639391988722,1.1029558278705,1.10729542473479,1.10969059937882,1.1127486452343,1.11411857907129,1.11758318593647,1.11994300744922,1.12005790512587,1.11736222886598,1.12068542320604,1.12030537704481,1.13831779743057,1.13022193036808,1.13459688036364,1.16264959003214,1.13032798976191,1.13253756046674,1.13282922379978,1.13351860985969,1.1370008932905,1.13915743429841,1.14172937459883,1.14119907762967,1.14473439075739,1.14393894530366,1.14255133490102,1.2380489807637,1.14047433843849,1.13360699268788,1.13107924380156,1.14218012702261,1.13541884066584,1.2797391608224,1.16338316750614,1.17533252587786
1.23456669733289,1.21982444159028,1.18094483546812,1.18122766051834,1.17205352295189,1.1729727043651,1.17689690193687,1.18209381223463,1.18285390455709,1.17601307365494,1.17268104103206,1.16627328598806,1.16538061942331,1.16872149032901,1.16376321366738,1.16703337831052,1.15976830983305,1.15993623720661,1.16091728659956,1.16059027013524,1.15924685114671,1.15491609256524,1.157275914078,1.1564981451899,1.15430625105071,1.15390852832384,1.15243253509302,1.16165970235638,1.16965834830786,1.14308163187018,1.14136700500324,1.14124326904377,1.14293138106225,1.14188846368958,1.1425424966182,1.13465874834338,1.13572818056451,1.13779633874423,1.21496338603965,1.12328387835492,1.12941764663153,1.12864871602625,1.12527249198927,1.12463613562628,1.12582046552407,1.12719923764388,1.12722575249234,1.12629773279631,1.1248747692624,1.13185701268966,1.129541382591,1.12938229350025,1.12316898067827,1.11364131179905,1.11355292897086,1.11347338442549,1.10912494927838,1.11165269816471,1.11058326594357,1.1096375696819,1.11371201806161,1.13058429996367,1.11725616947215,1.11715011007832,1.11798090866333,1.11771576017876,1.11901498775319,1.11847585250122,1.11861726502633,1.11822838058228,1.12461845906064,1.1251487560298,1.1500461987318,1.12777372602713,1.12673964693727,1.1262005116853,1.12323084865801,1.12057052552939,1.12082683573115,1.11739758199726,1.10825879756209,1.21593559714978,1.09918188110666,1.09829805282473,1.09811244888552,1.16436421689909,1.17178837446731,1.15506634337317,1.12192278280075,1.12225863754788,1.11794555553206,1.1138445923039,1.11469306745455,1.10718936534095,1.10567801897885,1.10410480463701,1.10145331979122,1.10657952382642,1.10431692342468,1.10573988695859,1.08306085324423,1.08095734193323,1.09405567707145,1.10446717423261,1.12641263047296,1.10796713422905,1.10828531241055,1.10794945766341,1.11349106099112,1.11209461230567,1.10814389988544,1.10793178109778,1.10893050705636,1.10585478463524,1.10519191342379,1.15005503701462,1.18685764667424,1.17594236739239,1.11562108715058,1.11816651260254,1.12236469694171,1.12306292128444,1.12250610946682,1.12057936381221,1.12294802360779,1.12310711269854,1.12498966693905,1.12752625410819,1.12851614178396,1.13091131642799,1.13363350753634,1.13363350753634,1.13502111793897,1.13892763894511,1.14004126258034,1.14278996853715,1.14299324904199,1.14275461540587,1.14511443691863,1.14500837752479,1.14618386913976,1.14600710348338,1.14509676035299,1.14001474773188,1.13803497238036,1.14541493853448,1.17261917305233,1.17170882992194,1.21239144573923,1.14852601408688
1.19352171192,1.189217468187,1.1780547169862,1.20693822523972,1.1717353447704,1.17488177345407,1.17478455234306,1.18266830061789,1.18316324445577,1.18463039940377,1.18075039324609,1.16995001164089,1.16873032861183,1.16759019012814,1.1688982559854,1.25076726974069,1.60042741463834,1.16685661265413,1.165787180433,1.17304341062765,1.15875190730882,1.1582834783194,1.1598832075097,1.1564981451899,1.15692238276523,1.15492493084806,1.15516356448418,1.16336549094051,1.16416093639424,1.14720027166398,1.1446460079292,1.14530887914065,1.14450459540409,1.14423060863669,1.14450459540409,1.13879506470282,1.13890112409665,1.14801339368336,1.15216738660844,1.14471671419176,1.13348325672841,1.1317863064271,1.12646566016987,1.12635960077604,1.12801235966325,1.12753509239101,1.13195423380067,1.13228125026498,1.13372189036453,1.12857800976369,1.12667777895754,1.12866639259188,1.12598839289763,1.11675238735145,1.11379156260698,1.11471074402019,1.11391529856645,1.11340267816293,1.11299611715324,1.11416277048539,1.17279593870871,1.11791020240078,1.11756550937083,1.11860842674351,1.12133945613467,1.12292150875933,1.12367276279897,1.12206419532586,1.12181672340692,1.12340761431439,1.12468032704037,1.1258381420897,1.25823561872301,1.13087596329671,1.13092015471081,1.12916133642977,1.12468032704037,1.12272706653731,1.12243540320427,1.27570890385679,1.27548794678631,1.11043301513564,1.10201013160884,1.09727281201768,1.0968220595939,1.09666297050315,1.16948158265147,1.14910050247014,1.13993520318651,1.12252378603246,1.12326620178928,1.11695566785629,1.1151261433127,1.11183830210391,1.10302653413306,1.10433459999032,1.10302653413306,1.10724239503787,1.10693305513919,1.16335665265769,1.09692811898773,1.10769314746165,1.09735235656306,1.10468813130309,1.10949615715679,1.1112814902863,1.11175875755854,1.11083073786251,1.11338500159729,1.11122846058938,1.10865652028896,1.10788758968368,1.11257187957792,1.11353525240522,1.11497589250477,1.11410974078848,1.11319055937527,1.1691280513387,1.11950109330826,1.12082683573115,1.12376998390998,1.12392907300073,1.12672197037164,1.1230010533047,1.12333690805184,1.12246191805273,1.1259265249179,1.12712853138132,1.12939997006589,1.13441127642444,1.13528626642355,1.13931652338916,1.13890996237947,1.1443720211618,1.14515862833272,1.14787198115825,1.14466368449484,1.14481393530277,1.14786314287543,1.14767753893623,1.15015225812563,1.14692628489658,1.14572427843316,1.13984682035831,1.1387420350059,1.28224923314308,1.17178837446731,1.17294618951664,1.15414716195996,1.15359918842517
1.19634112413936,1.19616435848298,1.19477674808034,1.29350920545489,1.28200176122414,1.18197007627516,1.17968979930778,1.18100670344785,1.18643340909891,1.18674274899759,1.22668294905806,1.17453708042412,1.17523530476684,1.1731583083043,1.17483758203997,1.17649917921,1.17285780668845,1.17360906072809,1.17200049325497,1.17127575406379,1.1688540645713,1.16779347063298,1.16952577406557,1.16306498932465,1.16097915457929,1.15854862680398,1.15584411226127,1.16369250740482,1.1673427182092,1.1536610564049,1.1482608656023,1.14685557863403,1.14458413994947,1.1377786621786,1.13624963925085,1.1374604839971,1.13795542783498,1.1901808410143,1.15414716195996,1.14667881297764,1.13765492621913,1.13831779743057,1.12838356754167,1.12763231350202,1.12868406915752,1.12965628026765,1.13185701268966,1.13431405531342,1.13212216117424,1.13176862986146,1.12893154107646,1.12912598329849,1.12726994390643,1.21588256745286,1.11345570785985,1.11520568785807,1.11600113331181,1.11536477694882,1.11996952229768,1.11989881603513,1.11873216270298,1.11789252583514,1.11985462462103,1.12252378603246,1.1219934890633,1.12548461077693,1.1256083467364,1.11773343674439,1.26401585568684,1.12297453845625,1.12468916532319,1.12628005623067,1.12753509239101,1.1325198839011,1.13408425996012,1.13472945460593,1.12809190420863,1.12810958077427,1.12932042552051,1.11500240735323,1.11565644028186,1.114622361192,1.11106937149863,1.16612303518013,1.09600893757452,1.09545212575691,1.17561535092807,1.14377101793009,1.36240362003143,1.23941891460069,1.11699102098757,1.11420696189949,1.1140743876572,1.11008832210569,1.10987620331802,1.11021205806516,1.10505050089868,1.10634972847312,1.10756941150218,1.13820289975392,1.10726890988633,1.10224876524496,1.10723355675505,1.10895702190482,1.10887747735944,1.10899237503609,1.11140522624577,1.11364131179905,1.11728268432061,1.11708824209858,1.11475493543429,1.1142599915964,1.11752131795673,1.11693799129066,1.11524987927217,1.11063629564049,1.1086741968546,1.12044678956992,1.12346064401131,1.12320433380955,1.1261563202712,1.12653636643243,1.16409906841451,1.13509182420152,1.11795439381488,1.13556909147377,1.12581162724125,1.12643914532142,1.12939997006589,1.13301482773899,1.13651478773543,1.13875971157154,1.14304627873891,1.14301092560763,1.14168518318473,1.14846414610714,1.15056765741814,1.14994897762079,1.1488088391371,1.15401458771767,1.1548984159996,1.15224693115381,1.15177850216439,1.14322304439529,1.14438085944462,1.27193495709294,1.22018681118587,1.16600813750348,1.15399691115203,1.15600320135202
1.19973502474198,1.19970850989352,1.19749010090587,1.2799247647616,1.22746955622898,1.1845950462725,1.18808616798612,1.184276868091,1.18446247203021,1.18615058404869,1.31368700513138,1.31733721593575,0.00373068336944603,1.18645108566455,1.18697254435089,1.18259759435533,1.17878829446021,1.17437799133337,1.17622519244261,1.17546510012015,1.16627328598806,1.17045379376159,1.1748022289087,1.20118450312435,1.16819119335985,1.18164305981084,1.16371902225328,1.16285287053699,1.16843866527879,1.1570019273106,1.15488073943397,1.15609158418021,1.15234415226482,1.15376711579873,1.13493273511078,1.13532161955483,1.14141119641733,1.14271926227459,1.14311698500146,1.14221548015389,1.13836198884467,1.13589610793808,1.13531278127201,1.1307787421857,1.12956789743945,1.13025728349936,1.13146812824561,1.13203377834604,1.13973192268166,1.13652362601825,1.18879323061167,1.12981536935839,1.1289934090562,1.13014238582271,1.11953644643953,1.11591275048362,1.11822838058228,1.11995184573204,1.12345180572849,1.12319549552673,1.12217909300251,1.12220560785097,1.12287731734523,1.12295686189061,1.12291267047651,1.12420305976813,1.12571440613023,1.11561224886776,1.11519684957525,1.47467632668516,1.12594420148354,1.12559067017076,1.12770301976458,1.13812335520855,1.13788472157243,1.13849456308696,1.13635569864469,1.13084944844825,1.12941764663153,1.1205263341153,1.3121844970521,1.11242162876999,1.11210345058849,1.16198671882069,1.15780621104716,1.09752912221944,1.09523116868642,1.14588336752391,1.39561788686641,1.31358978402037,1.11105169493299,1.11009716038851,1.10485605867666,1.10900121331891,1.10898353675327,1.1080820319057,1.12088870371089,1.10633205190748,1.11108704806427,1.1321044846086,1.13343906531431,1.1086741968546,1.10798481079469,1.108948183622,1.1122006716995,1.11241279048717,1.11044185341846,1.11674354906863,1.11933316593469,1.11992533088358,1.11736222886598,1.11685844674528,1.11758318593647,1.12003139027742,1.12115385219547,1.1241411917884,1.12658939612935,1.12521062400953,1.12656288128089,1.12947067632844,1.12842775895576,1.13307669571872,1.11745061169418,1.11639885603868,1.11579785280696,1.6193059867404,1.12639495390732,1.12675732350291,1.13348325672841,1.13548070864557,1.13761073480503,1.14552099792831,1.14534423227193,1.14659043014945,1.14803990853182,1.14823435075384,1.15070023166043,1.14986943307542,1.1518315318613,1.15557012549387,1.15625067327096,1.15671910226038,1.15133658802342,1.14937448923753,1.15413832367714,1.15253859448685,1.15403226428331,1.15765596023923,1.15784156417844,1.15888448155111
1.20442815291903,1.20388017938424,1.20132591564945,1.19992062868118,1.2151224751304,1.1896770588936,1.18754703273415,1.19101163959932,1.18359632031391,1.18640689425045,1.1863361879879,1.45509069195756,1.18984498626717,1.1868399701086,1.18695486778525,1.18290693425401,1.18402055788924,1.18360515859673,1.17802820213775,1.17702063789634,1.17573908688754,1.17496131799944,1.17870874991483,1.17705599102762,1.17639311981617,1.17241589254748,1.17188559557832,1.35517390468523,1.35505016872576,1.16009532629736,1.15982133952996,1.15825696347094,1.22100877148806,1.43828911631805,1.13424334905087,1.13417264278832,1.29573645272535,1.14142887298297,1.1446460079292,1.14499070095915,1.1413051370235,1.13978495237858,1.13705392298741,1.13507414763589,1.13495041167642,1.1307345507716,1.13209564632578,1.13327997622357,1.14046550015567,1.14098695884201,1.18748516475441,1.13860062248079,1.13876854985436,1.13080525703416,1.1238230136069,1.12001371371178,1.1191564002783,1.12284196421396,1.23386847299016,1.12681035319983,1.1271196930985,1.12458310592936,1.12357554168796,1.12264752199193,1.1254227427972,1.12658055784653,1.12728762047207,1.14186194884112,1.11363247351623,1.11367666493033,1.268116818915,1.12855149491523,1.13257291359802,1.13898066864202,1.13941374450017,1.14096044399355,1.1392900085407,1.13653246430107,1.13085828673107,1.13068152107469,1.12317781896109,1.12396442613201,1.11723849290651,1.21964767593389,1.21609468624053,1.16873916689465,1.14291370449662,1.09999500312603,1.10133842211457,1.10273487080002,1.11150244735678,1.10990271816648,1.10870071170306,1.10937242119732,1.10756941150218,1.11658445997788,1.11821070401664,1.1093635829145,1.10906308129865,1.12763231350202,1.13157418763944,1.11634582634176,1.11540896836291,1.11249233503254,1.11593042704925,1.1163193114933,1.12962976541919,1.11669051937172,1.11925362138932,1.12290383219369,1.11863494159196,1.12016396451971,1.12279777279986,1.12341645259721,1.12182556168974,1.12274474310294,1.12663358754344,1.1279858448148,1.12921436612668,1.1312383328923,1.1302307686509,1.12239121179017,1.11950109330826,1.11985462462103,1.15550825751414,1.23735959470379,1.13181282127556,1.13051359370112,1.13169792359891,1.12920552784386,1.2583240015512,1.2185075374502,1.14891489853093,1.14946287206573,1.14940100408599,1.15104492469038,1.15452720812119,1.15538452155467,1.15468629721194,1.15519007933264,1.15516356448418,1.15633021781633,1.15067371681197,1.15133658802342,1.15374943923309,1.1533870696375,1.15322798054675,1.15616229044277,1.16211929306298,1.16142990700308
1.20861749897539,1.20179434463888,1.20905057483353,1.20918314907582,1.34315384005097,1.22066407845811,1.2208408441145,1.35984935629665,1.19789666191556,1.19401665575788,1.18484251819144,1.18832480162225,1.1910028013165,1.18277436001172,1.18526675576676,1.18733491394648,1.18687532323988,1.18744981162313,1.1809801885994,1.18085645263993,1.17900925153069,1.18074155496327,1.18151932385137,1.17558883607962,1.1749878328479,1.17509389224173,1.17088686961974,1.17166463850784,1.16850053325853,1.16652959618982,1.16431118720217,1.16195136568942,1.17154974083119,1.1760395885034,1.13272316440595,1.13267897299185,1.13316507854691,1.18136907304345,1.14399197500057,1.14465484621202,1.1399793946006,1.14251598176975,1.14194149338649,1.14035060247902,1.14079251661998,1.13620544783676,1.1327938706685,1.13417264278832,1.13825592945084,1.14408919611158,1.14193265510367,1.14583917610981,1.14260436459794,1.13681528935129,1.12397326441483,1.12372579249589,1.27085668658899,1.11345570785985,1.23647576642186,1.12820680188528,1.13136206885177,1.12941764663153,1.12845427380422,1.1261563202712,1.12676616178573,1.13063732966059,1.12879012855135,1.12736716501744,1.14447808055563,1.14553867449395,1.14415106409132,1.25508035175652,1.13360699268788,1.13856526934951,1.14013848369135,1.14119907762967,1.14121675419531,1.13852107793542,1.13639105177596,1.13228125026498,1.13220170571961,1.26831126113703,1.26658779598726,1.12971814824738,1.15100957155911,1.28484768829196,1.19398130262661,1.29704451858261,1.11208577402285,1.11271329210302,1.33536731288715,1.10824995927927,1.10847091634975,1.11045069170128,1.11525871755499,1.11853772048095,1.11926245967214,1.11533826210036,1.11433069785896,1.11769808361312,1.12057936381221,1.11679657876555,1.11622209038229,1.11654026856379,1.11747712654263,1.12038492159019,1.12166647259899,1.12137480926595,1.12173717886154,1.12261216886065,1.1212157201752,1.12628005623067,1.12532552168618,1.12315130411263,1.12262984542629,1.12280661108268,1.12652752814961,1.13138858370023,1.13227241198216,1.13113227349847,1.13040753430729,1.13111459693283,1.14740355216883,1.15864584791499,1.15271536014323,1.25868637114679,1.13289993006233,1.13499460309051,1.13525091329227,1.13642640490724,1.14043014702439,1.14635179651333,1.15073558479171,1.15165476620492,1.1513277497406,1.15449185498992,1.15352848216261,1.15748803286566,1.15945013165155,1.15996275205507,1.15529613872647,1.15371408610182,1.15067371681197,1.14828738045076,1.16000694346917,1.15769131337051,1.15433276589917,1.15862817134935,1.16000694346917,1.16605232891758
1.21589140573568,1.21520201967578,1.21528156422115,1.21423864684847,1.21423864684847,1.21595327371542,1.22112366916472,1.21798607876386,1.20631070715955,1.20882961776305,1.30292197665746,1.19568709121073,1.19525401535259,1.19325656343542,1.18933236586365,1.18790056404692,1.1881657125315,1.19085255050857,1.19028690040813,1.18655714505838,1.1834990992029,1.1840470727377,1.18437408920201,1.17923020860117,1.17807239355184,1.17813426153158,1.1773211395122,1.17538555557477,1.17535904072631,1.17634892840208,1.16893360911667,1.1654690022515,1.33992786682192,1.26378606033354,1.24646302600768,1.24314866995044,1.18100670344785,1.28520121960473,1.14538842368602,1.14537074712038,1.14648437075562,1.14654623873535,1.14344400146577,1.14563589560496,1.14445156570718,1.14227734813363,1.14221548015389,1.14043898530721,1.14256017318384,1.14309930843582,1.14582149954417,1.14638714964461,1.14603361833183,1.13250220733547,1.12478638643421,1.12482173956548,1.12513107946416,1.1122890545277,1.14483161186841,1.12994794360068,1.13194539551785,1.1321044846086,1.1330678574359,1.12702247198749,1.12928507238924,1.13046940228702,1.13303250430462,1.1333860356174,1.29099029485138,1.1451497900499,1.17889435385404,1.22221961623431,1.1379200747037,1.13813219349137,1.13965237813629,1.13860062248079,1.14370031166754,1.14050085328694,1.13758421995657,1.13696554015922,1.1287636137029,1.12729645875489,1.12725226734079,1.12767650491612,1.15420019165688,1.27700813143123,1.16273797286033,1.22735465855233,1.21927646805548,1.11285470462813,1.1143041830105,1.11657562169506,1.11539129179728,1.11425115331358,1.11716778664396,1.12076496775142,1.12049981926684,1.11327010392064,1.11567411684749,1.1176450539162,1.12039375987301,1.12076496775142,1.11876751583425,1.11945690189416,1.11849352906685,1.12238237350735,1.12362857138488,1.12290383219369,1.12366392451615,1.12322201037519,1.13927233197506,1.13762841137067,1.1266159109778,1.11577133795851,1.12278009623422,1.12379649875844,1.13097318440772,1.13409309824294,1.13280270895132,1.13629383066495,1.13469410147466,1.13541884066584,1.1333860356174,1.15351964387979,1.15169011933619,1.21880803906606,1.14173821288165,1.1390602131874,1.14131397530632,1.1382824442993,1.14466368449484,1.15035553863048,1.15024947923665,1.15141613256879,1.15363454155644,1.23291393844568,1.15949432306565,1.16010416458018,1.15931755740926,1.15921149801543,1.15938826367182,1.15276838984015,1.15101840984193,1.14925075327806,1.15872539246037,1.15763828367359,1.15685167650267,1.1592910425608,1.16161551094228,1.16979092255015
1.22218426310303,1.22279410461757,1.22096458007397,1.21840147805637,1.21502525401939,1.21382324755596,1.21538762361498,1.20425138726265,1.20549758514017,1.206973578371,1.20692054867408,1.19742823292614,1.19733985009794,1.19692445080544,1.19498002858519,1.18927049788391,1.19398130262661,1.19543961929179,1.23845554177339,1.18581472930156,1.18600917152359,1.18218219506282,1.18373773283902,1.1833134952637,1.17613680961441,1.17848779284435,1.17976050557033,1.18294228738528,1.1796544461765,1.177869113047,0.00419236874907847,1.18584124415002,1.41402802997904,1.17349416305144,1.17246008396158,1.20551526170581,1.18050292132715,1.2707683037608,1.14408035782877,1.14975453539876,1.149498225197,1.1477570834816,1.14669648954328,1.14699699115914,1.14760683267367,1.14870277974327,1.13898950692484,1.14059807439796,1.14307279358736,1.14263971772922,1.14392126873802,1.14417757893978,1.14321420611247,1.13779633874423,1.13335068248612,1.12591768663508,1.12466265047474,1.12523713885799,1.1292673958236,1.1294971911769,1.13065500622623,1.13300598945617,1.13568398915042,1.13511833904998,1.12857800976369,1.13150348137688,1.13207796976014,1.13282038551696,1.13284690036542,1.13835315056185,1.1389718303592,1.13895415379356,1.24798321065261,1.14101347369046,1.14180008086138,1.14320536782965,1.14328491237503,1.3003323597914,1.13553373834249,1.31050522331643,1.12839240582449,1.1261563202712,1.12866639259188,1.12888734966237,1.1305489468324,1.14856136721816,1.27249176891056,1.12131294128622,1.11798090866333,1.11692031472502,1.1181488360369,1.11747712654263,1.11830792512765,1.11806929149153,1.1181488360369,1.11959831441927,1.11813115947126,1.11749480310827,1.11716778664396,1.11829908684483,1.12070309977168,1.12318665724391,1.1212157201752,1.12297453845625,1.30377045180811,1.12213490158841,1.12299221502189,1.1207561294686,1.12659823441216,1.1284012441073,1.13566631258478,1.13232544167908,1.13045172572138,1.13173327673019,1.12818912531964,1.12755276895665,1.12921436612668,1.13289109177952,1.13185701268966,1.13274084097159,1.13359815440506,1.13756654339093,1.13742513086582,1.13821173803674,1.13807032551163,1.13991752662087,1.14379753277855,1.1436826351019,1.1441422258085,1.14551215964549,1.14813712964283,1.15176966388157,1.1528832875168,1.15336939307186,1.15510169650445,1.15721404609826,1.15903473235904,1.1595208379141,1.15987436922688,1.1624021181132,1.16147409841717,1.25776718973359,1.17169999163912,1.15578224428154,1.15710798670443,1.15770015165333,1.1598832075097,1.1629059002339,1.16865962234927,1.19805575100631
1.22708067178493,1.22851247360166,1.22562235511975,1.21962116108543,1.21985095643873,1.21559090411983,1.21727017785549,1.20293448312257,1.20406578332344,1.20499380301947,1.20852027786438,1.20942178271194,1.35507668357422,1.20099889918514,1.20127288595254,1.20332336756662,1.20032718969087,1.19989411383273,1.25604372458382,1.19660627262394,1.1899952370751,1.18989801596408,1.18426802980818,1.18363167344519,1.18078574637737,1.18108624799323,1.18115695425578,1.1847364587976,1.18471878223197,1.18292461081965,1.17889435385404,1.19551916383717,1.1748022289087,1.16698034861361,1.25038722357946,1.16947274436865,1.38582506950261,1.38627582192639,1.15340474620314,1.15324565711239,1.15198178266923,1.15180501701284,1.15084164418554,1.15454488468683,1.15450069327274,1.15258278590094,1.148764647723,1.14301092560763,1.14431015318207,1.14442505085872,1.14424828520233,1.14278996853715,1.17747139032013,1.13836198884467,1.13255523703238,1.13261710501212,1.13063732966059,1.13591378450372,1.36116626043673,1.12873709885444,1.12988607562095,1.13254639874956,1.13537464925174,1.13804381066317,1.13249336905265,1.13199842521476,1.13610822672575,1.13876854985436,1.13775214733014,1.14229502469926,1.14268390914331,1.14138468156888,1.14434550631334,1.14358541399088,1.14324072096093,1.14402732813185,1.14472555247458,1.31602031179568,1.13477364602003,1.13396936228347,1.12747322441128,1.12651868986679,1.24835441853102,1.13515369218126,1.13575469541297,1.38445513566562,1.12250610946682,1.12288615562805,1.12179020855846,1.11259839442637,1.1207119380545,1.12282428764832,1.12289499391087,1.11928013623777,1.1194745784598,1.11763621563338,1.11861726502633,1.11656678341224,1.11795439381488,1.12217909300251,1.12407048552584,1.12543158108002,1.12470684188883,1.12178137027564,1.12175485542718,1.12332806976902,1.12272706653731,1.12848078865268,1.12726994390643,1.11452514008098,1.13478248430285,1.13181282127556,1.1318304978412,1.13270548784031,1.12731413532053,1.12679267663419,1.13012470925707,1.13406658339448,1.13046940228702,1.12911714501567,1.13295295975925,1.16043118104449,1.14092509086227,1.13921930227814,1.14159680035654,1.14333794207194,1.14423060863669,1.14641366449306,1.1477128920675,1.14784546630979,1.15284793438552,1.15313075943574,1.15619764357404,1.15670142569474,1.15943245508591,1.15959154417666,1.16398417073786,1.16821770820831,1.15938826367182,1.16078471235727,1.1639134644753,1.17024167497393,1.16868613719773,1.16506244124181,1.16005113488326,1.16338316750614,1.16662681730083,1.16758135184532,1.16979976083297,1.17842592486461
1.23313489551616,1.23148213662895,1.23142026864921,1.23088997168006,1.46524587891695,1.2216186130026,1.2186931413894,1.22552513400873,1.20380063483886,1.20479936079744,1.20669075332078,1.20841421847054,1.20928920846966,1.21057959776127,1.20849376301592,1.21054424463,1.20813139342033,1.20873239665204,1.19345984394027,1.19439670191911,1.19590804828122,1.19632344757372,1.18321627415268,1.18425919152536,1.18748516475441,1.18755587101697,1.18752935616851,1.18445363374739,1.1827213303148,1.18365818829365,1.18206729738617,1.18120114566988,1.17787795132982,1.16613187346295,1.16530107487794,1.16320640184976,1.16142106872026,1.16081122720572,1.16008648801454,1.15633021781633,1.15662188114937,1.15736429690619,1.15632137953351,1.15648930690708,1.15684283821985,1.24797437236979,1.14904747277322,1.14897676651066,1.14825202731948,1.1690396685105,1.14318769126401,1.13810567864291,1.14079251661998,1.13305018087026,1.13478248430285,1.13548954692839,1.13214867602269,1.13297947460771,1.13313856369846,1.13103505238746,1.13221938228525,1.13349209501123,1.13764608793631,1.13830012086493,1.14444272742436,1.14240992237592,1.14174705116447,1.14156144722526,1.14132281358914,1.14121675419531,1.14399197500057,1.14585685267545,1.14369147338472,1.14259552631512,1.1474830967142,1.14425712348515,1.14310814671864,1.14139351985169,1.1372306886438,1.13832663571339,1.22982937774174,1.13516253046408,1.13667387682618,1.13708927611869,1.13594029935218,1.15715217811853,1.22648850683604,1.18706092717908,1.12139248583159,1.29103448626548,1.1238230136069,1.13224589713371,1.12627121794785,1.12251494774964,1.11882938381399,1.11730036088625,1.1178748492695,1.12021699421662,1.12059704037785,1.1256083467364,1.1320161017804,1.13114111178129,1.1322900885478,1.13244917763855,1.12664242582626,1.12320433380955,1.12284196421396,1.12850730350114,1.12749090097692,1.12628005623067,1.1299567818835,1.13023960693372,1.13196307208349,1.13202494006322,1.12620934996811,1.12985956077249,1.13244033935573,1.13346558016277,1.12941764663153,1.12819796360246,1.13241382450727,1.20403043019216,1.14121675419531,1.14141119641733,1.1454237768173,1.14648437075562,1.14463716964638,1.14516746661554,1.14724446307808,1.15098305671065,1.15524310902956,1.15347545246569,1.15754106256258,1.15760293054231,1.16000694346917,1.16330362296077,1.16468239508058,1.1649652201308,1.16064329983216,1.16104102255903,1.16457633568675,1.16949042093429,1.16426699578808,1.29067211666989,1.16497405841362,1.1655573850797,1.16660914073519,1.17464313981795,1.17304341062765,1.17876177961175
1.23456669733289,1.23438109339368,1.23539749591791,1.23314373379898,1.23366519248532,1.22678900845189,1.22406681734355,1.21986863300437,1.25494777751423,1.25304754670807,1.21476010553481,1.23058063178138,1.35546556801827,1.21428283826257,1.21370834987931,1.20968693119652,1.2182777420969,1.20730943311813,1.20539152574634,1.19966431847942,1.19931962544947,1.19905447696489,1.20533849604942,1.19908099181335,1.1897212503077,1.18938539556056,1.18726420768393,1.18776798980463,1.18358748203109,1.18730839909802,1.18874903919757,1.18186401688133,1.18151932385137,1.17501434769636,1.16864194578364,1.16655611103828,1.16431118720217,1.1652392068982,1.16302963619337,1.1597948246815,1.15719636953263,1.16002462003481,1.15950316134847,1.16259656033523,1.16125314134669,1.15359918842517,1.15251207963839,1.15379363064719,1.15239718196174,1.15151335367981,1.15189339984104,1.14415990237414,1.13889228581383,1.1385122396526,1.13914859601559,1.13962586328783,1.13715114409842,1.13743396914864,1.13495924995923,1.13464991006056,1.13507414763589,1.13399587713193,1.13858294591515,1.1420829059116,1.14770405378468,1.14950706347982,1.14889722196529,1.13810567864291,1.13806148722881,1.14041247045875,1.14103998853892,1.14042130874157,1.1381940614711,1.13845037167286,1.14580382297853,1.14612200116003,1.14448691883845,1.14561821903933,1.14442505085872,1.14517630489836,1.14381520934419,1.13522439844381,1.1384680482385,1.13813219349137,1.15785924074407,1.15620648185686,1.1336600223848,1.13372189036453,1.12982420764121,1.13717765894688,1.13611706500856,1.13120297976103,1.12989491390377,1.12256797744656,1.12123339674084,1.11976624179284,1.12028770047918,1.12067658492323,1.12309827441572,1.1287636137029,1.128171448754,1.12914365986413,1.13525091329227,1.13490622026232,1.13090247814517,1.12423841289941,1.12501618178751,1.12898457077338,1.12767650491612,1.26975190123657,1.13038985774165,1.13191888066939,1.13197191036631,1.13215751430551,1.13275851753723,1.13285573864824,1.13387214117246,1.13434057016188,1.13554257662531,1.13574585713015,1.19936381686357,1.20834351220799,1.15023180267101,1.14582149954417,1.14576846984725,1.14850833752124,1.15243253509302,1.15118633721549,1.15404994084895,1.15488073943397,1.15321914226393,1.15967108872203,1.15939710195463,1.16096147801365,1.16265842831496,1.16614071174577,1.16900431537923,1.16782882376426,1.16377205195019,1.16275564942597,1.16858891608672,1.16977324598451,1.16358644801099,1.16713943770435,1.16697151033079,1.16541597255459,1.17019748355983,1.17302573406201,1.17230099487083,1.17916834062144
1.2423974159108,1.24052369995311,1.24319286136454,1.22963493551971,1.23736843298661,1.23946310601479,1.23217152268886,1.22977634804482,1.2447307225751,1.25260563256711,1.29340314606106,1.23123466471001,1.23153516632587,1.22381934542461,1.21387627725288,1.21446844220177,1.21844566947046,1.21611236280616,1.20875007321768,1.20495844988819,1.20121985625562,1.20205065484064,1.19962896534815,1.20132591564945,1.21377021785905,1.19376034555612,1.19477674808034,1.19404317060634,1.18750284132005,1.18524024091831,1.18592078869539,1.18237663728485,1.31858341381328,1.17227448002237,1.17094873759948,1.16849169497571,1.16983511396424,1.16565460619071,1.165787180433,1.16365715427354,1.16385159649557,1.16364831599072,1.16257888376959,1.16616722659423,1.16470007164622,1.15712566327007,1.17586282284701,1.15701960387624,1.15823044862249,1.15762944539077,1.15668374912911,1.14968382913621,1.14260436459794,1.14128746045786,1.14370914995035,1.14291370449662,1.14599826520056,1.13890112409665,1.14035944076183,1.1377786621786,1.13704508470459,1.13513601561562,1.13916627258123,1.14720027166398,1.3044068081711,1.15072674650889,1.15176082559875,1.15859281821808,1.14761567095649,1.13944909763145,1.14152609409398,1.13725720349226,1.1374604839971,1.39301943171753,1.14966615257057,1.14920656186397,1.14749193499702,1.1451497900499,1.14327607409221,1.14292254277944,1.14375334136445,1.14433666803053,1.14090741429663,1.14278113025433,1.14240992237592,1.14722678651244,1.13865365217771,1.13524207500945,1.13498576480769,1.13831779743057,1.1464755324728,1.13176862986146,1.12958557400509,1.12936461693461,1.12351367370822,1.1235490268395,1.12262984542629,1.12284196421396,1.12582046552407,1.12616515855402,1.12901992390466,1.13236079481036,1.13464107177774,1.13476480773721,1.13180398299274,1.12936461693461,1.12845427380422,1.12663358754344,1.13568398915042,1.1151261433127,1.13080525703416,1.13182165955838,1.13248453076983,1.13230776511344,1.13430521703061,1.13391633258656,1.13305901915308,1.13805264894599,1.13917511086405,1.14180008086138,1.14588336752391,1.14715608024989,1.15084164418554,1.15138077943752,1.20612510322034,1.15058533398378,1.14847298438996,1.14844646954151,1.16063446154934,1.15957386761102,1.15986553094406,1.1580536829661,1.15708147185597,1.1598390160956,1.16291473851672,1.16337432922333,1.16617606487705,1.16598162265502,1.16545132568586,1.1639134644753,1.17054217658979,1.1663351539678,1.27342862688941,1.17074545709463,1.17212422921444,1.17185908072987,1.17525298133248,1.17221261204264,1.28597898849283,1.18655714505838
