1.77769365252662,1.82245860021739,1.73070250399268,1.72498762477188,1.72724273731432,1.72699216925405,1.724891252441,1.72633683740411,1.7275607660062,1.80025441518412,1.97780116035247,1.77214260626831,1.72349385364334,1.77265337962194,1.7256525938549,1.72485270350865,1.72449612588442,1.72622119060706,1.72739693304372,1.77492776663055,1.77525543255552,1.72678015012613,1.72363841213965,1.72503581093731,1.98726492324425,1.72593207361444,1.72722346284814,1.77480248260042,1.77584330377385,1.77741417276709,1.72730056071284,1.73035556360153,1.72684761075774,1.72722346284814,1.72793661809661,1.72813899999144,1.83369561399724,1.73043266146623,1.77842608224126,1.77917778642208,1.72798480426204,1.7295460360222,1.97600863499822,1.97657723175037,1.7317529623992,1.72940147752589,1.73294797930203,1.73422009406956,1.73360331115197,1.79797039094242,1.79060754486368,1.79865463449162,1.79984001416137,1.79667900170871,1.96874216125035,1.79790293031081,1.79962799503344,1.95105783853506,1.95000738012853,1.95084581940713,1.96401027980446,1.95430558608549,1.96082999288563,1.80231678306482,1.95703292304922,1.95935549622327,1.95858451757628,1.95841104738071,1.97124784185306,1.95498019240161,1.87510680457361,1.87300588776057,1.87147356769968,1.88305752187068,1.88223835705825,1.88253711128396,1.87460566845307,1.8783160031917,1.87764139687558,1.87804616066525,1.98686015945458,1.89053601474646,1.89069984770895,1.88405979411176,1.88801105967758,1.81357307131085,1.89388977186086,1.98160786742197,1.98724564877807,1.96348986921774,1.96761460497913,1.87067367735343,1.87195542935404,1.87795942556747,1.87383468980608,1.96589917748958,1.8738154153399,1.87562721516033,1.87752575007853,1.87743901498075,1.87712098628887,1.87803652343216,1.95408392972448,1.88157338797522,1.88132281991495,1.88141919224583,1.98080797707572,1.98168496528667,1.98337148107696,1.97189353646992,1.98571332871718,1.98365096083649,1.89036254455089,1.97904436342073,1.89311879321388,1.88955301697155,1.99222809828424,1.89182740398017,1.98183916101607,1.89231890286763,1.96673761676818,1.89371630166529,1.96828921129525,1.98673487542444,1.98762150086848,1.98362204913723,1.98115491746687,1.98504835963416,1.90093458924772,1.8975230087348,1.98845994014708,1.97366678735799,1.9722115651618,1.97760841569072,1.99409772150318,1.9020910572182,1.98975132938079,1.98642648396565,2.01235064097063,1.99851157425719,2.00305071104134,1.903392083685,1.9051460601069,1.90436544422682,2.00205807603334,1.9954565713685,1.9071987907545,1.90541590263334,1.90595558768623,1.90828779809337,1.98075979091028,1.90931898203372,1.90822997469485,1.90751681944638,1.84809364022975,1.84714919138719,1.84663841803356,1.84671551589826,1.8450868235065,1.92921023112602,1.92776464616292,1.8450868235065,1.89178885504782,1.84532775433368,1.84521210753663,1.84160778236196,1.94171935967341,1.84431584485951,1.8454626755969,1.94496710722385,1.94184464370354,1.89527753342544,1.84624329147698,1.92371700826623,1.84792980726727,1.89452582924463,1.84594453725127,1.8496548719899,1.84875860931278,1.85047403680233,1.84567469472483,1.85189071006617,1.84761177857538,1.849886165584,1.84831529659076,1.84772742537243,1.84624329147698,1.84681188822913,1.89429453565053,1.84612764467993,1.8937066644322,1.85059932083246,1.84608909574758,1.94373354138867,1.84387253213749,1.84442185442347,1.8432557492199,1.84532775433368,1.76808533113853,1.76621570791958,1.76204278599276,1.89099860193466,1.87687041822859,1.75920943946508,1.80815694631575,1.80797383888709,1.76084776908993,1.75893959693863,1.7553834579294,1.75777349173506,1.84550122452925,1.87515499073905,1.87431655146045,1.75192369125104,1.74968785317477,1.79965690673271,1.75057447861881,1.79772946011523,1.79733433355865,1.79952198546948,1.85775014778328,1.85456022363137,1.85069569316334,1.84782379770331,1.7456980386766,1.74850247350502,1.74574622484204,1.74872412986603,1.74534146105237,1.74664248751916,1.74199734117106,1.74184314544166,1.86193270694319,1.74463794303699,1.74347183783342,1.74453193347303,1.79206276705987,1.86553703211787,1.74304779957758,1.74418499308189
1.72464068438073,1.72681869905847,1.72825464678849,1.77520724639009,1.72666450332908,1.72569114278725,1.7261922789078,1.72306017815441,1.96820247619746,1.80429241584772,1.72574896618578,1.72399498976388,1.7242841067565,1.72717527668271,1.7262693767725,1.77163183291468,1.72444793971899,1.72479488011013,1.99510963097736,1.72726201178049,1.72774387343486,1.72707890435183,1.72435156738811,1.7261151810431,1.72742584474298,1.72888106693917,1.72472741947852,1.72631756293793,1.82132140671308,1.79718013782926,1.82266098211222,1.72942075199206,1.77697086004507,1.77684557601494,1.77649863562379,1.73138674754188,1.72683797352465,1.77861882690301,1.72821609785614,1.77856100350448,1.77692267387963,1.73064468059415,1.78014150973081,1.73023991680449,1.7311458167147,1.78054627352048,1.78042098949034,1.78046917565578,1.8001965917856,1.79311322546639,1.79511776994856,1.79776800904758,1.79851007599531,1.80051462047748,1.79801857710785,1.79886665361954,1.94684636767588,1.94578627203627,1.95393937122817,1.95532713279275,1.95473926157442,1.95432486055167,1.80115067786125,1.95349605850616,1.94944842060947,1.94982427269987,1.80229750859864,1.96469452335366,1.80351179996765,1.88167939753919,1.87788232770277,1.87502006947582,1.87431655146045,1.98457613521288,1.98421955758864,1.80380091696027,1.80152652995165,1.80300102661402,1.8807542231628,1.80458153284034,1.88907115531719,1.80503448279545,1.8905071030472,1.89182740398017,1.89101787640083,1.88876276385839,1.81427658932622,1.82045405573522,1.83444731817806,1.83391727035825,1.86751266490077,1.87117481347397,1.8713771953688,1.87434546315971,1.97026484407815,1.96042522909596,1.94840759943603,1.87794978833438,1.87544410773167,1.87686078099551,1.87737155434914,1.95170353315191,1.95154933742251,1.951934826746,1.97054432383769,1.95433449778476,1.8812842709826,1.97588335096808,1.97491962765935,1.88516807591681,1.88437782280364,1.9680964666335,1.88754847248938,1.97783970928482,1.9789961772553,1.97570988077251,1.9773192986981,1.98732274664277,1.97544967547915,1.96730621352034,1.89151901252137,1.89190450184487,1.96683398909906,1.96640031361012,1.97821556137522,1.89738808747157,1.89511370046296,1.89708933324587,1.89541245468867,1.99111981647919,1.97126711631924,1.97116110675528,1.97419683517779,1.9720573694324,1.89933480855522,1.98664814032666,1.9024765465417,2.01195551441405,1.90114660837564,2.01475994924247,1.90396068043715,1.90330534858721,1.99827064343001,1.98645539566491,1.99105235584758,1.98197408227929,1.90724697691994,1.9049918643775,1.90611942064872,1.90961773625943,2.00752238719387,1.99757676264772,2.00290615254503,1.91091876272622,1.84788162110183,1.84726483818424,1.84506754904032,1.84669624143209,1.89361029210133,1.891808129514,1.92774537169674,1.89185631567943,1.89144191465668,1.84439294272421,1.84422910976172,1.84316901412211,1.84402672786689,1.84433511932568,1.84517355860428,1.84520247030355,1.85052222296777,1.84495190224327,1.84586743938657,1.89430417288362,1.84748649454525,1.9340288476697,1.84658059463504,1.85008854747883,1.84823819872606,1.84639748720638,1.84718774031954,1.84772742537243,1.84795871896653,1.84525065646898,1.84528920540133,1.84619510531154,1.90070329565362,1.90326679965486,1.84717810308645,1.89627980566653,1.89609669823787,1.89375485059764,1.84456641291978,1.84529884263442,1.84471097141609,1.84418092359629,1.84550122452925,1.84501936287489,1.81676299546276,1.81468135311589,1.82752778482134,1.8757235874912,1.76103087651859,1.86767649786326,1.87116517624088,1.7608670435561,1.85576487776729,1.75382222616924,1.75432336228979,1.75369694213911,1.75739763964465,1.75402460806408,1.87231200697828,1.75225135717601,1.87781486707116,1.87436473762588,1.75242482737158,1.75099851687465,1.75108525197244,1.79909794721364,1.8601787305213,1.86523827789216,1.74630518436111,1.74712434917353,1.74474395260096,1.87013399230053,1.74797242568522,1.74733636830145,1.85573596606802,1.74419463031498,1.87249511440694,1.74256593792321,1.7467677715493,1.79371073391781,1.74400188565323,1.84936575499728,1.84776597430478,1.74117817635863,1.74389587608927,1.86387942802684
1.71928238278416,1.7235227653426,1.72558513322329,1.78359163917608,1.81845914848614,1.77354964229906,1.72305054092132,1.9661882944822,1.72261686543239,1.72482379180939,1.72221210164272,1.72126765280016,1.72332038344776,1.72263613989856,1.72637538633646,1.72458286098221,1.72494907583953,1.72338784407938,1.9830341779189,1.72506472263658,1.99456030869138,1.72450576311751,1.96703637099389,1.98816118592137,1.72806190212674,1.72704035541948,1.72508399710275,1.72385043126757,1.72755112877311,1.72675123842686,1.82561961267004,1.82667007107656,1.77742381000018,1.77860918966992,1.72749330537459,1.72800407872822,1.7285534010142,1.73202280492565,1.77728888873695,1.80839787714294,1.81046988225672,1.72907381160092,1.72897743927004,1.7773274376693,1.7810666841072,1.77911996302355,1.78000658846759,1.73082778802281,1.78071010648296,1.87386360150534,1.79708376549838,1.79772946011523,1.79780655797993,1.79677537403959,1.80036042474808,1.95050851624908,1.95188664058057,1.97054432383769,1.94903401958671,1.80373345632866,1.80012913115399,1.95094219173801,1.95757260810211,1.87804616066525,1.80081337470319,1.951713170385,1.80096757043259,1.87288060373043,1.8031648595765,1.80090974703406,1.98006591012799,1.80081337470319,1.88086023272676,1.8809084188922,1.8831924431339,1.8848693216911,1.88384777498384,1.87422017912957,1.87597415555147,1.88843509793342,1.88042655723783,1.80621986246519,1.88423326430733,1.89400541865791,1.88839654900107,1.88487895892419,1.89516188662839,1.89597141420773,1.98626265100316,1.86976777744321,1.86976777744321,1.95366952870173,1.87298661329439,1.87321790688849,1.96507037544407,1.96125403114148,1.87394069937004,1.94754988569126,1.95008447799323,1.87742937774766,1.95280217772387,1.95238777670111,1.95413211588992,1.95466216370973,1.96662196997113,1.95679199222203,1.88171794647153,1.97338730759846,1.88137100608039,1.95937477068944,1.887615933121,1.95760151980137,1.96029994506583,1.88531263441312,1.97491962765935,1.97691453490843,1.97509309785492,1.97504491168948,1.88924462551276,1.98189698441459,1.98259086519688,1.98109709406834,1.89458365264315,1.98898998796688,1.98342930447548,1.97766623908924,1.89470893667329,1.98817082315446,1.99107163031375,1.97476543192995,1.97361860119255,1.97432211920793,1.97643267325406,1.97435103090719,1.97455341280203,1.99145711963725,1.90238017421082,1.98497126176946,1.89839999694575,2.00096906869447,1.99779841900873,1.90747827051403,1.99167877599826,1.99154385473503,1.90175375406015,1.90472202185105,1.90821070022867,1.90588812705462,1.90823961192794,1.90533880476864,2.01331436427937,2.00950765720986,2.01674521925847,1.91096694889166,1.8474479456129,1.84548195006308,1.84803581683123,1.84523138200281,1.89414997715422,1.84425802146099,1.89417888885348,1.8947763973049,1.8930995187477,1.84408455126541,1.84530847986751,1.84532775433368,1.84526993093516,1.84400745340071,1.84726483818424,1.84527956816824,1.84571324365718,1.84709136798867,1.84468205971683,1.84625292871007,1.84506754904032,1.84525065646898,1.84415201189702,1.89795668422373,1.8473708477482,2.03518124615458,1.84581925322114,1.84826711042532,1.84334248431769,1.84369906194192,1.84702390735706,2.03681957577943,1.84812255192901,1.8455397734616,1.8472937498835,1.84693717225927,1.84770815090626,1.84283171096406,1.84833457105694,1.84678297652987,1.89377412506382,1.84734193604894,1.84726483818424,1.84638784997329,1.76541581757333,1.86111354213077,1.81153961512941,1.76392204644479,1.87378650364064,1.87382505257299,1.75780240343432,1.7577445800358,1.85222801322423,1.75373549107146,1.757436188577,1.75574967278671,1.75572076108745,1.75546055579409,1.87391178767078,1.84778524877096,1.75215498484513,1.75124908493492,1.75069012541585,1.7984426153637,1.86864022117199,1.8705387560902,1.87322754412157,1.8706158539549,1.74755802466246,1.8737383174752,1.87200361551948,1.74604497906775,1.87479841311481,1.86708862664493,1.85939811464122,1.74470540366861,1.7418913316071,1.79274701060907,1.82093591738959,1.81725449435022,1.79130142564597,1.74106252956159,1.74726890766984,1.74419463031498,1.7424984772916,1.91527479208171
1.9656582466624,1.89131663062654,1.89247309859702,1.72281924732722,1.72297344305662,1.7207761539127,1.72252049310151,1.7227614239287,1.7229156196581,1.72392752913227,1.72530565346376,1.72461177268147,1.97538221484754,1.72396607806462,1.72238557183829,1.72677051289304,1.72054486031861,1.72235666013903,1.7244383024859,1.724891252441,2.00179787073998,1.72531529069685,1.72635611187028,1.82079135889327,1.72499726200496,1.7250454481704,1.88621853432333,1.72807153935983,1.72822573508923,1.72685724799082,1.72928583072884,1.77694194834581,1.78070046924988,1.72722346284814,1.72811972552527,1.72480451734322,1.89799523315608,1.77830079821113,1.78133652663364,1.73072177845885,1.77774183869206,1.77834898437656,1.97762769015689,1.77706723237594,1.77842608224126,1.73245648041458,1.81817003149351,1.73103980715074,1.7964573453477,1.79686210913737,1.79602366985877,1.79901121211585,1.79808603773947,1.79931960357465,1.94450452003565,1.79788365584463,1.9700046387848,1.79807640050638,1.96605337321898,1.80079410023701,1.80079410023701,1.95488382007074,1.95165534698647,1.8774775639131,1.95782317616238,1.80170963738031,1.87686078099551,1.8008808353348,1.95167462145265,1.80168072568105,1.95236850223494,1.97727111253266,1.88192032836637,1.87367085684359,1.87363230791124,1.98737093280821,1.87588742045368,1.87666803633376,1.80458153284034,1.88518735038298,1.97870706026268,1.8884543723996,1.96369225111258,1.80807984845105,1.89230926563454,1.89219361883749,1.96693999866302,1.98320764811447,1.97673142747977,1.98571332871718,1.95154933742251,1.94993991949692,1.96214065658551,1.87369976854285,1.96501255204555,1.96117693327678,1.95501874133396,1.95343823510763,1.87510680457361,1.95034468328659,1.87727518201826,1.95344787234072,1.95570298488316,1.95670525712425,1.97051541213843,1.95207938524231,1.97307891613966,1.88348156012652,1.96547513923374,1.98438339055113,1.98521219259664,1.95471998710825,1.95804483252339,1.88689314063944,1.88829053943711,1.88714370869972,1.98351603957327,1.98108745683525,1.89064202431043,1.97497745105787,1.89156719868681,1.96435722019561,1.97049613767225,1.89543172915484,1.9911101792461,1.98118382916613,1.96672797953509,1.97995026333095,1.98854667524487,1.97204773219931,1.97176825243978,1.97963223463906,1.9915727664343,1.98412318525777,1.97229830025959,1.97430284474176,1.99616972661696,1.99212208872028,1.90070329565362,1.9969021563316,1.98337148107696,1.90611942064872,1.98858522417722,1.9840268129269,1.90466419845253,1.90465456121944,1.90707350672437,1.90569538239287,1.90772883857431,1.90524243243777,1.99732619458745,1.99318218435988,1.90876002251465,2.00369640565819,1.84792017003418,1.84763105304156,1.84617583084537,1.84545303836382,1.89335972404106,1.89390904632704,1.84124156750464,1.89523898449309,1.84118374410612,1.84319792582138,1.8416559685274,1.84699499565779,1.93137860857068,1.84413273743085,1.84252331950526,1.84585780215349,1.84686007439457,1.84691789779309,1.84573251812335,2.02354910581814,1.84496153947636,1.84723592648498,1.84327502368607,1.84441221719038,1.84723592648498,1.84681188822913,1.84663841803356,1.84387253213749,1.89402469312409,1.84680225099605,1.84513500967193,1.84747685731216,1.84481698098005,1.84762141580847,2.02078321992207,1.84481698098005,2.03335980910107,1.84510609797267,1.84537594049912,1.84466278525065,1.84205109508398,1.84545303836382,1.84559759686013,1.8435641406787,1.81567398812389,1.76624461961884,1.81233950547566,1.76104051375167,1.87181087085773,1.76120434671416,1.86647184372734,1.8774775639131,1.87311189732453,1.85367359818733,1.85173651433677,1.75506542923751,1.75226099440909,1.75254047416863,1.87720772138665,2.04367164850454,1.74890723729469,1.87366121961051,1.75091178177686,1.75045883182176,1.75170203489003,1.75131654556653,1.74956256914463,1.74736528000072,1.74698942791031,1.74545710784942,1.87463458015233,1.74430063987894,1.74660393858682,1.74513907915754,1.74801097461757,1.74400188565323,1.74487887386418,1.74466685473626,1.74148656781743,1.79408658600821,1.79391311581264,1.85086916335891,1.74247920282543,1.74245992835925,1.86652002989278,1.86323373340999
1.72205790591332,1.98476887987462,1.72762822663781,1.72385043126757,1.89330190064254,1.72252049310151,1.71980279337088,1.72211572931185,1.82057933976535,1.71924383385181,1.72082434007814,1.72223137610889,1.97202845773314,1.72068941881492,1.72410099932784,1.72305054092132,1.72362877490656,1.77378093589316,1.72265541436474,1.72568150555417,1.72465032161382,1.72758004047238,1.72770532450251,1.72492980137335,1.72698253202096,1.72490088967409,1.72507435986966,1.96867470061874,1.72803299042748,1.72749330537459,1.72791734363043,1.72843775421715,1.79293011803773,1.72890997863843,1.72662595439673,1.73105908161691,1.90077075628524,1.82401019474445,1.72811972552527,1.77858991520375,1.72861122441272,1.73008572107509,1.77578548037533,1.77844535670744,1.77840680777509,1.73087597418825,1.73146384540658,1.73258176444471,1.79804748880712,1.79771982288215,1.79657299214475,1.79947379930405,1.79700666763368,1.79850043876222,1.94481291149445,1.97826374754066,1.96724839012181,1.95517293706336,1.94788718884932,1.96478125845145,1.96724839012181,1.95619448377062,1.87402743446783,1.80037006198117,1.95000738012853,1.80226859689938,1.80116995232742,1.87735227988296,1.87684150652933,1.96346095751848,1.95467180094281,1.79719941229543,1.80052425771057,1.96019393550187,1.95991445574233,1.88323099206625,1.87790160216894,1.87765103410867,1.80393583822349,1.87535737263388,1.88894587128705,1.8049959338631,1.96407774043607,1.96518602224112,1.89069021047586,1.88933136061055,1.89196232524339,1.97173934074052,1.97735784763045,1.94565135077305,1.94558389014144,1.94460089236653,1.94559352737452,1.94357934565927,1.95068198644465,1.87454784505454,1.87782450430424,1.8765620267698,1.8759548810853,1.87692824162712,1.95341896064146,1.95267689369373,1.95424776268697,1.96936858140103,1.9575051474705,1.97366678735799,1.95470071264208,1.95318766704736,1.95281181495695,1.95489345730382,1.9579580974256,1.9882190093199,1.96432830849634,1.96776880070853,1.98154040679036,1.8904300051825,1.97479434362921,1.96151423643484,1.96790372197175,1.97173934074052,1.89019871158841,1.89061311261116,1.96403919150372,1.98137657382787,1.89468966220711,1.89557628765115,1.89695441198264,1.89757119490023,1.96944567926573,1.89710860771204,1.98622410207081,1.9829570800542,1.99450248529285,1.98766004980083,1.97374388522269,1.97763732738998,1.9703804908752,1.97206700666549,1.97148877268025,1.99060904312556,1.90090567754846,2.00451557047061,1.99811644770061,1.903392083685,1.97620137965996,1.90462564952018,1.90276566353432,1.90242836037626,1.98422919482173,1.90555082389656,1.98150185785801,1.99487833738326,1.98675414989062,1.98314982471595,1.98161750465506,1.84969342092225,2.00963294124,1.84658059463504,1.84663841803356,1.89738808747157,1.84148249833183,1.84239803547513,1.84718774031954,1.84364123854339,2.02561147369883,1.84451822675434,1.84466278525065,2.0184702839811,1.93244834144337,1.89663638329076,1.84749613177834,2.03748454486246,2.02202642299034,2.02099523904999,1.8425715056707,1.85122574098314,1.84394963000219,1.84753468071069,1.84532775433368,1.84798763066579,1.89431381011671,1.93582137302395,1.89654001095989,1.8427257014001,1.84866223698191,1.84800690513197,1.84765996474082,1.84390144383675,1.84679261376296,2.02831953619638,2.01376731423448,2.01170494635378,1.84528920540133,1.84425802146099,1.89384158569543,1.92885365350179,1.84235948654278,1.81980836111836,1.76752637161946,1.81424767762696,1.81253225013741,1.76274630400814,1.87792087663512,1.76151273817295,1.86795597762279,1.85040657617072,1.876253635311,1.75627008337343,1.75738800241157,1.75725308114834,1.87256257503855,1.75432336228979,1.75438118568831,1.87124227410558,1.85700808083556,1.7499673329343,1.75159602532607,1.74997697016739,1.87060621672181,1.87347811218185,1.75135509449888,1.79957980886801,1.74992878400195,1.74761584806099,1.86008235819042,1.74419463031498,1.86590324697518,1.79284338293995,1.74489814833035,1.86921845515724,1.86535392468921,1.8514088484118,1.7435682101643,1.79383601794794,1.79070391719455,1.74139019548656,1.79072319166073,1.74239246772764,1.74131309762186,1.74130346038877
1.72660667993055,1.72474669394469,1.72682833629156,1.72564295662182,1.72792698086352,1.7215374953266,1.7203232039576,1.72220246440963,1.72025574332599,1.72158568149204,1.97787825821716,1.97419683517779,1.72247230693608,1.71854995306952,1.72063159541639,1.72173987722144,1.72385043126757,1.77759728019575,1.77922597258751,1.72741620750989,1.72554658429094,1.72448648865133,1.72674160119378,1.72693434585552,1.72721382561506,1.72470814501234,1.72905453713474,1.72769568726942,1.7266452288629,1.72944966369132,1.72629828847176,1.72796552979587,1.72450576311751,1.7271078160511,1.72833174465319,1.97350295439551,1.73097234651912,1.72700180648713,1.82300792250337,1.72712709051727,1.72879433184138,1.73087597418825,1.78074865541531,1.77827188651186,1.81210821188157,1.73146384540658,1.73085669972208,1.7801511469639,1.79538761247501,1.79555144543749,1.79650553151314,1.94480327426136,1.9471354846685,1.79934851527391,1.94784863991697,1.94525622421647,1.94620067305903,1.80009058222164,1.94803174734563,1.94877381429335,1.94974717483517,1.94825340370664,1.95091328003874,1.96431867126326,1.79994602372533,1.80137233422225,1.97793608161569,1.87138683260189,1.8726782218356,1.88066748806501,1.96508001267716,1.80104466829728,1.79987856309371,1.88063857636575,1.96826993682907,1.8008808353348,1.87347811218185,1.87422017912957,1.87543447049858,1.87796906280055,1.87993505835037,1.8784701989211,1.88033018490696,1.96431867126326,1.88611252475937,1.88788577564744,1.89419816331966,1.89024689775384,1.96393318193976,1.95412247865683,1.87194579212096,1.95250342349816,1.9554427795898,1.94438887323861,1.95907601646373,1.95152042572325,1.87369013130977,1.87399852276856,1.87385396427225,1.87581032258899,1.95227212990406,1.95217575757319,1.9635958787817,1.95312984364884,1.95669561989116,1.96840485809229,1.95595355294343,1.95490309453691,1.95555842638685,1.95890254626816,1.96130221730691,1.9606276109908,1.95942295685488,1.96035776846435,1.88862784259517,1.8887531266253,1.95833394951601,1.89042036794942,1.97756986675837,1.97729038699884,1.89106606256627,1.98782388276332,1.96673761676818,1.9644343180603,1.98281252155789,1.98346785340783,1.98358350020488,1.9788419815259,1.98178133761754,1.96987935475466,1.98187770994842,1.97349331716242,1.97333912143302,1.9846339586114,1.97444740323807,1.98050922285001,1.97338730759846,1.97510273508801,1.97422574687706,1.97377279692195,1.90372938684305,1.90274638906814,1.99548548306776,1.98713000198103,1.90390285703863,1.9773963965628,1.90473165908414,1.9045292771893,1.90720842798759,1.90861546401834,1.97772406248777,1.98020083139122,1.90987794155279,1.99502289587957,1.98491343837093,1.8482092870268,1.84557832239395,2.01541528109241,2.01503942900201,1.8472937498835,1.84544340113073,1.84545303836382,1.84429657039333,1.8457710670557,1.84586743938657,1.84421947252864,1.84292808329493,1.84730338711659,1.89498841643282,1.89358138040207,1.8917310316493,1.84536630326603,2.01576222148356,2.02683540230093,2.0254861896687,1.84757322964303,1.84518319583737,1.84826711042532,1.84802617959814,1.89685803965177,1.89405360482335,1.9116993786063,1.8940921537557,1.89410179098879,1.84763105304156,1.84726483818424,1.84685043716148,1.84458568738595,1.84801654236505,1.84643603613873,2.0313552646189,2.01453829288146,2.02299014629907,1.84358341514487,1.84525065646898,1.84639748720638,1.84413273743085,1.76866356512377,1.76878884915391,1.76738181312315,1.87553084282945,1.87464421738542,1.76079958292449,1.76131999351121,1.8774004660484,1.76044300530026,1.75778312896815,1.75578822171906,1.87759321071015,1.75704106202042,1.75526781113235,1.8742780025281,1.75273321883037,1.86064131770949,1.85894516468611,1.80238424369643,1.79955089716874,1.75419807825965,1.7508057722129,1.74816517034697,1.75069012541585,1.74935055001671,1.87156994003055,1.74765439699334,1.74603534183466,1.87051948162403,1.86902571049549,1.79557071990367,1.93401921043661,1.86918954345797,1.9190911363843,1.74472467813478,1.74558239187956,1.74482105046565,1.74335619103638,1.79320959779726,1.84746722007907,1.73963621906466,1.74050357004252,1.74232500709603
1.77430134647987,1.77384839652477,1.72341675577864,1.72480451734322,1.72403353869623,1.72149894639425,1.7232143738838,1.72185552401849,1.72162423042439,1.72048703692008,1.72025574332599,1.71926310831799,1.72030392949142,1.71947512744591,1.72144112299573,1.97097799932662,1.72722346284814,1.72514182050127,1.78194367231815,1.77196913607273,1.72583570128356,1.72270360053017,1.72363841213965,1.82240077681886,1.72697289478787,1.7254309374939,1.72762822663781,1.72849557761567,1.7260380831784,1.72490088967409,1.7243612046212,1.72886179247299,1.7260380831784,1.99382787897674,1.72698253202096,1.82112866205133,1.72917982116488,1.72595134808061,1.72733910964519,1.72579715235122,1.7281679116907,1.81507647967247,1.77716360470682,1.72801371596131,1.72982551578173,1.72888106693917,1.77942835448235,1.78364946257461,1.79124360224744,1.79415404663983,1.79736324525791,1.79755598991966,1.94871599089483,1.94745351336038,1.94622958475829,1.94833050157133,1.95446941904798,1.96510892437642,1.9663424902116,1.97136348865011,1.97308855337275,1.94851360899999,1.97491962765935,1.95149151402399,1.95479708497295,1.97162369394347,1.95129876936224,1.95136622999385,1.87164703789525,1.879231540335,1.87815217022921,1.87136755813571,1.87276495693338,1.80113140339507,1.87150247939894,1.80252880219274,1.88733645336146,1.95931694729092,1.87560794069415,1.88750028632395,1.87745828944692,1.87898097227473,1.80509230619397,1.96376934897728,1.9711418322891,1.96365370218023,1.89427526118436,1.8908925923707,1.97762769015689,1.96559078603079,1.94552606674291,1.94445633387022,1.9453044103819,1.94810884521032,1.94539114547969,1.87437437485897,1.87330464198627,1.87294806436204,1.874046708934,1.87682223206316,1.87444183549058,1.95561624978537,1.95419957652153,1.97490999042626,1.95760151980137,1.95388154782965,1.97090090146192,1.95721603047787,1.95882544840346,1.96045414079523,1.95698473688378,1.97082380359722,1.88774121715113,1.96332603625526,1.88932172337746,1.9738113458543,1.88824235327167,1.99638174574489,1.96081071841946,1.97400409051605,1.98538566279221,1.89346573360502,1.96879034741579,1.96755678158061,1.98138621106096,1.98982842724548,1.99715272439187,1.98240775776822,1.99526382670675,1.98091398663968,1.98789134339493,1.98065378134632,1.99026210273442,1.98173315145211,1.97467869683216,1.97806136564582,1.90039490419483,1.89905532879569,1.97810955181126,1.99371223217969,1.97093945039427,1.90435580699373,1.98461468414523,1.98575187764953,1.97828302200683,1.9781577379767,1.90757464284491,1.98176206315137,1.98361241190414,1.98298599175346,1.99136074730637,1.90883712037935,1.98467250754375,1.98238848330205,1.93046307142738,1.92434342841691,2.01574294701738,1.84944285286198,2.0167934054239,2.01732345324371,1.84396890446836,1.84420019806246,2.02145782623818,1.84596381171745,1.84118374410612,1.84289917159567,1.84346776834782,1.89421743778583,1.89634726629814,1.89465111327477,1.93927150246922,1.84427729592716,2.01714998304814,2.03319597613858,1.84715882862028,1.84686971162766,1.84735157328203,1.89536426852323,1.84768887644008,1.84490371607784,1.8946992994402,1.91454236236707,1.89968174894636,1.84738048498129,1.84655168293578,1.84768887644008,1.84742867114672,1.84712027968793,1.84436403102495,1.84251368227217,1.84750576901142,1.84589635108584,1.84482661821314,1.84731302434968,1.84705281905632,1.8455397734616,1.84456641291978,1.77030189474862,1.76965620013177,1.76579166966374,1.76623498238576,1.76152237540604,1.76392204644479,1.87443219825749,1.76129108181194,1.75937327242756,1.87124227410558,1.75386077510159,1.88063857636575,1.75760002153949,1.87452857058837,1.86471786730544,1.87020145293215,1.86099789533372,1.8589548019192,1.80395511268967,1.75193332848412,1.79866427172471,1.75253083693554,1.87011471783436,1.75238627843923,1.74909998195644,1.86846675097642,1.86728137130668,1.74749056403085,1.74610280246627,1.86822582014924,1.87393106213695,1.81707138692156,1.74507161852593,1.86798488932205,1.8717626846923,1.86908353389401,1.74496560896196,1.87900988397399,1.74146729335125,1.74444519837525,1.85375069605203,1.74193951777253,1.74168894971226
1.77452300284088,1.8159727423496,1.72497798753879,1.71927274555108,1.72206754314641,1.71968714657383,1.72204826868023,1.71837648287395,1.72380224510213,1.72054486031861,1.76800823327383,1.71950403914517,1.82456915426352,1.76927071080827,1.77722142810534,1.72333965791394,1.72145076022882,1.72340711854555,1.82231404172108,1.72513218326819,1.77292322214838,1.72503581093731,1.7244383024859,1.72526710453141,1.7299989859773,1.72590316191518,1.7291605466987,1.72812936275836,1.7304615731655,1.72625973953941,1.72654885653203,1.77392549438947,1.77459046347249,1.72720418838197,1.72722346284814,1.99369295771351,1.72595134808061,1.73009535830818,1.82449205639882,1.72792698086352,1.81949033242648,1.8189410101405,1.72577787788504,1.72765713833707,1.73018209340596,1.7315216688051,1.73154094327128,1.73101089545147,1.79298794143626,1.79538761247501,1.79749816652114,1.94567062523922,1.94848469730073,1.94983390993296,1.79903048658203,1.79727651016013,1.94868707919557,1.7980571260402,1.96295018416485,1.94501529338928,1.94985318439914,1.9671809294902,1.95445978181489,1.87331427921936,1.87712098628887,1.87362267067816,1.80112176616198,1.95263834476138,1.88414652920955,1.87325645582084,1.79810531220564,1.8742780025281,1.88029163597461,1.88409834304411,1.87380577810682,1.88070603699736,1.96837594639303,1.88823271603859,1.95970243661441,1.87805579789834,1.88881095002383,1.89143227742359,1.96095527691577,1.88073494869662,1.80916885578992,1.8867774938424,1.88592941733071,1.97867814856342,1.97049613767225,1.95959642705045,1.95765934319989,1.94503456785546,1.86881369136757,1.9478197282177,1.94566098800614,1.87231200697828,1.87383468980608,1.87434546315971,1.87376722917447,1.87360339621198,1.87613798851396,1.95680162945512,1.95226249267097,1.97715546573561,1.95375626379951,1.95522112322879,1.97547858717841,1.95647396353015,1.96682435186597,1.97014919728111,1.95771716659842,1.96101310031429,1.96074325778785,1.96050232696066,1.8879917852114,1.97730002423192,1.88819416710624,1.96418375000003,1.98094289833894,1.9639813681052,1.97413901177927,1.97657723175037,1.8922610794691,1.9844026650173,1.96789408473866,1.96767242837766,1.96872288678418,1.97833120817227,1.9804417622184,1.98445085118274,1.89664602052385,1.98055740901545,1.98057668348162,1.90008651273603,1.98464359584449,1.97375352245578,1.90200432212042,1.97072743126635,1.90116588284182,1.97854322730019,1.99099453244905,1.99730692012127,1.90184048915793,1.98048994838384,1.98467250754375,1.90178266575941,1.90490512927971,1.98119346639921,1.98108745683525,1.98559768192014,1.97947803890967,1.98141512276022,2.01045210605242,1.99770204667785,2.00242429089066,1.85051258573468,1.84741903391364,2.02740399905308,1.84610837021376,1.84571324365718,1.84560723409321,2.02164093366684,1.8455397734616,1.84501936287489,1.93475164015125,1.8455397734616,1.84586743938657,1.84355450344561,1.84452786398743,1.84858513911721,2.01646573949893,2.02044591676401,1.84206073231707,1.84531811710059,2.02844482022652,1.89278149005582,1.89290677408595,1.89377412506382,2.02592950239072,1.84792980726727,1.89587504187686,1.93007758210388,1.84484589267931,1.89515224939531,1.85052222296777,2.01939545835749,1.85047403680233,1.84612764467993,1.89397650695865,1.89529680789162,1.84924047096715,1.84686007439457,1.84719737755263,1.84484589267931,1.8492019220348,1.84529884263442,1.84652277123651,1.84667696696591,1.86252057816152,1.76884667255243,1.87877859037989,1.87813289576304,1.88064821359884,1.7619367764288,1.87085678478209,1.75814934382547,1.87777631813881,1.87683186929625,1.85450240023284,1.75716634605056,1.87996397004964,1.87424909082883,1.87140610706806,1.86862094670582,1.86112317936386,1.85144739734415,1.85430001833801,1.81588600725181,1.7485217479712,1.87358412174581,1.87017254123288,1.85614072985769,1.87143501876733,1.86872695626978,1.74470540366861,1.74671958538386,1.87074113798504,1.74533182381928,1.74360675909665,1.79369145945163,1.87357448451272,1.74558239187956,1.74388623885618,1.74004098285433,1.74186241990784,1.74202625287032,1.74412716968336,1.74146729335125,1.86788851699118,1.74182387097549
1.72557549599021,1.72274214946252,1.72476596841087,1.72118091770237,1.72121946663472,1.72299271752279,1.97572915523868,1.82364397988713,1.82165870987114,1.71853067860335,1.7670445099651,1.76840335983041,1.76934780867297,1.76830698749954,1.77114033402722,1.77376166142698,1.72360950044039,1.72537311409537,1.72465032161382,1.8178038166362,1.72194225911627,1.72439011632046,1.98688907115384,1.72536347686228,1.72734874687828,1.89746518533627,1.98708181581559,1.82057933976535,1.72752221707385,1.72775351066795,1.72736802134445,1.72799444149513,1.72678978735921,1.72952676155602,1.72400462699697,1.72594171084753,1.72592243638135,1.82126358331456,1.72796552979587,1.72764750110399,1.72731983517902,1.81758216027519,1.9815114950911,1.7291605466987,1.72864977334507,1.7285534010142,1.7311458167147,1.7319842559933,1.79450098703097,1.79602366985877,1.79675609957341,1.79744034312261,1.94822449200737,1.94875453982718,1.97561350844164,1.79796075370933,1.79743070588953,1.95827612611748,1.9504121439182,1.87485623651334,1.94419612857686,1.94845578560147,1.94855215793234,1.9483594132706,1.96491617971467,1.95209865970849,1.87250475164002,1.87752575007853,1.87104952944383,1.86943047428516,1.79923286847686,1.79873173235632,1.87896169780855,1.88072531146354,1.88137100608039,1.87101098051148,1.88442600896908,1.87430691422736,1.88711479700045,1.87636928210805,1.88763520758717,1.96286344906707,1.96415483830077,1.88153483904287,1.88861820536208,1.89100823916775,1.89144191465668,1.98763113810157,1.98156931848962,1.96727730182107,1.9558282689133,1.95693655071834,1.95038323221894,1.95167462145265,1.94615248689359,1.95808338145574,1.87322754412157,1.87691860439403,1.87419126743031,1.87664876186759,1.87632109594262,1.9522432182048,1.9811260057676,1.97730966146501,1.9648198073838,1.95442123288254,1.96093600244959,1.96483908184997,1.95844959631306,1.95828576335057,1.88473440042788,1.96354769261627,1.96447286699265,1.96285381183398,1.96731585075342,1.97465942236599,1.89021798605458,1.88867602876061,1.96467524888749,1.97973824420302,1.97722292636722,1.97465942236599,1.98122237809848,1.96662196997113,1.97347404269624,1.9753340286821,1.9699275409201,1.89725316620835,1.97426429580941,1.98239812053513,1.97775297418703,1.98728419771042,1.97400409051605,2.00099798039373,1.98721673707881,1.99351948751794,1.99387606514217,1.99830919236236,1.9818873471815,1.97751204335985,1.97246213322207,1.97264524065073,1.90283312416593,1.99424227999949,1.90373902407614,1.90361374004601,1.90336317198573,1.90486658034736,1.9810489079029,1.98118382916613,1.90669765463396,1.98351603957327,1.9827257864601,1.99563004156407,1.84806472853049,1.84777561153787,1.89413070268805,1.89426562395127,1.84719737755263,2.02067721035811,2.02473448548789,2.02742327351926,1.84362196407722,1.84408455126541,1.84575179258953,1.84649385953725,1.84794908173344,2.02456101529231,1.84504827457415,1.84457605015287,1.84570360642409,1.84446040335582,2.0535305379529,2.01215789630889,1.84608909574758,1.84670587866517,1.84800690513197,1.84416164913011,2.01730417877753,1.8449326277771,1.84420019806246,1.84428693316025,2.02767384157953,2.02578494389441,1.89414997715422,1.84468205971683,1.89427526118436,1.89379339952999,1.92865127160695,1.92689729518506,1.84739975944746,1.84606018404832,1.84565542025865,1.8473708477482,1.84681188822913,1.84622401701081,1.8505704091332,1.76916470124431,1.87782450430424,1.87620544914557,1.87515499073905,1.87817144469539,1.76105978821785,1.7626981178427,1.76090559248845,1.76101160205241,1.75945037029226,1.80551634444982,1.75840954911883,1.8531628248337,1.75595205468155,1.75539309516248,1.75542200686174,1.75460284204932,1.79939670143935,1.85508063421808,1.75200078911573,1.75043955735558,1.79955089716874,1.79841370366444,1.7977583718145,1.81961561645662,1.74564021527808,1.87352629834728,1.74527400042076,1.74738455446689,1.74171786141153,1.79240970745101,1.79124360224744,1.79405767430895,1.74483068769874,1.85143776011106,1.74375131759296,1.87209998785035,1.73928927867351,1.73885560318458,1.87120372517323,1.74058066790722,1.84394963000219,1.74433918881129
1.72247230693608,1.72461177268147,1.72545021196007,2.00767658292327,1.72225065057507,1.99802007536974,1.72028465502525,1.71828974777617,1.72113273153694,1.72054486031861,1.72068941881492,1.72059304648404,1.76933817143989,1.82746996142281,1.82840477303229,1.7235998632073,1.77301959447926,1.99761531158007,1.72197117081554,1.7252767417645,1.72780169683339,1.72412027379402,1.72678978735921,1.72433229292194,1.72422628335798,1.72513218326819,1.97378243415504,1.72715600221653,1.7307603273912,1.72758967770546,1.72533456516302,1.72627901400558,1.72689579692317,1.90029853186396,1.72525746729832,1.81008439293322,1.72643320973498,1.77462901240484,1.72680906182539,1.72770532450251,1.82806746987423,1.72739693304372,1.730076083842,1.72706926711875,1.72811972552527,1.72937256582662,1.73413335897178,1.73386351644533,1.79709340273147,1.79798002817551,1.79534906354266,1.79911722167981,1.94691382830749,1.94602720286346,1.94590191883332,1.94537187101352,1.9482052175412,1.79865463449162,1.94792573778166,1.96438613189487,1.96563897219622,1.951934826746,1.94846542283456,1.95092291727183,1.96789408473866,1.80130487359064,1.94993028226383,1.951713170385,1.87222527188049,1.87750647561236,1.95370807763408,1.80163253951561,1.87083751031591,1.87139646983498,1.87718844692048,1.88681604277475,1.88141919224583,1.88472476319479,1.89095041576922,1.96376934897728,1.88155411350905,1.80270227238831,1.80493811046458,1.89196232524339,1.88273949317879,1.89394759525939,1.88572703543587,1.97479434362921,1.9739655415837,1.97967078357141,1.95691727625217,1.95339968617528,1.87074113798504,1.8733624653848,1.87211926231653,1.87142538153424,1.87304443669292,1.87419126743031,1.87452857058837,1.87619581191248,1.8765620267698,1.95310093194957,1.95083618217405,1.87708243735652,1.97080452913105,1.95321657874662,1.88057111573414,1.96777843794162,1.98493271283711,1.95878689947111,1.97700127000621,1.96251650867592,1.96060833652462,1.96054087589301,1.88542828121017,1.96871324955109,1.95682090392129,1.97803245394656,1.96731585075342,1.97481361809539,1.98101999620364,1.98127056426391,1.97119965568763,1.97397517881679,1.99095598351671,1.98315946194903,1.98499053623563,1.98376660763354,1.96871324955109,1.99714308715879,1.89754228320097,1.98298599175346,1.98216682694104,1.97300181827496,1.97489071596008,1.97863959963107,1.98007554736108,1.98328474597917,1.9778493465179,1.97935275487953,1.98101035897055,1.97454377556894,1.98100072173747,1.97455341280203,1.97653868281802,1.97672179024668,1.90728552585229,1.9041534250989,1.90596522491932,1.90317042732399,1.98342930447548,1.98281252155789,1.99775987007638,1.9901946421028,2.0187786754399,1.84874897207969,1.89664602052385,1.89612560993713,1.89468002497403,1.8440170906338,1.89235745179997,2.02407915363794,1.84793944450035,1.84712027968793,1.84506754904032,1.94179645753811,2.03382239628926,1.84741903391364,1.84445076612273,2.03410187604879,2.02479230888641,2.02776057667731,1.84461459908522,1.84810327746284,1.84722628925189,1.8947763973049,1.84759250410921,1.84529884263442,1.84352559174635,1.90097313818007,1.84606982128141,1.84389180660367,1.84314973965594,2.02608369812011,2.02738472458691,1.84543376389764,1.93202430318753,1.89427526118436,1.93150389260081,1.84510609797267,2.0206097497265,2.02039773059858,1.84755395517686,1.84334248431769,1.84837311998929,1.84748649454525,1.84664805526665,1.77257628175724,1.77140053932058,1.76784440031135,1.76530980800937,1.76477976018957,1.87388287597151,1.76378712518157,1.89336936127415,1.8757235874912,1.86475641623779,1.75779276620123,1.85876205725745,1.87065440288725,1.75692541522337,1.7545450186508,1.87636928210805,1.75371621660528,1.75221280824366,1.87423945359575,1.75308979645461,1.75059375308498,1.79997493542459,1.79792220477698,1.85881024342289,1.82219839492403,1.8188639122758,1.83823475078139,1.7474520150985,1.86742592980299,1.74222863476516,1.74843501287341,1.85350976522485,1.79271809890981,1.79346016585754,1.83809982951816,1.83529539468974,1.87433582592662,1.8716084889629,1.74104325509541,1.73926036697425,1.73912544571103,1.73875923085371,1.73614754068703
1.77345326996819,1.77470611026954,1.72498762477188,1.72111345707076,1.72087252624358,1.72012082206276,1.97408118838075,1.71879088389671,1.71878124666362,1.7193305689496,1.71985097953632,1.72012082206276,1.72097853580754,1.7202461060929,1.72132547619868,1.7208532517774,1.72232774843977,1.72065086988257,1.80777145699226,1.72731983517902,1.72500689923805,1.97070815680017,1.72861122441272,1.7283992052848,1.72699216925405,1.72918945839796,1.7283992052848,1.72804262766057,1.72787879469808,1.72896780203695,1.72430338122268,1.72625010230632,1.72539238856155,1.72523819283215,1.72431301845576,1.72598989701296,1.96049268972758,1.72714636498345,1.7283992052848,1.82056006529918,1.82775907841543,1.72940147752589,1.72777278513412,1.72774387343486,1.72792698086352,1.7312229145794,1.73351657605419,1.73340092925714,1.79709340273147,1.79664045277636,1.798365517499,1.79688138360355,1.79834624303282,1.94682709320971,1.94674999534501,1.94776190481918,1.79841370366444,1.94778117928535,1.7995123482364,1.79831733133356,1.94767516972139,1.96793263367101,1.87450929612219,1.79990747479298,1.96806755493424,1.87329500475319,1.8724469282415,1.87635964487497,1.8747309524832,1.88062893913266,1.95472962434134,1.79933887804082,1.87988687218494,1.87135792090263,1.87085678478209,1.88063857636575,1.88552465354104,1.87377686640755,1.88665220981226,1.97412937454618,1.80112176616198,1.87773776920646,1.8775546617778,1.96411628936842,1.88165048583992,1.89128771892728,1.89020834882149,1.96540767860213,1.96487763078232,1.98146330892566,1.95293709898709,1.94857143239852,1.94394556051659,1.94382027648645,1.96548477646683,1.94600792839728,1.87440328655823,1.87342028878332,1.87602234171691,1.87526100030301,1.87731373095061,1.87733300541679,1.9615431481341,1.95467180094281,1.95430558608549,1.97167188010891,1.96761460497913,1.96540767860213,1.96445359252648,1.98229211097117,1.97197063433462,1.97197063433462,1.97374388522269,1.96097455138194,1.9594036823887,1.95913383986226,1.95873871330568,1.98068269304558,1.96668943060275,1.97448595217042,1.96521493394038,1.96894454314519,1.97335839589919,1.97118038122145,1.98066341857941,1.96999500155171,1.96956132606278,1.9914185707049,1.89807233102078,1.97863959963107,1.98040321328605,1.98436411608495,2.00513235338821,1.97367642459108,1.97410046284692,1.97476543192995,1.97531475421593,1.9752569308174,1.98782388276332,1.97285725977865,1.98017191969195,1.99172696216369,1.97776261142012,1.90062619778893,1.98203190567781,1.97939130381188,1.97896726555604,1.90453891442239,1.90471238461796,1.90805650449928,1.90710241842363,1.98030684095518,1.98058632071471,1.98289925665568,1.84518319583737,1.84754431794377,1.89643400139593,1.84465314801757,1.89719534280983,1.84452786398743,1.84283171096406,1.8448555299124,2.0340247781841,2.02462847592392,1.84745758284599,1.84548195006308,2.01721744367975,1.93232305741324,1.84579034152187,1.84666732973282,2.01940509559058,2.01732345324371,2.02686431400019,1.84597344895053,2.01774749149955,1.85086916335891,1.84635893827403,1.84624329147698,2.01916416476339,1.84460496185213,1.90043345312718,1.84629147764242,1.84487480437858,1.84712027968793,1.84568433195791,1.84604090958215,1.84408455126541,1.93158099046551,1.84436403102495,1.84661914356739,2.02326962605861,2.0152707225961,1.84512537243885,2.01449010671603,1.8442483842279,1.84756359240995,2.01142546659425,1.86728137130668,1.87796906280055,1.88473440042788,1.88040728277165,1.87613798851396,1.76446173149768,1.76237045191773,1.89703150984734,1.87173377299303,1.87860512018432,1.76096341588697,1.75576894725289,1.75705069925351,1.87443219825749,1.87478877588173,1.75607733871169,1.75429445059052,1.87902915844016,1.87984832325259,1.74988059783652,1.75174058382238,1.74991914676887,1.79808603773947,1.90833598425881,1.75003479356591,1.79716086336308,1.85713336486569,1.86117136552929,1.85790434351268,1.87314080902379,1.7439440622547,1.74124563699025,1.74071558917044,1.79256390318041,1.74152511674978,1.86432274074886,1.73885560318458,1.73912544571103,1.73850866279344,1.87152175386511,1.74023372751607,1.86614417780237,1.73772804691336
1.72589352468209,1.72773423620177,1.720699056048,1.72293489412427,1.72363841213965,1.97340658206463,1.72098817304063,1.71886798176141,1.72190371018392,1.72096889857445,1.71702727024172,1.71894507962611,1.7234456674779,1.98426774375408,1.72273251222944,1.82390418518049,1.72454431204986,1.82287300124014,1.82415475324076,1.72806190212674,1.72549839812551,1.72825464678849,1.72728128624667,1.72783060853265,1.80715467407467,1.72817754892379,1.97259705448529,1.72624046507323,1.72647175866733,1.72600917147914,1.72539238856155,1.73086633695516,1.72452503758368,1.72798480426204,1.72206754314641,1.77440735604383,1.72480451734322,1.72698253202096,1.72281924732722,1.72621155337397,1.7284763031495,1.72700180648713,1.72861122441272,1.72965204558616,1.7274836681415,1.89858310437441,1.73117472841396,1.81427658932622,1.79490575082064,1.7976041760851,1.79795111647624,1.79644770811462,1.79778728351376,1.79995566095841,1.79725723569395,1.94806065904489,1.9578809995609,1.79811494943873,1.94710657296924,1.80114104062816,1.79703557933294,1.79803785157403,1.95218539480628,1.94796428671401,1.95787136232782,1.96513783607568,1.95815084208735,1.87574286195737,1.8747309524832,1.8010350310642,1.95347678403998,1.88078313486206,1.87978086262098,1.87476950141555,1.86908353389401,1.87201325275257,1.87438401209206,1.87400816000165,1.79883774192028,1.80256735112509,1.87417199296414,1.87751611284545,1.89043964241559,1.88834836283563,1.88873385215913,1.89002524139283,1.97065033340165,1.96919511120546,1.96660269550496,1.87042310929315,1.94179645753811,1.94303966060638,1.95472962434134,1.94735714102951,1.87205180168492,1.95095182897109,1.87190724318861,1.87209035061727,1.87402743446783,1.87669694803302,1.87672585973228,1.87722699585283,1.88046510617018,1.95147223955781,1.9682506623629,1.96418375000003,1.96782662410705,1.97014919728111,1.96812537833276,1.96781698687397,1.97083344083031,1.88739427675999,1.96392354470667,1.9754882244115,1.88609325029319,1.89040109348324,1.96193827469068,1.96713274332476,1.97711691680326,1.96772061454309,1.96731585075342,1.97008173664949,1.96664124443731,1.96869397508492,1.98938511452347,1.97787825821716,1.96875179848344,1.97679888811138,1.97827338477375,1.97974788143611,1.98650358183035,1.97906363788691,1.98804553912432,1.97964187187215,1.99845375085867,1.9949265235487,1.98822864655298,1.99439647572889,1.98181024931681,1.98024901755665,1.97498708829096,1.97595081159969,1.9972105477904,1.97765660185616,1.98049958561693,1.97772406248777,1.97855286453328,1.98190662164768,1.97875524642811,1.978080640112,1.90772883857431,1.98170423975284,1.9813572993617,1.90832634702572,1.8508017027273,2.02643063851126,2.02168911983228,2.01347819724185,2.01124235916559,1.84472060864918,1.84343885664856,1.8438628949044,1.8463782127402,2.02777985114349,1.84454713845361,1.84506754904032,1.93759462391202,1.93431796466232,1.84139576323404,2.04424024525669,1.84722628925189,1.84718774031954,1.844701334183,1.84326538645299,1.8465324084696,1.90145499983444,1.84782379770331,2.03471865896639,1.84769851367317,1.84617583084537,1.90259219333875,1.8472937498835,1.84028748142899,2.01523217366375,2.01282286539191,2.01423953865576,1.89433308458288,1.89422707501892,1.84398817893454,1.84464351078448,1.84648422230416,2.02683540230093,1.84476879481461,1.84612764467993,1.84634930104094,2.0145864790469,2.01601278954383,2.0122253569405,1.76691922593496,1.76624461961884,1.87919299140265,1.87544410773167,1.76179221793249,1.76511706334762,1.76153201263913,1.76390277197862,1.76069357336053,1.76035627020247,1.75913234160038,1.87711134905578,1.75582677065141,1.75429445059052,1.75526781113235,1.75414025486113,1.88025308704226,1.75220317101057,1.87183014532391,1.87911589353795,1.75090214454378,1.74888796282852,1.79740179419026,1.85829947006926,1.74842537564033,1.74631482159419,1.87154102833129,1.86856312330729,1.7461606258648,1.7425755751563,1.74475358983404,1.74449338454068,1.74200697840415,1.74197806670488,1.74165040077991,1.87062549118799,1.87057730502255,1.73767986074792,1.74007953178668,1.73818099686847,1.74100470616306,1.87169522406069
1.72238557183829,1.96997572708553,1.72098817304063,1.72236629737212,1.71798135631737,1.97540148931371,1.72058340925096,1.98029720372209,1.71814518927986,1.71848249243791,1.72105563367224,1.72136402513103,1.71944621574665,1.72168205382291,1.72199044528171,1.71966787210766,1.72362877490656,1.72335893238011,1.72481415457631,1.7253538396292,1.7287075967436,1.72629828847176,1.72691507138935,1.825725622234,1.82502210421862,1.8280096464757,1.72521891836597,1.72800407872822,1.72833174465319,1.72997971151113,1.77408932735195,1.72758004047238,1.72559477045638,1.72761858940473,1.72461177268147,1.72366732383891,1.72608626934384,1.72781133406647,1.82400055751136,1.72806190212674,1.80343470210295,1.77501450172834,1.81262862246829,1.72733910964519,1.7780887790832,1.77805023015085,1.73135783584262,1.73197461876021,1.80029296411647,1.79823059623578,1.79781619521302,1.7972186867616,1.79659226661093,1.79573455286615,1.94453343173492,1.95118312256519,1.79866427172471,1.95019048755719,1.950720535377,1.95057597688069,1.87476950141555,1.79895338871733,1.80185419587662,1.97430284474176,1.95130840659533,1.87770885750719,1.8751164418067,1.80073627683849,1.87163740066216,1.95377553826569,1.87792087663512,1.87150247939894,1.88465730256318,1.87450929612219,1.87094351987987,1.88074458592971,1.87397924830239,1.87673549696537,1.88853147026429,1.9616202459988,1.87745828944692,1.87828709149244,1.88936990954289,1.89156719868681,1.89097932746848,1.9714502237479,1.81356343407776,1.88786650118127,1.97163333117656,1.95563552425155,1.95097110343727,1.94479363702827,1.9450056561562,1.9548356339053,1.95474889880751,1.95507656473248,1.87421054189648,1.87394069937004,1.87385396427225,1.87826781702626,1.87789196493585,1.87559830346106,1.9514047789262,1.9521661203401,1.96007828870482,1.96071434608858,1.96522457117347,1.97063105893547,1.97361860119255,1.97083344083031,1.96385608407506,1.88389596114928,1.97760841569072,1.97380170862121,1.9813572993617,1.96098418861503,1.96318147775895,1.97638448708862,1.96436685742869,1.96789408473866,1.96876143571653,1.96707491992624,1.96795190813719,1.96976370795761,1.89367775273294,1.99258467590847,1.97646158495332,1.89571120891437,1.98412318525777,1.97697235830695,1.9808272515419,1.97134421418394,1.89794704699064,1.98085616324116,1.98324619704682,1.98428701822026,1.98760222640231,1.97399445328296,1.97357041502712,1.9744184915388,2.00024627621292,1.97726147529957,2.00443847260592,1.97611464456218,1.98048031115075,1.98095253557203,1.90402814106876,1.9031607900909,1.98076942814337,1.97843721773623,1.90652418443839,1.97941057827805,1.99222809828424,1.90930934480063,1.84855622741795,1.84652277123651,1.84392071830293,1.84641676167255,2.01414316632488,1.84576142982261,1.84430620762642,1.84426765869407,1.84735157328203,1.84358341514487,1.89209724650662,1.84720701478572,2.03741708423084,1.84572288089026,1.84513500967193,1.84381470873897,2.0251777982099,1.84945249009507,1.84810327746284,1.84597344895053,1.84967414645608,2.05042734889877,1.84793944450035,1.84488444161166,2.03641481198976,2.02743291075234,2.02395386960781,2.02954346479848,1.84225347697882,1.84550122452925,2.014817772641,1.84447004058891,2.03865065006603,1.84461459908522,1.844701334183,1.84379543427279,1.84649385953725,1.84456641291978,2.01364203020434,1.84667696696591,2.01691868945404,2.01727526707827,2.01599351507765,1.77074520747064,1.87803652343216,1.76695777486731,1.76348837095586,1.87951102009453,1.76364256668526,1.76211024662437,1.87308298562526,1.76023098617234,1.87683186929625,1.75700251308807,1.87888459994385,1.87700533949182,1.75558583982423,1.75607733871169,1.75566293768893,1.84480734374696,1.87382505257299,1.75340782514649,1.75191405401795,1.74898433515939,1.74670994815078,1.75022753822766,1.74798206291831,1.85883915512215,1.74723035873749,1.86968104234543,1.74552456848103,1.74511980469136,1.74683523218091,1.7461606258648,1.87081823584974,1.87129046027102,1.8737383174752,1.74172749864461,1.74112035296011,1.87129046027102,1.74023372751607,1.86557558105021,1.73752566501853,1.74096615723071,1.86678987241922,1.73651375554435
1.72552730982477,1.72727164901358,1.72306017815441,1.72502617370423,1.71961004870913,1.71938839234812,1.72097853580754,1.97414864901236,1.72301199198897,2.00170149840911,1.72149894639425,1.72140257406338,1.72111345707076,1.72310836431984,1.82495464358701,1.72171096552218,1.72220246440963,1.72448648865133,1.72577787788504,1.72396607806462,1.72640429803572,1.72709817881801,1.72995079981187,1.82631349345233,1.8281638422051,1.83179707907903,1.72778242236721,1.73126146351175,1.72797516702896,1.72808117659292,1.7258067895843,1.72678015012613,1.82390418518049,1.82451133086499,1.72578751511813,1.72541166302772,1.82366325435331,1.724891252441,1.72517073220054,1.82790363691174,1.77533253042022,1.77575656867606,1.81499938180777,1.81379472767186,1.72981587854864,1.78059445968592,1.73049048486476,1.72998934874421,1.79709340273147,1.79774873458141,1.79992674925915,1.79873173235632,1.79865463449162,1.79740179419026,1.79691029530281,1.94490928382532,1.9469041910744,1.94656688791635,1.94699092617219,1.79837515473209,1.87148320493276,1.87039419759389,1.95482599667221,1.96859760275404,1.7985197132284,1.94978572376752,1.87797870003364,1.87819071916156,1.88031091044078,1.80087119810171,1.86947866045059,1.87074113798504,1.87979049985406,1.87911589353795,1.88009889131286,1.8809855167569,1.79937742697317,1.87180123362465,1.87070258905269,1.87109771560927,1.87446110995676,1.96180335342746,1.89176958058165,1.8913455423258,1.88772194268496,1.89092150406996,1.88903260638484,1.89087331790452,1.98731310940969,1.95127949489606,1.95226249267097,1.95485490837147,1.94527549868264,1.94422504027612,1.94603684009654,1.87422017912957,1.87422017912957,1.87408525786635,1.87349738664802,1.87462494291924,1.87719808415356,1.87432618869353,1.87765103410867,1.97763732738998,1.97128639078541,1.96279598843545,1.87952065732762,1.88103370292233,1.97366678735799,1.96653523487335,1.96821211343055,1.96808682940041,1.88676785660931,1.98235957160278,1.98669632649209,1.9673351252196,1.97048650043916,1.96765315391148,1.98210900354251,1.9661882944822,1.96661233273805,1.97044795150681,1.96920474843854,1.97680852534447,1.97005282495023,1.97887089322516,1.97218265346254,1.98000808672947,1.99101380691523,1.9956878649626,1.97371497352343,1.97428357027558,1.90092495201463,1.98218610140721,1.90071293288671,1.89597141420773,1.98999226020797,1.97553641057694,1.97419683517779,1.97505454892257,1.97544967547915,1.97955513677436,1.99513854267662,1.97732893593118,1.98380515656589,1.98321728534756,1.90437508145991,1.9073529864839,1.90410523893346,1.98142475999331,1.90482803141501,1.98685052222149,1.98093326110586,1.98836356781621,2.02803041920376,1.84761177857538,1.84337139601695,1.84367015024266,1.92749480363647,1.84605054681523,1.84481698098005,1.84496153947636,1.84319792582138,1.84738048498129,1.84369906194192,1.89371630166529,1.89265620602568,1.89539318022249,1.89490168133504,1.89406324205644,1.847679239207,2.01548274172402,1.84772742537243,1.89566302274894,1.84695644672544,1.84542412666456,1.85058968359938,1.8465324084696,1.84486516714549,1.84527956816824,1.84415201189702,2.03116251995715,1.84736121051511,1.84456641291978,1.84512537243885,1.84489407884475,1.84382434597205,1.84691789779309,1.89319589107857,1.891808129514,1.8454626755969,1.84801654236505,1.84554941069469,1.84590598831892,1.84620474254463,1.84428693316025,2.01863411694359,1.77337617210349,1.88021453810991,1.76792149817604,1.87888459994385,1.87646565443893,1.76488576975353,1.81057589182068,1.86192306971011,1.87749683837927,1.76052974039804,1.87696679055947,1.8742780025281,1.75794696193063,1.75772530556962,1.7560677014786,1.87571395025811,1.87387323873843,1.75257902310098,1.75395714743247,1.75056484138572,1.75154783916063,1.75087323284451,1.87246620270767,1.87288060373043,1.74640155669198,1.8710013432784,1.74467649196934,1.7484446501065,1.74761584806099,1.7450908929921,1.8692473668565,1.74331764210403,1.93162917663095,1.74253702622395,1.8674933904346,1.73813281070303,1.7399060615911,1.74059994237339,1.74055175620796,1.7370919895296,1.73758348841705,1.73445138766366,1.86111354213077
1.72633683740411,1.7224530324699,1.72646212143424,1.72475633117778,1.72152785809352,1.71843430627248,1.72083397731123,1.98912490923011,1.71900290302463,1.71954258807752,1.72388898019992,1.8200878408779,1.72318546218454,1.98126092703083,1.81892173567433,1.72232774843977,1.72444793971899,1.72492980137335,1.72368659830508,1.72576824065195,1.72488161520792,1.72624046507323,1.72624046507323,1.73086633695516,1.72615372997545,1.72820646062305,1.72778242236721,1.72559477045638,1.72718491391579,1.82210202259316,1.72734874687828,1.72782097129956,1.82314284376659,1.81603056574812,1.72548876089242,1.82515702548185,1.82669898277582,1.7252767417645,1.72531529069685,1.77445554220927,1.77545781445036,1.72667414056216,1.72799444149513,1.72704999265257,1.7773274376693,1.73028810296992,1.72926655626266,1.73334310585861,1.94435996153934,1.79814386113799,1.87234091867754,1.79677537403959,1.79984001416137,1.79980146522902,1.96297909586411,1.79786438137846,1.95426703715314,1.94966043973739,1.80123741295903,1.87449002165602,1.94712584743541,1.94854252069926,1.97790716991643,1.94920748978228,1.94897619618819,1.79738251972409,1.80030260134956,1.87365158237742,1.8759548810853,1.79851007599531,1.87167594959451,1.87990614665111,1.79794147924316,1.88322135483316,1.87417199296414,1.8729769760613,1.87356484727963,1.80073627683849,1.87342028878332,1.8738154153399,1.87575249919046,1.87794978833438,1.87720772138665,1.89084440620526,1.88543791844325,1.89114316043097,1.96404882873681,1.97266451511691,1.98479779157389,1.9488894610904,1.87057730502255,1.95165534698647,1.94878345152644,1.95020012479028,1.94818594307502,1.94659579961561,1.94703911233763,1.87409489509944,1.87482732481408,1.8758777832206,1.87517426520522,1.87489478544569,1.95074944707626,1.95730276557566,1.95094219173801,1.96246832251048,1.96837594639303,1.96586062855723,1.97342585653081,1.97559423397546,1.96580280515871,1.96864578891948,1.88747137462469,1.88825199050476,1.97126711631924,1.98131875042935,1.98114528023378,1.89091186683687,1.96588954025649,1.97293435764335,1.97409082561383,1.9657353445271,1.98133802489553,1.98476887987462,1.98101999620364,1.98729383494351,1.97427393304249,1.98701435518398,1.98840211674856,1.98817082315446,1.99310508649519,1.9885177635456,1.98658067969505,1.98495198730328,1.98533747662678,1.98456649797979,1.97813846351052,1.97810955181126,1.97376315968886,1.98799735295889,1.97524729358432,1.99295089076579,1.97664469238198,1.99483978845091,1.98354495127253,1.98347749064092,1.9039221315048,1.97942021551114,1.97770478802159,1.90689039929571,1.90609050894946,1.90889494377788,1.98505799686724,1.90969483412413,1.844701334183,1.84544340113073,2.02828098726403,1.94186391816972,1.94145915438005,1.84420019806246,1.94028341194339,1.84717810308645,1.8925694709279,1.84671551589826,1.84766960197391,1.84423874699481,1.89523898449309,1.89714715664439,1.89700259814808,1.89627016843344,1.85074387932877,1.84754431794377,2.01671630755921,2.01582968211517,1.84854659018486,1.84567469472483,1.8480550912974,1.84620474254463,1.89430417288362,1.84663841803356,1.84298590669345,2.02003151574126,1.89360065486824,1.84833457105694,1.8460023606498,1.84181980148988,1.84358341514487,1.89310915598079,1.89255019646172,1.92708040261372,1.8943234473498,1.89205869757427,1.93588883365556,1.84458568738595,2.01608988740853,2.01492378220496,1.84598308618362,1.77214260626831,1.77075484470373,1.81622331040987,1.88274913041188,1.87969412752319,1.89738808747157,1.86477569070396,1.76151273817295,1.75910342990111,1.75733981624613,1.7572819928476,1.75691577799029,1.88013744024521,1.75567257492202,1.80380091696027,1.75384150063542,1.87728481925135,1.80217222456851,1.86107499319842,1.7524055529054,1.85445421406741,1.75045883182176,1.74765439699334,1.75116234983713,1.74889760006161,1.87492369714495,1.87108807837618,1.87103025497766,1.7435682101643,1.87319863242231,1.87246620270767,1.86960394448073,1.74197806670488,1.8743551003928,1.74154439121595,1.87431655146045,1.7400602573205,1.73959767013231,1.7875429047419,1.90062619778893,1.78705140585444,1.73761240011631,1.73059649442872
1.72482379180939,1.97133457695085,1.72319509941763,1.72178806338688,1.72221210164272,1.72197117081554,1.72267468883091,1.72214464101111,1.72060268371713,1.72230847397359,1.72191334741701,1.71896435409228,1.72101708473989,1.71906072642315,1.77142945101984,1.80816658354884,1.72396607806462,1.77247027219328,1.72660667993055,1.72473705671161,1.72691507138935,1.72567186832108,1.89707969601278,1.82048296743448,1.72889070417226,1.99129328667476,1.72744511920915,1.73045193593241,1.72644284696807,1.99147639410342,1.7291605466987,1.98621446483773,1.72655849376512,1.72582606405048,1.81840132508761,1.8255714265046,1.7736749263292,1.72466959607999,1.72600917147914,1.72525746729832,1.77582402930768,1.77741417276709,1.8132261309197,1.81369835534098,1.8139103744689,1.7303073774361,1.72944002645824,1.73078923909047,1.94444669663713,1.946528338984,1.79838479196517,1.94633559432225,1.79784510691228,1.79726687292704,1.97490035319317,1.94682709320971,1.94666326024722,1.96164915769806,1.80168072568105,1.94537187101352,1.9471354846685,1.97082380359722,1.79755598991966,1.95004592906088,1.97170079180817,1.79959908333418,1.8751935396714,1.79765236225054,1.87741010328149,1.87922190310191,1.87798833726673,1.87342992601641,1.8746538546185,1.87135792090263,1.88189141666711,1.87385396427225,1.96564860942931,1.87270713353486,1.80043752261278,1.96249723420975,1.87514535350596,1.96545586476756,1.87742937774766,1.87735227988296,1.89281040175508,1.88731717889529,1.88800142244449,1.96716165502403,1.96495472864702,1.96081071841946,1.87125191133867,1.87222527188049,1.87209998785035,1.94582482096862,1.94687527937514,1.87304443669292,1.8722927325121,1.94396483498276,1.94427322644156,1.8770920745896,1.87690896716094,1.87768958304102,1.9527732660246,1.95298528515253,1.95759188256828,1.96691108696375,1.97315601400436,1.95115421086593,1.96693036142993,1.97717474020179,1.95358279360394,1.88592941733071,1.97166224287582,1.97786862098408,1.97972860696994,1.96431867126326,1.97504491168948,1.9615431481341,1.99043557292999,1.98653249352961,1.97080452913105,1.96727730182107,1.98504835963416,1.99800080090356,1.97509309785492,1.97668324131433,1.97836011987153,1.98359313743797,1.98088507494042,1.97574842970486,1.98406536185925,1.98163677912123,1.89939263195374,1.97759877845763,1.9713731258832,1.97279943638013,1.98167532805358,1.97498708829096,1.98847921461326,1.99101380691523,1.9956107670979,1.97627847752466,1.97611464456218,1.97768551355542,1.97828302200683,1.98473033094227,1.98359313743797,1.9066687429347,1.90364265174527,1.90678438973175,1.90657237060382,1.98347749064092,1.90752645667947,1.91073565529756,1.84735157328203,1.93123405007437,1.84422910976172,1.84603127234906,1.94319385633577,2.03517160892149,2.03235753685998,1.8937066644322,1.89771575339654,1.84389180660367,1.84427729592716,1.84573251812335,1.89421743778583,1.84528920540133,2.00822590520925,1.89740736193775,1.92859344820843,1.84423874699481,2.01826790208627,2.01804624572526,1.84463387355139,1.8474479456129,1.84787198386874,1.84683116269531,1.89483422070342,1.84407491403233,1.92838142908051,1.84337139601695,2.03202023370193,2.02833881066256,1.84704318182323,1.84331357261842,1.84183907595606,1.9286127226746,1.89319589107857,1.84469169694992,2.00937273594664,1.8440170906338,1.89336936127415,1.84443149165656,2.01896178286856,1.84559759686013,1.84617583084537,1.77478320813424,1.77340508380275,1.77106323616252,1.86186524631158,1.8839537845478,1.87741974051457,1.76243791254934,1.75875648950997,1.75752292367479,1.75884322460776,1.87752575007853,1.75930581179595,1.87873040421445,1.80616203906667,1.80485137536679,1.8040032988551,1.75185623061942,1.75209716144661,1.75175022105546,1.80081337470319,1.8773233681837,1.8746538546185,2.04784457043136,1.74673885985004,1.88039764553857,1.88001215621507,1.74714362363971,1.74457048240538,1.87223490911358,1.7428068687504,1.87451893335528,1.87417199296414,1.74526436318767,1.85748994248992,1.86528646405759,1.86178814844688,1.73837374153021,1.73664867680758,1.73719799909356,1.73724618525899,1.73513563121286,1.82177435666819,1.73334310585861
1.72735838411137,1.72562368215564,1.72503581093731,1.72463104714765,1.7241299110271,1.72189407295084,1.72150858362734,1.72045812522082,1.72196153358245,1.7212387411009,1.7219229846501,1.72095926134136,1.72198080804862,1.72214464101111,1.77122706912501,1.80843642607529,1.77217151796757,1.77250882112563,1.72524783006524,1.89642436416284,1.72563331938873,1.72525746729832,1.72555622152403,1.72457322374912,1.72562368215564,1.72720418838197,1.72750294260768,1.7253538396292,1.82088773122415,1.72778242236721,1.72501653647114,1.72542130026081,1.82162016093879,1.72684761075774,1.72742584474298,1.72717527668271,1.77372311249463,1.8338787214259,1.72758004047238,1.7256525938549,1.77331834870496,1.72587425021591,1.77380021035933,1.81400674679978,1.72749330537459,1.7285534010142,1.72899671373622,1.94411903071216,1.9462970453899,1.94987245886531,1.94954479294034,1.95071089814391,1.94583445820171,1.94718367083394,1.94679818151044,1.94762698355596,1.94707766126998,1.95565479871772,1.98316909918212,1.94693310277367,1.9486581674963,1.95054706518142,1.80008094498855,1.80010021945472,1.95354424467159,1.87027855079684,1.79957980886801,1.87209998785035,1.79827878240121,1.87080859861665,1.87887496271076,1.87154102833129,1.79728614739322,1.88146737841126,1.80055316940983,1.88138064331348,1.96126366837456,1.87414308126487,1.87454784505454,1.87502970670891,1.88408870581102,1.87660057570215,1.89170211995003,1.80477427750209,1.96830848576142,1.88251783681778,1.8848693216911,1.96737367415195,1.97400409051605,1.83201873544004,1.9524745117989,1.95819902825279,1.94715475913468,1.94658616238252,1.95464288924355,1.87436473762588,1.95060488857995,1.94761734632287,1.94587300713406,1.9466054368487,1.95009411522632,1.94770408142066,1.96323930115747,1.96198646085612,1.96478125845145,1.87902915844016,1.95784245062855,1.95863270374172,1.88176613263697,1.97101654825897,1.97122856738689,1.96848195595699,1.88598724072923,1.88712443423354,1.97108400889058,1.97018774621346,1.97920819638322,1.96627502957999,1.97902508895456,1.97771442525468,1.96793263367101,1.96577389345945,1.96936858140103,1.96780734964088,1.97062142170239,1.99101380691523,1.9754882244115,1.96588954025649,1.99090779735127,1.89689658858412,1.97806136564582,1.8970604215466,1.97742530826206,1.98140548552714,1.97379207138813,1.97360896395947,1.9878335199964,1.97422574687706,1.9807501536772,1.97489071596008,1.99407844703701,1.97674106471286,1.97737712209662,1.97741567102897,1.90229343911304,1.97736748486353,1.97719401466796,1.90557009836274,1.97875524642811,1.98131875042935,1.98216682694104,1.98100072173747,1.98102963343673,1.99574568836112,1.84625292871007,1.84515428413811,2.02140000283966,1.84396890446836,1.9399750204846,1.84347740558091,1.94047615660514,1.8402103835643,1.84412310019776,1.84156923342961,1.84220529081338,1.8466095063343,1.89552810148571,1.84589635108584,1.89547027808719,1.92702257921519,1.89486313240269,1.84578070428879,1.84473988311535,1.84829602212459,1.84716846585337,1.8506475069979,2.03766765229112,1.84757322964303,1.84692753502618,1.89389940909395,1.84407491403233,1.84457605015287,1.8460794585145,1.8409717249782,1.84716846585337,2.02188186449403,2.02050374016254,2.0210626996816,1.89193341354413,1.84236912377586,1.89347537083811,1.84393035553601,1.89466075050785,1.84704318182323,1.84397854170145,2.01790168722895,1.84783343493639,1.7739736805549,1.87746792668001,1.77122706912501,1.76890449595095,1.76564711116743,1.76450028043003,1.7647508484903,1.76092486695462,1.75862156824675,1.88112043802012,1.87667767356685,1.75795659916372,1.75487268457577,1.80447552327638,1.80561271678069,1.80286610535079,1.84919228480171,1.75394751019938,1.86213508883803,1.75364875597367,1.79808603773947,1.75051665522028,1.75008297973135,1.74892651176087,1.74817480758005,1.74508125575901,1.74756766189555,1.7460835280001,1.74683523218091,1.83808055505199,1.7460064301354,1.74436810051055,1.87272640800103,1.7408986965991,1.85661295427897,1.73446102489675,1.78459391141717,1.85182324943456,1.73774732137954,1.78102813517485,1.85101372185522,1.73395988877621,1.73141565924114
1.73112654224852,1.72765713833707,1.97763732738998,1.72320473665072,1.98154040679036,1.80488992429914,1.72166277935674,1.72172060275526,1.72389861743301,1.72358058874112,1.7220771803795,1.72422628335798,1.72427446952341,1.82677608064052,1.77495667832981,1.81048915672289,1.72226028780816,1.77409896458504,1.72481415457631,1.72715600221653,1.72556585875712,1.72677051289304,1.73018209340596,1.7271078160511,1.72548876089242,1.77422424861517,1.77540962828492,1.72828355848775,1.72994116257878,1.77440735604383,1.72446721418516,1.72713672775036,1.72751257984076,1.72716563944962,1.77432062094605,1.77469647303646,1.77370383802846,1.83663497008889,1.83760833063071,1.72721382561506,1.72264577713165,1.77571801974372,1.77419533691591,1.77825261204569,1.72772459896869,1.7277149617356,1.73074105292503,1.73069286675959,1.95396828292744,1.95381408719804,1.94734750379642,1.95055670241451,1.94974717483517,1.79759453885201,1.94825340370664,1.95164570975338,1.94866780472939,1.95783281339547,1.9478197282177,1.79886665361954,1.96789408473866,1.95075908430935,1.95037359498585,1.80048570877822,1.98583861274732,1.87759321071015,1.80060135557527,1.79825950793504,1.86652966712586,1.88414652920955,1.95359243083703,1.87066404012034,1.95510547643174,1.8715313910982,1.87041347206007,1.88750992355704,1.87115553900779,1.86926664132267,1.87144465600041,1.88034945937313,1.88817489264006,1.87837382659022,1.87792087663512,1.87822926809391,1.8892928116782,1.81125049813679,1.88469585149553,1.81445969675488,1.98498089900255,1.94822449200737,1.96109983541208,1.95036395775277,1.97411010008001,1.96403919150372,1.94703911233763,1.95702328581613,1.9504892417829,1.95080727047478,1.94918821531611,1.94809920797724,1.94970862590283,1.95343823510763,1.9664195880763,1.95905674199756,1.97196099710153,1.95806410698956,1.9494966067749,1.96051196419375,1.97097799932662,1.95465252647664,1.88380922605149,1.97668324131433,1.95822793995205,1.97845649220241,1.99002117190723,1.88580413330057,1.88575594713514,1.98369914700193,1.98127056426391,1.97885161875899,1.96746040924973,1.98118382916613,1.98541457449148,1.98500981070181,1.9763266636901,1.98384370549824,1.97459196173438,1.97043831427373,1.97003355048406,1.96945531649882,1.96897345484445,1.98347749064092,1.97009137388258,1.97095872486044,1.97787825821716,1.89743627363701,1.98433520438569,1.98117419193304,1.98019119415813,1.97745421996132,1.97702054447239,1.97928529424792,1.9772422008334,1.90309332945929,1.97854322730019,1.97935275487953,1.97519910741888,1.97859141346563,1.90625434191194,1.97811918904435,1.99715272439187,1.98748657960526,1.98077906537646,1.98887434116984,2.02538018010474,1.84540485219838,2.02161202196758,1.84384362043823,1.84336175878386,2.01461539074616,1.94314567017034,2.01297706112131,1.84175234085827,1.94069781296615,2.03657864495224,2.03589440140304,1.84480734374696,1.89510406322987,1.9375368005135,1.92851635034373,1.92102822023486,1.84649385953725,1.85022346874206,1.84362196407722,2.01962675195159,1.84642639890564,2.02451282912688,1.84659986910121,1.8946222015755,1.89228035393528,1.84261969183613,1.84749613177834,2.02339491008874,2.04672665139323,1.84492299054401,2.01530927152845,2.01389259826461,1.84487480437858,1.89312843044696,1.89118170936332,1.84492299054401,1.8917310316493,1.84261969183613,1.84388216937058,1.84671551589826,1.84520247030355,1.84556868516087,1.87562721516033,1.87697642779256,1.77080303086916,1.7707741191699,1.76850936939437,1.88012780301212,1.87788232770277,1.76374857624922,1.7578216779005,1.75680013119324,1.87756429901088,1.75868902887836,1.7575903843064,1.80524650192337,1.8651322683282,1.80228787136555,1.85944630080666,1.7531668943193,1.75154783916063,1.88040728277165,1.74809770971536,1.75079613497981,1.75021790099457,1.74710507470736,1.74871449263295,1.74565948974425,1.74359712186356,1.80700047834527,1.74750020126394,1.74789532782052,1.74761584806099,1.74247920282543,1.85126428991549,1.74080232426823,1.86157612931896,1.78905595033661,1.78684902395961,1.85557213310554,1.73604153112307,2.0239635068409,1.72837993081863,1.73315999842995,1.73137711030879
1.72735838411137,1.72792698086352,1.99169805046443,1.72705962988566,1.7742820720137,1.77280757535133,1.72440939078664,1.80777145699226,1.7710825106287,1.72319509941763,1.902399448677,1.72616336720853,1.72465032161382,1.7251225460351,1.72743548197607,1.77414715075048,1.77342435826892,1.77472538473572,1.7269536203217,1.72723310008123,1.7275607660062,1.72785952023191,1.82467516382748,1.72590316191518,1.7254309374939,1.77625770479661,1.77612278353338,1.72917982116488,1.72951712432293,1.82314284376659,1.77590112717237,1.77526506978861,1.72483342904248,1.72683797352465,1.72787879469808,1.72419737165871,1.72306017815441,1.77433025817914,1.72267468883091,1.72402390146314,1.7251225460351,1.72790770639735,1.72743548197607,1.72724273731432,1.7254309374939,1.72784988299882,1.99684433293308,1.79822095900269,1.95078799600861,1.95428631161932,1.94993028226383,1.95397792016052,1.95143369062546,1.94844614836838,1.94732822933025,1.96091672798342,1.94840759943603,1.87067367735343,1.96073362055476,1.79829805686739,1.94924603871463,1.94542005717895,1.95076872154243,1.94953515570725,1.80032187581573,1.87669694803302,1.96964806116056,1.80093865873332,1.87795942556747,1.79722832399469,1.88012780301212,1.87979049985406,1.87096279434605,1.79718977506234,1.87117481347397,1.88448383236761,1.87259148673781,1.87155066556437,1.87048093269168,1.87288060373043,1.80129523635756,1.96760496774604,1.88065785083193,1.88049401786944,1.88097587952381,1.96504146374481,1.8859390545638,1.88569812373661,1.97754095505911,1.95471998710825,1.94684636767588,1.94493819552458,1.96218884275095,1.94715475913468,1.94806065904489,1.96100346308121,1.9520890224754,1.95014230139176,1.95060488857995,1.94942914614329,1.951934826746,1.87731373095061,1.96147568750249,1.97069851956708,1.95046996731673,1.99056085696012,1.96187081405907,1.96378862344345,1.95687872731982,1.95771716659842,1.96777843794162,1.97509309785492,1.97665432961507,1.88685459170709,1.9855494957547,1.88734609059455,1.97757950399146,1.98164641635432,1.96631357851234,1.96593772642193,1.96906018994223,1.96849159319008,1.89214543267205,1.9791503729847,1.89474748560564,1.97714582850253,1.98485561497241,1.97006246218332,1.97157550777803,1.98183916101607,1.97108400889058,1.97122856738689,1.97042867704064,1.89858310437441,1.97385953201974,1.99472414165386,1.99297980246505,1.97680852534447,1.97395590435061,1.97409082561383,1.97498708829096,1.99976441455855,1.99432901509728,1.99188115789309,1.97380170862121,1.90535807923482,1.97752168059293,1.97607609562983,1.90697713439349,1.97745421996132,1.9845568607467,1.98306308961816,1.97981534206772,1.98039357605296,1.84514464690502,2.01577185871664,1.84236912377586,1.84152104726418,2.01465393967851,2.02522598437534,2.01669703309303,1.84391108106984,1.84151141003109,2.03815915117857,1.94023522577796,1.84113555794068,1.84812255192901,2.03768692675729,2.03677138961399,1.84541448943147,1.90580139195684,1.84816110086136,1.84718774031954,1.84837311998929,1.8459252627851,2.02908087761028,2.02128435604261,2.01551165342329,1.8457710670557,1.84274497586627,1.84492299054401,1.84491335331093,2.02439718232983,1.84394963000219,2.01730417877753,2.01771857980029,1.84125120473773,2.02089886671912,1.83882262199972,1.89448728031228,1.89181776674708,1.8443254820926,1.93918476737143,1.84123193027156,1.84391108106984,1.8442483842279,1.92806340038863,1.77250882112563,1.77267265408811,1.77357855399832,1.76880812362008,1.76581094412991,1.76692886316805,1.87510680457361,1.87237946760989,1.76140672860899,1.88069639976427,1.88071567423045,1.8083496909775,1.8080412995187,1.80402257332128,1.80234569476408,1.75430408782361,1.80393583822349,1.80056280664292,1.7537065793722,1.75345601131192,1.84422910976172,1.74889760006161,1.87860512018432,1.74878195326456,2.04308377728621,1.74615098863171,1.74591005780453,1.74703761407575,1.74758693636173,1.74658466412064,1.80060135557527,1.74522581425532,1.74404043458558,1.74198770393797,1.86843783927716,1.73547293437092,1.78429515719146,1.85365432372116,1.73331419415935,1.7281679116907,1.73142529647423,1.8793086381997,1.73023991680449
1.77875374816623,1.78234843610782,1.72293489412427,1.72365768660582,1.77549636338271,1.77665283135319,1.77259555622341,1.723676961072,1.72400462699697,1.77520724639009,1.72445757695207,1.72522855559906,1.99501325864648,1.72838956805171,1.82436677236868,1.8150572052063,1.7254309374939,1.72684761075774,1.77449409114162,1.72818718615688,1.73033628913536,1.7279462553297,1.72778242236721,1.82218875769094,1.72784988299882,1.8242800372709,1.7758818527062,1.72780169683339,1.72901598820239,1.82710374656549,1.82766270608456,1.73120364011322,1.72713672775036,1.98124165256465,1.72246266970299,1.72299271752279,1.82343196075921,1.82534013291051,1.72418773442563,1.72435156738811,1.81737014114726,1.72704999265257,1.90606159725019,1.72522855559906,1.72681869905847,2.00075704956655,1.72918945839796,1.72913163499944,1.9470583868038,1.95282145219004,1.95096146620418,1.95152042572325,1.950720535377,1.95067234921156,1.94833050157133,1.95808338145574,1.95009411522632,1.87296733882822,1.94758843462361,1.94852324623308,1.94746315059347,1.86895824986388,1.80071700237231,1.96137931517161,1.79899193764968,1.95182881718204,1.87713062352195,1.87720772138665,1.86980632637556,1.797372882491,1.79550325927206,1.87094351987987,1.87196506658713,1.88015671471138,1.87201325275257,1.87009544336818,1.96469452335366,1.96175516726202,1.87264931013633,1.88829053943711,1.97154659607877,1.87862439465049,1.87657166400289,1.8803687338393,1.88158302520831,1.89410179098879,1.88978431056565,1.89410179098879,1.97039012810829,1.96401991703755,1.95404538079214,1.95565479871772,1.94727040593172,1.87228309527901,1.94707766126998,1.94937132274477,1.94859070686469,1.9514818767909,1.95177099378352,1.9521661203401,1.95096146620418,1.95179026824969,1.87933754989896,1.97425465857632,1.97386916925282,1.96040595462979,1.9670267337608,1.97209591836475,1.95790027402708,1.96812537833276,1.9679422709041,1.96704600822698,1.99020427933589,1.88499460572124,1.99063795482482,1.97618210519379,1.88828090220402,1.89083476897217,1.98512545749886,1.98115491746687,1.96648704870791,1.89339827297341,1.97863959963107,1.89291641131904,1.89430417288362,1.97549786164459,1.9879877157258,1.96925293460398,1.96883853358123,1.97372461075651,1.98845994014708,1.97470760853142,1.97153695884568,1.97115146952219,1.98190662164768,1.99368332048043,1.98403645015998,2.00670322238144,1.97352222886168,1.97544003824606,1.97520874465197,1.97470760853142,1.99786587964034,1.99526382670675,1.98027792925592,1.97775297418703,1.97955513677436,1.97841794327006,1.97798426778113,1.97841794327006,2.00387951308685,1.98579042658188,1.987679324267,1.90846126828895,1.84509646073958,1.8446242363183,1.9406592640338,2.01343001107642,1.84303409285889,2.0269317746318,1.84080789201571,1.89209724650662,1.84000800166946,2.03354291652973,1.94379136478719,1.8432557492199,1.84244622164056,1.84428693316025,1.84455677568669,1.8463011148755,1.84772742537243,1.94144951714696,2.0244935546607,1.84598308618362,2.03809169054696,1.84609873298067,1.84657095740195,1.84576142982261,2.03054573703956,1.84580961598805,1.84267751523466,1.84412310019776,1.84361232684413,2.02405987917177,2.01767039363485,1.84557832239395,1.84282207373097,2.01715962028122,1.84054768672235,2.03822661181018,1.84163669406122,2.01406606846018,1.84239803547513,1.84129939090317,1.83908282729308,1.84361232684413,1.84365087577648,1.77799240675233,1.77035971814715,1.86137374742413,1.81628113380839,1.76770947904812,1.76526162184393,1.7618596785641,1.76427862406902,1.76167657113544,1.75832281402104,1.87927008926735,1.75712779711821,1.80509230619397,1.80587292207405,1.8129948373256,1.75504615477134,1.75335963898105,1.80073627683849,1.7543137250567,1.75003479356591,1.75042992012249,1.880445831704,1.74747128956468,1.74980349997182,1.74473431536787,1.74901324685865,1.74758693636173,1.74670031091769,1.74422354201424,1.86454439710987,1.74517762808989,1.74178532204314,1.744859599398,1.743645308029,1.73957839566613,1.80125668742521,1.79896302595042,1.73360331115197,1.73279378357264,1.73145420817349,1.72858231271346,1.72858231271346,1.72937256582662
1.73073141569194,1.79054008423207,1.72643320973498,1.72534420239611,1.77746235893253,1.72485270350865,1.72747403090841,1.77375202419389,1.72610554381001,1.72753185430694,1.97364751289182,1.72384079403448,1.72856303824729,1.72493943860644,1.72553694705786,1.81912411756916,1.82144669074322,1.97450522663659,1.72633683740411,1.72587425021591,1.72735838411137,1.77717324193991,1.72858231271346,1.72557549599021,1.72995079981187,1.82670862000891,1.77686485048111,1.77571801974372,1.77608423460103,1.72739693304372,1.72523819283215,1.724891252441,1.72594171084753,1.72465032161382,1.77106323616252,1.72357095150804,1.72586461298283,1.72663559162982,1.72365768660582,1.72415882272636,1.81921085266695,1.72306981538749,1.72600917147914,1.72663559162982,1.72630792570485,1.7261922789078,1.72774387343486,1.72945930092441,1.94999774289545,1.94440814770478,1.95166498421956,1.95158788635486,1.95053742794834,1.95013266415867,1.94838832496986,1.95081690770787,1.94773299311992,1.87531882370153,1.79891483978498,1.95042178115129,1.95759188256828,1.87110735284236,1.87701497672491,1.87697642779256,1.80003275882311,1.97096836209353,1.87767994580793,1.79869318342397,1.87184941979008,1.79811494943873,1.79749816652114,1.86638510862955,1.87144465600041,1.97138276311629,1.87218672294814,1.80048570877822,1.97247177045516,1.97044795150681,1.96824102512981,1.8741238067987,1.79787401861154,1.9638271723758,1.87751611284545,1.98329438321226,1.80492847323149,1.89216470713823,1.88373212818679,1.97806136564582,1.96920474843854,1.96418375000003,1.95036395775277,1.95084581940713,1.94581518373553,1.9474438761273,1.9640584659699,1.94915930361685,1.95394900846126,1.95373698933334,1.9494195089102,1.95019048755719,1.95119275979828,1.87742937774766,1.877246270319,1.9568883645529,1.97854322730019,1.97658686898346,1.96520529670729,1.96192863745759,1.96403919150372,1.88388632391619,1.97033230470977,1.96137931517161,1.97749276889367,1.95936513345635,1.95843995907997,1.95507656473248,1.98056704624854,1.95512475089792,1.96158169706645,1.965504050933,1.96821211343055,1.97386916925282,1.97368606182416,1.96894454314519,1.97405227668148,1.96773988900927,1.98652285629652,1.98593498507819,1.97002391325097,1.98778533383097,1.97036121640903,1.99352912475103,1.97155623331186,2.01148328999277,1.90025034569852,1.98246558116675,1.98122237809848,1.97430284474176,1.97423538411014,1.9754882244115,1.97375352245578,1.97647122218641,2.01120381023324,2.00886196259301,1.97985389100007,1.9793720293457,1.97829265923992,1.9805959579478,1.98267760029467,1.97904436342073,1.90504005054293,1.99038738676455,1.98175242591828,1.98429665545334,2.01257229733164,2.01118453576706,1.8917310316493,1.88936027230981,1.84054768672235,1.84154032173035,1.84362196407722,1.84001763890255,1.84291844606184,1.94367571799014,1.84416164913011,1.84402672786689,1.89354283146972,1.84405563956615,1.84403636509998,1.89357174316898,1.84703354459014,2.02820388939933,1.84855622741795,1.84811291469593,2.03171184224313,2.02142891453892,1.84855622741795,1.84589635108584,1.84525065646898,1.84454713845361,1.84489407884475,1.84429657039333,1.84414237466394,1.84392071830293,2.03891085535939,1.84369906194192,1.84155959619653,2.01520326196449,2.01487559603952,1.84217637911412,1.84151141003109,2.03080594233292,1.84382434597205,1.84534702879986,1.84399781616763,1.84449895228817,1.93329641795506,1.77278830088516,1.87371904300903,1.81922048990004,1.81783272833546,1.81724485711713,1.76479903465574,1.87729445648444,1.8751935396714,1.88113007525321,1.87951102009453,1.85922464444565,1.88003143068125,1.75765784493801,1.81471026481515,1.81517285200335,1.75389932403394,1.75365839320676,1.75254047416863,1.75212607314587,1.75131654556653,1.75403424529717,1.74901324685865,1.74735564276763,1.79617786558817,1.87399852276856,1.74607389076701,1.87664876186759,1.87425872806192,1.74720144703823,1.86846675097642,1.74408862075102,1.7444066494429,1.87226382081284,1.87323718135466,1.74098543169689,1.87047129545859,1.80120850125977,1.7292376445634,1.8783931010564,1.72935329136045,1.72812936275836,1.72767641280325,1.72434193015502
1.82765306885147,1.72925691902958,1.72780169683339,1.7273294724121,1.72836065635245,1.7277149617356,1.77749127063179,1.72572005448652,1.72799444149513,1.72752221707385,1.72601880871222,1.72725237454741,1.72590316191518,1.72599953424605,1.81560652749228,1.72721382561506,1.82112866205133,1.82789399967866,1.8206949865624,1.7281679116907,1.77434953264531,1.7254309374939,1.72670305226143,1.89984558190885,1.72618264167471,1.72861122441272,1.72772459896869,1.72574896618578,1.72508399710275,1.79410586047439,1.82827948900215,1.72731983517902,1.72715600221653,1.82121539714912,1.77364601462993,1.77282684981751,1.72724273731432,1.8280096464757,1.72306981538749,1.72265541436474,1.83085263023647,1.82417402770694,1.7273294724121,1.72441902801972,1.72809081382601,1.72424555782415,1.72793661809661,1.72927619349575,1.9507976332417,1.94955443017343,1.94779081651844,1.95411284142375,1.95402610632596,1.94962189080504,1.95401646909287,1.95437304671711,1.79824987070195,1.97518947018579,1.94974717483517,1.95166498421956,1.87795942556747,1.79990747479298,1.8758777832206,1.88055184126796,1.87794015110129,1.95543314235671,1.9556740731839,1.86994124763879,1.8715313910982,1.8741238067987,1.95512475089792,1.79759453885201,1.88415616644264,1.88281659104349,1.79786438137846,1.79831733133356,1.88740391399307,1.96504146374481,1.87162776342907,1.87318899518923,1.87234091867754,1.80211440116998,1.80191201927515,1.88063857636575,1.96816392726511,1.89361029210133,1.88455129299922,1.97037085364211,1.97180680137213,1.95611738590592,1.95498019240161,1.95123130873063,1.96762424221222,1.95491273177,1.96676652846744,1.95012302692558,1.95422848822079,1.95019048755719,1.95269616815991,1.95395864569435,1.87766067134176,1.9483594132706,1.94899547065436,1.94786791438314,1.95367916593482,1.96117693327678,1.96439576912795,1.88229618045678,1.96792299643793,1.8841850781419,1.88451274406687,1.96457887655661,1.96033849399818,1.96074325778785,1.95771716659842,1.88774121715113,1.96753750711443,1.96380789790963,1.96361515324788,1.96308510542807,1.97691453490843,1.96827957406216,1.98658067969505,1.97587371373499,1.96522457117347,1.96837594639303,1.98473033094227,1.97474615746377,1.97260669171838,2.00182678243924,1.9835642257387,1.97246213322207,1.97370533629034,1.97272233851543,1.98169460251976,1.90032744356322,1.97574842970486,1.98727456047734,1.90102132434551,1.97149840991334,1.97003355048406,2.00070886340111,1.99457958315755,1.97520874465197,1.97856250176637,1.97858177623254,1.98167532805358,1.97949731337584,1.98068269304558,1.90794085770223,1.90681330143101,1.90610014618254,1.98344857894166,1.90657237060382,1.84061514735396,1.84179088979062,1.84128975367008,1.89015052542297,1.88916752764806,1.89054565197955,1.83935266981952,1.84144394939948,1.94189282986898,2.02768347881262,1.84186798765532,1.84278352479862,1.96368261387949,1.84690826056001,1.89274294112347,1.91930315551222,1.89400541865791,1.8473708477482,1.84769851367317,1.84938502946346,1.84629147764242,1.89693513751647,1.89510406322987,1.8945451037108,1.8476021413423,1.844701334183,1.8472166520188,1.8443254820926,1.84379543427279,1.84606018404832,2.02174694323081,2.04049136158571,2.03808205331387,1.84115483240686,1.84131866536934,1.84103918560981,1.84374724810736,2.03743635869702,1.84312082795668,1.8440941884985,1.84727447541733,1.84513500967193,1.84391108106984,1.7738965826902,1.77181494034334,1.87634037040879,1.81813148256117,1.81680154439511,1.87794015110129,1.7675745577849,1.8783160031917,1.76159947327074,1.7603369957363,1.76009606490911,1.88414652920955,1.7570603364866,1.75636645570431,1.81565471365771,1.7565206514337,1.87910625630486,1.7527139443642,1.75125872216801,1.75122017323566,1.84027784419591,1.79764272501745,1.79741143142335,1.79565745500145,1.79487683912138,1.74634373329346,1.88046510617018,1.74272013365261,1.74668103645151,1.74435846327746,1.74266231025409,1.74110107849394,1.74174677311079,1.74232500709603,1.87211926231653,1.8751935396714,1.87430691422736,1.73130964967718,1.73391170261077,1.7308374252559,1.72784988299882,1.72643320973498,1.72667414056216
1.73002789767656,1.7301531817067,1.73079887632355,1.73147348263967,1.7293918402928,1.73116509118087,1.72845702868333,1.72789806916426,1.72840884251789,1.97757950399146,1.73150239433893,1.7241299110271,1.97782043481864,1.72758004047238,1.725883887449,1.82060825146462,1.72917018393179,1.72597062254679,1.72627901400558,1.82057933976535,1.72545021196007,1.7283992052848,1.82538831907594,1.72704035541948,1.99813572216679,1.89935408302139,1.72696325755479,1.72625973953941,1.7270307181864,1.72757040323929,1.72528637899759,1.72463104714765,1.77417606244974,1.77627697926278,1.77365565186302,1.77200768500508,1.82413547877459,1.8332715757414,1.72419737165871,1.7235227653426,1.77293285938147,1.72434193015502,1.72320473665072,1.72571041725343,1.72498762477188,1.98038393881988,1.72563331938873,1.79704521656603,1.79798002817551,1.79937742697317,1.80078446300393,1.80014840562016,1.80265408622287,1.95429594885241,1.95761115703446,1.94671144641266,1.94579590926936,1.96107092371282,1.80145906932004,1.94762698355596,1.79884737915337,1.94811848244341,1.80099648213185,1.87185905702317,1.88094696782455,1.96076253225402,1.87608980234852,1.88088914442602,1.79806676327329,1.79733433355865,1.87017254123288,1.87004725720275,1.88640164175199,1.88354902075813,1.88408870581102,1.9591820260277,1.79745961758879,1.97098763655971,1.97094908762736,1.87462494291924,1.87249511440694,1.87414308126487,1.87887496271076,1.89164429655151,1.96450177869192,1.89179849228091,1.98100072173747,1.9808272515419,1.97147913544716,1.97283798531248,1.95802555805721,1.94488037212606,1.95406465525831,1.94594046776567,1.94998810566236,1.94632595708916,1.95084581940713,1.95070126091082,1.95017121309102,1.94951588124108,1.94823412924046,1.95114457363284,1.95164570975338,1.95071089814391,1.9523203160695,1.95226249267097,1.96280562566854,1.88060966466649,1.96505110097789,1.88402124517941,1.88722080656441,1.96776880070853,1.96151423643484,1.97696272107387,1.9620731959539,1.88770266821878,1.96401991703755,1.9754882244115,1.97062142170239,1.96442468082722,1.98395935229529,1.89347537083811,1.97908291235308,1.97067924510091,1.98132838766244,1.96843376979156,1.98050922285001,1.98157895572271,1.89742663640392,1.97841794327006,1.98457613521288,1.97872633472885,1.97732893593118,1.97774333695394,1.98321728534756,1.99391461407452,1.89663638329076,1.89871802563763,1.98128983873009,1.97386916925282,1.90014433613456,1.97398481604987,1.99053194526086,1.99601553088757,1.98045139945149,1.98030684095518,1.97638448708862,1.97967078357141,1.97743494549515,1.90482803141501,1.90531953030247,1.9814343972264,1.98011409629343,1.99907053377626,1.88947591910686,1.89011197649062,1.89083476897217,2.00067031446876,1.8905071030472,1.89102751363392,1.83816729014978,2.01337218767789,1.84037421652678,2.03711833000514,1.8438628949044,1.84548195006308,1.84405563956615,1.9441672168776,1.84898990290688,1.84719737755263,1.89644363862901,1.8957690323129,2.02551510136796,2.0177860404319,1.89534499405705,1.84891280504218,1.89786031189285,1.8953835429894,1.89528717065853,1.84498081394254,1.84428693316025,1.84316901412211,1.84151141003109,1.8423402120766,1.84289917159567,1.84251368227217,2.04851917674748,2.01775712873264,1.84060551012088,1.84389180660367,2.01714034581505,1.84388216937058,1.83919847409012,1.84347740558091,1.84145358663256,1.89174066888238,1.84259078013687,1.77459046347249,1.77520724639009,1.8726011239709,1.7697814841619,1.76826843856719,1.85662259151206,1.76242827531625,1.81164562469338,1.81001693230161,1.76158983603765,1.87081823584974,1.86615381503546,1.75879503844232,1.75443900908683,1.87722699585283,1.75461247928241,1.75397642189864,1.75451610695153,1.75366803043985,1.75334036451488,1.74851211073811,1.74753875019629,1.74803988631683,1.86235674519904,1.79585983689629,1.74453193347303,1.7475291129632,1.7447825015333,1.84479770651388,1.74393442502162,1.74192988053945,1.79153271924006,1.74237319326147,1.74129382315568,1.7401373551852,1.87764139687558,1.87585850875442,1.73439356426514,1.73186860919625,1.7304615731655,1.7309916209853,1.72509363433584,1.72587425021591
1.73032665190227,1.97674106471286,1.73075069015812,1.72817754892379,1.7290063509693,1.7275607660062,1.72466959607999,1.8210033780212,1.72751257984076,1.72854376378111,1.72921837009723,1.82419330217311,1.72841847975098,1.72969059451851,1.72781133406647,1.72808117659292,1.73016281893979,1.72850521484876,1.73051939656402,1.72757040323929,1.72759931493855,1.81996255684776,1.82063716316388,1.82267061934531,1.72708854158492,1.72868832227742,1.72806190212674,1.7309916209853,1.72718491391579,1.72546948642624,1.72620191614088,1.77440735604383,1.72384079403448,1.726876522457,1.72503581093731,1.84118374410612,1.77214260626831,1.72391789189918,1.7715354605838,1.72485270350865,1.72397571529771,1.72529601623067,1.72473705671161,1.72212536654493,1.9810489079029,1.9811260057676,1.72528637899759,1.72447685141825,1.79724759846087,1.87515499073905,1.8011121289289,1.80129523635756,1.94984354716605,1.95023867372263,1.94822449200737,1.94864853026322,1.94914966638376,1.80219149903468,1.97476543192995,1.94787755161623,1.94833050157133,1.95047960454981,1.87107844114309,1.96371152557875,1.97161405671038,1.79794147924316,1.79723796122778,1.79914613337908,1.87925081480117,1.86780178189339,1.96479089568454,1.86923772962341,1.87049056992477,1.87077968691739,1.8716855868276,1.87162776342907,1.88696060127106,1.87368049407668,1.88818452987315,1.97670251578051,1.88967830100169,1.89135517955889,1.87978086262098,1.87932791266587,1.80704866451071,1.88369357925444,1.8860161524285,1.88675821937622,1.97005282495023,1.95732204004184,1.95806410698956,1.95686909008673,1.94852324623308,1.94648015281856,1.96281526290163,1.94691382830749,1.94746315059347,1.95021939925645,1.95058561411377,1.95021939925645,1.94917857808302,1.9536117053032,1.97024556961198,1.95418030205536,1.95259015859594,1.96369225111258,1.96524384563964,1.94878345152644,1.98786243169566,1.97797463054804,1.8837995888184,1.97100691102588,1.9586423409748,1.96174553002893,1.96214065658551,1.97119001845454,1.96233340124726,1.97537257761445,1.96350914368392,1.96503182651172,1.97709764233709,1.96548477646683,1.96940713033338,1.97518947018579,1.89467038774094,1.97035157917594,1.97057323553695,1.98228247373809,1.98193553334694,1.97605682116365,1.98774678489862,1.89705078431352,1.97803245394656,1.97797463054804,1.98153076955727,1.90045272759335,1.98725528601116,1.9880648135905,1.90259219333875,1.90083821691685,1.97218265346254,1.90074184458597,1.99086924841892,1.99725873395584,1.97938166657879,1.98061523241397,1.9779264443826,1.98194517058003,1.98420028312247,1.98385334273132,1.97849504113476,2.00005353155117,1.98142475999331,1.98097181003821,1.89224180500293,2.01027863585685,1.84116446963994,1.83968997297758,1.84260041736996,2.02934108290364,1.94333841483208,1.94609466349507,1.8401332856996,1.8415788706627,2.03345618143194,1.84259078013687,1.89311879321388,1.84345813111473,1.89341754743958,2.02521634714225,1.84709136798867,2.01782458936425,1.89675203008781,1.89515224939531,1.89526789619236,1.89632799183197,1.846686604199,1.84647458507108,1.89523898449309,1.8954606408541,1.84677333929678,1.8432557492199,1.8440170906338,1.84119338133921,1.8427257014001,1.83960323787979,1.83947795384966,2.03202987093501,1.84413273743085,2.03452591430464,2.02015679977139,2.01720780644666,2.01426845035502,1.84426765869407,1.8422631142119,1.84196435998619,1.8410488228429,1.77444590497618,1.7723738998624,1.77277866365207,1.77003205222218,1.87546338219784,1.87714989798813,1.87888459994385,1.81060480351994,1.75982622238267,1.87880750207915,1.75607733871169,1.86914135729254,1.86643329479499,1.75547983026027,1.87810398406378,1.75359093257515,1.75211643591278,1.87734264264988,1.88058075296723,1.87882677654533,1.85616964155696,1.85338448119471,1.79677537403959,1.7965344432124,1.79491538805373,1.74790496505361,1.74510053022519,1.74494633449579,1.84733229881585,1.87090497094752,1.87316972072305,1.74061921683957,1.74139019548656,1.740667403005,1.73807498730451,1.73440320149822,1.87820999362774,1.72988333918025,1.73002789767656,2.07400965826353,1.72782097129956,1.72461177268147,1.72465995884691
1.73261067614398,1.99305690032975,1.72961349665381,1.73058685719563,1.73272632294102,1.72871723397668,1.73052903379711,1.72890997863843,1.72818718615688,1.7283992052848,1.72893889033769,1.73087597418825,1.72758967770546,1.73053867103019,1.72724273731432,1.72699216925405,1.82454024256426,1.73132892414336,1.72921837009723,1.72691507138935,1.72951712432293,1.72892925310461,1.72901598820239,1.72575860341887,1.72811972552527,1.72804262766057,1.72796552979587,1.72669341502834,1.82812529327275,1.73014354447361,1.72731019794593,1.72617300444162,1.72741620750989,1.72446721418516,1.72507435986966,1.72244339523682,1.81698465182377,1.77241244879475,1.71870414879892,1.72419737165871,1.72067014434874,1.72191334741701,1.72302162922206,1.72159531872513,1.72248194416917,1.83340649700462,1.7251225460351,1.7287846946083,1.79993638649224,1.8001965917856,1.80229750859864,1.80426350414846,1.95402610632596,1.95477781050677,1.95046996731673,1.95120239703137,1.94955443017343,1.94875453982718,1.95251306073125,1.80059171834218,1.9516360725203,1.976095370096,1.86994124763879,1.87076041245121,1.87055803055638,1.87744865221384,1.87078932415047,1.95156861188868,1.86868840733743,1.87058694225564,1.88010852854595,1.87035564866154,1.87103989221075,1.87296733882822,1.88474403766096,1.88557283970648,1.86970995404469,1.87767994580793,1.87426836529501,1.87411416956561,1.8751935396714,1.9648969052485,1.87909661907177,1.87832564042479,1.88789541288053,1.88519698761607,1.89120098382949,1.9878335199964,1.96399100533829,1.96350914368392,1.96462706272205,1.94438887323861,1.95398755739361,1.95992409297542,1.96639067637704,1.96165879493115,1.87392142490386,1.95339968617528,1.95311056918266,1.87489478544569,1.95205047354305,1.95115421086593,1.96069507162241,1.96789408473866,1.95381408719804,1.95317802981427,1.95205047354305,1.95188664058057,1.96103237478047,1.95149151402399,1.88272021871262,1.88687386617327,1.97034194194285,1.96957096329586,1.97279943638013,1.96056978759227,1.98773714766553,1.96221775445021,1.99023319103515,1.9639813681052,1.96876143571653,1.96743149755047,1.96570643282783,1.96933003246868,1.97060214723621,1.97437994260645,1.96895418037827,1.97802281671348,1.96924329737089,1.89720498004291,1.97985389100007,1.97305964167349,1.89709897047895,1.97302109274114,1.97263560341764,1.97325238633523,1.97147913544716,1.99503253311266,1.8998841308412,1.99709490099335,1.97453413833585,2.00796569991589,1.97487144149391,1.97424502134323,1.98049958561693,1.9839497150622,1.98162714188815,1.90334389751956,1.9841039107916,1.98199335674547,1.9808272515419,1.98109709406834,1.9806730558125,1.99478196505239,1.83835039757844,1.83782998699172,1.84016219739886,1.83941049321805,1.83841785821005,2.03433316964289,1.83981525700771,1.93531059967032,1.84128011643699,1.84328466091916,1.84375688534044,1.8423402120766,1.89139372849124,1.84520247030355,1.89373557613147,2.02113016031321,1.84586743938657,1.84548195006308,1.89786031189285,1.89714715664439,1.89680985348633,1.89565338551585,1.89644363862901,1.89591359080921,1.92850671311064,1.89563411104968,1.84468205971683,1.84488444161166,1.84688898609383,1.84371833640809,1.84225347697882,1.84279316203171,1.84019110909812,2.02872429998605,1.84030675589517,1.837309576405,2.03468974726712,2.01686086605552,1.84128975367008,1.8408946271135,1.84085607818115,1.84315937688903,1.83944904215039,1.77540962828492,1.77445554220927,1.77172820524555,1.77053318834272,1.87830636595861,1.76469302509178,1.76503032824984,1.81057589182068,1.81004584400087,1.76470266232487,1.75773494280271,1.75737836517848,1.87978086262098,1.7570603364866,1.87830636595861,1.845693969191,1.75293560072521,1.87718844692048,1.75163457425841,1.7495143829792,1.75058411585189,1.88264312084792,1.79930996634156,1.75058411585189,1.74862775753516,1.7447825015333,1.87141574430115,1.74550529401486,1.74695087897796,1.74557275464647,1.83448586711041,1.74135164655421,1.74103361786232,1.73944347440291,1.73862430959048,1.73658121617597,1.73463449509232,1.7327455974072,1.73237938254988,1.72772459896869,1.72440939078664,1.7293147424281,1.72373478447052
1.73187824642934,1.73296725376821,1.73217700065504,1.73126146351175,1.73137711030879,1.7315987666698,1.7312229145794,1.73086633695516,1.72913163499944,1.73047121039858,1.72628865123867,1.72811008829218,1.72864977334507,1.73077960185738,1.7274065702768,1.72688615969009,1.72787879469808,1.72751257984076,1.72797516702896,1.7309145231206,1.72765713833707,1.82080099612636,1.7306832295265,1.72744511920915,1.72913163499944,1.72562368215564,1.72671268949451,1.82728685399415,1.82736395185885,1.72510327156893,1.77431098371296,1.7254309374939,1.726876522457,1.72439975355355,1.72198080804862,1.72249158140225,1.724891252441,1.72148930916117,1.72156640702587,1.72054486031861,1.72110381983767,1.8290022814837,1.77051391387654,1.72398535253079,1.72444793971899,1.72214464101111,1.83800345718729,1.72707890435183,1.80273118408757,1.80016768008634,1.79885701638645,1.95068198644465,1.9506434375123,1.95004592906088,1.95024831095572,1.95230104160332,1.96102273754738,1.95016157585793,1.97487144149391,1.80098684489876,1.87752575007853,1.95107711300123,1.95039286945203,1.95182881718204,1.88051329233562,1.87233128144445,1.86933410195428,1.88035909660622,1.87171449852686,1.87296733882822,1.87170486129377,1.87071222628577,1.88389596114928,1.96781698687397,1.96383680960889,1.87124227410558,1.87205180168492,1.87182050809082,1.79735360802483,1.87714026075504,1.89240563796541,1.8843392738713,1.89111424873171,1.96399100533829,1.89388977186086,1.96471379781984,1.89586540464377,1.96678580293362,1.96731585075342,1.98083688877498,1.94849433453382,1.94635486878843,1.95393937122817,1.87280350586573,1.87370940577594,1.94852324623308,1.94824376647355,1.87486587374643,1.95489345730382,1.94985318439914,1.95487418283765,1.95187700334748,1.96165879493115,1.95632940503384,1.9640584659699,1.95660888479337,1.9538429988973,1.95366952870173,1.95462361477738,1.9774734944275,1.95737986344036,1.95782317616238,1.97506418615566,1.97781079758555,1.97757950399146,1.99026210273442,1.98375697040045,1.96202500978847,1.98093326110586,1.96501255204555,1.96454032762426,1.9944639363605,1.96636176467777,1.96971552179217,1.96867470061874,1.98412318525777,1.97587371373499,1.98398826399455,1.98302454068581,1.96981189412305,1.97675070194594,1.99207390255484,1.9847881543408,1.97851431560093,1.98273542369319,1.97163333117656,1.97534366591519,1.97218265346254,1.97077561743178,1.90152246046605,1.98819973485372,1.97637484985554,1.97854322730019,1.9774734944275,1.97443776600498,1.97919855915013,1.97913109851852,1.90653382167147,1.90683257589718,1.90534844200173,2.00079559849889,1.98099108450438,1.9911872771108,2.00348438653027,1.83739631150279,1.89318625384549,1.84144394939948,1.83928520918791,1.8356326978478,1.83952614001509,1.84022965803047,2.02175658046389,1.88820380433932,1.88803997137684,1.94238432875644,1.88936027230981,1.84489407884475,1.8934850080712,1.89475712283873,1.89400541865791,1.84579997875496,1.84673479036444,1.84877788377895,1.89861201607367,1.84576142982261,1.89763865553185,1.89856382990823,1.84690826056001,1.89735917577231,1.8455397734616,2.04308377728621,2.03636662582432,1.84288953436258,1.84179088979062,1.84171379192592,1.84207036955016,1.84143431216639,1.83899609219529,1.8374637721344,1.84007546230107,1.83717465514178,1.83532430638901,1.84068260798558,1.84147286109874,1.84225347697882,1.84169451745975,1.84166560576049,1.77171856801246,1.7753518048864,1.77097650106474,1.77042717877876,1.76668793234086,1.88033018490696,1.76725652909302,1.86359031103422,1.81054698012142,1.87187833148934,1.87052911885712,1.75991295748045,1.75573039832054,1.87799797449982,1.8801470774783,1.88157338797522,1.75506542923751,1.75284886562742,1.75063230201733,1.88386704945001,1.88113007525321,1.7487530415653,1.7479146022867,1.74793387675287,1.74696051621105,1.74614135139862,1.74880122773073,1.74726890766984,1.87444183549058,1.74303816234449,1.8715313910982,1.82139850457778,1.74073486363662,1.87946283392909,1.73809426177068,1.7357138651981,1.73365149731741,1.8714542932335,1.73031701466918,1.73161804113598,1.72798480426204,1.72731019794593,1.72694398308861
1.73439356426514,1.83229821519958,1.84073079415101,1.73362258561815,1.73286124420425,1.73374786964828,1.73133856137644,1.99144748240416,1.72897743927004,1.7285534010142,1.72755112877311,1.72520928113289,1.72860158717964,1.77698049727816,1.72835101911936,1.72835101911936,1.72724273731432,1.72709817881801,1.99448321082668,1.72846666591641,1.73000862321039,1.72759931493855,1.72888106693917,1.72723310008123,1.73101089545147,1.72738729581063,1.72730056071284,1.72718491391579,1.72711745328418,1.72608626934384,1.82150451414174,1.72711745328418,1.8254943286399,1.72472741947852,1.82430894897016,1.72312763878602,1.82919502614545,1.72363841213965,1.71899326579154,1.72086288901049,1.72023646885981,1.72172060275526,1.72318546218454,1.72460213544838,1.7242841067565,1.72356131427495,1.72487197797483,1.7277920596003,1.80197947990676,1.79946416207096,1.87672585973228,1.95206974800923,1.95204083630997,1.95160716082103,1.94734750379642,1.80075555130466,1.95024831095572,1.97391735541826,1.96776880070853,1.87225418357975,1.87263967290325,1.96997572708553,1.97797463054804,1.87261076120398,1.87072186351886,1.87034601142846,1.95343823510763,1.97791680714951,1.95775571553077,1.87454784505454,1.88256602298322,1.87159885172981,1.87211926231653,1.88504279188667,1.8703845603608,1.87388287597151,1.79753671545349,1.87128082303793,1.89091186683687,1.87769922027411,1.87419126743031,1.87504898117508,1.80574763804391,1.89465111327477,1.88127463374952,1.88408870581102,1.89201051140883,1.96975407072452,1.97692417214152,1.96212138211934,1.87138683260189,1.87079896138356,1.96268034163841,1.9539971946267,1.94878345152644,1.87481768758099,1.95139514169311,1.95097110343727,1.95723530494405,1.95655106139485,1.95146260232472,1.95365025423555,1.96082035565255,1.95791954849325,1.95126985766298,1.97575806693795,1.95369844040099,1.9569654624176,1.95532713279275,1.95448869351415,1.97683743704373,1.95876762500494,1.9773963965628,1.98256195349762,1.97650013388567,1.96305619372881,1.98052849731619,1.96334531072143,1.96530166903817,1.96783626134014,1.96779771240779,1.89417888885348,1.98655176799578,1.96819283896437,1.99004044637341,1.9674122230843,1.98197408227929,1.89783140019359,1.97397517881679,1.96939749310029,1.97656759451728,1.98495198730328,1.98780460829714,1.98095253557203,1.98872978267353,1.9712960280185,1.97094908762736,1.97390771818517,1.9804417622184,1.99730692012127,1.97467869683216,1.97425465857632,1.97454377556894,1.9774734944275,1.97896726555604,1.90350773048204,1.90236089974465,1.90267892843653,1.90523279520468,1.90677475249866,1.99632392234636,2.008640306232,1.98090434940659,1.98380515656589,1.88735572782764,1.84010437400033,1.83776252636011,1.83759869339762,1.83840822097696,2.04427879418904,2.01562730022033,1.84207036955016,1.84025856972973,1.88878203832457,1.94415757964451,1.89098896470157,1.84078861754954,1.91327988483262,1.91106332122253,1.84457605015287,1.84500008840871,1.84547231282999,1.84950067626051,1.85021383150897,2.01691868945404,2.01729454154445,2.01731381601062,2.03802422991535,1.84548195006308,1.84572288089026,1.84487480437858,1.84454713845361,1.8440170906338,1.84189689935458,1.84261005460305,1.8412704792039,1.84203182061781,1.83881298476663,2.01452865564838,1.8382251135483,1.84067297075249,2.01883649883842,2.01756438407089,2.01766075640177,1.84260041736996,1.84268715246775,1.84399781616763,1.86441911307973,1.77142945101984,1.77212333180213,1.76506887718219,1.76706378443127,1.86643329479499,1.76463520169326,1.81354415961158,1.75983585961575,1.86473714177161,1.87294806436204,1.81784236556854,1.75691577799029,1.88139991777965,1.84764069027465,1.75348492301119,1.88012780301212,1.80042788537969,1.79908830998055,1.79860644832618,1.75116234983713,1.74935055001671,1.74793387675287,1.74758693636173,1.74728818213602,1.74726890766984,1.87723663308591,1.87552120559637,1.74515835362371,1.74438737497672,1.74107216679467,1.86090152300285,1.74348147506651,1.73890378935002,1.88154447627596,1.73746784162,1.87316008348996,1.73404662387399,1.73008572107509,1.72960385942072,1.726876522457,1.72685724799082,1.72738729581063
1.73964585629774,1.73346838988875,1.84419056082937,1.82428967450399,1.73158912943672,1.73394061431003,1.73048084763167,1.72959422218763,1.73090488588751,1.73021100510522,1.72866904781125,1.72856303824729,1.72777278513412,1.77769365252662,1.72717527668271,1.72813899999144,1.727869157465,1.72759931493855,1.72942075199206,1.72961349665381,1.73058685719563,1.99107163031375,1.72925691902958,1.72895816480387,1.72791734363043,1.72848594038259,1.72928583072884,1.77407969011886,2.00616353732855,1.72777278513412,1.77753945679722,1.72692470862244,1.72220246440963,1.723676961072,1.72427446952341,1.7217687889207,1.72410099932784,1.72088216347666,1.82608219985823,1.720477399687,1.76884667255243,1.77018624795157,1.7204003018223,1.83245241092897,1.77173784247864,1.72317582495145,1.72452503758368,1.80281791918536,1.8046875424043,1.80039897368043,1.87534773540079,1.80035078751499,1.80097720766567,1.80158435335018,1.80110249169581,1.87350702388111,1.87725590755209,1.80081337470319,1.87502006947582,1.87527063753609,1.96475234675219,1.95944223132105,1.87631145870953,1.87887496271076,1.86996052210496,1.87242765377532,1.87152175386511,1.79765236225054,1.86913172005945,1.86965213064617,1.87052911885712,1.79528160291105,1.87228309527901,1.87275531970029,1.96084926735181,1.8881459809408,1.79715122612999,1.87291915266278,1.87341065155023,1.79732469632557,1.88777976608348,1.87802688619908,1.89385122292851,1.88086986995985,1.8837995888184,1.89174066888238,1.98466287031066,1.89730135237379,1.9704575887399,1.95373698933334,1.95690763901908,1.96118657050987,1.96069507162241,1.96059869929154,1.95058561411377,1.94993991949692,1.95236850223494,1.95350569573924,1.95424776268697,1.95203119907688,1.95147223955781,1.95398755739361,1.96708455715933,1.87809434683069,1.95130840659533,1.97499672552405,1.95641614013162,1.95584754337947,1.96496436588011,1.99091743458436,1.97384989478665,1.96242013634505,1.95932658452401,1.98404608739307,1.96023248443422,1.88984213396417,1.88858929366282,1.89123953276184,1.99465668102225,1.98114528023378,1.98833465611694,1.96454996485735,1.97973824420302,1.99467595548842,1.96876143571653,1.97749276889367,1.96831812299451,1.9708430780634,1.98812263698902,1.97057323553695,1.98042248775223,1.89605814930552,1.98507727133342,1.99363513431499,1.89815906611856,1.89955646491623,1.89710860771204,1.99014645593737,1.99178478556222,1.97302109274114,1.97726147529957,2.00872704132979,1.97676997641212,1.97405227668148,1.9805959579478,1.97475579469686,1.90403777830185,1.90151282323296,1.90730480031846,1.90408596446729,1.98241739500131,1.99547584583468,1.90533880476864,1.90796976940149,1.88971684993404,1.88811706924154,1.83720356684104,1.8358639914419,1.83638440202862,1.8368566264499,1.90347881878278,1.88867602876061,1.83847568160857,1.89039145625015,1.94661507408178,2.03133599015272,1.84331357261842,1.9370742133253,1.84467242248374,1.84398817893454,1.84788162110183,1.84489407884475,2.01746801174002,2.02395386960781,1.89768684169728,2.0302084338815,1.84701427012397,1.84756359240995,1.84616619361228,1.8467637020637,1.89441018244758,1.84423874699481,1.92996193530683,2.01746801174002,1.84276425033245,1.84428693316025,1.84156923342961,1.84000800166946,2.03069993276896,2.01686086605552,1.8371553806756,1.83684698921681,1.84119338133921,1.84149213556491,1.84115483240686,1.83964178681214,1.89064202431043,1.77600713673634,1.77499522726216,1.77177639141099,1.86402398652315,1.87216744848197,1.86974850297704,1.7676516556496,1.76348837095586,1.87866294358284,1.76131035627812,1.75567257492202,1.75617371104256,1.75502688030516,1.75517143880147,1.85112936865227,1.84496153947636,1.75124908493492,1.80115067786125,1.79802821434094,1.75133582003271,1.79572491563306,1.79512740718165,1.74907107025718,1.8817468581708,1.74945655958067,1.87698606502564,1.74704725130883,2.04398967719642,1.7435682101643,1.74444519837525,1.74379950375839,1.74026263921534,1.79111831821731,1.78774528663673,1.7383062808986,1.74032046261386,1.73675468637154,1.73199389322638,1.73421045683648,1.73163731560215,1.87760284794323,1.72529601623067,1.72989297641334
1.73837374153021,1.73281305803881,1.7308374252559,1.73351657605419,1.73405626110708,1.73108799331617,1.73359367391889,1.73369004624976,1.73216736342196,1.89976848404415,1.7312229145794,1.73064468059415,1.72791734363043,1.72834138188628,1.72830283295393,1.72849557761567,1.73103980715074,1.7274836681415,1.73066395506033,1.72862086164581,1.73071214122577,1.72986406471408,1.72988333918025,1.90342099538426,1.90404741553494,1.77742381000018,1.77919706088825,1.77681666431567,1.72843775421715,1.72891961587152,1.8434099449493,1.84658059463504,1.77464828687102,1.72492980137335,1.84789125833492,1.72225065057507,1.71890653069376,1.72070869328109,1.7190221774908,1.72083397731123,1.72086288901049,1.71882943282906,1.72073760498035,1.72107490813841,1.72264577713165,1.72377333340287,1.72414918549328,1.72509363433584,1.80412858288524,1.80112176616198,1.80244206709495,1.94818594307502,1.80142052038769,1.95418993928845,1.80183492141045,1.98195480781312,1.80237460646334,1.95389118506274,1.95339968617528,1.87681259483007,1.87112662730853,1.80153616718474,1.97857213899945,1.87248547717385,1.87279386863264,1.87299625052748,1.79780655797993,1.8796844902901,1.87085678478209,1.86923772962341,1.88365503032209,1.88405015687867,1.79771982288215,1.86855348607421,1.79777764628067,1.88589086839836,1.88741355122616,1.87383468980608,1.87089533371443,1.87374795470829,1.80012913115399,1.80107357999655,1.89049746581412,1.80435023924625,1.80489956153223,1.88376103988605,1.96728693905416,1.89410179098879,1.96740258585121,1.97216337899636,1.94595010499876,1.96082999288563,1.96681471463288,1.95332258831058,1.96159133429953,1.94938095997786,1.95158788635486,1.87481768758099,1.95372735210025,1.8742009046634,1.95052779071525,1.95765934319989,1.95049887901599,1.96987935475466,1.95371771486717,1.98052849731619,1.97654832005111,1.96010720040408,1.97854322730019,1.98195480781312,1.97732893593118,1.9745726872682,1.9605505131261,1.96050232696066,1.96143713857014,1.98117419193304,1.98119346639921,1.96465597442131,1.98610845527377,1.96538840413595,1.97326202356832,1.96906018994223,1.97392699265135,1.96745077201665,1.96740258585121,1.96740258585121,1.98711072751485,1.96837594639303,1.9764808594195,1.97802281671348,1.89808196825386,1.89747482256936,1.97782043481864,1.89769647893037,1.97407155114766,1.98627228823625,1.9821186407756,1.99037774953146,1.98965495704991,1.89992267977355,1.9730500044404,1.99465668102225,1.97771442525468,1.97804209117965,1.9749581765917,1.9797575186692,1.90023107123234,1.9015610093984,1.90116588284182,1.90518460903924,1.99128364944168,1.99706598929409,1.90455818888857,2.00430355134269,1.84083680371497,1.90497258991132,1.83681807751755,1.83583507974264,1.83939121875187,1.88778940331657,1.90974302028956,1.83877443583428,1.92728278450855,1.90671692910013,1.84195472275311,1.84045131439148,1.84320756305446,1.97024556961198,1.84803581683123,1.89367775273294,1.84464351078448,2.02994822858814,2.02797259580524,1.84816110086136,2.01772821703338,2.03245390919086,1.8504162134038,1.84790089556801,1.84860441358338,2.03865065006603,1.89690622581721,1.89627016843344,2.01586823104752,1.84441221719038,1.84443149165656,1.84276425033245,1.84222456527955,1.84016219739886,2.03481503129726,1.84143431216639,1.84128011643699,1.84151141003109,1.84002727613564,1.84194508552002,1.84407491403233,1.84110664624142,1.89107569979936,1.77234498816314,1.95428631161932,1.77401222948725,1.86196161864246,1.87626327254409,1.87608980234852,1.76233190298538,1.87697642779256,1.87398888553548,1.75947928199152,1.87767030857485,1.75864084271292,1.75540273239557,1.75707961095277,1.75404388253025,1.84665769249974,1.7537065793722,1.75145146682975,1.75217425931131,1.75018898929531,1.79665009000945,1.7476062108279,1.74870485539986,1.74677740878239,1.8799157838842,1.75014080312987,1.74549565678177,1.74383805269074,1.74414644414954,1.79408658600821,1.92772609723057,1.87315044625688,1.73747747885309,1.73855684895887,1.74075413810279,1.74107216679467,1.73599334495764,1.73676432360463,1.73485615145333,1.73105908161691,1.86442875031282,1.72770532450251,1.87718844692048
1.73475014188937,1.73262031337706,1.73174332516611,1.73353585052036,1.73381533027989,1.73460558339306,1.73304435163291,1.73262031337706,1.7309145231206,1.73180114856464,1.72850521484876,1.72881360630756,1.7291605466987,1.8280096464757,1.73150239433893,1.73072177845885,1.72767641280325,1.72782097129956,1.7309145231206,1.72912199776635,1.90498222714441,1.72893889033769,1.73010499554126,1.72754149154003,1.81689791672598,1.77856100350448,1.82429931173707,1.7306832295265,1.72948821262367,1.72887142970608,1.84685043716148,1.85015600811045,1.72587425021591,1.83604709887056,1.72458286098221,1.72460213544838,1.71907036365624,1.72408172486167,1.72067014434874,2.0136709419036,1.72247230693608,2.00523836295217,1.71439630560887,1.98754440300378,1.72150858362734,1.72173023998835,1.78768746323821,1.78778383556908,1.95055670241451,1.80228787136555,1.80338651593751,1.95444050734872,1.95287927558857,1.95101928960271,1.95422848822079,1.98376660763354,1.97154659607877,1.9755653222762,1.95007484076014,1.87802688619908,1.95298528515253,1.95380444996495,1.87477913864864,1.800572443876,1.80124705019212,1.95670525712425,1.87918335416956,1.88108188908777,1.7982884196343,1.87243729100841,1.88531263441312,1.87014362953362,1.86944974875133,1.79746925482188,1.79764272501745,1.86830291801394,1.79810531220564,1.96224666614947,1.87314080902379,1.87705352565725,1.89088295513761,1.87467312908468,1.8755693917618,1.8812842709826,1.88175649540388,1.9674122230843,1.81603056574812,1.97083344083031,2.00529618635069,1.96728693905416,1.94815703137576,1.95388154782965,1.9539971946267,1.95372735210025,1.94796428671401,1.95413211588992,1.87340101431715,1.87502970670891,1.87429727699427,1.87529954923536,1.95227212990406,1.95241668840037,1.87762212240941,1.95687872731982,1.95173244485117,1.95406465525831,1.98099108450438,1.95506692749939,1.96895418037827,1.97529547974975,1.88331772716404,1.97730966146501,1.88777976608348,1.96257433207444,1.97885161875899,1.96185153959289,1.96397173087211,1.88994814352814,1.97489071596008,1.96824102512981,1.98653249352961,1.97264524065073,1.98083688877498,1.97175861520669,1.98921164432789,1.96898309207754,1.97117074398837,1.98006591012799,1.97195135986844,1.89687731411794,1.89534499405705,1.96789408473866,1.89751337150171,1.98921164432789,1.89895895646481,1.98391116612985,1.98898998796688,1.97442812877189,1.98726492324425,1.99391461407452,1.90142608813518,1.97155623331186,1.97122856738689,1.97473652023069,1.97782043481864,1.9732812980345,1.90214888061673,1.90230307634613,1.90318006455707,1.90017324783382,1.90561828452818,1.99775023284329,1.99234374508128,1.97920819638322,1.83774325189393,1.94020631407869,2.02565002263118,1.83953577724818,2.02522598437534,1.83744449766822,1.88748101185777,1.88790505011362,1.89020834882149,1.88931208614437,1.83915028792469,1.94037014704118,1.84207036955016,1.84765996474082,1.84670587866517,1.84547231282999,1.8475250434776,1.84771778813935,2.03381275905617,1.84986689111783,2.02895559358015,1.84839239445546,1.85127392714858,1.84923083373406,1.84795871896653,1.84604090958215,1.84547231282999,1.84545303836382,1.8442483842279,2.023202165427,2.01832572548479,2.01688014052169,1.84136685153478,1.84065369628631,1.84036457929369,1.83858169117253,1.84239803547513,1.84053804948927,2.02006042744052,1.84320756305446,1.84071151968484,1.84420019806246,1.7766431941201,1.77377129866007,1.86971959127778,1.77346290720127,1.92667563882405,1.87661021293524,1.76695777486731,1.8800699796136,1.87782450430424,1.76119470948107,1.81755324857592,1.75983585961575,1.75793732469754,1.75413061762804,1.87730409371753,1.75464139098167,1.75068048818277,1.80184455864353,1.75188514231869,1.86412999608711,1.79905939828129,1.79764272501745,1.74701833960957,1.7434140144349,1.85618891602313,1.74761584806099,1.85408799921009,1.74622808649641,1.74782786718891,1.74511016745827,1.79055935869824,1.87581032258899,1.87392142490386,1.87558866622798,1.7407445008697,1.86747411596842,1.73779550754497,1.85107154525375,1.73409481003943,1.87598379278456,1.73271668570794,1.86705971494567,1.72919909563105,1.73079887632355
1.73644629491274,1.7349525237842,1.73462485785923,1.73721727355973,1.81914339203534,1.73534765034078,1.73500070994964,1.73438392703205,1.73090488588751,1.7331985473623,1.9779264443826,1.97785898375099,1.72971950621777,1.73033628913536,1.73129037521101,1.73139638477497,1.72849557761567,1.73025919127066,1.72918945839796,1.73039411253388,1.73156021773745,1.7309145231206,1.72932437966119,1.73032665190227,1.7295460360222,1.72822573508923,1.72905453713474,1.72901598820239,1.83507373832874,1.72913163499944,1.81747615071123,1.77415678798356,1.77434953264531,1.72120982940163,1.82234295342034,1.82553287757225,1.72045812522082,1.72432265568885,1.7176536903924,1.71906072642315,1.71552386188009,2.00412044391403,1.71775969995636,1.71858850200187,1.72181697508614,1.98774678489862,1.72232774843977,1.95456579137885,1.80295284044858,1.94945805784255,1.80394547545658,1.80144943208695,1.80330941807281,1.95130840659533,1.94996883119618,1.95425739992006,1.95270580539299,1.95167462145265,1.88152520180979,1.87254330057237,1.95545241682289,1.95564516148464,1.80074591407158,1.80161326504944,1.79812458667182,1.86897752433005,1.80041824814661,1.79746925482188,1.86864022117199,1.88321171760007,1.88281659104349,1.87070258905269,1.87208071338418,1.8712229996394,1.95985663234381,1.79664045277636,1.86916063175871,1.87089533371443,1.87131937197028,1.87234091867754,1.96399100533829,1.96444395529339,1.87734264264988,1.87906770737251,1.97697235830695,1.97011064834876,1.81463316695046,1.89816870335165,1.99391461407452,1.96774952624235,1.97581589033647,1.9478968260824,1.87359375897889,1.95749551023741,1.96746040924973,1.94903401958671,1.95406465525831,1.87304443669292,1.8766391246345,1.87635000764188,1.87701497672491,1.9516360725203,1.95486454560456,1.95404538079214,1.95440195841637,1.88055184126796,1.97735784763045,1.9769338093746,1.98214755247486,1.96136967793853,1.9744184915388,1.88712443423354,1.95984699511072,1.96149496196866,1.96188045129216,1.96201537255538,1.98128983873009,1.97687598597608,1.97071779403326,1.97811918904435,1.97765660185616,1.98085616324116,1.98019119415813,1.8941692516204,1.89430417288362,1.9719802715677,1.97773369972085,1.97986352823316,1.97394626711752,1.98429665545334,1.98665777755975,1.97167188010891,1.89960465108167,1.97789753268334,1.97033230470977,1.97325238633523,1.99453139699211,1.97761805292381,1.97161405671038,1.97771442525468,1.9853182021606,1.97733857316427,1.99577460006038,1.97484252979465,1.98000808672947,1.90186940085719,1.90131044133813,1.90273675183506,1.90337280921882,1.90234162527847,1.98507727133342,1.99443502466124,2.00167258670984,1.98097181003821,1.93670799846798,1.83638440202862,1.8402103835643,1.83489063090008,2.0184702839811,1.83785889869098,1.92862235990769,1.83895754326294,1.8372324785403,2.03166365607769,1.9469812889391,1.89169248271695,1.84078861754954,1.84411346296467,1.84499045117562,1.90071293288671,1.89688695135103,1.84558795962704,1.84894171674144,1.84613728191302,1.84896099120761,1.84741903391364,1.84651313400343,1.84894171674144,2.03810132778005,1.84545303836382,1.93706457609222,1.84506754904032,1.84688898609383,1.84531811710059,1.84484589267931,2.01764148193559,2.05127542541046,1.84178125255753,1.84169451745975,1.84118374410612,2.0102400869245,1.90519424627233,1.83785889869098,1.84374724810736,1.8410488228429,1.84347740558091,1.77959218744483,1.77467719857028,1.76845154599585,1.87207107615109,1.87664876186759,1.96330676178908,1.76781548861208,1.92548062192121,1.88147701564435,1.88015671471138,1.75799514809607,1.92786101849379,1.75723380668217,1.7540824314626,1.88001215621507,1.88435854833747,1.75482449841033,1.75068048818277,1.80024477795103,1.79727651016013,1.79835588026591,1.79864499725853,1.74740382893307,1.74750020126394,1.74675813431621,1.79527196567796,1.85695025743703,1.74380914099148,1.82129249501382,1.74491742279653,1.79214950215766,1.84355450344561,1.87135792090263,1.73930855313969,1.74094688276454,1.74014699241829,1.739453111636,1.73500070994964,1.73537656204005,1.86876550520213,1.82358615648861,1.73400807494164,1.73072177845885,1.78177983935566
1.73433574086661,1.73627282471717,1.73475014188937,1.73410444727252,1.73475977912246,1.73672577467228,1.73720763632664,1.73289015590351,1.9940880842701,1.73261067614398,1.73285160697116,1.73289015590351,1.73448993659601,1.73298652823438,1.72811972552527,1.73191679536169,1.73298652823438,1.72890034140534,1.73043266146623,1.77934161938456,1.7285534010142,1.72837029358554,1.82859751769403,1.73012427000744,1.72758967770546,1.72698253202096,1.72609590657692,1.72826428402158,1.72782097129956,1.72606699487766,1.77516869745774,1.72500689923805,1.72437084185429,1.82944559420572,1.82909865381458,1.72357095150804,1.7210845453715,1.72066050711565,1.72099781027371,1.71870414879892,1.71621774266238,1.72128692726633,1.72130620173251,1.72092071240901,1.72064123264948,1.72286743349266,1.72365768660582,1.95202156184379,1.95120239703137,1.95211793417466,1.80153616718474,1.80251916495965,1.95158788635486,1.96150459920175,1.95114457363284,1.80329014360664,1.80228787136555,1.80139160868843,1.80040861091352,1.87707280012343,1.87977122538789,1.87237946760989,1.88112043802012,1.87232164421136,1.87187833148934,1.87090497094752,1.86882332860065,1.87156994003055,1.8832695409986,1.87130973473719,1.96800009430263,1.87133864643645,1.87091460818061,1.79568636670072,1.79474191785815,1.87116517624088,1.98427738098717,1.87174341022612,1.87141574430115,1.96677616570053,1.98446048841583,1.98673487542444,1.8934850080712,1.88002179344816,1.87944355946292,1.88488859615727,1.89027580945311,1.88829053943711,1.98831538165077,1.99377005557821,1.96332603625526,1.95606919974048,1.95418993928845,1.9556740731839,1.95702328581613,1.94901474512054,1.87431655146045,1.87423945359575,1.87697642779256,1.87696679055947,1.87789196493585,1.87749683837927,1.97348367992933,1.95137586722694,1.95754369640284,1.97692417214152,1.97415828624545,1.95529822109349,1.97247177045516,1.98369914700193,1.97389808095209,1.96064688545697,1.96159133429953,1.98398826399455,1.96094563968268,1.96779771240779,1.89065166154351,1.97793608161569,1.98498089900255,1.8929453230183,1.89266584325877,1.98080797707572,1.98149222062492,1.89252128476246,1.98825755825225,1.8954606408541,1.98685052222149,1.89786994912594,1.89755192043406,1.98238848330205,1.89700259814808,1.98425810652099,1.982272836505,1.98668668925901,1.98720709984572,1.99758639988081,1.99125473774241,1.99164022706591,1.97359932672638,1.97504491168948,1.97407155114766,1.90082857968376,1.9012526179396,1.97316565123745,1.97931420594718,1.97450522663659,1.97619174242688,1.90195613595498,1.90210069445129,1.90535807923482,1.90291985926372,1.97778188588629,1.98718782537955,1.9788419815259,1.83900572942838,1.8376179678638,1.83490990536625,1.8357097957125,1.83526648299048,1.83825402524756,1.83680844028446,1.83836967204461,1.83779143805937,1.83713610620943,1.84290880882876,1.84007546230107,1.94539114547969,1.84535666603294,1.8466095063343,1.84605054681523,1.84719737755263,2.04203331887969,1.93681400803194,2.01842209781567,2.01531890876154,1.84958741135829,1.84847912955325,1.85059932083246,2.03660755665151,1.84738048498129,1.84761177857538,1.84722628925189,1.84499045117562,2.00073777510037,1.84186798765532,1.84286062266332,2.03824588627636,1.84151141003109,1.88922535104658,1.8883772745349,1.83985380594006,1.8900541530921,1.83940085598496,1.83850459330783,1.84315937688903,1.84208000678324,1.84054768672235,1.77465792410411,1.77143908825293,1.87605125341617,1.77079339363608,1.96455960209044,1.87762212240941,1.8565165819481,1.87754502454471,1.76049119146569,1.88192996559946,1.76072248505979,1.75643391633592,1.87937609883131,1.75120089876948,1.75436191122214,1.75059375308498,1.75118162430331,1.79900157488277,1.80051462047748,1.79872209512323,1.79840406643135,1.74750020126394,1.74777968102347,1.74800133738448,1.7469990651434,1.74705688854192,1.87287096649734,1.79906903551438,1.74481141323257,1.87533809816771,1.87288060373043,1.87207107615109,1.74063849130574,1.74045538387708,1.74001207115506,1.73917363187646,1.73446102489675,1.73377678134755,1.73589697262676,1.84847912955325,1.84591562555201,1.8501945570428,1.84745758284599
1.73591624709294,1.73622463855173,1.73866285852283,1.73516454291212,1.73607044282234,1.73810389900377,1.73803643837216,1.73494288655112,1.99712381269261,1.73226373575283,1.98749621683834,1.733275645227,1.73205171662491,1.7334298409564,1.7309145231206,1.73079887632355,1.81722558265095,1.81272499479916,1.7328997931366,1.7293147424281,1.73257212721163,1.7312229145794,1.73057721996254,1.73043266146623,1.73067359229342,1.73101089545147,1.72734874687828,1.72757040323929,1.83112247276292,1.77552527508197,1.77510123682612,1.72616336720853,1.72567186832108,1.82779762734778,1.83033221964976,1.72026538055907,1.71832829670851,1.72038102735612,1.71784643505415,1.72045812522082,1.7188005211298,1.71918601045329,1.99831882959544,1.72092071240901,1.72149894639425,1.77018624795157,1.72234702290594,1.95767861766607,1.95023867372263,1.80403221055436,1.80150725548548,1.80348288826839,1.80333832977207,1.95322621597971,1.88069639976427,1.88066748806501,1.95286963835548,1.80143015762078,1.98079833984263,1.87379614087373,1.88106261462159,1.87974231368863,1.95571262211625,1.88112043802012,1.88198778899798,1.88100479122307,1.86958467001455,1.87415271849796,1.88281659104349,1.87133864643645,1.870847147549,1.87150247939894,1.87023036463141,1.88764484482026,1.79690065806972,1.87341065155023,1.97737712209662,1.89133590509272,1.79929069187539,1.89111424873171,1.87421054189648,1.89388977186086,1.97656759451728,1.89408251652261,1.97389808095209,1.98372805870119,1.88538973227782,1.89690622581721,1.97440885430572,1.97093945039427,1.94817630584194,1.9571967560117,1.94746315059347,1.95793882295943,1.96911801334076,1.95093255450492,1.87369013130977,1.87702461395799,1.87605125341617,1.87820999362774,1.95021939925645,1.95353460743851,1.95392973399509,1.96556187433152,1.95402610632596,1.96374043727801,1.87860512018432,1.95371771486717,1.95513438813101,1.95743768683888,1.96114802157752,1.96308510542807,1.95798700912486,1.98260050242997,1.97118038122145,1.97036121640903,1.97470760853142,1.98433520438569,1.9803646643537,1.96614010831677,1.96539804136904,1.97343549376389,1.89390904632704,1.9802104686243,1.96669906783583,1.97561350844164,1.97631702645701,1.89549918978645,1.89731098960688,1.97172006627434,1.89790849805829,1.89838072247957,1.98517364366429,1.97105509719132,1.97852395283402,1.98374733316736,1.99063795482482,1.97414864901236,1.99407844703701,1.97477506916304,1.97639412432171,1.97490035319317,1.90118515730799,1.90167665619545,1.97862996239798,1.97531475421593,1.97832157093918,1.97331020973376,1.9011755200749,1.90424016019668,1.90456782612165,1.97727111253266,1.98368950976884,1.98090434940659,1.83707828281091,1.83596036377277,1.83868770073649,1.83445695541114,1.83630730416392,1.83763724232997,1.83707828281091,2.03505596212444,1.83943940491731,1.83881298476663,1.83725175300648,1.84057659842162,1.94663434854796,1.84415201189702,1.84349668004708,1.84483625544623,1.8472937498835,1.94147842884622,1.89601960037317,2.0278473117751,1.84717810308645,1.85037766447146,1.85001144961414,1.84780452323713,1.84838275722237,1.89518116109457,1.84705281905632,1.89537390575632,1.8949305930343,1.84484589267931,1.84416164913011,2.03438135580833,2.03792785758447,1.84279316203171,1.92731169620781,1.84269678970083,1.8895915659039,1.88963975206934,1.84035494206061,1.84154995896344,1.84423874699481,1.842494407806,1.7759589505709,1.88295151230672,1.77104396169635,1.77125598082427,1.76794077264222,1.76678430467174,1.8138332766042,1.87832564042479,1.76048155423261,1.88333700163021,1.7585830193144,1.75772530556962,1.75791805023137,1.7576674821711,1.7570603364866,1.75445828355301,1.87958811795923,1.74930236385127,1.80105430553037,1.80118922679359,1.75005406803209,1.88033982214004,1.74856993413664,1.87820999362774,1.87500079500965,1.74572695037587,1.74541855891707,1.87468276631777,1.84923083373406,1.74378022929222,1.74387660162309,1.87366121961051,1.8735166611142,1.87495260884421,1.74304779957758,1.73950129780143,1.74107216679467,1.73849902556035,1.87399852276856,1.73531873864152,1.73513563121286,1.73395025154312,1.85323028546531,1.84987652835091
1.73759312565014,1.73833519259786,1.7395302095007,1.73697634273255,1.81785200280163,1.73673541190536,1.7347983280548,1.73407553557325,1.73252394104619,1.73204207939182,1.73398880047547,1.73276487187337,1.83058278771003,1.73463449509232,1.7279462553297,1.72912199776635,1.73053867103019,1.72862086164581,1.72883288077373,1.73142529647423,1.73057721996254,1.73248539211384,1.72819682338997,1.77800204398542,1.78631897613981,1.73141565924114,1.72806190212674,1.72789806916426,1.73121327734631,1.72643320973498,1.72505508540349,1.72652958206585,1.72735838411137,1.82705556040006,1.72293489412427,1.7733665348704,1.72064123264948,1.72014009652894,1.71987989123558,1.71927274555108,1.72062195818331,1.71751876912918,1.71911854982168,1.72101708473989,1.72462140991456,1.77135235315514,1.77271120302046,1.95413211588992,1.95442123288254,1.80466826793813,1.88064821359884,1.8040032988551,1.95751478470358,1.9577268038315,1.80284683088462,1.87741010328149,1.98097181003821,1.87825817979317,1.80345397656912,1.87513571627287,1.88166012307301,1.88005070514742,1.95754369640284,1.88106261462159,1.88175649540388,1.97183571307139,1.87082787308282,1.87317935795614,1.87491405991186,1.9622273916833,1.79767163671671,1.95976989724602,1.87063512842108,1.7972186867616,1.79888592808572,1.87101098051148,1.9708430780634,1.89330190064254,1.97744458272823,1.8911913465964,1.87436473762588,1.87422981636266,1.87624399807792,1.88193960283254,1.88344301119417,1.89487276963577,1.96925293460398,1.88783758948201,1.98496162453637,1.94684636767588,1.94920748978228,1.96052160142684,1.95777498999694,1.98918273262863,1.94908220575215,1.8766391246345,1.87536700986697,1.87751611284545,1.87501043224274,1.87753538731162,1.87694751609329,1.95754369640284,1.95103856406888,1.96749895818208,1.95405501802522,1.9615431481341,1.97387880648591,1.95524039769497,1.97037085364211,1.95785208786164,1.95830503781675,1.95684981562056,1.96194791192377,1.96807719216732,1.96157205983336,1.96529203180508,1.99026210273442,1.9949265235487,1.96325857562365,1.96369225111258,1.97420647241088,1.98164641635432,1.97218265346254,1.97872633472885,1.98787206892875,1.96853014212243,1.97020702067963,1.9711418322891,1.98537602555913,1.98640720949947,1.99022355380207,1.98436411608495,1.99398207470614,1.97286689701174,2.00133528355179,1.98388225443059,1.97343549376389,1.98060559518089,1.90088640308228,1.97386916925282,1.9840268129269,1.97892871662369,1.98142475999331,1.98054777178236,1.9803646643537,1.97694344660769,1.97665432961507,1.9771651029687,1.97713619126944,1.90153209769914,1.97553641057694,1.99031028889985,1.99285451843491,1.98378588209971,1.83820583908213,1.83707828281091,1.8376179678638,2.01562730022033,1.83543995318606,1.83661569562271,1.83973815914302,1.83787817315716,1.84064405905323,2.01959784025232,1.83973815914302,2.0270859703612,2.02400205577325,1.84360268961104,1.84689862332692,1.84410382573159,1.89567265998202,1.84885498164365,1.89568229721511,1.92992338637449,1.84924047096715,1.89674239285472,1.89701223538117,1.84735157328203,1.85002108684722,1.8508017027273,1.84696608395853,1.84812255192901,1.84687934886075,1.84670587866517,1.84199327168546,1.84038385375987,1.84420019806246,1.90817215129632,1.90639890040825,1.89175030611547,1.84220529081338,1.84152104726418,2.01017262629289,1.842494407806,1.84268715246775,1.84338103325004,1.84092353881276,1.77728888873695,1.87744865221384,1.8774775639131,1.8272483050618,1.86137374742413,1.81432477549166,1.76438463363299,1.76271739230887,1.88200706346416,1.88020490087682,1.75800478532916,1.80577654974318,1.80351179996765,1.7548437728765,1.75381258893616,1.75407279422952,1.75212607314587,1.75239591567232,1.7507286743482,1.7506515764835,1.74968785317477,1.74788569058743,1.87936646159822,1.87788232770277,1.74798206291831,1.74935055001671,1.74581368547365,1.87617653744631,1.87741010328149,1.74258521238939,1.741660038013,1.74550529401486,1.74132273485494,1.74101434339615,1.74104325509541,1.73972295416244,1.73873031915445,1.87311189732453,1.73507780781434,1.73416227067104,1.73522236631065,1.87499115777656,1.73321782182848
1.73883632871841,1.73939528823747,1.73936637653821,1.81746651347814,1.82062752593079,1.80249989049348,1.82868425279182,1.73712090122886,1.73445138766366,1.98510618303268,1.73519345461139,1.73494288655112,1.733275645227,1.73450921106218,1.73356476221962,1.73195534429403,1.72967132005233,1.72998934874421,1.73057721996254,1.73142529647423,1.73296725376821,1.73057721996254,1.72907381160092,1.78011259803155,1.73166622730141,1.73389242814459,1.72849557761567,1.73097234651912,1.72791734363043,1.72640429803572,1.72822573508923,1.83056351324385,1.83137304082319,1.82914683998001,1.77307741787778,1.72229883674051,1.72349385364334,1.72014973376203,1.72210609207876,1.72171096552218,1.72022683162672,1.72173023998835,1.99855976042263,1.72403353869623,1.7240528131624,1.77159328398233,1.72583570128356,1.77423388584826,1.80483210090061,1.80259626282435,1.88094696782455,1.94709693573615,1.95161679805412,1.95348642127307,1.9505663396476,1.80364672123087,1.9778493465179,1.87065440288725,1.87733300541679,1.87620544914557,1.88104334015542,1.88177576987006,1.87469240355085,1.87462494291924,1.87127118580484,1.87156030279746,1.87132900920337,1.87372868024212,1.87097243157913,1.88499460572124,1.87139646983498,1.87080859861665,1.9778493465179,1.87050020715785,1.88854110749738,1.98331365767843,1.8937066644322,1.87035564866154,1.87109771560927,1.89411142822187,1.87750647561236,1.89695441198264,1.89436199628214,1.87895206057546,1.87975195092171,1.88219017089282,1.96882889634814,1.97764696462307,1.98983806447857,1.9724428587559,1.96584135409106,1.96780734964088,1.96006865147173,1.95914347709535,1.95157824912177,1.95101928960271,1.87584887152134,1.8749622460773,1.87867258081593,1.87754502454471,1.87706316289034,1.95634867950001,1.94942914614329,1.87959775519232,1.95405501802522,1.88062893913266,1.96303691926264,1.97473652023069,1.97837939433771,1.95428631161932,1.95684017838747,1.88666184704535,1.96484871908306,1.96197682362303,1.97211519283093,1.96381753514271,1.97086235252957,1.8908925923707,1.96515711054186,1.96712310609168,1.9783119337061,1.97765660185616,1.9714502237479,1.98169460251976,1.99775023284329,1.97696272107387,1.97145986098099,1.9837955193328,1.98507727133342,1.96930112076942,1.9673351252196,1.98476887987462,1.98098144727129,1.98793952956036,1.98053813454927,1.97821556137522,1.9889032528691,1.97866851133033,1.97078525466487,1.98523146706282,1.90090567754846,1.99746111585067,1.98785279446258,1.90058764885658,1.97781079758555,1.97830229647301,1.97852395283402,1.97909254958617,1.97552677334385,1.97879379536046,1.98027792925592,1.9782348358414,1.97676997641212,1.9877564221317,1.83889971986442,2.04023115629235,1.84042240269222,1.83668315625432,2.0171017968827,1.83438949477953,1.93063654162295,2.01966530088394,2.01992550617729,1.84050913779,1.84236912377586,1.83880334753354,2.02052301462871,1.84319792582138,1.84433511932568,1.91734679719549,1.84518319583737,1.84682152546222,1.8456168713263,1.89795668422373,1.85004999854649,1.89704114708043,1.89718570557674,1.85030056660676,1.84908627523775,1.89695441198264,1.89685803965177,1.89662674605767,1.84673479036444,1.84874897207969,2.04611950570873,1.84678297652987,1.84482661821314,1.84405563956615,1.89107569979936,1.89222253053675,1.84158850789579,2.01737163940915,2.01258193456473,1.84265824076848,1.84474952034844,1.84326538645299,1.77708650684212,1.77842608224126,1.77399295502108,1.82148523967556,1.86381196739523,1.86445766201208,1.76638917811516,1.76302578376767,1.76160911050383,1.88008925407977,1.87727518201826,1.75830353955486,1.75512325263604,1.8066728124203,1.86808126165293,1.75418844102656,1.8647467790047,1.75302233582299,1.74964930424242,1.74735564276763,1.87696679055947,1.75064193925042,2.05794439070691,1.74713398640662,1.74698942791031,1.74239246772764,1.87477913864864,1.80549706998364,1.79285302017303,1.87375759194138,1.86820654568306,1.74168894971226,1.74159257738139,1.87442256102441,1.74118781359172,1.79103158311952,1.85243039511906,1.84981870495239,1.83694336154768,1.73564640456649,1.86018836775438,1.86114245383003,1.7351067195136,1.73415263343795
1.74059994237339,1.7408986965991,1.73880741701914,1.7874658068772,1.73827736919934,1.73666795127375,1.74033009984695,1.7353380131077,1.73544402267166,1.99357731091647,1.73406589834017,1.73469231849084,1.73524164077682,1.7370919895296,1.73207099109108,1.73415263343795,1.7335840366858,1.73222518682048,1.99139929623872,1.73379605581372,1.73404662387399,1.73115545394778,1.77997767676833,1.78074865541531,1.81705211245538,1.77807914185012,1.73195534429403,1.73192643259477,1.72784024576573,1.73378641858063,1.72783060853265,1.73003753490965,1.83846604437548,1.84153068449726,1.72370587277126,1.72407208762858,1.72435156738811,1.7210074475068,1.72299271752279,1.72204826868023,1.72052558585243,1.72198080804862,1.72160495595822,1.72205790591332,1.77062956067359,1.72463104714765,1.72456358651603,1.9539971946267,1.9540742924914,1.80505375726162,1.80436951371242,1.95525967216114,1.9540742924914,1.95716784431244,1.80429241584772,1.80142052038769,1.79839442919826,1.80069772790614,1.80406112225363,1.80218186180159,1.87835455212405,1.79789329307772,1.88362611862283,1.87586814598751,1.87400816000165,1.88146737841126,1.87131937197028,1.87140610706806,1.8726011239709,1.87234091867754,1.87126154857175,1.87035564866154,1.87055803055638,1.87018217846597,1.88816525540698,1.88842546070033,1.86869804457052,1.79950271100331,1.87072186351886,1.8907383966413,1.89434272181597,1.89431381011671,1.98331365767843,1.88189141666711,1.89767720446419,1.89655928542606,1.98299562898655,1.89710860771204,1.99344238965324,1.95027722265498,1.87382505257299,1.87377686640755,1.96081071841946,1.87438401209206,1.94809920797724,1.97384025755356,1.87433582592662,1.87348774941493,1.87478877588173,1.94932313657933,1.95648360076324,1.95430558608549,1.95204083630997,1.95491273177,1.9736571501249,1.88171794647153,1.96118657050987,1.9714502237479,1.96447286699265,1.97111292058984,1.96888671974666,1.9590278302983,1.9619190002245,1.96197682362303,1.96187081405907,1.96172625556276,1.97096836209353,1.98450867458127,1.97440885430572,1.9776951507885,1.97544967547915,1.97436066814028,1.97418719794471,1.89412106545496,1.89404396759026,1.98114528023378,1.97705909340474,1.97111292058984,1.96796154537028,1.97069851956708,1.98130911319626,1.98304381515199,1.89978775851033,1.98760222640231,1.89908424049495,1.99439647572889,1.9837184214681,1.89861201607367,1.97227902579341,1.99093670905053,1.97302109274114,1.99001153467414,1.97163333117656,1.97522801911814,1.97600863499822,1.9791503729847,1.9753340286821,1.97756022952528,1.97510273508801,1.97444740323807,1.98515436919812,1.98624337653699,1.98399790122763,1.90546408879878,1.84050913779,1.8365482349911,1.83574834464485,1.83862987733797,1.83862024010488,1.93103166817953,1.94012921621399,1.84040312822604,1.84153068449726,1.8389093570975,1.84034530482752,1.84208000678324,2.04610023124255,1.84299554392654,1.8434099449493,1.84783343493639,1.84581925322114,1.84873933484661,1.84822856149298,2.02569820879662,1.90113697114256,1.92549989638739,1.84892244227526,2.04037571478866,1.8492019220348,1.84873933484661,1.89717606834365,1.93817285789726,1.84863332528264,1.84748649454525,1.84712027968793,1.84696608395853,2.01502979176892,1.84347740558091,1.89394759525939,1.84436403102495,2.0156562119196,1.8407404313841,2.01556947682181,1.8440941884985,1.8426486035354,1.84708173075558,1.77711541854138,1.77578548037533,1.77277866365207,1.8189410101405,1.77113069679413,1.76666865787469,1.81293701392708,1.81270572033298,1.76342091032425,1.75977803621723,1.87917371693647,1.75720489498291,1.75526781113235,1.75411134316186,1.88152520180979,1.75585568235068,1.75138400619814,1.75110452643861,1.75020826376149,1.84407491403233,1.79744034312261,1.79567672946763,1.84895135397453,1.84576142982261,1.84521210753663,1.87553084282945,1.74777004379039,1.7453221865862,1.74164076354683,1.74502343236049,1.87115553900779,1.74132273485494,1.74298997617906,1.74166967524609,1.74269122195335,1.79043407466811,1.73806535007142,1.87456711952072,1.7370919895296,1.73870140745518,1.73636919704804,1.73532837587461,1.73499107271655,1.73527055247609
1.98095253557203,1.81846878571922,1.82757597098677,1.74020481581681,1.98169460251976,1.73596443325838,1.7367835980708,1.90633143977664,1.73456703446071,1.73679323530389,1.73505853334816,1.73724618525899,1.73538619927313,1.83697227324694,1.82020348767495,1.73399843770855,1.72974841791703,1.73166622730141,1.73416227067104,1.82742177525738,1.72912199776635,1.73230228468518,1.82026131107347,1.78086430221236,1.7797656576404,1.81633895720692,1.73180114856464,1.73056758272946,1.7306832295265,1.83034185688284,1.72928583072884,1.72715600221653,1.84139576323404,1.72650067036659,1.72577787788504,1.72539238856155,1.72354203980877,1.72404317592932,1.72225065057507,1.72143148576264,1.9978947913396,2.00175932180763,1.72369623553817,1.72439975355355,1.72516109496745,1.72701144372022,1.81947105796031,1.96106128647973,1.80481282643444,1.80538142318659,1.80488028706605,1.80595001993875,1.95675344328968,1.95081690770787,1.80290465428314,1.95665707095881,1.88092769335837,1.9562041210037,1.88016635194447,1.881438466712,1.87394069937004,1.80002312159002,1.88107225185468,1.95732204004184,1.88309607080303,1.87209998785035,1.88376103988605,1.79839442919826,1.87143501876733,1.87196506658713,1.87255293780546,1.79694884423516,1.87052911885712,1.89212615820588,1.87237946760989,1.89076730834056,1.8713000975041,1.79743070588953,1.8738925132046,1.89151901252137,1.89363920380059,1.89495950473356,1.97849504113476,1.89522934726001,1.89824580121635,1.89741699917084,1.89382231122925,1.89172139441621,1.98734202110895,1.94737641549569,1.94528513591573,1.87539592156623,1.87447074718984,1.94989173333148,1.94807993351106,1.95024831095572,1.95046033008364,1.87590669491986,1.94719330806703,1.94861961856395,1.95674380605659,1.96003973977247,1.9515589746556,1.98084652600807,1.97837939433771,1.96681471463288,1.88114934971938,1.95195410121218,1.95848814524541,1.95745696130506,1.97423538411014,1.95725457941022,1.96139858963779,1.96036740569744,1.96485835631615,1.89040109348324,1.89026617222002,1.89015052542297,1.970688882334,2.00496852042572,1.95998191637395,1.97623992859231,1.97719401466796,1.99174623662987,1.96658342103878,1.96670870506892,1.98896107626762,1.98085616324116,2.00102689209299,1.99324000775841,1.98408463632542,1.8975230087348,1.89812051718621,1.98561695638631,1.99467595548842,1.98781424553023,1.90010578720221,1.89930589685596,1.9738113458543,1.98372805870119,1.99379896727747,1.97737712209662,1.97384025755356,1.97254886831986,1.90058764885658,1.90397031767024,1.98048994838384,1.9770109072393,1.97874560919503,1.9773192986981,2.00776331802105,1.97758914122454,1.97869742302959,1.97771442525468,1.88519698761607,1.83726139023957,1.83779143805937,1.88520662484916,1.93541660923428,1.88575594713514,1.83994054103785,1.83826366248065,1.83953577724818,2.01604170124309,1.8418872621215,1.84107773454216,1.84423874699481,1.84412310019776,1.84502900010797,1.84456641291978,1.84730338711659,1.84772742537243,1.84768887644008,2.03430425794363,2.04037571478866,1.90152246046605,1.84768887644008,1.89715679387748,1.84905736353849,1.84869114868117,1.84740939668055,1.8984385458781,1.89502696536517,1.84407491403233,1.84785270940257,1.89382231122925,1.84677333929678,1.93861617061928,1.84442185442347,2.01449974394911,2.01678376819082,2.01599351507765,2.01438409715207,1.84413273743085,1.84149213556491,1.84421947252864,1.77741417276709,1.7755734612474,1.77220042966683,1.77203659670435,1.81629077104148,1.81435368719092,1.81460425525119,1.81352488514541,1.76054901486422,1.88061930189958,1.8825852974494,1.88074458592971,1.75829390232178,1.75648210250135,1.88376103988605,1.75430408782361,1.88161193690757,1.879231540335,1.74942764788141,1.87818108192847,1.74837718947489,1.7980571260402,1.83885153369898,1.8481321891621,1.74482105046565,1.87754502454471,1.74382841545766,1.74256593792321,1.74369349419443,1.8721385367827,1.74392478778853,1.79408658600821,1.79167727773638,1.85521555548131,1.78856445144916,1.73951093503452,1.86974850297704,1.73857612342505,1.87039419759389,1.9345588954895,1.73787260540967,1.73659085340905,1.83903464112764,1.85572632883494
1.74017590411755,1.78786093343378,1.81826640382439,1.74102398062924,1.73881705425223,1.73554039500253,1.74062885407265,1.74092760829836,1.73722691079282,1.83707828281091,1.73589697262676,1.73753530225161,1.73455739722762,1.84014292293268,1.79362399882002,1.73302507716673,1.73271668570794,1.73305398886599,1.98741911897365,1.82952269207042,1.73298652823438,1.72950748708985,1.73101089545147,1.73253357827928,1.78035352885873,1.78055591075357,1.73037483806771,1.98794916679345,1.73186860919625,1.7299218881126,1.72631756293793,1.72938220305971,1.73039411253388,1.72858231271346,1.83788781039024,1.72586461298283,1.84377615980662,1.72414918549328,1.7235998632073,1.72170132828909,1.72386006850066,1.72414918549328,1.72395644083153,1.8200107430132,1.7739736805549,1.77458082623941,1.72694398308861,1.80488028706605,1.95456579137885,1.80479355196827,1.87361303344507,1.9547585360406,1.9548356339053,1.80390692652423,1.80091938426715,1.87529954923536,1.95998191637395,1.8815926624414,1.88139991777965,1.88283586550967,1.87502006947582,1.88133245714804,1.87489478544569,1.87190724318861,1.96807719216732,1.88279731657732,1.88452238129995,1.87348774941493,1.87120372517323,1.79777764628067,1.96226594061565,1.87173377299303,1.79744034312261,1.88915789041497,1.87209998785035,1.87248547717385,1.89104678810009,1.96462706272205,1.8732853675201,1.87209035061727,1.87879786484607,1.87453820782145,1.8815926624414,1.87995433281655,1.88477294936023,1.88505242911976,1.89435235904906,1.89435235904906,1.97776261142012,1.87686078099551,1.94754988569126,1.9494966067749,1.97728074976575,1.94994955673001,1.963297124556,1.95121203426445,1.94918821531611,1.95068198644465,1.9482052175412,1.87781486707116,1.96065652269006,1.95404538079214,1.95203119907688,1.95100001513653,1.95133731829459,1.97349331716242,1.88104334015542,1.95421885098771,1.88363575585592,1.95657997309411,1.95853633141084,1.9600204653063,1.88549574184178,1.97427393304249,1.96013611210334,1.95825685165131,1.96381753514271,1.98451831181435,1.97772406248777,1.89136481679198,1.98002736119564,1.98752512853761,1.98079833984263,1.9682506623629,1.97398481604987,1.96652559764026,1.97087198976266,1.97316565123745,1.97414864901236,1.97267415234999,1.99659376487281,1.97384989478665,1.97171042904126,1.97132493971776,1.98500017346872,1.98237884606896,1.97344513099698,1.98735165834203,1.97755059229219,1.89940226918683,1.97380170862121,1.9882961071846,1.97448595217042,1.97452450110276,1.97269342681617,1.97810955181126,1.90332462305338,1.9838726171975,1.90168629342853,1.9039992293695,1.90150318599987,1.97902508895456,1.97809027734509,1.981280201497,1.84092353881276,1.84047058885765,1.83843713267622,1.88721116933133,1.88619925985715,1.88818452987315,1.83836967204461,1.88833872560255,1.887615933121,1.83930448365408,1.9150531357207,1.92464218264261,1.92471928050731,1.84442185442347,1.84463387355139,1.84454713845361,1.84624329147698,1.9366212633702,1.84448931505508,1.84796835619962,1.84585780215349,1.90430762082829,1.84794908173344,1.84755395517686,2.02767384157953,1.84716846585337,1.89720498004291,1.84722628925189,1.89681949071942,1.89692550028338,1.84687934886075,1.84483625544623,1.9414977033124,1.84608909574758,1.8442483842279,1.84447004058891,2.03105651039319,1.84483625544623,1.8473708477482,2.01065448794726,1.8450097256418,1.84425802146099,1.77909105132429,1.77741417276709,1.77194986160656,1.77118852019266,1.76890449595095,1.76995495435748,1.81382363937112,1.81369835534098,1.8571237276326,1.85178470050221,1.85052222296777,1.75828426508869,1.96391390747359,1.87880750207915,1.87455748228763,1.75233809227379,1.88564030033809,1.88138064331348,1.7499673329343,1.74838682670798,1.87805579789834,1.7476833086926,1.79786438137846,1.79714158889691,1.74422354201424,1.87719808415356,1.74639191945889,1.87395033660313,1.74629554712802,1.7459293322707,1.87037492312772,1.79108940651805,1.79033770233723,1.7433369165702,1.79106049481878,1.79084847569086,1.73944347440291,1.74069631470427,1.74135164655421,1.73845083939491,1.73765094904866,1.73614754068703,1.73834482983095,1.73422973130265
1.74216117413354,1.74188169437401,1.74050357004252,1.74014699241829,1.74092760829836,1.7379304288082,1.73837374153021,1.73871104468827,1.73661012787523,1.73736183205604,1.73562713010032,1.73381533027989,1.73430682916735,1.73398880047547,1.73365149731741,1.73467304402467,1.73432610363352,1.73448029936292,1.73356476221962,1.73376714411446,1.73538619927313,1.83245241092897,1.83695299878077,1.73315999842995,1.72996043704495,1.73199389322638,1.78058482245283,1.73381533027989,1.73095307205295,1.73174332516611,1.72898707650313,1.72842811698406,1.72837029358554,1.72544057472698,1.72843775421715,1.72682833629156,1.72666450332908,1.72590316191518,1.72416845995945,1.72434193015502,1.72027501779216,1.72433229292194,1.77338580933658,1.72562368215564,1.72746439367533,1.72768605003634,1.72957494772146,1.80567054017921,1.80579582420935,1.80473572856974,1.80469717963739,1.95852669417776,1.87602234171691,1.96040595462979,1.95454651691268,1.87579104812281,1.88170830923845,1.88137100608039,1.88234436662221,1.8807542231628,1.87479841311481,1.87579104812281,1.87451893335528,1.87474058971629,1.87444183549058,1.87226382081284,1.9594807802534,1.87369013130977,1.88513916421755,1.88744246292542,1.96383680960889,1.96444395529339,1.87087605924826,1.87097243157913,1.87098206881222,1.87085678478209,1.872061438918,1.79804748880712,1.87403707170091,1.87417199296414,1.87430691422736,1.80375273079483,1.87733300541679,1.87935682436513,1.89777357679507,1.89572084614746,1.81313939582192,1.90004796380368,1.98500981070181,1.94809920797724,1.9503350460535,1.95009411522632,1.94740532719495,1.95100001513653,1.95069162367774,1.95152042572325,1.94742460166112,1.87805579789834,1.8783931010564,1.95207938524231,1.95506692749939,1.9610805609459,1.95347678403998,1.95332258831058,1.9541513903561,1.95404538079214,1.95548132852215,1.95480672220604,1.9730500044404,1.95718711877861,1.96044450356214,1.98397862676146,1.9613889524047,1.96139858963779,1.96139858963779,1.96126366837456,1.97843721773623,1.9806730558125,1.9769338093746,1.89213579543897,1.97856250176637,1.97090090146192,1.89570157168129,1.89498841643282,1.89731098960688,1.99756712541463,1.97037085364211,1.97420647241088,1.89863129053984,1.9898958878771,1.9781577379767,1.97242358428972,1.97270306404925,1.98141512276022,1.98420028312247,1.97047686320608,1.99214136318645,1.9741197373131,1.97437994260645,1.98339075554313,1.97649049665259,1.97518947018579,1.97565205737399,1.97638448708862,1.97476543192995,1.90287167309828,1.9753340286821,1.90157064663149,1.90229343911304,1.90435580699373,1.90351736771513,1.90459673782092,1.9821957386403,1.98540493725839,1.83918883685704,1.83825402524756,1.94140133098152,1.88733645336146,1.88817489264006,1.94955443017343,1.84291844606184,1.93109912881114,1.89075767110747,1.84039349099296,1.84055732395544,1.8906612987766,1.89354283146972,1.89211652097279,1.84492299054401,1.94196992773368,1.84746722007907,1.89630871736579,1.93781628027303,2.03501741319209,1.84855622741795,1.85051258573468,1.84843094338781,1.8481321891621,1.8504162134038,1.84759250410921,1.84901881460614,1.84730338711659,1.84986689111783,1.8466095063343,1.8474479456129,1.900414178661,1.9441672168776,1.93777773134068,2.02494650461581,2.01210007291036,1.84517355860428,2.01439373438515,1.84535666603294,1.84560723409321,1.84439294272421,1.84606018404832,1.87697642779256,1.87418163019722,1.77139090208749,1.87903879567325,1.88096624229072,1.76688067700261,1.76479903465574,1.76450028043003,1.76438463363299,1.88084095826059,1.75960456602166,1.75810115766003,1.96720984118946,1.84938502946346,1.75222244547674,1.75421735272583,1.88059039020031,1.75044919458867,1.75176949552164,1.7495143829792,1.88114934971938,1.79923286847686,1.74896506069322,1.74483068769874,1.74580404824056,1.7956189060691,1.74625699819567,1.87321790688849,1.8450097256418,1.74264303578791,1.74335619103638,1.74371276866061,1.74286469214892,1.79019314384092,1.79349871478989,1.74098543169689,1.74085051043366,1.74073486363662,1.74324054423933,1.7857118304553,1.82560033820387,1.86116172829621,1.73717872462738,1.73836410429713
1.73781478201115,1.74114926465937,1.99476269058621,1.74088905936601,1.74119745082481,1.78930651839689,1.7378533309435,1.7377762330788,1.73755457671779,1.73695706826637,1.73706307783033,1.73747747885309,1.73422973130265,1.73480796528789,1.73608971728851,1.83191272587608,1.73504889611508,1.73205171662491,1.73390206537768,1.73237938254988,1.7369377938002,1.83600854993821,1.736475206612,1.73682214700315,1.73254321551236,1.73342020372331,1.73703416613107,1.73395988877621,1.73371895794902,1.84557832239395,1.72942075199206,1.72993152534569,1.7306832295265,1.727869157465,1.72746439367533,1.72781133406647,1.72796552979587,1.72616336720853,1.72526710453141,1.72776314790104,1.72257831650004,1.78474810714657,1.77674920368406,1.82078172166019,1.72654885653203,1.77749127063179,1.73102053268456,1.95555842638685,1.95137586722694,1.80483210090061,1.87971340198936,1.80474536580283,1.80832077927824,1.88196851453181,1.80402257332128,1.88123608481717,1.87766067134176,1.87628254701027,1.87637891934114,1.88141919224583,1.87515499073905,1.88073494869662,1.97021665791272,1.88457056746539,1.87448038442293,1.8843392738713,1.87271677076794,1.87012435506745,1.87136755813571,1.8873075416622,1.79693920700207,1.88781831501583,1.89388013462778,1.96461742548896,1.79691029530281,1.89308988151461,1.89280076452199,1.9746497851329,1.89428489841745,1.87704388842417,1.89588467910995,1.80417676905067,1.87981941155333,1.88024344980917,1.88354902075813,1.89671348115546,1.81394892340125,1.89741699917084,1.98340039277622,1.95733167727492,1.96500291481246,1.95455615414577,1.95359243083703,1.94916894084993,1.96094563968268,1.95510547643174,1.95523076046188,1.87744865221384,1.87655238953671,1.87913516800412,1.95839177291453,1.95410320419066,1.95232995330259,1.95498019240161,1.95794846019251,1.95561624978537,1.95794846019251,1.95726421664331,1.88352010905887,1.98075979091028,1.96159133429953,1.95996264190777,1.96357660431553,1.96319111499204,1.96364406494714,1.96484871908306,1.99478196505239,1.97922747084939,1.97477506916304,1.96805791770115,1.99342311518707,1.9749581765917,1.89244418689776,2.00480468746323,2.00084378466433,1.98565550531866,1.97559423397546,1.97843721773623,1.98800699019197,1.98121274086539,1.97484252979465,1.98755404023687,1.97180680137213,1.98077906537646,1.98662886586048,1.89872766287072,1.97570024353942,1.97504491168948,1.90076111905215,1.97519910741888,1.97339694483154,2.00084378466433,1.97704945617165,1.9750352744564,1.97474615746377,1.97774333695394,1.97515092125344,1.9016381072631,1.90258255610566,1.97678925087829,1.97586407650191,1.99237265678055,1.98495198730328,1.98491343837093,1.84189689935458,1.84053804948927,1.83948759108274,1.88978431056565,1.84196435998619,1.84029711866208,1.83887080816515,1.92752371533573,1.83980561977463,1.84072115691793,1.89205869757427,1.89166357101769,1.89178885504782,2.00569131290727,1.84682152546222,1.93695856652825,1.93500220821152,1.84885498164365,1.85111973141918,1.84716846585337,2.02659447147374,1.84742867114672,1.84709136798867,1.84989580281709,1.84689862332692,1.84934648053111,1.85036802723837,1.84751540624451,2.01462502797925,1.85027165490749,1.90053946269114,1.84791053280109,1.93428905296306,1.84517355860428,1.84724556371807,1.84701427012397,1.8460023606498,2.01560802575416,1.84594453725127,1.84818037532754,1.84579034152187,1.894015055891,1.87422017912957,1.77511087405921,1.87419126743031,1.77183421480951,1.77110178509487,1.76822988963484,1.87156030279746,1.76564711116743,1.87880750207915,1.76260174551182,1.76004787874368,1.87621508637865,1.75681940565941,1.87720772138665,1.75437154845522,1.88064821359884,1.88152520180979,1.7503528222578,1.75050701798719,1.8637541439967,1.7498902350696,1.7479146022867,1.87414308126487,1.74404043458558,1.74808807248227,1.86535392468921,1.87780522983807,1.87461530568615,1.875039343942,1.87209035061727,1.74430063987894,1.74244065389308,1.79293011803773,1.74467649196934,1.74164076354683,1.79373964561707,1.79162909157094,1.74138055825347,1.74049393280943,1.83744449766822,1.73864358405666,1.73780514477806,1.86371559506436,1.73562713010032
1.90852872892056,1.74121672529098,1.74359712186356,1.741660038013,1.83114174722909,1.83688553814916,1.79006785981079,1.73911580847794,1.73941456270365,1.73991569882419,1.74028191368151,1.73817135963538,1.73930855313969,1.73840265322948,1.73642702044657,1.83363779059872,1.73673541190536,1.73616681515321,1.73610899175469,1.73454775999453,1.73354548775345,1.83827329971374,1.73421045683648,1.73555966946871,1.73196498152712,1.73503925888199,1.73401771217473,1.73111690501544,1.84718774031954,1.84808400299667,1.82978289736378,1.78242553397251,1.73072177845885,1.73066395506033,1.8406633335194,1.73034592636845,1.7282450095554,1.72806190212674,1.72690543415626,1.72650067036659,1.79511776994856,1.78610695701188,1.78668519099713,1.77747199616561,1.72828355848775,1.77897540452724,1.73176259963229,1.96111910987825,1.95462361477738,1.95467180094281,1.87563685239341,1.87649456613819,1.80818585801501,1.80588255930714,1.87790160216894,1.88170830923845,1.80238424369643,1.87434546315971,1.9571967560117,1.87561757792724,1.87632109594262,1.87407562063326,1.88407906857794,1.80037006198117,1.87388287597151,1.87318899518923,1.88613179922554,1.8879146873467,1.87208071338418,1.87279386863264,1.97989243993242,1.87097243157913,1.7975270782204,1.86824509461541,1.86758976276547,1.8717626846923,1.87361303344507,1.87536700986697,1.89711824494513,1.87482732481408,1.87509716734052,1.87586814598751,1.97008173664949,1.8839537845478,1.88409834304411,1.97074670573252,1.88817489264006,1.89391868356013,1.98283179602407,1.99584206069199,1.95784245062855,1.95814120485426,1.94984354716605,1.95061452581304,1.96353805538318,1.94758843462361,1.8767162224992,1.87654275230362,1.87727518201826,1.87784377877042,1.95321657874662,1.95176135655043,1.95178063101661,1.8803687338393,1.95665707095881,1.95539459342436,1.88153483904287,1.95820866548587,1.95526930939423,1.96430903403017,1.96081071841946,1.97182607583831,1.88612216199246,1.88863747982826,1.88908079255027,1.88866639152752,1.89059383814499,1.9837184214681,1.89313806768005,1.97013956004802,1.99000189744106,1.98175242591828,1.9782348358414,1.89468966220711,1.98509654579959,1.96007828870482,1.89720498004291,1.99374114387895,1.98413282249086,1.98420028312247,1.98538566279221,1.97273197574852,1.97931420594718,1.99119691434389,1.98355458850562,1.98030684095518,1.977088005104,1.97442812877189,1.97501599999022,1.89839035971266,1.97374388522269,1.97494853935861,1.89940226918683,1.97687598597608,1.90136826473665,1.90052018822496,1.90240908591009,1.90265965397036,1.89709897047895,1.97833120817227,1.9786106879318,1.90440399315917,1.90480875694884,1.98589643614584,1.84160778236196,1.84154032173035,1.84201254615163,1.83915992515777,1.83870697520267,1.83804200611964,1.83920811132321,1.88864711706134,1.84028748142899,2.04044317542027,2.01756438407089,1.94263489681671,1.941343507583,1.84504827457415,1.84500008840871,1.84720701478572,1.84695644672544,1.84691789779309,1.85022346874206,1.84924047096715,2.01599351507765,1.84792980726727,1.84730338711659,1.8970604215466,2.0309697752954,1.8508017027273,1.84861405081647,1.84869114868117,1.84765996474082,1.93327714348888,1.84963559752373,1.84711064245484,1.84659023186812,1.84742867114672,1.84339067048312,1.84757322964303,1.84483625544623,1.84661914356739,1.84739975944746,1.84643603613873,1.84380507150588,1.89406324205644,1.8265640615126,1.77810805354938,1.7727593891859,1.87417199296414,1.87995433281655,1.87685114376242,1.76709269613053,1.8755693917618,1.87383468980608,1.76049119146569,1.87476950141555,1.75586531958376,1.75416916656039,1.84718774031954,1.75513288986912,1.75378367723689,1.75409206869569,1.75133582003271,1.74818444481314,1.74803024908374,1.79583092519703,1.75036245949088,1.74780859272273,1.87670658526611,1.87162776342907,1.74436810051055,1.74346220060034,1.74473431536787,2.04088648814229,1.7459293322707,1.74559202911264,1.80540069765277,1.74406934628484,1.74219972306589,1.86357103656804,1.90596522491932,1.7936432732862,1.74121672529098,1.74035901154621,1.84107773454216,1.74037828601238,1.86008235819042,1.73738110652222,1.7386146723574
1.74464758027008,1.74396333672088,1.7427297708857,1.74141910718582,1.74200697840415,1.74229609539677,1.73910617124485,1.98521219259664,2.0111556240678,1.98394007782911,1.73931819037277,1.74109144126085,1.79665972724254,1.82520521164728,1.73811353623685,1.73774732137954,1.73475014188937,1.73490433761877,1.73393097707694,1.73386351644533,1.73489470038568,1.73433574086661,1.73521272907756,1.83002382819096,1.73397916324238,1.91076456699682,1.73108799331617,1.78420842209367,1.8282409400698,1.73268777400867,1.73404662387399,1.73142529647423,1.73234083361753,1.83378234909503,1.81669553483115,1.8406633335194,1.72898707650313,1.73073141569194,1.72917018393179,1.72790770639735,1.83862987733797,1.78724415051619,1.81445969675488,1.72613445550927,1.72928583072884,1.73216736342196,1.73329491969318,1.9565125124625,1.95382372443113,1.95518257429644,1.80732814427024,1.80596929440492,1.88058075296723,1.88026272427534,1.88006034238051,1.88068676253119,1.87705352565725,1.87707280012343,1.95819902825279,1.88378995158532,1.8821227102612,1.87502006947582,1.87544410773167,1.87630182147644,1.875039343942,1.88840618623416,1.87402743446783,1.97469797129834,1.87144465600041,1.87124227410558,1.8904300051825,1.8732082696554,1.86877514243522,1.87117481347397,1.86737774363755,1.87081823584974,1.87353593558037,1.87410453233252,1.79902084934894,1.87281314309882,1.89747482256936,1.97092017592809,1.8973688130054,1.88206488686268,1.89837108524648,1.97700127000621,1.88860856812899,1.89689658858412,2.00167258670984,1.97247177045516,1.95042178115129,1.9491978525492,1.95817975378661,1.96491617971467,1.9496508025043,1.95284072665622,1.87741974051457,1.87714026075504,1.87743901498075,1.88105297738851,1.95679199222203,1.95602101357504,1.95202156184379,1.95516329983027,1.95429594885241,1.95527894662732,1.88327917823169,1.95726421664331,1.88384777498384,1.9573509517411,1.96029030783274,1.97562314567472,1.96066615992315,1.88798214797832,1.88863747982826,1.98476887987462,1.89158647315299,1.89122025829567,1.8907383966413,1.99281596950256,1.96719056672329,1.96686290079832,1.96776880070853,1.96756641881369,1.9848652522055,1.98068269304558,1.98123201533156,1.98447012564892,1.97486180426082,1.97508346062183,1.98178133761754,1.97232721195885,1.98375697040045,1.9750352744564,1.97219229069562,1.98779497106405,1.9722886630265,1.97086235252957,1.98382443103206,1.98964531981683,1.99542765966924,1.97269342681617,1.97382098308739,1.98107781960217,1.97155623331186,1.90121406900725,1.9007225701198,1.90055873715731,1.89999014040516,1.9030836922262,1.98093326110586,1.97726147529957,1.97782043481864,1.99298943969814,1.84463387355139,2.01096287940605,1.83956468894744,1.84040312822604,1.83849495607475,1.83842749544314,1.83952614001509,1.93412522000057,1.84130902813625,1.84375688534044,1.84268715246775,1.84288953436258,1.84180052702371,1.84475915758153,1.84564578302556,1.84474952034844,1.84579997875496,1.84672515313135,2.01235064097063,1.84985725388474,1.89817834058474,1.84743830837981,1.89756155766715,1.89764829276493,1.85060895806555,1.84786234663566,1.84922119650097,2.02562111093192,1.84991507728326,1.84987652835091,1.8484405806209,1.850878800592,2.01344928554259,1.84754431794377,1.90990685325205,1.84419056082937,1.84326538645299,1.84543376389764,1.8458481649204,1.84443149165656,1.8434099449493,1.78246408290486,1.77934161938456,1.89366811549985,1.89177921781473,1.77272084025355,1.87102061774457,1.76596513985931,1.76712160782979,1.86407217268859,1.76183076686484,1.76112724884946,1.86895824986388,1.75781204066741,1.88066748806501,1.87712098628887,1.87924117756808,1.80051462047748,1.80100611936494,1.80026405241721,1.87467312908468,1.7484446501065,1.7485217479712,1.83833112311226,1.87762212240941,1.87939537329748,1.87686078099551,1.74492706002962,1.74215153690046,1.7452450887215,1.74405970905175,1.74210335073502,1.74224790923133,1.74606425353392,1.73932782760586,1.74352002399886,1.74404043458558,1.9131449635694,1.94572844863775,1.73905798507942,1.86742592980299,1.73939528823747,1.7403686487793,1.86113281659694,1.93493474757991,1.86519009172672
1.79353726372223,1.7435682101643,1.74371276866061,1.74773149485804,1.74412716968336,1.74268158472026,1.74132273485494,1.74412716968336,1.73950129780143,2.00111362719078,1.73989642435802,1.9930954492621,1.79840406643135,1.79781619521302,1.73932782760586,1.74058066790722,1.73681250977006,1.73687997040167,1.90880820868009,1.73694743103329,1.73611862898777,1.736475206612,1.73723654802591,1.73707271506342,1.73501034718273,1.73673541190536,1.73452848552836,1.78532634113181,1.73283233250498,1.82720975612945,1.73649448107818,1.73486578868642,1.83443768094497,1.83528575745666,1.84184871318915,1.84431584485951,1.73186860919625,1.73050012209784,1.83718429237487,1.83172961844742,1.8357097957125,1.789981124713,1.73035556360153,1.73079887632355,1.73139638477497,1.98888397840292,1.7353380131077,1.80717394854084,1.96051196419375,1.95894109520051,1.88172758370462,1.80695229217983,1.80726068363863,1.80613312736741,1.96515711054186,1.9575051474705,1.95713893261318,1.87534773540079,1.87607052788234,1.87691860439403,1.96686290079832,1.8036274467647,1.87462494291924,1.80172891184649,1.8713771953688,1.87554048006254,1.79949307377022,1.9741197373131,1.87058694225564,1.87159885172981,1.97425465857632,1.87403707170091,1.79739215695718,1.8690160732624,1.86911244559327,1.86934373918737,1.87781486707116,1.97881306982664,1.87210962508344,1.89413070268805,1.87844128722183,1.87815217022921,1.80695229217983,1.88170830923845,1.80939051215093,1.89884330966776,1.81377545320568,1.89743627363701,1.89916133835965,1.95327440214515,1.95491273177,1.95055670241451,1.9515589746556,1.96808682940041,1.95758224533519,1.95382372443113,1.87784377877042,1.87746792668001,1.8767933203639,1.87828709149244,1.87821963086082,1.95306238301723,1.95263834476138,1.9530816574834,1.95427667438623,1.95608847420665,1.97437030537337,1.96913728780693,1.95554878915376,1.95790991126016,1.95769789213224,1.9838726171975,1.88827126497094,1.98526037876208,1.97788789545025,1.88915789041497,1.99167877599826,1.98744803067291,1.96810610386659,1.97482325532847,1.96896381761136,1.96917583673928,1.97044795150681,1.96902164100989,1.98701435518398,1.97765660185616,1.97426429580941,1.98879724330514,1.89740736193775,1.9940880842701,1.97523765635123,1.98096217280512,1.9818873471815,1.98426774375408,1.97470760853142,1.97403300221531,1.97435103090719,1.99630464788019,1.99493616078178,1.89796632145682,1.97659650621655,1.99021391656898,1.98373769593428,1.98192589611385,1.97715546573561,1.89841927141192,1.90084785414993,1.90043345312718,1.90103096157859,1.90217779231599,1.97740603379588,1.97820592414213,1.99028137720059,1.98140548552714,1.88856038196356,1.84172342915901,2.02851228085813,1.84059587288779,1.84052841225618,1.84084644094806,1.88962047760317,1.88990959459579,1.94053398000366,1.89032399561854,1.84381470873897,1.83919847409012,2.01218680800815,1.84369906194192,1.84786234663566,1.845693969191,1.84572288089026,1.93252543930807,1.84762141580847,1.89730135237379,1.85047403680233,1.84793944450035,1.85025238044132,1.84857550188412,1.84840203168855,1.84838275722237,1.8492019220348,1.84793944450035,1.84827674765841,1.89481494623725,2.02488868121728,2.02837735959491,1.8482863848915,1.84761177857538,1.84558795962704,1.84689862332692,1.84678297652987,1.84714919138719,1.84590598831892,1.90871183634922,1.90847090552203,1.91113078185414,1.7753518048864,1.87812325852995,1.870847147549,1.87109771560927,1.86835110417937,1.8138332766042,1.76485685805427,1.76194641366188,1.85662259151206,1.76181149239866,1.75883358737467,1.75746510027626,1.8748080503479,1.75674230779471,1.80353107443382,1.80184455864353,1.86417818225255,1.86376378122979,1.74947583404685,1.84870078591426,1.79802821434094,1.7481362586477,1.74915780535496,1.745852234406,1.79564781776837,1.74503306959358,1.74727854490293,1.87590669491986,1.74498488342814,1.87688969269477,1.74461866857082,1.87130973473719,1.74103361786232,1.74216117413354,1.74462830580391,1.74331764210403,1.94741496442803,1.74112035296011,1.74157330291522,1.74112035296011,1.8556010448048,1.7381520851692,1.73749675331926,1.73660049064214
1.74634373329346,1.74336582826946,1.7415058422836,1.74500415789431,1.74750020126394,2.01388296103152,1.98749621683834,1.98727456047734,1.74165040077991,1.74107216679467,1.74260448685556,1.74155402844904,1.74020481581681,1.73890378935002,1.73857612342505,1.73800752667289,1.73736183205604,2.00146056758192,1.73775695861262,1.73810389900377,1.7377762330788,1.73887487765076,1.73719799909356,1.7337382324152,1.83679880305137,1.73492361208494,1.73511635674669,1.73492361208494,1.73421045683648,1.73611862898777,1.73509708228051,1.7813654383329,1.78248335737104,1.78208823081446,1.78180875105492,1.78017042143007,1.73184933473007,1.84731302434968,1.84790089556801,1.82699773700153,1.73129037521101,1.73138674754188,1.73195534429403,1.73304435163291,1.73296725376821,1.73494288655112,1.73308290056526,1.80589219654022,1.95573189658242,1.81009403016631,1.8049959338631,1.80794492718783,1.87853765955271,1.88434891110438,1.88440673450291,1.87431655146045,1.87475986418246,1.88198778899798,1.8807542231628,1.88361648138974,1.87810398406378,1.88225763152443,1.88714370869972,1.96036740569744,1.87317935795614,1.88821344157241,1.79894375148424,1.87358412174581,1.87362267067816,1.87376722917447,1.87475986418246,1.96811574109967,1.8723698303768,1.87344920048258,1.965504050933,1.79778728351376,1.96883853358123,1.89376448783073,1.89408251652261,1.89768684169728,1.89731098960688,1.88071567423045,1.90007687550295,1.88169867200536,1.88461875363083,1.9006454722551,1.88745210015851,1.90084785414993,1.98095253557203,1.97440885430572,1.95843995907997,1.95737022620727,1.94764625802213,1.95118312256519,1.9504892417829,1.8783160031917,1.87786305323659,1.87761248517632,1.87798833726673,1.87874967868063,1.87846056168801,1.95498019240161,1.9556740731839,1.97464014789981,1.97096836209353,1.95586681784565,1.95784245062855,1.9577268038315,1.88358756969048,1.95793882295943,1.96041559186288,1.99221846105115,1.99113909094537,1.99197753022397,1.88936027230981,1.96802900600189,1.97774333695394,1.9761724679607,1.97349331716242,1.98770823596627,1.89308024428153,1.99733583182053,1.89557628765115,1.98310163855051,1.98553022128852,1.97560387120855,1.97688562320917,1.98062486964706,1.97986352823316,1.98094289833894,1.98115491746687,1.98443157671657,1.98109709406834,1.98822864655298,1.98369914700193,1.9880648135905,1.97397517881679,1.89868911393837,1.9687807101827,1.89860237884058,1.98508690856651,1.98802626465815,1.90068402118745,1.98161750465506,1.90119479454108,1.90060692332275,1.90001905210442,1.90151282323296,1.90145499983444,1.97867814856342,1.90427870912903,1.9920257163894,1.99762494881316,1.99352912475103,1.89062274984425,1.84251368227217,1.84106809730907,1.84299554392654,1.84125120473773,1.900414178661,1.89254055922863,1.84366051300957,1.8424173099413,1.84362196407722,1.84402672786689,1.84015256016577,1.84474952034844,1.84443149165656,1.84391108106984,1.84610837021376,1.84650349677034,1.89452582924463,1.84706245628941,1.93273745843599,2.01734272770988,2.01674521925847,1.85067641869716,2.02787622347436,1.89688695135103,1.84766960197391,1.93255435100733,1.84898026567379,1.84956813689212,1.89693513751647,1.84730338711659,1.84667696696591,1.84617583084537,1.84866223698191,1.84720701478572,1.84505791180724,1.84519283307046,2.02086031778677,1.84776597430478,1.89484385793651,1.84556868516087,1.92761045043352,1.77775147592515,1.77424352308135,1.8222176693902,1.81877717717802,1.85886806682142,1.81508611690556,1.81430550102549,1.76218734448907,1.76287158803827,1.76174403176705,1.75569184938819,1.75780240343432,1.75733981624613,1.75518107603456,1.88050365510253,1.80177709801192,1.86689588198318,1.86451548541061,1.79830769410048,1.75018898929531,1.74823263097858,1.84712027968793,1.75040100842323,1.74805916078301,1.79472264339198,1.74416571861571,1.74728818213602,1.74790496505361,1.74697015344413,1.74381877822457,1.74256593792321,1.8732082696554,1.7434911122996,1.74308634850993,1.74185278267475,1.74114926465937,1.74320199530698,1.8649009747341,1.7415829401483,1.74480177599948,1.74366458249517,1.73757385118396,1.86316627277838,1.86260731325931
1.79471300615889,1.74243101665999,1.74513907915754,1.74579441100748,1.74177568481005,1.74168894971226,1.74376095482605,1.98869123374118,1.74026263921534,1.74363567079591,1.74262376132174,1.7900582225777,1.78996185024683,1.74316344637463,1.73907725954559,1.74019517858372,1.73860503512431,1.73951093503452,1.99400134917231,1.73875923085371,1.83836003481152,1.84083680371497,1.73938565100439,1.7392218180419,1.73902907338015,1.73773768414645,1.7361764523863,1.73607044282234,1.7356367673334,1.73674504913845,1.78435298058999,1.7356367673334,1.73430682916735,1.73465376955849,1.843487042814,1.78255081800265,1.78213641697989,1.73559821840106,1.73453812276145,1.7341140845056,1.73059649442872,1.73209026555726,1.73192643259477,1.84030675589517,1.73372859518211,1.73281305803881,1.73477905358863,1.80964108021121,1.8090339345267,1.81030604929423,1.80700047834527,1.8073570559695,1.80546815828438,1.88478258659331,1.87757393624397,1.87819071916156,1.87924117756808,1.88431036217203,1.88422362707425,1.88467657702935,1.88117826141864,1.87645601720584,1.88643055345125,1.87426836529501,1.9636729766464,1.8774775639131,1.87363230791124,1.8737383174752,1.89052637751338,1.87384432703917,1.89146118912285,1.86850529990877,1.96941676756647,1.87048093269168,1.87131937197028,1.79875100682249,1.87135792090263,1.87445147272367,1.87464421738542,1.87310226009144,1.89771575339654,1.80470681687048,1.8806771252981,1.9005683743904,1.98785279446258,1.88733645336146,1.88803997137684,1.89674239285472,2.00130637185252,1.96268997887149,1.94839796220294,1.97111292058984,1.94952551847417,1.94832086433825,1.95433449778476,1.97124784185306,1.87809434683069,1.87900988397399,1.8767933203639,1.87975195092171,1.88132281991495,1.95816047932044,1.97516055848653,1.97105509719132,1.95591500401108,1.88200706346416,1.88470548872861,1.95781353892929,1.99374114387895,1.95938440792253,1.97746385719441,1.98034538988753,1.96090709075033,1.98031647818827,1.88987104566344,1.89152864975446,1.89194305077722,1.8916539337846,1.99252685250994,1.96673761676818,1.97501599999022,1.97123820461998,1.97963223463906,1.98540493725839,1.98461468414523,2.00062212830332,1.89774466509581,1.98788170616184,1.99375078111204,1.99281596950256,1.98103927066982,1.89825543844944,1.97558459674237,1.98138621106096,1.98125128979774,1.98079833984263,1.98368950976884,1.97031303024359,1.97049613767225,1.97110328335675,1.97172006627434,1.97257778001912,1.97263560341764,1.97343549376389,1.90006723826986,1.97610500732909,1.90207178275203,1.90051055099188,1.90238017421082,1.90107914774403,1.9885177635456,1.97832157093918,2.00828372860777,1.99067650375717,1.84230166314425,2.01111707513545,1.84164633129431,1.8417330663921,1.84366051300957,2.01792096169513,1.93811503449874,1.84370869917501,1.93538769753502,1.8435641406787,1.89170211995003,1.8439399927691,1.84453750122052,1.89441018244758,1.93825959299505,1.84387253213749,2.04124306576652,1.89777357679507,1.89802414485534,1.89441018244758,1.85021383150897,2.01416244079106,1.85114864311844,1.90560864729509,1.92825614505037,1.85028129214058,2.02317325372773,1.84812255192901,1.84915373586936,1.84832493382385,1.84783343493639,1.84845985508707,2.03317670167241,1.84501936287489,1.84733229881585,1.84735157328203,2.02695104909798,1.84200290891854,1.84320756305446,1.84540485219838,1.84478806928079,1.84757322964303,1.77767437806045,1.7776358291281,1.77055246280889,1.77071629577138,1.77164147014776,1.81649315293631,1.81284064159621,1.87701497672491,1.87434546315971,1.87815217022921,1.8073570559695,1.75600987808007,1.75962384048783,1.7531668943193,1.75368730490602,1.80282755641845,1.80017731731942,1.79834624303282,1.79824023346886,1.74817480758005,1.75069012541585,1.74792423951978,1.74627627266184,1.87714989798813,1.87599343001765,1.74548601954868,1.87790160216894,1.7476062108279,1.74233464432912,1.74262376132174,1.79182183623269,1.74468612920243,1.87242765377532,1.74399224842014,1.8679463403897,1.87032673696228,1.74339473996873,1.74124563699025,1.86347466423717,1.73758348841705,1.74073486363662,1.73868213298901,1.86374450676362,1.7379304288082
1.8338016235612,1.74513907915754,1.7470761630081,1.74688341834635,1.74276831981805,2.02120725817791,1.83881298476663,1.74395369948779,1.84194508552002,1.83721320407413,1.7441753558488,1.79163872880403,1.79022205554018,1.81148179173089,1.73953984673378,1.73867249575592,1.73864358405666,1.74069631470427,1.73867249575592,1.73868213298901,1.73778587031188,1.73784369371041,1.73721727355973,1.73885560318458,1.73835446706404,1.73568495349884,1.73720763632664,1.7369377938002,1.73732328312369,1.73807498730451,1.73582951199515,1.73767986074792,1.83214401947018,1.8444025799573,1.845693969191,1.73418154513721,1.83330048744066,1.73142529647423,1.73368040901667,1.84072115691793,1.83544959041914,1.73362258561815,1.73369004624976,1.84052841225618,1.73733292035678,1.73684142146932,1.73752566501853,1.80854243563925,1.80840751437602,1.80746306553346,1.8010350310642,1.87870149251519,1.80729923257098,1.8065957145556,1.97042867704064,1.80520795299102,1.95859415480937,1.8863149066542,1.87666803633376,1.8850235174205,1.88582340776675,1.87717880968739,1.88702806190267,1.87684150652933,1.87356484727963,1.79899193764968,1.87509716734052,1.87599343001765,1.87366121961051,1.87126154857175,1.79792220477698,1.79733433355865,1.86864985840508,1.89384158569543,1.894015055891,1.86990269870644,1.87356484727963,1.87372868024212,1.80017731731942,1.90043345312718,1.87702461395799,1.80568981464539,1.97513164678727,1.80730886980407,1.81320685645353,1.81399710956669,1.88763520758717,1.82043478126904,1.99231483338202,1.98026829202283,1.95143369062546,1.96945531649882,1.87753538731162,1.97165260564273,1.87757393624397,1.95191555227983,1.88102406568924,1.87868221804902,1.87824854256009,1.95232995330259,1.95054706518142,1.88065785083193,1.95412247865683,1.88121681035099,1.97141167481555,1.97417756071162,1.95796773465869,1.95746659853815,1.95816047932044,1.88455129299922,1.96094563968268,1.96140822687087,1.96265142993914,1.96417411276695,1.96434758296252,1.9772422008334,1.99515781714279,1.9746497851329,1.97516055848653,1.97478470639612,1.96777843794162,1.97331020973376,1.97508346062183,1.99205462808866,1.96768206561074,1.96928184630324,1.96991790368701,1.98864304757574,1.98816118592137,1.89902641709642,1.98776605936479,1.97474615746377,1.97310782783892,1.97426429580941,1.9888261550044,1.97183571307139,1.99762494881316,1.98173315145211,1.97430284474176,1.97437030537337,1.97380170862121,1.99091743458436,1.9977405956102,1.97422574687706,1.90141645090209,1.89989376807429,1.90145499983444,1.90146463706753,1.90212960615055,1.98111636853452,1.9786877857965,1.98409427355851,1.90405705276802,1.97821556137522,1.84284134819714,1.84254259397144,1.8421089184825,1.89052637751338,1.84225347697882,2.01176276975231,2.01141582936116,1.84290880882876,1.8429473577611,1.84445076612273,1.90531953030247,1.84390144383675,1.84670587866517,1.91101513505709,1.9406592640338,1.84593490001818,1.85074387932877,1.89800487038916,1.89689658858412,1.89600996314008,1.8962990801327,1.84958741135829,1.84875860931278,1.90074184458597,1.84683116269531,1.84882606994439,1.89695441198264,1.84793944450035,1.89738808747157,1.94406120731364,1.84769851367317,1.84792017003418,1.84557832239395,2.00884268812684,1.84845021785398,1.84808400299667,1.8458481649204,1.85088843782509,1.84425802146099,1.84712027968793,1.84701427012397,1.84711064245484,1.7787055620008,1.77489885493129,1.87466349185159,1.76760346948416,1.76846118322894,1.86193270694319,1.86209653990568,1.76190786472953,1.7607899456914,1.87444183549058,1.76035627020247,1.75745546304318,1.75745546304318,1.75413061762804,1.75212607314587,1.85342303012706,1.80218186180159,1.81199256508452,1.75098887964156,1.75108525197244,1.74880122773073,1.74919635428731,1.87707280012343,1.87723663308591,1.74449338454068,1.74525472595459,1.74556311741338,1.74547638231559,1.7440211601194,1.86114245383003,1.79375892008324,1.79262172657894,1.74345256336725,1.7444837473076,1.86789815422427,1.86807162441984,1.74505234405975,1.74245992835925,1.79147489584154,1.73702452889798,1.74104325509541,1.73934710207204,1.7401373551852,1.74091797106528
1.98941402622273,1.74848319903885,1.74741346616615,1.74408862075102,1.74498488342814,1.74750983849703,1.74689305557944,2.00953656890913,1.74484996216492,1.74475358983404,1.79114722991657,1.74368385696135,1.79098339695409,1.73911580847794,1.74177568481005,1.73952057226761,1.73928927867351,1.73941456270365,1.74100470616306,1.73908689677868,1.73780514477806,1.73995424775654,1.83103573766513,1.73802680113907,1.84174270362519,1.73823882026699,1.73820990856773,1.73756421395088,1.7393760137713,1.73801716390598,1.78719596435076,1.83059242494312,1.73698597996563,1.8357868935772,1.73789187987585,1.83492917983242,1.83749268383366,1.73603189388999,1.73545365990475,1.83550741381767,1.73360331115197,1.73605116835616,1.73690888210094,1.84427729592716,1.73679323530389,1.73880741701914,1.73879777978606,1.80564162847995,1.80940978661711,1.87845092445492,1.80834005374441,1.80757871233051,1.80712576237541,1.88404051964559,1.88538009504473,1.98100072173747,1.88725935549676,1.88184323050167,1.87654275230362,1.87621508637865,1.87851838508653,1.87693787886021,1.88069639976427,1.87492369714495,1.88994814352814,1.80146870655313,1.88925426274585,1.88988068289652,1.87207107615109,1.96712310609168,1.80037006198117,1.89473784837255,1.87172413575995,1.97379207138813,1.96804828046806,1.87041347206007,1.89494023026739,1.87224454634666,1.87413344403179,1.89700259814808,1.89787958635903,1.80492847323149,1.80728959533789,1.80772327082682,1.88685459170709,1.88729790442911,1.90020215953308,1.97391735541826,1.9735800522602,1.97126711631924,1.87727518201826,1.87707280012343,1.87891351164311,1.96818320173129,1.95153006295634,1.95080727047478,1.87778595537189,1.9520890224754,1.87878822761298,1.95365989146864,1.95288891282165,1.95326476491206,1.95561624978537,1.97240430982355,1.95644505183089,1.9557511710486,1.95661852202646,1.98424846928791,1.96328748732291,1.95741841237271,1.9614660502694,1.9616202459988,1.97095872486044,1.96708455715933,1.88888804788853,1.97684707427682,1.97195135986844,1.97772406248777,1.97557495950929,1.97830229647301,1.9776951507885,1.9756424201409,1.97645194772024,1.97043831427373,1.97036121640903,1.96889635697975,1.97795535608186,1.97155623331186,1.97705909340474,1.99747075308376,1.99648775530885,1.98140548552714,1.98770823596627,1.98456649797979,1.97382098308739,1.97529547974975,1.98487488943858,1.99368332048043,1.97380170862121,1.98792989232728,1.90042381589409,1.97458232450129,1.97518947018579,1.89942154365301,1.90025998293161,1.90104059881168,1.90181157745867,1.90235126251156,1.90190794978954,1.97865887409724,1.98801662742506,1.97890944215751,1.97775297418703,1.97854322730019,1.84334248431769,1.84466278525065,1.89143227742359,1.84309191625741,1.84212819294868,1.93852943552149,1.93593701982099,1.84252331950526,2.02825207556477,2.01554056512255,1.89100823916775,1.8933308123418,1.84463387355139,1.89324407724401,1.89710860771204,1.84699499565779,1.84757322964303,1.89554737595189,1.8966845694562,1.8474479456129,1.89745554810319,1.84985725388474,1.89709897047895,1.85079206549421,1.85021383150897,1.84533739156677,1.84846949232016,1.84777561153787,1.89757119490023,1.84814182639519,1.84612764467993,1.84631075210859,2.02762565541409,1.84489407884475,2.01053884115021,1.84818037532754,2.02296123459981,1.84387253213749,1.84723592648498,1.84763105304156,1.84915373586936,1.84407491403233,1.922367795634,1.77441699327692,1.77162219568159,1.77061028620742,1.87377686640755,1.7649821420844,1.7651363378138,1.76159947327074,1.76224516788759,1.76047191699952,1.7603369957363,1.87848947338727,1.87676440866463,1.85388561731525,1.87512607903978,1.75056484138572,1.84091390157967,1.75204897528117,1.74893614899395,1.74765439699334,1.74876267879838,1.74807843524918,1.87356484727963,1.74708580024118,1.74330800487094,1.74615098863171,1.88086023272676,1.87832564042479,1.7950117603846,1.7440982579841,1.79254462871424,1.79307467653404,1.74211298796811,1.74231536986294,1.7443295515782,1.74360675909665,1.74314417190845,1.74407898351793,1.79207240429296,1.74127454868951,1.74106252956159,1.73831591813169,1.78823678552419,1.74164076354683
1.7492830893851,1.74773149485804,1.84821892425989,1.74780859272273,1.74766403422642,1.74806879801609,1.74465721750317,1.91771301205281,1.74549565678177,1.74511016745827,1.74294179001362,1.74541855891707,1.74059994237339,1.79195675749591,1.82605328815897,1.74210335073502,1.99288343013418,1.84235948654278,1.740667403005,1.74117817635863,1.7874658068772,1.78901740140427,1.78867046101312,1.83751195829984,1.78927760669762,1.78688757289196,1.74028191368151,1.83559414891545,1.73512599397977,1.7383062808986,1.73894233828237,1.73634992258187,1.73801716390598,1.7368606959355,1.78569255598913,1.73919290634264,1.73591624709294,1.73713053846194,1.73485615145333,1.83851423054092,1.73551148330327,1.73796897774054,1.7343453780997,1.73763167458249,1.73871104468827,1.8450868235065,1.74039756047856,1.74067704023809,1.80694265494675,1.88095660505763,1.87838346382331,1.88451274406687,1.96305619372881,1.96259360654062,1.96295982139794,1.87622472361174,1.8838766866831,1.87733300541679,1.87789196493585,1.88025308704226,1.88115898695247,1.87688969269477,1.80132414805682,1.96368261387949,1.96178407896128,1.89097932746848,1.89147082635594,1.87401779723474,1.97445704047115,1.98772751043244,1.8712229996394,1.87028818802993,1.79727651016013,1.87112662730853,1.87143501876733,1.97827338477375,1.87172413575995,1.89814942888548,1.87416235573105,1.89856382990823,1.8783931010564,1.87875931591372,1.90047200205953,1.8840308824125,1.88422362707425,1.81410311913065,1.9003370807963,1.97749276889367,1.99298943969814,1.96625575511381,1.9577268038315,1.8806000274334,1.88006034238051,1.88025308704226,1.95817975378661,1.95802555805721,1.87861475741741,1.95271544262608,1.88165048583992,1.88054220403488,1.9553656817251,1.95507656473248,1.96699782206154,1.95471034987516,1.88153483904287,1.97408118838075,1.97577734140412,1.98811299975594,1.96500291481246,1.96082999288563,1.88817489264006,1.9815114950911,1.9725199566206,1.8883772745349,1.97728074976575,1.97597008606587,1.97116110675528,1.96848195595699,1.96835667192686,2.01122308469941,1.97216337899636,1.9740426394484,1.983265471513,1.98852740077869,1.97143094928172,1.97233684919194,1.97252959385368,1.97948767614275,1.99036811229838,1.98690834562002,1.97437994260645,1.99092707181744,1.89995159147281,1.97316565123745,1.97487144149391,1.97637484985554,1.97754095505911,1.97363787565873,1.97486180426082,1.99013681870428,1.97569060630634,1.97447631493733,2.00731036806595,1.89950827875079,1.90110805944329,1.90197541042116,1.90079003075141,1.90366192621144,1.90164774449619,1.98434484161878,1.98812263698902,1.97812882627744,1.97810955181126,1.97685671150991,1.93501184544461,1.89277185282273,1.89095041576922,1.8421860163472,1.83956468894744,1.84190653658767,1.84327502368607,1.94082309699628,1.84212819294868,2.01999296680891,1.89328262617636,1.84565542025865,1.84473988311535,1.89501732813208,1.89848673204353,1.84686971162766,1.84505791180724,2.01485632157335,1.89563411104968,1.89812051718621,1.89800487038916,1.84853695295177,1.90730480031846,1.8473708477482,1.85062823253173,1.84774669983861,1.84759250410921,1.84807436576358,1.84800690513197,1.84583852768731,1.84633966380785,1.84616619361228,1.84399781616763,1.84556868516087,2.01296742388822,2.03834225860723,1.8468407999284,1.84506754904032,1.89472821113946,1.84513500967193,1.84290880882876,1.83968033574449,1.7782429748126,1.77631552819513,1.77363637739685,1.87193615488787,1.7666590206416,1.76401841877567,1.76451955489621,1.87398888553548,1.92153899358849,1.76370039008378,1.87350702388111,1.75733981624613,1.87903879567325,1.8812842709826,1.75291632625903,1.75285850286051,1.75155747639372,1.86507444492967,1.75050701798719,1.74770258315877,1.74731709383528,1.74673885985004,1.74627627266184,1.74461866857082,1.74784714165508,1.74743274063233,1.87645601720584,1.7419684294718,1.74212262520119,1.87216744848197,1.74407898351793,1.86723318514124,1.74433918881129,1.79286265740612,1.74294179001362,1.86747411596842,1.74225754646442,1.74081196150131,1.84278352479862,1.74186241990784,1.73970367969627,1.86491061196719,1.74118781359172,1.85790434351268
2.00915107958563,1.75016007759605,1.75094069347612,1.7452450887215,1.74773149485804,1.7487530415653,1.74599679290231,1.74449338454068,1.74538964721781,1.74293215278053,1.74388623885618,1.74555348018029,1.7417371358777,1.79149417030772,1.74400188565323,1.74397297395397,1.74102398062924,1.99206426532175,1.99826100619692,1.83394618205751,1.73951093503452,1.84506754904032,1.7419684294718,1.74057103067413,1.74187205714092,1.78936434179541,1.78759109090734,1.83158505995111,1.73870140745518,1.74033973708003,1.7424213794269,1.73936637653821,1.74104325509541,1.73692815656711,1.7379304288082,1.73713053846194,1.84034530482752,1.73778587031188,1.73500070994964,1.73478869082172,1.73357439945271,1.73880741701914,1.73860503512431,1.78694539629048,1.74104325509541,1.73728473419134,1.74059994237339,1.8081954952481,1.80792565272166,1.884638028097,1.80818585801501,1.88416580367572,1.96433794572943,1.87727518201826,1.9605505131261,1.96109983541208,1.88531263441312,1.88497533125506,1.87857620848506,1.88533190887929,1.87834491489096,1.87706316289034,1.87652347783745,1.87682223206316,1.87697642779256,1.87449002165602,1.8931766166124,1.7999652981915,1.79848116429605,1.89412106545496,1.87058694225564,1.9687807101827,1.96808682940041,1.89399578142482,1.79753671545349,1.98231138543735,1.89518116109457,1.89990340530737,1.87397924830239,1.87516462797213,1.80251916495965,1.88034945937313,1.80648006775855,1.97516055848653,1.88521626208224,1.90080930521758,1.97705909340474,1.97566169460707,1.98271614922702,1.96680507739979,1.95240705116728,1.95161679805412,1.95166498421956,1.87707280012343,1.9651956594742,1.95245523733272,1.9541513903561,1.96101310031429,1.88032054767387,1.88041692000474,1.88015671471138,1.88103370292233,1.95533677002584,1.96774952624235,1.95603065080813,1.95799664635795,1.97843721773623,1.97171042904126,1.97474615746377,1.98008518459417,1.98664814032666,1.96151423643484,1.98159823018888,1.98225356203882,1.98237884606896,1.97506418615566,1.98097181003821,1.89133590509272,1.99388570237526,1.98095253557203,1.9673351252196,1.96812537833276,1.89467038774094,1.97508346062183,1.98735165834203,1.9729729065757,1.97164296840965,1.97159478224421,1.97854322730019,1.99563004156407,1.98386297996441,1.89868911393837,1.98953931025286,1.97394626711752,1.97594117436661,1.9766350551489,1.98241739500131,1.97864923686415,1.98053813454927,1.98253304179836,1.97469797129834,1.97436066814028,1.97971896973685,1.90062619778893,1.89816870335165,1.97149840991334,1.90103096157859,1.90215851784981,1.90078039351832,1.98080797707572,1.90131044133813,1.98484597773932,1.97986352823316,1.97695308384078,1.93714167395691,1.84318828858829,1.9315135298339,1.93157135323242,1.8440170906338,1.84397854170145,1.94185428093663,1.94450452003565,1.84229202591116,1.84332320985151,1.8926465687926,1.84454713845361,1.84408455126541,1.84465314801757,1.9306750905553,1.84618546807846,1.84677333929678,2.03317670167241,1.84868151144808,1.84896099120761,1.85107154525375,1.85034875277219,1.85012709641118,1.85058004636629,1.84763105304156,1.84809364022975,1.89522934726001,1.84730338711659,1.84792017003418,1.84712027968793,1.84632038934168,1.84708173075558,1.84745758284599,1.89341754743958,1.84691789779309,1.84664805526665,2.0484999022813,1.84691789779309,1.84580961598805,1.84529884263442,1.84545303836382,1.77996803953524,1.77733707490239,1.77506268789377,1.77269192855429,1.77006096392144,1.76636026641589,1.76740108758933,1.76539654310716,1.76400878154258,1.92307131364938,1.92169318931788,1.75855410761514,1.8086580824363,1.87697642779256,1.7544679207861,1.7560677014786,1.7541595293273,1.75220317101057,1.7509599679423,1.75025644992692,1.74998660740048,1.79855826216075,1.79578273903159,1.94182536923737,1.74570767590969,1.74554384294721,1.74564985251117,1.74639191945889,1.74529327488693,1.83517011065961,1.74451265900686,2.04071301794672,1.74419463031498,1.74351038676577,1.87179159639156,1.74489814833035,1.86832219248011,1.86670313732144,1.79202421812752,1.84872006038043,1.73952057226761,1.74222863476516,1.74068667747118,1.74031082538077,1.78714777818532
1.75057447861881,1.75107561473935,1.75023717546075,1.74891687452778,1.75076722328055,1.75042992012249,1.74621844926332,1.74806879801609,1.74450302177377,1.74449338454068,1.74876267879838,1.74418499308189,1.79187965963121,1.74406934628484,1.74584259717291,1.74650756625594,1.74328873040476,1.7419684294718,1.73994461052345,1.74260448685556,1.74152511674978,1.74354893569812,1.74244065389308,1.74209371350193,1.84236912377586,1.78874755887782,1.73738110652222,1.74099506892997,1.73849902556035,1.74006989455359,1.74041683494473,1.73934710207204,1.73750639055235,1.73811353623685,1.74035901154621,1.83737703703661,1.73694743103329,1.73879777978606,1.73634992258187,1.73761240011631,1.84154032173035,1.84412310019776,1.73883632871841,1.78886320567487,1.74073486363662,1.74045538387708,1.74343328890108,1.88469585149553,1.81070117585081,1.80882191539878,1.88413689197646,1.88353938352504,1.88770266821878,1.96161060876571,1.88550537907487,1.98254267903144,1.88076386039589,1.88139991777965,1.88686422894018,1.80435023924625,1.88731717889529,1.87757393624397,1.88744246292542,1.89070948494204,1.97185498753757,1.87352629834728,1.87596451831838,1.89148046358903,1.97971896973685,1.79841370366444,1.87388287597151,1.89396686972556,1.96980225688996,1.89574012061364,1.8966074715915,1.97743494549515,1.87456711952072,1.87284205479808,1.8014879810193,1.87600306725073,1.98152113232418,1.87942428499674,1.88228654322369,1.88238291555456,1.81169381085881,1.8155872530261,1.89063238707734,1.89363920380059,2.00455411940296,1.98797807849271,1.96077216948711,1.96366333941332,1.98187770994842,1.87771849474028,1.87882677654533,1.88015671471138,1.88026272427534,1.95388154782965,1.95587645507873,1.87898097227473,1.88047474340327,1.88077349762897,1.95759188256828,1.96149496196866,1.96315256605969,1.95600173910887,1.95928803559166,1.8842621760066,1.99071505268952,1.88696060127106,1.97458232450129,1.97684707427682,1.98512545749886,1.95706183474848,1.9816656908205,1.99486870015017,1.89215506990514,1.96450177869192,1.96492581694776,1.96503182651172,1.9678651730394,1.96881925911505,1.96780734964088,1.9744955894035,1.97001427601788,1.9902717399675,1.97712655403635,1.97796499331495,1.98408463632542,1.98437375331804,1.98215718970795,1.98063450688015,2.00020772728057,1.90034671802939,1.98472069370919,1.90008651273603,1.98776605936479,1.98414245972395,1.98175242591828,1.98820937208681,1.98192589611385,1.99834774129471,1.90114660837564,1.99291234183344,1.9014839115337,1.90085749138302,1.89906496602877,1.90094422648081,1.90082857968376,1.90225489018069,1.90388358257245,1.98817082315446,1.99018500486972,2.00110398995769,1.84393035553601,2.02406951640486,1.84446040335582,2.01666812139377,2.01787277552969,1.89263693155951,1.89155756145372,1.89026617222002,1.84285098543023,1.8431015534905,1.84447004058891,1.84579034152187,1.90781557367209,1.84754431794377,1.84527956816824,1.84585780215349,1.84429657039333,2.01336255044481,1.8505704091332,2.02816534046698,1.84816110086136,2.01381550039991,1.84819964979371,1.84892244227526,1.84544340113073,1.85002108684722,1.89598105144082,1.8482092870268,1.89533535682397,1.84586743938657,2.01208079844419,1.84681188822913,1.93066545332221,1.92826578228346,1.8479779934327,1.93245797867646,1.89377412506382,1.84445076612273,1.84669624143209,1.84519283307046,1.8437857970397,1.83849495607475,1.77639262605983,1.77592040163855,1.77406041565269,1.77062956067359,1.86446729924517,1.76808533113853,1.76421116343741,1.87628254701027,1.9673351252196,1.87443219825749,1.87154102833129,1.75763857047184,1.75711815988512,1.8757235874912,1.88145774117818,1.88034945937313,1.87508753010743,1.87290951542969,1.74977458827255,1.74784714165508,1.79724759846087,1.79763308778436,1.79700666763368,1.7479146022867,1.74564985251117,1.74397297395397,1.74430063987894,1.87651384060436,1.84407491403233,1.74139019548656,1.74380914099148,1.92060418197901,1.87010508060127,1.86774395849487,1.87280350586573,1.86772468402869,1.74155402844904,1.86647184372734,1.74115890189246,1.79022205554018,1.74072522640353,1.7894510768932,1.74076377533588,1.73932782760586
1.75098887964156,1.75433299952287,1.75064193925042,1.74795315121904,1.75371621660528,1.74949510851302,1.7499673329343,1.99293161629961,1.9937796928113,1.74663285028608,1.74774113209112,1.74506198129284,1.74697015344413,1.91536152717949,1.74477286430022,1.83901536666146,1.74283578044966,1.74459939410465,1.74362603356282,1.74328873040476,1.84408455126541,1.74248884005851,1.9905030335616,1.84223420251264,1.84308227902433,1.74040719771165,1.79146525860845,1.740667403005,1.74361639632973,1.73911580847794,1.73995424775654,1.73674504913845,1.84220529081338,1.74048429557634,1.83713610620943,1.73873031915445,1.73886524041767,1.84205109508398,1.73932782760586,1.73825809473317,1.73632101088261,1.73837374153021,1.740445746644,1.73997352222271,1.91469655809646,1.74222863476516,1.74450302177377,1.80763653572904,1.88038800830548,1.81015185356483,1.80898574836127,1.88357793245739,1.96219847998404,1.88289368890819,1.88728826719603,1.88082168379441,1.88476331212714,1.89130699339345,1.8806000274334,1.80475500303592,1.88902296915175,1.87514535350596,1.89163465931842,1.89163465931842,1.87459603121998,1.87455748228763,1.8745767567538,1.89396686972556,1.87418163019722,1.87441292379132,1.96753750711443,1.87241801654224,1.87372868024212,1.89709897047895,1.872061438918,1.97096836209353,1.87360339621198,1.87356484727963,1.89795668422373,1.80327086914046,1.8033961531706,1.80527541362263,1.88107225185468,1.88194924006563,1.90043345312718,1.90177302852632,1.81861334421553,1.98154040679036,1.99840556469323,1.990657229291,1.88009889131286,1.87886532547768,1.87834491489096,1.95347678403998,1.8803687338393,1.95400683185979,1.97294399487644,1.95441159564945,1.95413211588992,1.95428631161932,1.95379481273186,1.95599210187578,1.95749551023741,1.95551024022141,1.96442468082722,1.95880617393729,1.97158514501112,1.97497745105787,1.97782043481864,1.88651728854904,1.97081416636413,1.97163333117656,1.97844685496932,1.96383680960889,1.98069233027867,1.98316909918212,1.97467869683216,1.96735439968577,1.97496781382478,1.97490999042626,1.96813501556585,1.89458365264315,1.9702262951458,1.96873252401726,2.00700197660715,1.97177788967287,1.99022355380207,1.89903605432951,1.98411354802468,1.97775297418703,1.98446048841583,1.98520255536355,1.98403645015998,1.977088005104,1.98611809250685,1.99487833738326,1.99359658538264,1.90416306233198,1.97475579469686,1.98253304179836,1.90017324783382,1.90184048915793,1.97907327512,1.9857807893488,1.90102132434551,1.90052018822496,1.89859274160749,1.90328607412104,1.90205250828585,1.90083821691685,1.90380648470775,1.98405572462616,1.97848540390167,1.97633630092319,1.84533739156677,1.84529884263442,1.84582889045422,1.84363160131031,1.84547231282999,1.8432557492199,1.89236708903306,1.84163669406122,1.94136278204918,1.93443361145937,2.01689941498787,2.04153218275915,1.84746722007907,1.94199883943294,1.84672515313135,1.84823819872606,2.04100213493934,1.85040657617072,1.84773706260552,2.02930253397129,2.01588750551369,1.84863332528264,1.84966450922299,1.84842130615472,1.84734193604894,2.02851228085813,1.84942357839581,2.03757127996024,2.00678032024614,1.84612764467993,1.84455677568669,1.84753468071069,2.01795951062747,1.84719737755263,2.01080868367666,2.00588405756902,2.01114598683471,2.00974858803705,2.01455756734764,2.01369021636978,1.84451822675434,1.77912960025664,1.77661428242084,1.77403150395343,1.87738119158222,1.92197266907742,1.87402743446783,1.87054839332329,1.76596513985931,1.7624668242486,1.92666600159096,1.75586531958376,1.75818789275782,1.87840273828948,1.85676715000837,1.7540053335979,1.88390559838236,1.75352347194354,1.84891280504218,1.84469169694992,1.84235948654278,1.87861475741741,1.88038800830548,1.74746165233159,1.74685450664709,1.74430063987894,1.79669827617489,1.7451679908568,1.74250811452469,1.74634373329346,1.74434882604437,1.743645308029,1.74094688276454,1.74368385696135,1.87089533371443,1.86872695626978,1.74245029112617,1.8325873321922,1.83053460154459,1.7403686487793,1.89853491820897,1.73973259139553,1.73896161274854,1.74086978489984,1.86087261130359,1.85729719782818
1.75374512830455,1.75218389654439,1.7509599679423,1.99412663320245,1.751037065807,1.91469655809646,1.74834827777563,1.99433865233037,2.00414935561329,2.02829062449712,1.74767367145951,1.74855065967046,1.74823263097858,1.74887832559543,1.74743274063233,1.74597751843614,1.74656538965447,1.74639191945889,1.74611243969936,1.74368385696135,1.74537037275163,1.99262322484082,1.9914185707049,1.74343328890108,1.74370313142752,1.74277795705114,1.74352966123195,1.83864915180414,1.74442592390907,1.83700118494621,1.74113962742628,1.74131309762186,1.74056139344104,1.83442804371188,1.84402672786689,1.74185278267475,1.83855277947327,1.73807498730451,1.73878814255297,1.73916399464338,1.74060957960648,1.74070595193735,1.84290880882876,1.7423442815622,1.99406880980392,1.74376095482605,1.74389587608927,1.81049879395598,1.88728826719603,1.88759665865482,1.81031568652732,1.80854243563925,1.80845570054146,1.88696060127106,1.89023726052076,1.89053601474646,1.87921226586882,1.88086023272676,1.87833527765787,1.88688350340636,1.87683186929625,1.87803652343216,1.8906612987766,1.87818108192847,1.89404396759026,1.87570431302502,1.87456711952072,1.87049056992477,1.97052504937151,1.96978298242379,1.87400816000165,1.89785067465977,1.79903048658203,1.7990497610482,1.87418163019722,1.87043274652624,1.80096757043259,1.8002736896503,1.87730409371753,1.87694751609329,1.87797870003364,1.90097313818007,1.80705830174379,1.99851157425719,1.88620889709024,1.89191413907796,1.97433175644102,1.89758083213332,1.97637484985554,1.84063442182014,1.97138276311629,1.95218539480628,1.96050232696066,1.96045414079523,1.9510963874674,1.95094219173801,1.87911589353795,1.95859415480937,1.95691727625217,1.95645468906397,1.96003010253938,1.88144810394509,1.95572225934933,1.95614629760518,1.97420647241088,1.9602421216673,1.95943259408797,1.88405015687867,1.97467869683216,1.9847110564761,1.97209591836475,1.96009756317099,1.96709419439241,1.96574498176018,1.97088162699574,1.99060904312556,1.8937066644322,1.97123820461998,1.97336803313228,1.97372461075651,1.99520600330823,1.96779771240779,1.97126711631924,1.9704575887399,1.98094289833894,1.99069577822335,1.99527346393984,1.99142820793799,1.97075634296561,1.98742875620673,1.90151282323296,1.9009538637139,1.97047686320608,1.9811260057676,1.9808272515419,1.90108878497712,2.00689596704319,1.98277397262554,1.98096217280512,1.99240156847981,1.90137790196974,1.90077075628524,1.97505454892257,1.98182952378298,1.90119479454108,1.90227416464686,1.90115624560873,1.90037562972865,1.90378721024158,1.90226452741378,1.90359446557983,1.99387606514217,1.90755536837873,1.99982223795707,1.84502900010797,2.01027863585685,1.84384362043823,1.84454713845361,1.89204906034118,1.89118170936332,2.02314434202847,2.01512616409979,1.84418092359629,1.84381470873897,1.84363160131031,1.8421860163472,2.01468285137777,1.84734193604894,1.84698535842471,1.84814182639519,1.84939466669655,2.03585585247069,1.85042585063689,2.04827824592029,1.84974160708769,1.90754573114565,2.02183367832859,1.84833457105694,2.01850883291345,2.01172422081996,1.85081133996039,1.84866223698191,1.84657095740195,1.84695644672544,1.84469169694992,2.01240846436916,2.0167934054239,2.01368057913669,1.84349668004708,1.8468407999284,1.84426765869407,2.01159893678982,2.01744873727384,2.01022081245833,1.84388216937058,1.84448931505508,1.77213296903522,1.77159328398233,1.87051948162403,1.87665839910067,1.8742009046634,1.769020142748,1.76708305889744,1.76264029444417,1.76088631802228,1.7578987757652,1.86114245383003,1.80445624881021,1.75331145281561,1.75524853666617,1.75230918057453,1.84431584485951,1.7508828700776,1.82199601302919,1.75158638809298,1.87820035639465,1.75136473173197,1.74862775753516,1.8798386860195,1.74792423951978,1.74506198129284,1.84060551012088,1.87594524385221,1.87482732481408,1.74588114610526,1.87746792668001,1.73949166056835,1.74315380914154,1.87227345804593,1.86992197317261,1.74264303578791,1.74378986652531,1.83383053526047,1.74168894971226,1.73996388498963,1.86114245383003,1.85799107861047,1.73883632871841,1.74114926465937,1.78793803129848
1.75399569636482,1.75615443657638,1.75123944770183,1.75131654556653,1.75122017323566,1.75292596349212,1.75346564854501,1.75061302755115,1.74854102243737,2.01065448794726,1.74839646394106,1.7506515764835,1.92036325115183,1.74763512252716,1.74806879801609,1.74711471194044,1.74801097461757,1.74534146105237,1.74404043458558,1.74502343236049,1.74407898351793,1.74549565678177,1.74367421972826,1.74419463031498,1.84179088979062,1.8435641406787,1.74474395260096,1.74193951777253,1.7425755751563,1.74399224842014,1.74431991434511,1.74087942213293,1.74172749864461,1.83634585309627,1.79126287671362,1.7908966618563,1.74283578044966,1.74039756047856,1.74113962742628,1.73959767013231,1.74040719771165,1.74378986652531,1.74361639632973,1.74418499308189,1.74200697840415,1.74481141323257,1.74575586207513,1.81187691828747,1.88103370292233,1.88702806190267,1.88743282569234,1.8073570559695,1.88086986995985,1.88127463374952,1.88724971826368,1.891808129514,1.8807542231628,1.98162714188815,1.88781831501583,1.98179097485063,1.8915768359199,1.87661985016832,1.87453820782145,1.87353593558037,1.87685114376242,1.87820999362774,1.89116243489714,1.89479567177108,1.87330464198627,1.87367085684359,1.97299218104188,1.87156030279746,1.87172413575995,1.87175304745921,1.98234029713661,1.89765792999802,1.87417199296414,1.97702054447239,1.87500079500965,1.90103096157859,1.88011816577903,1.87981941155333,1.80747270276655,1.97589298820117,1.88145774117818,1.88851219579812,1.81826640382439,1.8239716458121,1.97486180426082,1.97102618549206,1.87817144469539,1.95365025423555,1.96493545418085,1.95168425868573,1.9528503638893,1.95347678403998,1.88104334015542,1.95783281339547,1.95676308052277,1.95790027402708,1.95749551023741,1.96050232696066,1.95790991126016,1.97811918904435,1.95711002091391,1.95726421664331,1.98094289833894,1.97508346062183,1.88638236728581,1.96772061454309,1.88820380433932,1.971903173703,1.97859141346563,1.97498708829096,1.89007342755827,1.98313055024977,1.89202014864192,1.98160786742197,1.89361992933442,1.98115491746687,1.968703612318,1.99758639988081,1.97911182405235,1.96846268149082,1.98766004980083,1.99360622261573,1.97366678735799,1.97489071596008,1.97703981893856,1.97112255782293,1.90021179676617,1.89878548626924,1.99313399819445,1.96947459096499,1.98452794904744,1.98190662164768,1.97337767036537,1.97177788967287,1.98533747662678,1.98427738098717,1.90009614996912,1.98350640234018,1.97407155114766,1.90050091375879,1.90090567754846,1.90420161126433,1.90083821691685,1.90038526696174,1.90315115285781,1.90208141998512,2.00073777510037,1.97818664967596,1.99856939765572,2.00570095014036,1.84711064245484,1.84550122452925,2.01775712873264,1.84583852768731,1.89104678810009,1.94440814770478,1.93592738258791,1.93748861434806,1.84573251812335,1.84517355860428,1.84363160131031,1.84340030771621,1.84395926723528,1.84761177857538,1.84709136798867,1.84841166892164,1.84763105304156,2.02959165096391,1.84951031349359,1.93125332454054,1.84768887644008,1.84848876678633,2.01454793011455,2.01361311850508,1.8482863848915,1.84785270940257,1.84712991692102,1.84686971162766,2.01348783447494,2.02779912560966,1.84498081394254,2.02790513517363,1.84147286109874,1.84739012221438,1.84626256594315,2.0056720384411,1.84764069027465,1.8429473577611,1.84181980148988,2.01479849817482,2.01521289919758,1.84152104726418,1.77318342744174,1.77302923171234,1.77236426262932,1.87434546315971,1.87156994003055,1.76420152620433,1.76367147838452,1.76222589342142,1.75996114364589,1.80747270276655,1.80719322300702,1.75688686629102,1.8741238067987,1.75376440277072,1.75255011140171,1.86367704613201,1.7992810546423,1.85394344071378,1.74976495103947,1.87797870003364,1.74820371927932,1.74788569058743,1.95349605850616,1.74139983271964,1.87426836529501,1.74415608138263,1.87475022694938,1.87792087663512,1.87591633215295,1.74352966123195,1.74132273485494,1.74198770393797,1.87155066556437,1.74124563699025,1.74384768992383,1.74695087897796,1.74423317924733,1.7437224058937,1.86492988643336,1.86686697028392,1.74207443903576,1.74154439121595,1.86559485551639,1.86388906525993
1.85565886820333,1.84184871318915,1.80136269698917,1.85367359818733,1.7540053335979,1.75410170592878,1.75502688030516,1.75180804445399,2.03002532645284,2.00355184716188,1.75036245949088,1.75146110406284,1.74697979067722,1.74810734694844,1.84039349099296,1.84336175878386,1.83803236888655,1.74750983849703,1.74804952354992,1.74862775753516,1.74636300775963,1.74545710784942,1.7440982579841,1.74423317924733,1.83763724232997,1.84349668004708,1.83889008263133,1.79139779797684,1.84304373009198,1.8418101642568,1.74384768992383,1.74390551332236,1.79320959779726,1.79079065229234,1.82936849634102,1.79082920122469,1.79091593632247,1.7902895161718,1.7408986965991,1.74298997617906,1.74284541768275,1.74247920282543,1.74195879223871,2.00022700174674,1.74392478778853,1.74433918881129,1.74721108427132,1.80982418763987,1.88520662484916,1.80964108021121,1.88347192289343,1.88724008103059,1.88439709726982,1.88243110172,1.88107225185468,1.88189141666711,1.8809855167569,1.8783931010564,1.88374176541988,1.88041692000474,1.88041692000474,1.87936646159822,1.87864366911667,1.87749683837927,1.89314770491314,1.87486587374643,1.8751164418067,1.89585576741068,1.97507382338874,1.87268785906868,1.87306371115909,1.97783970928482,1.87166631236142,1.87228309527901,1.87204216445183,1.8009579331995,1.79947379930405,1.87638855657423,1.8774775639131,1.87578141088972,1.80531396255498,1.80755943786434,1.8084267888422,1.88233472938913,1.88449346960069,1.88628599495494,1.90141645090209,1.89557628765115,1.977088005104,1.9838726171975,1.95439232118328,1.95547169128906,1.97278979914704,1.95808338145574,1.95437304671711,1.95929767282474,1.88272021871262,1.88056147850105,1.95884472286964,1.95960606428354,1.88125535928334,1.95752442193667,1.95591500401108,1.96537876690286,1.96568715836166,1.964511415925,1.98098144727129,1.97103582272514,1.88704733636884,1.98838284228238,1.97133457695085,1.99838629022706,1.96351878091701,1.96322966392438,1.89102751363392,1.97916964745087,1.95773644106459,1.97927565701483,1.96850123042317,1.89510406322987,1.98428701822026,1.96732548798651,1.99817427109913,1.97351259162859,1.97128639078541,1.97894799108986,1.97822519860831,1.97440885430572,1.9907343271557,1.97972860696994,1.98555913298779,1.90111769667638,1.90272711460197,1.98006591012799,1.98880688053823,1.97751204335985,1.97476543192995,1.90185012639102,1.97157550777803,1.98125128979774,1.97923710808248,1.90135862750356,1.99355803645029,1.973888443719,1.90129116687195,1.90042381589409,1.90205250828585,1.90310296669238,1.90286203586519,1.90382575917393,1.90512678564072,1.98062486964706,2.00039083470923,1.8474479456129,1.84552049899543,1.84692753502618,1.89455474094389,1.89475712283873,1.84511573520576,1.94776190481918,1.84284134819714,2.01353602064038,2.0173330904768,1.84429657039333,1.84393035553601,1.84571324365718,1.8455397734616,1.84404600233306,1.84847912955325,1.84677333929678,1.84788162110183,1.84823819872606,1.85135102501328,1.92630942396673,1.92600103250793,1.84891280504218,1.85099444738905,1.84899954013996,1.8482092870268,1.84741903391364,1.84892244227526,1.84728411265041,1.84614691914611,1.84726483818424,1.8444025799573,1.845693969191,1.84496153947636,1.84554941069469,1.84678297652987,1.84452786398743,1.94336732653135,1.84372797364118,1.84268715246775,1.88953374250538,1.84350631728017,1.82482935955688,1.82348978415773,1.77291358491529,1.77282684981751,1.76751673438638,1.76535799417481,1.76219698172216,1.76463520169326,1.87559830346106,1.75885286184084,1.75533527176396,1.87036528589463,1.75584604511759,1.75546055579409,1.75427517612435,1.88033018490696,1.85399162687921,1.75025644992692,1.88435854833747,1.75140328066432,1.74940837341524,1.74772185762495,1.8808313210275,1.84057659842162,1.8552251927144,1.8533170205631,1.87661985016832,1.87578141088972,1.74475358983404,1.79331560736123,1.74454157070612,1.79159054263859,1.79170618943564,1.74519690255606,1.87015326676671,1.74427172817968,1.74274904535187,1.7433369165702,1.86452512264369,1.86462149497457,1.86259767602622,1.74099506892997,1.73928927867351,1.7440211601194,1.85869459662584
1.80374309356174,1.85515773208278,1.80342506486986,1.80350216273456,1.75278140499581,1.80105430553037,1.75508470370369,1.75093105624304,1.84543376389764,1.75082504667908,1.75068048818277,1.84643603613873,1.75131654556653,1.99502289587957,1.7503528222578,1.74770258315877,1.7491288936557,1.74986132337034,1.74835791500871,1.75087323284451,1.84275461309936,1.74704725130883,1.79424078173761,1.74709543747427,1.74754838742938,1.84514464690502,1.74486923663109,1.74764475976025,1.74149620505052,1.74116853912555,1.74353929846504,1.79134961181141,1.74439701220981,1.74556311741338,1.82957087823586,1.74410789521719,1.74264303578791,1.74224790923133,1.74320199530698,1.74396333672088,1.91837798113583,1.74331764210403,1.7434911122996,1.85185216113382,1.74706652577501,1.74587150887218,1.74815553311388,1.96152387366792,1.96425121063164,1.81392001170199,1.81201183955069,1.8867003959777,1.89070948494204,1.88243110172,1.80890865049657,1.88282622827658,1.88353938352504,1.88117826141864,1.88086023272676,1.87904843290634,1.97065997063474,1.87794015110129,1.89182740398017,1.89371630166529,1.87639819380731,1.98415209695703,1.80100611936494,1.87697642779256,1.87359375897889,1.87495260884421,1.89809160548695,1.8001194939209,1.9720573694324,1.87264931013633,1.87263967290325,1.87350702388111,1.87431655146045,1.80143015762078,1.87688969269477,1.90365228897835,1.87819071916156,1.87886532547768,1.8809084188922,1.993856790676,1.99192934405853,1.88740391399307,1.89171175718312,1.98085616324116,1.97921783361631,1.99125473774241,1.95699437411687,1.97134421418394,1.95669561989116,1.95543314235671,1.95754369640284,1.95851705694467,1.881438466712,1.8806000274334,1.88072531146354,1.88186250496785,1.88345264842726,1.88232509215604,1.96410665213533,1.95896036966669,1.965504050933,1.9783119337061,1.97572915523868,1.88732681612838,1.97508346062183,1.97064069616856,1.88747137462469,1.97391735541826,1.98100072173747,1.98032611542135,1.96498364034628,1.96518602224112,1.97812882627744,1.98134766212861,1.96772061454309,1.96894454314519,1.96921438567163,1.97077561743178,1.99084997395274,1.97100691102588,1.89944081811918,1.89790849805829,1.97406191391457,1.97184535030448,1.97267415234999,1.98468214477684,1.90013469890147,1.98294744282111,1.99340384072089,1.99155349196812,1.97497745105787,1.99120655157698,1.97527620528358,1.97512200955418,1.99592879578978,1.98985733894475,1.97429320750867,1.98496162453637,1.98190662164768,1.97461123620055,1.97217301622945,1.90162847003001,1.90319933902325,1.90425943466286,1.90167665619545,1.9065145472053,1.97765660185616,2.00012099218278,1.97877452089429,2.00869812963053,1.8479779934327,1.84963559752373,1.89521971002692,1.84383398320514,1.89365847826677,1.89280076452199,2.01190732824862,2.02101451351617,1.84368942470883,1.84507718627341,1.94163262457562,1.8439399927691,1.84414237466394,2.03370674949221,1.84530847986751,1.84589635108584,1.84670587866517,1.85157268137429,1.84975124432078,1.85065714423099,1.8489706284407,1.84909591247084,2.02825207556477,1.8451639213712,1.89703150984734,1.9215293563554,1.91988138949746,1.8471395541541,1.84392071830293,1.8472166520188,1.84347740558091,1.84544340113073,1.84681188822913,1.84575179258953,1.84377615980662,1.84494226501019,1.84286062266332,1.84373761087427,1.89199123694266,1.8909696902354,1.8416559685274,1.82546541694064,1.77386767099094,1.82156233754026,1.77410860181813,2.04392221656481,1.76596513985931,1.880445831704,1.81097101837726,1.76186931579719,1.76075139675905,1.75805297149459,1.87378650364064,1.94798356118019,1.75466066544784,1.87908698183869,1.75202006358191,1.75198151464956,1.75104670304009,1.80076518853775,1.75069012541585,1.85047403680233,1.74522581425532,1.87742937774766,1.74782786718891,1.85738393292596,1.85578415223346,1.74618953756406,1.87817144469539,1.74351038676577,1.79077137782616,1.74374168035987,1.8590318997839,1.79211095322531,1.74538964721781,1.7443295515782,1.87191688042169,1.74086014766675,1.74067704023809,1.79769091118288,1.79771982288215,1.79473228062507,1.85642020961723,1.7410528923285,1.89600996314008,1.85967759440075
1.75620262274182,1.75829390232178,1.75386077510159,1.80525613915646,1.75495941967355,1.75719525774982,1.75353310917662,1.75289705179286,1.7533210900487,1.84068260798558,1.75385113786851,1.75192369125104,1.75082504667908,1.75023717546075,1.74987096060343,1.84759250410921,1.75135509449888,1.75170203489003,1.75124908493492,1.8472166520188,1.74861812030207,1.7444837473076,1.74777968102347,1.75058411585189,1.74748092679776,1.8451639213712,1.74617026309788,1.74632445882728,1.81874826547876,1.74446447284142,1.99704671482791,1.84082716648189,1.74223827199824,1.74511980469136,1.74426209094659,1.74433918881129,1.74487887386418,1.82859751769403,1.79335415629357,1.74261412408865,1.92109568086647,1.74429100264585,1.74439701220981,1.74700870237648,1.74846392457267,1.74765439699334,1.75014080312987,1.81234914270875,1.96440540636104,1.96545586476756,1.81048915672289,1.88760629588791,1.89022762328767,1.88393451008163,1.80901466006053,1.81016149079792,1.89030472115237,1.96462706272205,1.87811362129686,1.87939537329748,1.97455341280203,1.80481282643444,1.96431867126326,1.80286610535079,1.80348288826839,1.87478877588173,1.87266858460251,1.87375759194138,1.89799523315608,1.87276495693338,1.80048570877822,1.89913242666039,1.90069365842054,1.87454784505454,1.97408118838075,1.87385396427225,1.87463458015233,1.87785341600351,1.87693787886021,1.87582959705516,1.88009889131286,1.88118789865173,1.90310296669238,1.81134687046767,1.88798214797832,1.97779152311938,1.90387394533936,1.89720498004291,1.98711072751485,1.95590536677799,1.96515711054186,1.95728349110949,1.95531749555967,1.95700401134995,1.95394900846126,1.95363097976938,1.95367916593482,1.88038800830548,1.88196851453181,1.88294187507363,1.95857488034319,1.9597120738475,1.96012647487026,1.95754369640284,1.97403300221531,1.88414652920955,1.88368394202136,1.9750352744564,1.96104201201356,1.96544622753448,1.95372735210025,1.88807852030919,1.98048031115075,1.97131530248468,1.971681517342,1.98079833984263,1.97314637677127,1.89358138040207,1.89459328987624,1.97075634296561,1.97783970928482,1.97142131204864,1.99440611296198,2.01482740987408,1.99756712541463,1.97389808095209,1.90066474672127,1.98114528023378,1.97234648642502,1.90077075628524,1.99540838520306,1.9007996679845,1.98650358183035,1.90231271357921,1.97630738922393,1.97544967547915,1.98815154868829,1.99805862430209,1.98824792101916,1.97535330314828,1.98251376733218,1.98771787319935,1.99803934983591,1.97389808095209,1.97313673953819,1.90204287105277,1.90146463706753,1.90425943466286,1.90222597848143,1.97817701244287,2.01714034581505,1.97781079758555,1.98034538988753,1.9998800613556,1.8459252627851,1.84422910976172,1.84483625544623,1.8460794585145,1.84505791180724,1.8471395541541,1.8442483842279,1.84291844606184,1.84506754904032,1.93838487702518,1.84726483818424,1.84608909574758,1.92679128562109,1.94124713525213,2.02055192632797,1.84807436576358,2.02622825661643,1.84763105304156,2.01851847014654,2.02119762094483,2.02783767454201,2.02870502551988,1.84709136798867,1.84526993093516,1.89766756723111,1.92436270288308,1.92196303184433,1.84799726789888,2.03056501150574,1.84405563956615,1.89211652097279,1.84585780215349,1.84579034152187,2.00860175729965,1.84394963000219,1.84514464690502,1.84481698098005,1.843487042814,1.84192581105385,1.89110461149862,1.92126915106204,1.77426279754752,1.8569020712716,1.86012090712277,1.77051391387654,1.76929962250754,1.76611933558871,1.76229335405303,1.81118303750518,1.88070603699736,1.76180185516557,1.76072248505979,1.75898778310407,1.87101098051148,1.75558583982423,1.75361020704132,1.75385113786851,1.80125668742521,1.79977255352975,1.79930032910847,1.79911722167981,1.74717253533897,1.8775546617778,1.74566912697734,1.74732673106837,1.74269122195335,1.74718217257206,1.74736528000072,1.74555348018029,1.87637891934114,1.79399985091043,1.74438737497672,1.74357784739739,1.79174473836799,1.74352002399886,1.79006785981079,1.74438737497672,1.7428839666151,1.74363567079591,1.79815349837108,1.80021586625177,1.79771982288215,1.74331764210403,1.74352002399886,1.73889415211693,1.83566160954706
1.75749401197553,1.75736872794539,1.75450646971845,1.75709888541894,1.75586531958376,1.75554729089188,1.75744582581009,1.75444864631992,1.7544679207861,1.75505579200443,1.75452574418462,1.7527139443642,1.85117755481771,1.75369694213911,1.75367766767293,1.84790089556801,2.00448665877135,1.84182943872297,1.75081540944599,1.75062266478424,1.74893614899395,1.74803988631683,1.74878195326456,1.74830972884328,1.74730745660219,1.74796278845213,1.74723999597058,1.84248477057291,1.82073353549475,1.74636300775963,1.74351038676577,1.74772185762495,1.79424078173761,1.79375892008324,1.79250607978189,1.83092009086809,1.7459293322707,1.74596788120305,1.79374928285016,1.74385732715692,1.74442592390907,1.74477286430022,1.91830088327113,1.74625699819567,1.7475291129632,1.7491288936557,1.75053592968646,1.96701709652771,1.96239122464578,1.88448383236761,1.88531263441312,1.88444528343526,1.88769303098569,1.81042169609128,1.88398269624706,1.88175649540388,1.88239255278765,1.97517019571962,1.88135173161421,1.88179504433623,1.87688005546168,1.87660057570215,1.8771691724543,1.87795942556747,1.87809434683069,1.8745767567538,1.96802900600189,1.90060692332275,1.87462494291924,1.89726280344144,1.87482732481408,1.90045272759335,1.79878955575484,1.87455748228763,1.87561757792724,1.87696679055947,1.87643674273966,1.87239874207606,1.87769922027411,1.90487621758045,1.90417269956507,1.8059885688711,1.81059516628685,1.88495605678889,1.97783970928482,1.81808329639573,1.89411142822187,1.82341268629304,1.99379896727747,1.95647396353015,1.98760222640231,1.95874835053876,1.96073362055476,1.95596319017652,1.95631013056766,1.95611738590592,1.88070603699736,1.88216125919355,1.88209379856194,1.88347192289343,1.96022284720113,1.96096491414886,1.95728349110949,1.96773025177618,1.8849464195558,1.98644575843182,1.95692691348525,1.9578809995609,1.9765579572842,1.96162988323188,1.9612347566753,1.98416173419012,1.97401372774913,1.9721344672971,1.89159611038607,1.89380303676308,1.97576770417103,1.9712189301538,1.89555701318498,1.99312436096136,1.98327510874608,1.99100416968214,1.97078525466487,1.97092017592809,1.97492926489243,1.97175861520669,1.9721344672971,1.90123334347343,1.97508346062183,1.98025865478974,1.98277397262554,1.98573260318336,1.99319182159297,1.97744458272823,2.00036192300996,1.98529892769443,1.98450867458127,1.98179097485063,1.98004663566182,1.98758295193613,1.97494853935861,1.98307272685125,1.99445429912742,1.97447631493733,1.97349331716242,1.90349809324896,1.90307405499311,1.90707350672437,1.90242836037626,1.9782348358414,1.99439647572889,2.01293851218896,2.00080523573198,1.90507859947528,1.84954886242594,1.84540485219838,2.01184950485009,1.84682152546222,1.91200777006509,1.84501936287489,2.00853429666804,1.844701334183,2.02140000283966,1.84177161532445,1.84372797364118,1.90043345312718,1.90158992109766,1.84563614579248,1.8472937498835,1.84562650855939,1.84802617959814,1.84941394116272,2.0284544574596,1.8482092870268,1.84421947252864,1.85132211331402,1.84843094338781,1.84791053280109,1.84683116269531,1.84466278525065,1.8973688130054,2.01494305667113,2.01417207802414,1.8941692516204,1.89411142822187,1.89411142822187,2.01772821703338,2.01090505600753,1.84129939090317,2.01766075640177,1.84377615980662,1.89038181901707,1.88884949895618,1.84193544828693,1.84402672786689,1.90701568332584,1.90570501962596,1.82128285778073,1.82547505417373,1.82479081062453,1.76171512006779,1.76392204644479,1.81259971076902,1.7610212392855,1.81030604929423,1.75601951531316,1.75662666099766,1.75707961095277,1.80643188159312,1.75470885161328,1.86891006369844,1.75110452643861,1.79795111647624,1.86061240601023,1.79824023346886,1.7489746979263,1.8776317596425,1.74631482159419,1.74572695037587,1.74536073551855,1.87788232770277,1.873054073926,1.74646901732359,1.87502970670891,1.86138338465721,1.79127251394671,1.74400188565323,1.79189893409738,1.74415608138263,1.74080232426823,1.87121336240632,1.74360675909665,1.74225754646442,1.79947379930405,1.79646698258079,1.86762831169782,1.74403079735249,1.86426491735033,1.73917363187646,1.78775492386982
1.75725308114834,1.80662462625486,1.75822644169017,1.75600987808007,1.85136066224637,1.7549979686059,1.75534490899705,1.75540273239557,1.75380295170307,2.01030754755611,1.75427517612435,1.75371621660528,1.85421328324022,1.85131247608093,1.85075351656186,1.7998111024621,1.83198982374078,1.75191405401795,1.74750983849703,1.74949510851302,1.74963966700933,1.74907107025718,1.74907107025718,1.86188452077776,2.01779567766499,1.74962039254316,1.74792423951978,1.74750983849703,1.84117410687303,1.74521617702224,1.74546674508251,1.74606425353392,1.74751947573011,1.79504067208386,1.79419259557218,1.79422150727144,1.79353726372223,1.79442388916627,1.74386696439001,1.83880334753354,1.74640155669198,1.74617990033097,1.74708580024118,1.74856993413664,1.74815553311388,1.74857957136972,1.80049534601131,1.80120850125977,1.96202500978847,1.88432963663821,1.88605470136084,1.88608361306011,1.88429108770586,1.88506206635285,1.88407906857794,1.97870706026268,1.80856171010542,1.97837939433771,1.80814730908266,1.88077349762897,1.80462008177269,1.98438339055113,1.80506339449471,1.89755192043406,1.80262517452361,1.80394547545658,1.89778321402816,1.87596451831838,1.80108321722963,1.87532846093462,1.89882403520159,1.87307334839218,1.89763865553185,1.8722927325121,1.90086712861611,1.8700087082704,1.87543447049858,1.80052425771057,1.80113140339507,1.90754573114565,1.8800699796136,1.90371974960997,1.90524243243777,1.98703362965015,1.88839654900107,1.89099860193466,1.82139850457778,1.99435792679654,2.01131945703029,1.98100072173747,1.97502563722331,1.95392973399509,1.88228654322369,1.95654142416176,1.96147568750249,1.9680964666335,1.88207452409577,1.88393451008163,1.88333700163021,1.88064821359884,1.95981808341146,1.95692691348525,1.97682779981064,1.97227902579341,1.97324274910215,1.97292472041026,1.95861342927554,1.96103237478047,1.96022284720113,1.9953023756391,1.96060833652462,1.96106128647973,1.95859415480937,1.89164429655151,1.97006246218332,1.97260669171838,1.9810489079029,1.89443909414684,1.98435447885187,1.98603135740907,1.97052504937151,1.97384989478665,1.98742875620673,1.89847709481045,1.97810955181126,1.97337767036537,1.98029720372209,1.9849423500702,1.9750352744564,1.98826719548533,1.97116110675528,1.97138276311629,1.98205118014399,1.99519636607514,1.90467383568561,1.9853953000253,1.98636866056712,1.99439647572889,1.97496781382478,1.97446667770424,1.98488452667167,1.98417137142321,1.98418100865629,1.98417137142321,1.97766623908924,1.97843721773623,1.90146463706753,1.90166701896236,1.90405705276802,1.98101035897055,1.97664469238198,1.9789961772553,1.9793720293457,1.97945876444349,1.84840203168855,1.84710100522175,1.84556868516087,1.93616831341509,1.84717810308645,1.84555904792778,1.9372284090547,1.9370742133253,1.84659023186812,1.8416559685274,1.8434099449493,1.93643815594154,2.00601897883224,2.0011714505893,1.84728411265041,1.89613524717022,1.92614559100424,1.8471395541541,1.84772742537243,1.84796835619962,1.84743830837981,1.84783343493639,1.84888389334292,1.84845021785398,1.89612560993713,1.89484385793651,1.89555701318498,2.01805588295835,2.027616018181,1.89624125673418,1.84486516714549,1.89227071670219,1.84526029370207,1.84323647475373,1.8424173099413,2.01056775284947,1.84181980148988,1.84197399721928,1.88914825318189,1.84110664624142,1.89076730834056,1.90615796958107,1.82062752593079,1.76958873950016,1.81767853260606,1.83394618205751,1.7653676314079,1.86531537575686,1.76243791254934,1.86395652589154,1.75768675663727,1.80724140917245,1.80386837759188,1.75776385450197,1.80722213470628,1.80566090294613,1.87403707170091,1.75121053600257,1.79880883022102,1.79869318342397,1.75058411585189,1.74866630646751,1.74841573840724,1.87794015110129,1.74723999597058,1.88018562641065,1.87594524385221,1.8735166611142,1.74476322706713,1.74229609539677,1.74212262520119,1.79358544988767,1.79121469054818,1.79153271924006,1.87441292379132,1.74375131759296,1.86808126165293,1.74186241990784,1.74175641034388,1.74233464432912,1.86308917491368,1.8601016326566,1.86516118002746,1.83911173899234,1.73974222862862,1.73876886808679
1.80825331864663,1.8081954952481,1.80767508466138,1.92177028718258,1.75894923417172,1.99843447639249,1.75529672283161,1.75497869413973,1.75461247928241,1.75555692812497,1.75535454623013,1.75486304734268,1.75624117167417,1.75440046015449,1.75210679867969,1.75325362941709,1.80018695455251,1.80145906932004,1.75069976264894,1.75097924240847,1.75358129534206,1.84784307216948,1.7982113217696,1.75039137119015,1.75042992012249,1.75067085094968,1.74718217257206,1.85009818471192,1.75059375308498,1.83480389580229,1.74704725130883,1.74822299374549,1.74458975687156,1.74533182381928,1.84816110086136,1.74576549930822,1.74719180980514,1.74802061185066,1.84694680949236,1.85059932083246,1.74711471194044,1.83676989135211,1.74798206291831,1.82904083041605,1.74810734694844,1.74833864054254,1.75228026887527,1.8889844202194,1.96360551601479,1.96430903403017,1.89149010082211,1.88357793245739,1.88520662484916,1.81119267473827,1.89038181901707,1.98177170038446,1.88169867200536,1.8825081995847,1.96769170284383,1.88269130701336,1.88029163597461,1.89397650695865,1.88047474340327,1.87955920625997,1.89715679387748,1.87805579789834,1.87836418935714,1.87822926809391,1.87504898117508,1.87523208860374,1.8002736896503,1.80075555130466,1.87528991200227,1.90166701896236,1.87491405991186,1.97509309785492,1.87454784505454,1.87706316289034,1.98962604535065,1.80386837759188,1.88055184126796,1.88137100608039,1.81034459822658,1.88552465354104,1.90591703875388,1.89104678810009,1.89407287928952,1.9075071822133,1.98142475999331,1.97596044883278,1.96284417460089,1.95718711877861,1.88332736439712,1.95786172509473,1.9569654624176,1.95858451757628,1.95642577736471,1.95324549044588,1.88375140265297,1.88263348361483,1.9625357831421,1.96424157339856,1.9569654624176,1.95782317616238,1.88668112151152,1.9732042001698,1.97104545995823,1.96027103336657,1.96312365436042,1.96088781628416,1.96425121063164,1.96420302446621,1.9639042702405,1.89301278364991,1.89284895068743,1.89191413907796,1.98883579223749,1.9725199566206,1.97700127000621,1.98087543770733,1.97842758050314,1.9741197373131,1.89861201607367,1.98048994838384,1.89688695135103,1.97347404269624,1.96959987499513,1.97962259740598,1.98566514255175,1.98796844125963,1.9744184915388,1.97471724576451,1.98687943392075,2.00438064920739,1.98377624486663,1.98434484161878,1.98541457449148,1.90135862750356,1.9764808594195,1.97536294038136,1.98895143903454,1.9765579572842,1.98544348619074,1.97604718393057,1.97912146128543,1.97783007205173,1.90334389751956,1.90249582100787,1.98079833984263,1.98388225443059,1.99386642790909,2.00238574195831,2.00215444836421,1.99731655735436,1.84902845183923,1.8472166520188,1.84711064245484,2.02452246635996,1.94030268640957,1.84404600233306,1.84559759686013,1.84416164913011,1.8446242363183,1.84589635108584,1.84628184040933,2.0285315553243,2.0089486976908,1.90035635526248,1.89457401541007,1.89607742377169,1.84811291469593,1.84732266158276,1.92608776760572,1.84481698098005,2.02088922948603,1.84666732973282,2.02895559358015,1.84981870495239,1.84758286687612,1.89718570557674,1.84679261376296,2.02972657222714,2.03388985692087,1.84402672786689,1.8926465687926,1.89414033992114,1.89086368067143,1.84260041736996,1.84267751523466,2.00906434448785,1.83953577724818,1.84214746741485,1.89011197649062,1.88946628187377,1.88953374250538,1.77729852597004,1.77272084025355,1.7681046056047,1.82015530150951,1.76557001330273,1.76684212807026,1.86564304168183,1.87138683260189,1.7608670435561,1.75935399796139,1.80668244965339,1.75731090454687,1.75733017901304,1.75479558671107,1.75350419747736,1.75167312319076,1.75064193925042,1.83218256840253,1.79936778974008,1.74918671705423,1.87690896716094,1.74871449263295,1.74748092679776,1.7462377237295,1.74522581425532,1.88040728277165,1.74423317924733,1.88243110172,1.88047474340327,1.74347183783342,1.7432598187055,1.74355857293121,1.74269122195335,1.8771691724543,1.74076377533588,1.74435846327746,1.74086978489984,1.74122636252407,1.74290324108127,1.85445421406741,1.74378986652531,1.86431310351577,1.86560449274948,1.74327909317168,1.74073486363662
1.81812184532808,1.82055042806609,1.81811220809499,1.7623897263839,1.75846737251735,1.75910342990111,1.75813970659238,1.75846737251735,1.7551521643353,1.75860229378057,1.85256531638229,2.00134492078487,1.75432336228979,1.75280067946198,1.75521962496691,1.75385113786851,1.80229750859864,1.84788162110183,1.75404388253025,1.75390896126703,1.75413061762804,1.75259829756715,1.75120089876948,1.75281031669507,1.74794351398596,1.75011189143061,1.74848319903885,1.85243039511906,1.74822299374549,1.75005406803209,1.74898433515939,1.74630518436111,1.92717677494459,1.84758286687612,1.84857550188412,1.74703761407575,1.74763512252716,1.74843501287341,1.74730745660219,1.74828081714401,1.85706590423408,1.84739975944746,1.83005273989022,1.74908070749027,1.74931200108436,1.75151892746137,1.91811777584248,1.81392964893508,1.96766279114457,1.89062274984425,1.89372593889838,1.89098896470157,1.9671038316255,1.88743282569234,1.88629563218803,1.88203597516342,1.88232509215604,1.88088914442602,1.88071567423045,1.88059039020031,1.97695308384078,1.89541245468867,1.89697368644882,1.89897823093099,1.87750647561236,1.90026962016469,1.87458639398689,1.87547301943093,1.89950827875079,1.87514535350596,1.80172891184649,1.87369013130977,1.97676997641212,1.87493333437804,1.97795535608186,1.80252880219274,1.8011121289289,1.80377200526101,1.87811362129686,1.80550670721673,1.88197815176489,1.90787339707062,1.88446455790143,1.88524517378151,1.9882190093199,1.89357174316898,1.90479911971575,1.99001153467414,1.981280201497,1.84460496185213,1.97530511698284,1.88192996559946,1.95813156762117,1.97473652023069,1.957119658147,1.95759188256828,1.963297124556,1.96000119084012,1.88458984193157,1.95557770085302,1.95929767282474,1.96541731583521,1.88474403766096,1.9589507324336,1.96159133429953,1.97270306404925,1.96800009430263,1.98110673130143,1.96084926735181,1.96179371619437,1.96301764479646,1.96538840413595,1.96442468082722,1.97458232450129,1.97175861520669,1.96262251823988,1.9670267337608,1.974881078727,1.97469797129834,1.98014300799269,1.89481494623725,1.97824447307448,1.97464014789981,1.89868911393837,1.97474615746377,1.97912146128543,1.97146949821407,1.90126225517269,1.98358350020488,1.97604718393057,1.99048375909543,1.9749581765917,1.99722982225657,1.90192722425572,1.98739020727438,1.98737093280821,1.99622755001549,1.99669013720368,1.9752569308174,1.97761805292381,1.9020910572182,1.97728074976575,1.9946952299546,1.98017191969195,1.97817701244287,1.90373902407614,1.90439435592608,1.97992135163168,1.97855286453328,1.90477984524958,1.99762494881316,1.90520388350542,1.97895762832295,1.98065378134632,1.85008854747883,2.01472140031012,1.84771778813935,1.84718774031954,1.84407491403233,1.89487276963577,1.92738879407251,1.84742867114672,1.84659023186812,1.84481698098005,2.03297431977757,1.8440170906338,1.84450858952126,1.84506754904032,1.89467038774094,1.84873933484661,1.84808400299667,1.84922119650097,1.92749480363647,1.84425802146099,1.84732266158276,1.84697572119162,2.02086995501986,1.84891280504218,2.01895214563547,1.84537594049912,1.84747685731216,2.03094086359614,2.023202165427,1.92577937614692,1.89323444001092,1.84439294272421,1.89308024428153,1.84167524299357,1.84390144383675,1.8408175292488,1.84126084197082,1.84084644094806,1.89120098382949,1.88993850629505,1.8398248942408,1.77234498816314,1.77158364674924,1.76840335983041,1.76865392789068,1.76677466743865,1.7647508484903,1.76355583158747,1.75951783092387,1.76175366900014,1.76101160205241,1.75781204066741,1.7565977492984,1.80465863070504,1.75442937185375,1.75171167212311,1.87226382081284,1.74961075531007,1.83186453971065,1.79971473013123,1.79742106865644,1.74940837341524,1.74740382893307,1.79722832399469,1.79588874859555,1.74675813431621,1.87586814598751,1.74348147506651,1.74435846327746,1.74552456848103,1.74176604757696,1.87088569648135,1.87139646983498,1.74221899753207,1.74316344637463,1.74241174219382,1.74281650598348,1.74129382315568,1.74079268703514,1.74331764210403,1.74169858694535,1.74096615723071,1.74048429557634,1.74119745082481,1.86228928456743,1.8606316804764
1.7635365571213,1.75837100018648,1.76054901486422,1.76140672860899,1.76141636584208,1.80722213470628,1.80797383888709,1.80715467407467,1.75734945347922,1.75433299952287,1.75786022683285,1.85261350254772,1.80455262114108,1.7556051142904,1.85069569316334,2.02049410292945,1.8441712863632,1.75169239765694,1.84746722007907,1.75360056980823,1.75404388253025,1.75479558671107,1.75344637407884,1.75207788698043,1.752029700815,1.75137436896506,1.75085395837834,1.75046846905484,1.7517984072209,1.75069976264894,1.84549158729617,1.84978015602004,2.01780531489808,1.74904215855792,2.02181440386242,1.7493601872498,1.7492059915204,1.74978422550564,1.74787605335435,1.74806879801609,1.74792423951978,1.84756359240995,1.75126835940109,1.75091178177686,1.79795111647624,1.75230918057453,1.92148117018996,1.81453679461958,1.89028544668619,1.88887841065544,1.88522589931533,1.88061930189958,1.96913728780693,1.89150937528829,1.89108533703244,1.89367775273294,1.8835008345927,1.89574975784672,1.88056147850105,1.89419816331966,1.89667493222311,1.87948210839527,1.89730135237379,1.89821688951709,1.98089471217351,1.87993505835037,1.87649456613819,1.87683186929625,1.87517426520522,1.90054909992423,1.80068809067305,1.87430691422736,1.99122582604315,1.8739696110693,1.80167108844796,1.87416235573105,1.8748080503479,1.87459603121998,1.87822926809391,1.90441363039226,1.90500150161058,1.88210343579503,1.88554392800721,1.90753609391256,1.9070445950251,1.90769028964196,1.89527753342544,1.90959846179325,1.99872359338511,1.84421947252864,1.95668598265807,1.95758224533519,1.95738950067345,1.88349119735961,1.96749895818208,1.95880617393729,1.88429108770586,1.8822769059906,1.88504279188667,1.96041559186288,1.96101310031429,1.95903746753139,1.96437649466178,1.97398481604987,1.97048650043916,1.96114802157752,1.96720984118946,1.9612347566753,1.97817701244287,1.97770478802159,1.88909042978336,1.88965902653552,1.97700127000621,1.97557495950929,1.97728074976575,1.89440054521449,1.96716165502403,1.97467869683216,1.96850123042317,1.89870838840454,1.89743627363701,1.9799888122633,1.98781424553023,1.97964187187215,1.9799888122633,1.90138753920283,1.97461123620055,1.97802281671348,1.90123334347343,1.99181369726148,1.90076111905215,1.99875250508438,1.90349809324896,1.97818664967596,1.9872263743119,1.99495543524796,1.98498089900255,1.98788170616184,1.98491343837093,1.98406536185925,1.97825411030757,1.99541802243615,1.97922747084939,1.97883234429281,1.9773192986981,1.90402814106876,1.97865887409724,1.97824447307448,1.9796804208045,1.98337148107696,1.97917928468396,1.99838629022706,1.97904436342073,1.98018155692504,1.84942357839581,1.84993435174944,1.85031984107293,1.84746722007907,1.84217637911412,1.89603887483934,1.89735917577231,1.84364123854339,1.84564578302556,1.84399781616763,2.01540564385933,1.84549158729617,2.01828717655244,1.84719737755263,1.84700463289088,1.8962990801327,1.85076315379495,1.89556665041806,1.89732062683996,1.8449326277771,1.84544340113073,2.02299978353216,2.02172766876463,1.85031984107293,1.84809364022975,2.02622825661643,1.84691789779309,1.84746722007907,1.84619510531154,1.84512537243885,1.89441018244758,1.84457605015287,1.84364123854339,1.84194508552002,1.8427257014001,1.84087535264732,1.84072115691793,1.84118374410612,1.84050913779,1.83575798187794,1.84052841225618,1.77385803375786,1.77008023838761,1.77073557023755,1.76710233336362,1.76692886316805,1.76401841877567,1.76362329221908,1.76107906268402,1.75999969257824,1.86491061196719,1.86518045449363,1.75713743435129,1.7533210900487,1.81716775925243,1.75432336228979,1.7524826507701,1.87025927633067,1.75076722328055,1.82421257663929,1.82099374078811,1.74909034472335,1.86005344649116,1.79706449103221,1.74848319903885,1.87704388842417,1.74396333672088,1.74510053022519,1.74680632048165,1.87174341022612,1.87034601142846,1.74216117413354,1.74390551332236,1.74420426754806,1.74194915500562,1.84094281327893,1.74413680691645,1.74387660162309,1.74380914099148,1.79110868098422,1.85853076366336,1.91384848158478,1.74258521238939,1.86487206303484,1.74112035296011,1.86201944204098
1.76265956891035,1.76131035627812,1.76122362118033,1.85349049075867,1.80871590583482,1.80997838336926,1.76101160205241,1.98727456047734,1.75968166388636,1.7577445800358,1.85223765045732,1.75581713341833,1.75738800241157,1.75458356758315,1.75496905690664,1.75413061762804,1.75501724307208,1.7565977492984,1.850878800592,1.75441009738757,1.75535454623013,1.75681940565941,1.75165384872459,1.75477631224489,1.8517172398706,1.8527098748786,2.02852191809122,1.8483634827562,1.75189477955177,1.75274285606346,1.74769294592569,1.85030056660676,1.7489746979263,1.74939873618215,1.75030463609236,1.75110452643861,1.92589502294397,2.01467321414469,1.74913853088879,1.74839646394106,1.7487530415653,1.74956256914463,1.75095033070921,1.75133582003271,1.75328254111635,1.75380295170307,2.01552129065637,1.88856038196356,1.96998536431862,1.81543305729671,1.8916539337846,1.89367775273294,1.81321649368661,1.97492926489243,1.97155623331186,1.81053734288833,1.88338518779565,1.89783140019359,1.80762689849595,1.87988687218494,1.88040728277165,1.87778595537189,1.80412858288524,1.87927008926735,1.88054220403488,1.87797870003364,1.89809160548695,1.87439364932514,1.90158028386457,1.87474058971629,1.87517426520522,1.87554048006254,1.87472131525011,1.87384432703917,1.87547301943093,1.87456711952072,1.87554048006254,1.90400886660259,1.87717880968739,1.80699084111218,1.80833041651132,1.88166012307301,1.90833598425881,1.88685459170709,1.88710515976737,1.81853624635083,1.82306574590189,1.90743972158169,2.02684503953402,1.97734821039736,1.95819902825279,1.98125128979774,1.88483077275875,1.96827957406216,1.88394414731471,1.97412937454618,1.884638028097,1.88518735038298,1.88493678232271,1.88493678232271,1.88682568000783,1.88444528343526,1.95661852202646,1.97841794327006,1.9602421216673,1.96195754915685,1.97758914122454,1.96153351090101,1.88698951297032,1.89030472115237,1.96433794572943,1.98424846928791,1.97447631493733,1.9805959579478,1.97304036720731,1.96976370795761,1.89444873137993,1.98106818236908,1.96755678158061,1.97412937454618,1.89918061282582,1.8983614480134,1.89850600650971,1.97321383740288,1.97339694483154,1.98154040679036,1.98070196751176,1.97575806693795,1.97615319349453,1.97582552756956,1.90160919556384,1.97407155114766,1.99378933004439,1.9030065943615,1.97745421996132,1.99269068547243,1.97734821039736,1.98906708583158,1.97717474020179,1.99053194526086,1.97796499331495,1.90364265174527,1.98466287031066,1.98385334273132,1.90342099538426,1.97705909340474,1.97865887409724,1.90425943466286,1.98385334273132,1.98278360985863,1.98866232204192,1.99520600330823,1.98115491746687,1.90598449938549,1.84748649454525,1.89758083213332,1.84661914356739,1.84418092359629,1.84371833640809,1.89777357679507,1.89733990130614,1.84418092359629,1.84238839824204,1.9406592640338,1.84482661821314,1.84633002657477,1.84404600233306,1.84731302434968,1.90014433613456,1.93839451425827,1.84611800744684,1.92692620688432,1.84642639890564,1.84887425610983,1.84591562555201,2.03815915117857,2.01423953865576,2.02174694323081,1.85010782194501,1.84657095740195,1.8440941884985,1.90479911971575,1.84486516714549,1.84457605015287,1.84322683752064,1.84420019806246,1.84366051300957,1.84288953436258,2.01544419279168,2.03705086937352,2.0110014283384,2.01018226352598,1.84321720028755,1.83817692738286,1.83757941893145,1.7678829492437,1.77021515965084,1.76712160782979,1.767805851379,1.76317034226398,1.76389313474553,1.87108807837618,1.76222589342142,1.88424290154042,1.75767711940419,1.75706997371968,1.75520035050074,1.86813908505145,1.75438118568831,1.75257902310098,1.75301269858991,1.84579034152187,1.75133582003271,1.74932163831745,1.79672718787415,1.74902288409174,1.84481698098005,1.74888796282852,1.74438737497672,1.74662321305299,1.74405007181867,1.74642083115816,1.74429100264585,1.74411753245028,1.74236355602838,1.74201661563723,1.74363567079591,1.86846675097642,1.83968997297758,1.86899679879623,1.74568840144352,1.74527400042076,1.74240210496073,1.85410727367626,1.79167727773638,1.86380233016214,1.86044857304774,1.86387942802684,1.86126773786017,1.86530573852377
1.76317997949707,2.01455756734764,1.76507851441527,2.02697996079724,1.81163598746029,1.76368111561761,1.83941049321805,1.83923702302247,1.75999005534515,2.01323726641467,1.75745546304318,1.75745546304318,2.02011825083904,1.75465102821476,1.75460284204932,1.75672303332854,1.75518107603456,1.7550750664706,1.75689650352411,2.00206771326643,1.75607733871169,1.75669412162928,1.80169036291414,1.75475703777872,1.7550750664706,1.75133582003271,1.75100815410774,2.00158585161206,1.84733229881585,1.75194296571721,1.75075758604746,1.74936982448289,1.84700463289088,1.75184659338634,1.75137436896506,1.84698535842471,1.74952402021228,1.75032391055853,1.75077686051364,1.75208752421352,1.85974505503236,1.75031427332545,1.75249228800319,1.75171167212311,1.75210679867969,1.75402460806408,1.75247301353701,1.96549441369991,1.97052504937151,1.96990826645392,1.813149033055,1.97012992281493,1.88611252475937,1.81247442673889,1.89263693155951,1.89784103742668,1.89628944289962,1.88697987573723,1.89824580121635,1.96871324955109,1.88110116355394,1.88053256680179,1.87866294358284,1.80557416784834,1.87935682436513,1.87856657125197,1.87733300541679,1.87708243735652,1.80473572856974,1.87597415555147,1.87505861840817,1.87366121961051,1.87483696204716,1.87708243735652,1.87668731079994,1.87481768758099,1.87846056168801,1.90470274738488,1.88011816577903,1.87896169780855,1.88186250496785,1.88281659104349,1.98072124197793,1.90738189818316,1.8908925923707,1.89385122292851,1.89624125673418,1.90761319177726,1.98110673130143,1.96080108118637,1.95886399733581,1.95728349110949,1.9774734944275,1.98409427355851,1.96767242837766,1.96034813123127,1.96033849399818,1.88356829522431,1.88598724072923,1.88400197071324,1.88400197071324,1.88361648138974,1.95861342927554,1.97334875866611,1.97770478802159,1.96211174488625,1.88678713107548,1.96231412678109,1.96366333941332,1.96636176467777,1.98781424553023,1.89054565197955,1.98428701822026,1.97134421418394,1.97809991457817,1.98755404023687,1.96988899198775,1.98118382916613,1.97007209941641,1.968703612318,1.8972917151407,1.8972917151407,1.99052230802777,1.98740948174056,1.97759877845763,1.90145499983444,1.99279669503639,1.99132219837402,1.98716855091337,1.98493271283711,1.98097181003821,1.9749581765917,1.98991516234327,1.98367023530266,1.98764077533466,1.98908636029776,1.9939338885407,1.97887089322516,1.98004663566182,1.97955513677436,1.9821957386403,1.9881419114552,1.97485216702773,1.90366192621144,1.90513642287381,1.9782348358414,1.97671215301359,1.97805172841274,1.90496295267824,1.98734202110895,1.98267760029467,1.90530025583629,1.98790098062801,1.98327510874608,1.93353734878224,2.00739710316373,2.00580695970432,1.84665769249974,1.84598308618362,1.84403636509998,1.8998841308412,1.84250404503909,1.84159814512887,1.84238839824204,1.84354486621252,1.93414449446675,1.93193756808974,1.901406813669,1.90371011237688,1.90177302852632,1.84556868516087,1.8472166520188,2.02531271947313,1.84715882862028,1.84675406483061,1.8485947763503,1.84687934886075,2.02361656644975,1.84739012221438,1.8475250434776,1.84564578302556,2.02422371213426,2.01020153799215,2.01148328999277,1.84320756305446,1.84287989712949,2.0210626996816,1.92387120399563,1.84295699499419,1.84075006861719,2.01927981156044,2.01022081245833,1.84019110909812,1.84152104726418,1.83805164335273,1.77065847237285,1.77044645324493,1.76423043790359,1.76527125907702,1.76197532536115,1.76332453799338,1.76157056157148,1.76152237540604,1.75902633203642,1.75864084271292,1.86755121383312,1.75564366322275,1.75731090454687,1.87216744848197,1.75384150063542,1.75141291789741,1.86877514243522,1.87193615488787,1.75101779134082,1.75015044036296,1.7944817125648,1.79692956976898,1.74675813431621,1.87169522406069,1.79427933066996,1.74468612920243,1.74222863476516,1.85732610952744,1.74392478778853,1.74275868258496,1.7440982579841,1.74201661563723,1.74090833383219,1.73958803289922,1.74325018147242,1.86864985840508,1.86806198718675,1.74139019548656,1.7934890775568,1.84910554970392,1.79101230865335,1.8641396333202,1.86171105058219,1.86130628679252,1.74154439121595
1.84834420829002,1.76752637161946,1.7659747770924,1.76748782268711,1.8425715056707,1.81202147678378,1.76399914430949,1.843487042814,1.76229335405303,1.76075139675905,1.76083813185684,1.75786022683285,1.85671896384294,1.75935399796139,1.85771159885093,1.75685795459176,1.75679049396015,1.80483210090061,1.75724344391526,1.75593278021537,1.75749401197553,1.85412654814244,1.85110045695301,1.7524826507701,1.85257495361537,1.75151892746137,1.75206824974735,1.85006927301266,1.84971269538843,1.8376950657285,1.74782786718891,1.75041064565632,1.84794908173344,1.75202006358191,1.75323435495092,1.85173651433677,1.85214127812644,1.85889697852068,1.7994352503717,1.85163050477281,1.75266575819876,1.75268503266494,1.74945655958067,1.92217505097225,1.75395714743247,1.75404388253025,1.75307052198843,1.96868433785183,1.88940845847524,1.88811706924154,1.89030472115237,1.97092017592809,1.97026484407815,1.8879146873467,1.89767720446419,1.97813846351052,1.81013257909866,1.88425253877351,1.80747270276655,1.89733990130614,1.88453201853304,1.8072799581048,1.881438466712,1.99510963097736,1.88025308704226,1.80390692652423,1.87681259483007,1.99090779735127,1.90126225517269,1.87528027476918,1.90525206967086,1.87506825564126,1.9048376686481,1.87675477143155,1.90722770245376,1.87970376475628,1.87700533949182,1.90639890040825,1.87741974051457,1.87933754989896,1.88301897293833,1.88380922605149,1.88412725474337,1.90869256188304,1.89145155188976,1.98099108450438,1.89447764307919,1.9106296457336,1.98400753846072,1.97286689701174,1.88443564620217,1.96669906783583,1.97424502134323,1.95740877513962,1.96386572130815,1.95852669417776,1.96127330560765,1.96122511944221,1.88766411928643,1.88541864397708,1.88428145047277,1.88448383236761,1.96204428425464,1.97014919728111,1.96829884852833,1.98342930447548,1.96800973153571,1.97865887409724,1.96678580293362,1.88893623405396,1.96762424221222,1.98174278868519,1.9837184214681,1.89117207213023,1.89363920380059,1.98452794904744,1.89727244067453,1.97501599999022,1.97165260564273,1.97093945039427,1.98830574441768,1.98741911897365,1.89968174894636,1.98263905136232,1.98944293792199,1.90112733390947,1.90118515730799,1.99683469569999,1.98515436919812,1.99411699596936,1.9777722486532,1.97610500732909,1.9949265235487,1.90176339129323,1.98134766212861,1.99811644770061,1.98721673707881,1.97703018170548,1.99138002177255,1.98080797707572,1.97779152311938,1.98275469815937,1.90490512927971,1.99101380691523,1.9765579572842,1.98140548552714,1.97788789545025,1.90534844200173,1.98208972907634,1.98038393881988,1.98715891368029,1.98055740901545,1.99922472950566,1.99483015121782,1.84992471451635,1.93180264682652,1.84790089556801,1.84659023186812,1.84435439379186,1.84413273743085,1.84266787800157,1.84654204570269,1.84300518115963,1.93948352159714,2.01853774461272,1.84534702879986,1.84595417448436,1.90037562972865,1.90111769667638,1.90081894245067,1.90028889463087,1.84659986910121,1.84644567337181,2.01859556801124,1.84787198386874,1.844701334183,2.02589095345837,2.03253100705556,2.02521634714225,1.89520043556074,1.93919440460452,2.01432627375354,1.84539521496529,2.01080868367666,1.84434475655877,1.84111628347451,1.92661781542552,1.92548062192121,1.84154995896344,1.83780107529246,2.02776057667731,1.84039349099296,2.00723327020125,1.84118374410612,1.83979598254154,1.77090904043312,1.87063512842108,1.76711197059671,1.87659093846906,1.76455810382856,1.81021931419645,1.80862917073703,1.80785819209004,1.82517629994802,1.86743556703607,1.86545029702008,1.75523889943309,1.75551837919262,1.93596593152026,1.75558583982423,1.75358129534206,1.86821618291615,1.86560449274948,1.74924454045275,1.7476062108279,1.75039137119015,1.74802061185066,1.87379614087373,1.8733624653848,1.7453221865862,1.74442592390907,1.74482105046565,1.74453193347303,1.7473749172338,1.74474395260096,1.74212262520119,1.74213226243428,1.87436473762588,1.86387942802684,1.87447074718984,1.74162148908065,1.74377059205913,1.74241174219382,1.79106049481878,1.85334593226236,1.74400188565323,1.86731992023903,1.86364813443274,1.86041002411539,1.7415058422836
1.84987652835091,1.7675745577849,1.76773839074738,1.76451955489621,1.7634594592566,1.83139231528937,1.818333864456,1.76112724884946,1.81069153861773,1.76198496259423,1.76054901486422,1.7610212392855,1.75830353955486,1.75913234160038,1.75878540120923,1.75908415543494,1.75760002153949,1.75563402598967,1.84082716648189,1.8493561177642,1.75776385450197,1.75740727687774,1.80398402438893,1.8199336451485,1.75529672283161,1.75481486117724,1.75396678466555,1.84757322964303,1.84651313400343,1.80214331286924,1.75226099440909,1.75256938586789,1.84593490001818,1.75485341010959,1.75277176776272,1.75222244547674,1.80163253951561,1.75225135717601,1.75390896126703,1.75396678466555,1.75151892746137,1.75255011140171,1.75269466989802,1.75432336228979,2.00196170370246,1.75396678466555,1.75563402598967,1.89441018244758,1.81670517206424,1.89361029210133,1.89048782858103,1.89708933324587,1.88931208614437,1.88853147026429,1.89090222960378,1.88436818557056,1.88493678232271,1.9911872771108,1.8101036673994,1.88339482502873,1.97649049665259,1.88215162196047,1.90089604031537,1.88050365510253,1.88022417534299,1.90279457523358,1.97851431560093,1.9041534250989,1.90451000272313,1.87692824162712,1.90226452741378,1.90422088573051,1.87598379278456,1.90604232278402,1.87819071916156,1.90797940663458,1.90764210347652,1.87687041822859,1.90737226095007,1.80707757620997,1.80792565272166,1.98397862676146,2.00174004734146,1.88747137462469,1.89331153787562,1.89391868356013,1.91116933078649,1.91129461481663,2.01379622593374,1.98683124775532,1.9730500044404,1.88470548872861,1.96035776846435,1.95913383986226,1.95810265592191,1.95733167727492,1.96121548220913,1.96208283318699,1.96107092371282,1.88430072493895,1.88348156012652,1.9705346866046,1.96004937700556,1.95889290903508,1.95949041748649,1.88765448205335,1.97356077779403,1.88950483080612,1.9750352744564,1.89043964241559,1.89128771892728,1.98801662742506,1.9837184214681,1.9714502237479,1.98438339055113,1.97714582850253,1.8975230087348,1.98415209695703,1.97082380359722,1.97196099710153,1.97012992281493,1.97502563722331,2.00099798039373,2.00072813786728,1.89689658858412,1.99127401220859,1.99490724908252,1.973888443719,1.98334256937769,1.97709764233709,1.90317042732399,1.90341135815117,1.97566169460707,1.97412937454618,1.97407155114766,1.97945876444349,1.97901545172147,1.90453891442239,1.90469311015179,1.90390285703863,1.99115836541154,1.97773369972085,1.97797463054804,2.00092088252903,1.98273542369319,1.98060559518089,1.98363168637032,1.98270651199393,1.98231138543735,1.9844026650173,1.98481706604006,1.98459540967905,1.98636866056712,1.90580139195684,1.85105227078757,2.01097251663914,1.84967414645608,1.94024486301104,1.84686007439457,1.8463011148755,1.84405563956615,1.89183704121326,1.84408455126541,1.84396890446836,1.8434099449493,1.84733229881585,1.84510609797267,1.84448931505508,1.90118515730799,1.90158992109766,1.84826711042532,1.84748649454525,1.84819964979371,1.84775633707169,1.89786994912594,1.84825747319224,1.84612764467993,1.84832493382385,2.0222866282837,2.02490795568346,1.94163262457562,1.92385192952945,1.89353319423663,1.84551086176234,1.84231130037734,2.01819080422157,1.84037421652678,1.84019110909812,1.93137860857068,1.83866842627032,1.83731921363809,2.01028827308994,2.01482740987408,1.83699154771312,1.83612419673526,1.87045202099242,1.86853421160803,1.7652134356785,1.76478939742265,1.76540618034024,1.76203314875967,1.76042373083408,1.80748233999964,1.86998943380422,1.8055259816829,1.86760903723165,1.86570086508035,1.86381196739523,1.7547666750118,1.75007334249826,1.75396678466555,1.75073831158129,1.8680234382544,1.74945655958067,1.86434201521503,1.86633692246412,1.86799452655514,1.8421860163472,1.87408525786635,1.87219636018123,1.74559202911264,1.97399445328296,1.86760903723165,1.74377059205913,1.92065236814445,1.74100470616306,1.84763105304156,1.74488851109727,1.74250811452469,1.74313453467537,1.87198434105331,1.79076174059308,1.79038588850267,1.74391515055544,1.85032947830602,1.74438737497672,1.74211298796811,1.7444837473076,1.86213508883803,1.74221899753207
1.76557965053582,1.76572420903213,1.76811424283779,1.76785403754443,1.76464483892634,1.76305469546693,1.76473157402413,1.81372726704024,1.81344778728071,1.7641437028058,1.76133926797738,1.76167657113544,1.76052010316496,1.76140672860899,1.76114652331563,1.75761929600566,1.75857338208131,1.75658811206532,1.75761929600566,1.75723380668217,1.75802405979533,1.80439842541168,1.75844809805117,1.75467993991402,1.75438118568831,1.75394751019938,1.754236627192,1.75480522394415,1.85297971740504,1.80440806264477,1.80999765783544,1.81037350992584,1.85100408462213,1.75437154845522,1.75479558671107,1.85437711620271,1.75157675085989,1.80192165650823,1.80117958956051,1.75508470370369,1.75412098039495,1.75429445059052,1.75416916656039,1.8034732510353,1.99930182737036,1.75473776331254,1.75801442256224,1.8178038166362,1.97978643036846,1.89707005877969,1.97087198976266,1.97703018170548,1.88861820536208,1.88967830100169,1.89657855989224,1.98752512853761,1.8132261309197,1.97209591836475,1.88371285372062,1.88183359326858,1.88123608481717,1.88173722093771,1.88073494869662,1.80713539960849,1.90310296669238,1.80527541362263,1.98267760029467,1.98589643614584,1.87810398406378,1.87693787886021,1.9073529864839,1.90816251406324,1.90709278119054,1.80204694053837,1.80115067786125,1.87825817979317,1.87702461395799,1.87881713931224,1.87917371693647,1.88028199874152,1.88451274406687,1.88602578966158,1.91044653830494,1.81380436490494,1.89113352319788,1.91035016597407,1.90005760103677,1.90648563550604,2.00213517389804,1.98754440300378,1.95776535276385,1.88467657702935,1.98100072173747,1.98344857894166,1.96161060876571,1.96540767860213,1.96407774043607,1.96484871908306,1.88680640554166,1.88487895892419,1.88736536506072,1.88759665865482,1.96114802157752,1.9873805700413,1.96216956828478,1.97618210519379,1.88779904054966,1.97080452913105,1.96383680960889,1.96482944461689,1.97888053045825,1.98167532805358,1.97231757472576,1.89369702719912,1.96596663812119,1.96886744528049,1.96765315391148,1.98441230225039,1.97298254380879,1.97225975132724,1.98863341034265,1.99715272439187,1.99348093858559,1.90062619778893,1.98335220661078,1.97674106471286,1.97583516480264,1.97509309785492,1.99335565455546,1.9786106879318,1.90298731989533,1.90404741553494,1.97379207138813,1.90291985926372,1.98011409629343,1.99423264276641,1.98702399241706,1.97877452089429,1.97749276889367,1.97845649220241,1.97931420594718,1.9781577379767,1.98002736119564,1.98252340456527,1.98132838766244,1.98237884606896,1.98590607337893,1.98464359584449,1.98353531403944,1.98093326110586,1.98847921461326,2.00783077865266,1.99240156847981,1.98054777178236,1.84989580281709,1.84852731571868,1.84827674765841,1.94264453404979,1.94078454806393,1.84279316203171,1.84370869917501,1.84224383974573,1.84288953436258,1.84447967782199,1.84385325767132,1.84341958218239,1.84357377791178,1.84304373009198,1.84431584485951,1.84540485219838,1.84558795962704,1.84710100522175,1.8482863848915,1.84735157328203,1.84599272341671,1.84830565935767,1.84723592648498,2.01034609648846,1.84754431794377,1.84682152546222,1.84525065646898,1.8468407999284,1.84627220317624,1.84344849388165,1.89252128476246,1.89107569979936,1.84350631728017,1.89086368067143,1.84169451745975,1.84018147186503,1.84043203992531,2.01871121480829,1.8379938199542,1.8375408699991,1.83597963823895,1.77406041565269,1.76851900662746,1.76767093011577,1.76436535916681,1.76386422304627,1.76477976018957,1.80802202505253,1.80813767184958,1.80508266896089,1.83029367071741,1.80469717963739,1.8689389753977,1.80227823413247,1.80119886402668,1.75128763386727,1.75227063164218,1.75243446460467,1.75152856469445,1.87031709972919,1.74782786718891,1.74407898351793,1.86777287019413,1.84147286109874,1.84237876100895,1.86725245960741,1.87522245137066,1.74337546550255,1.74261412408865,1.74460903133773,1.74368385696135,1.87452857058837,1.74342365166799,1.87078932415047,1.73902907338015,1.86745484150225,1.74342365166799,1.79064609379603,1.79130142564597,1.74454157070612,1.74191060607327,1.84976088155386,1.74291287831436,1.74300925064523,1.74094688276454,1.86324337064307
1.76928998527445,1.76555073883656,1.76719870569449,1.7675745577849,1.76730471525845,1.7652134356785,1.76663974617543,1.76387386027936,1.7647508484903,1.76549291543803,1.76393168367788,1.7633823613919,1.76062611272892,1.7635365571213,1.76173439453396,1.76144527754134,1.76013461384146,1.76000932981133,1.75726271838143,1.75901669480333,1.75738800241157,1.75847700975044,1.80715467407467,1.75710852265203,1.7569832386219,1.75772530556962,1.75592314298229,1.75580749618524,1.85490716402251,1.85427110663875,1.75449683248536,1.75579785895215,1.75215498484513,1.8038491031257,1.85170760263751,1.85738393292596,2.00354220992879,1.85426146940566,1.75304161028917,1.75729163008069,1.7540824314626,1.85204490579557,1.85081133996039,1.92602030697411,1.75757110984023,1.80474536580283,1.91748171845871,1.89672311838855,1.89599068867391,1.97202845773314,1.97709764233709,1.97623029135923,1.97409082561383,1.89852528097588,1.89827471291561,1.88595832902997,1.89733990130614,1.90043345312718,1.81090355774565,1.8110963024074,1.88275876764497,1.97428357027558,1.8068270081497,1.88211307302812,1.88104334015542,1.90052982545805,1.90549300049804,1.90669765463396,1.87850874785345,1.90520388350542,1.87721735861974,1.87768958304102,1.87824854256009,1.87611871404778,1.80250952772656,1.87695715332638,1.87726554478518,1.87850874785345,1.8793086381997,1.88191069113328,1.88320208036699,1.9107067435983,1.88794359904597,1.88871457769295,1.91074529253065,1.81826640382439,1.89903605432951,1.9837184214681,1.98425810652099,1.99350985028485,1.95695582518452,1.9841039107916,1.9678651730394,1.88684495447401,1.96350914368392,1.96134076623926,1.96422229893238,1.96118657050987,1.88726899272985,1.88507170358593,1.88870494045987,1.96426084786473,1.97400409051605,1.96077216948711,1.96480053291762,1.97562314567472,1.99416518213479,1.88964938930243,1.98657104246196,1.98163677912123,1.98464359584449,1.98845994014708,1.89220325607058,1.98881651777131,1.89505587706443,1.97024556961198,1.97010101111567,1.89705078431352,1.9714502237479,1.98788170616184,1.97743494549515,1.89948900428462,1.97097799932662,1.97088162699574,1.97755059229219,1.98425810652099,1.90402814106876,1.99020427933589,1.98811299975594,1.90380648470775,1.99365440878117,1.97779152311938,1.99127401220859,1.90362337727909,2.00630809582486,1.97943948997732,1.99176551109604,1.97826374754066,1.97874560919503,1.97901545172147,1.98043212498531,1.98802626465815,1.99540838520306,1.98105854513599,1.9841039107916,1.9836413236034,1.98200299397855,1.98424846928791,1.98380515656589,1.98376660763354,1.98073087921102,2.00413971838021,1.99864649552041,1.99718163609114,2.01126163363176,2.01159893678982,1.84442185442347,1.84453750122052,1.84530847986751,1.84370869917501,2.01090505600753,2.01048101775169,1.84338103325004,2.03304178040919,1.8434099449493,1.93734405585175,1.94054361723675,1.8435641406787,1.9363128719114,1.84158850789579,2.03980711803651,1.84506754904032,2.0129866983544,1.84783343493639,1.93346025091754,1.84787198386874,1.84811291469593,2.01204224951184,2.010625576248,1.84698535842471,1.84694680949236,1.84803581683123,1.84572288089026,1.84448931505508,1.9295282598179,1.84181980148988,1.84335212155077,1.8407404313841,1.84103918560981,1.88720153209824,1.83953577724818,1.83480389580229,1.83912137622542,1.83876479860119,1.83748304660057,1.81913375480225,1.81674372099659,1.76806605667235,1.76463520169326,1.76175366900014,1.81073008755008,1.86769577232943,1.86641402032881,1.75817825552473,1.84925974543332,1.84659986910121,1.8476021413423,1.80416713181759,1.8039262009904,1.80030260134956,1.75190441678486,1.752029700815,1.75189477955177,1.7484446501065,1.83797454548803,1.83507373832874,1.83876479860119,1.8380709178189,1.83576761911103,1.74683523218091,1.87082787308282,1.7959272975279,1.74352002399886,1.74352966123195,1.74665212475225,1.79154235647315,1.74054211897487,1.74122636252407,1.74188169437401,1.86540211085464,1.79091593632247,1.79221696278927,1.79178328730034,1.74344292613416,1.85116791758462,1.7914267096761,1.79034733957032,1.74346220060034,1.86169177611601,1.74188169437401
1.76824916410101,1.76916470124431,1.76758419501799,1.76723725462684,1.76741072482241,1.76613861005488,1.7669674121004,1.76546400373877,2.01767039363485,1.76395095814405,1.76457737829473,1.76106942545094,2.0087174040967,1.76288122527136,1.76151273817295,1.76453882936238,1.85838620516705,1.85791398074577,1.75744582581009,1.76125253287959,1.93414449446675,1.75902633203642,1.80792565272166,1.76020207447307,1.75738800241157,1.80621986246519,1.76075139675905,1.75578822171906,1.75695432692263,1.80393583822349,1.75487268457577,1.75450646971845,1.85448312576667,1.80495738493075,1.75701215032116,1.86904498496166,1.84956813689212,1.84893207950835,1.75441009738757,1.75684831735867,1.75637609293739,1.80410930841906,1.75737836517848,1.8366253328558,1.83704937111164,1.91099586059092,1.80792565272166,1.89788922359212,1.89361992933442,1.89468966220711,1.89052637751338,1.97828302200683,1.97976715590229,1.98169460251976,1.89964320001402,1.97540148931371,1.88367430478827,1.88378031435223,1.88390559838236,1.88333700163021,1.88147701564435,1.88031091044078,1.80754980063125,1.80527541362263,1.88095660505763,1.87972303922245,1.8040803967198,1.80435987647933,1.98205118014399,1.87799797449982,1.90869256188304,1.87809434683069,1.9079601321684,1.90802759280001,1.98792025509419,1.80352143720073,1.87741974051457,1.8799928817489,1.88132281991495,1.88401160794632,1.91189212326804,1.90990685325205,1.88864711706134,1.99772132114403,1.9129136699753,1.91153554564381,1.90930934480063,1.98550130958926,1.98609881804068,1.88785686394818,1.88784722671509,1.97676997641212,1.97794571884878,1.96074325778785,1.96229485231491,1.96313329159351,1.96404882873681,1.88559211417265,1.88739427675999,1.88978431056565,1.88499460572124,1.8870762480681,1.96281526290163,1.96310437989425,1.96249723420975,1.96197682362303,1.98648430736417,1.88998669246049,1.96534021797052,1.89069984770895,1.89156719868681,1.98683124775532,1.89455474094389,1.89434272181597,1.97809991457817,1.98186807271533,1.9706117844693,1.97090090146192,1.97458232450129,1.98750585407143,1.99068614099026,1.97183571307139,1.89894931923173,1.98128983873009,1.98993443680945,1.98777569659788,1.98760222640231,1.98076942814337,1.97759877845763,1.97705909340474,1.97879379536046,1.99456994592446,1.90521352073851,1.90450036549004,1.90503041330985,1.99460849485681,2.00105580379225,1.98042248775223,1.97931420594718,1.98175242591828,1.98052849731619,1.97984425376699,1.97704945617165,1.98182952378298,1.98314018748286,1.98347749064092,1.98396898952837,1.98294744282111,1.98317873641521,1.98693725731928,1.9805188600831,1.98399790122763,2.00338801419939,2.00474686406471,2.01087614430827,1.8474479456129,1.84606018404832,1.84419056082937,2.02088922948603,1.84512537243885,2.0120711612111,2.01224463140667,1.84205109508398,1.84268715246775,1.84394963000219,1.9407363618985,1.84175234085827,1.84573251812335,2.04352709000823,2.0155020161902,1.84384362043823,1.84702390735706,2.01555983958872,1.84674442759752,1.93717058565618,1.93506003161005,1.84790089556801,1.8460794585145,1.84879715824513,1.84858513911721,1.84740939668055,1.8474479456129,1.84465314801757,1.8465324084696,1.84453750122052,2.02511033757829,1.84305336732507,1.84098136221128,1.83772397742776,1.83780107529246,1.8400561878349,1.83817692738286,1.83495809153169,1.83472679793759,1.83558451168237,1.77213296903522,1.85352903969102,1.85237257172054,1.76694813763422,1.76176330623322,1.86027510285217,1.76152237540604,1.8684860254426,1.76047191699952,1.8512546526824,1.84899954013996,1.8481321891621,1.8491248241701,1.75060339031807,1.80096757043259,1.80091938426715,1.86080515067197,1.75078649774673,1.86348430147026,1.74805916078301,1.74881086496382,1.74909998195644,1.74686414388017,1.74538000998472,1.74538000998472,1.74464758027008,1.87022072739832,1.74382841545766,1.74151547951669,1.86633692246412,1.74270085918644,1.97039012810829,1.96933966970177,1.74342365166799,1.74248884005851,1.8674162925699,1.74558239187956,1.74314417190845,1.74484032493183,1.74455120793921,1.74327909317168,1.85741284462522,1.74154439121595,1.74256593792321,1.74118781359172
1.77017661071849,1.77015733625231,2.01322762918158,1.76873102575538,1.76796004710839,1.76847082046202,1.76945381823693,1.76565674840052,1.81359234577702,1.76546400373877,1.76413406557271,2.0385928266675,1.76411479110654,1.76405696770802,1.76413406557271,1.7591130671342,1.76157056157148,1.85256531638229,1.76342091032425,1.76204278599276,1.76001896704441,1.76061647549583,1.76163802220309,2.00721399573507,1.75881431290849,1.75914197883346,1.7575903843064,1.75818789275782,1.75686759182485,1.75907451820185,1.75892995970554,1.75793732469754,1.7549979686059,1.80534287425424,1.75799514809607,1.87114590177471,1.87232164421136,1.8051501295925,1.80523686469028,1.75470885161328,1.75637609293739,1.85577451500037,1.75741691411083,1.83939121875187,1.81903738247138,1.91182466263643,1.75681940565941,1.90101168711242,1.89415961438731,1.89181776674708,1.97744458272823,1.89034327008472,1.90118515730799,1.88924462551276,1.88604506412776,1.88724971826368,1.81338996388219,1.884638028097,1.88427181323968,1.8840308824125,1.88325990376551,1.88102406568924,1.88222871982516,1.80747270276655,1.88088914442602,1.88103370292233,1.88054220403488,1.88018562641065,1.98796844125963,1.90976229475574,1.87715953522122,1.87989650941802,1.87927972650043,1.98435447885187,1.87796906280055,1.91046581277112,1.91044653830494,1.80566090294613,1.88094696782455,1.88349119735961,1.88439709726982,1.9126149157496,1.88544755567634,1.91380029541934,1.89350428253737,1.89557628765115,1.82495464358701,1.82981180906304,1.99016573040354,1.84962596029064,1.88750028632395,1.98096217280512,1.99447357359359,1.88629563218803,1.96166843216423,1.96399100533829,1.88763520758717,1.88714370869972,1.88516807591681,1.88717262039898,1.88773157991804,1.96056978759227,1.96132149177309,1.96079144395328,1.98431592991952,1.96567752112857,1.89014088818988,1.9781577379767,1.89055528921264,1.89122025829567,1.984479762882,1.9873805700413,1.89503660259826,1.98651321906343,1.97080452913105,1.96890599421284,1.97080452913105,1.89790849805829,1.97174897797361,1.99026210273442,1.9912643749755,1.97268378958308,1.97566169460707,1.98081761430881,1.97761805292381,1.99217027488571,1.90282348693284,1.99372186941278,1.9777722486532,1.98415209695703,1.97756986675837,1.98743839343982,1.97906363788691,1.98385334273132,2.00084378466433,1.90578211749066,1.98019119415813,2.00014026664895,1.97878415812738,1.98099108450438,1.98122237809848,1.98015264522578,1.97727111253266,1.97969005803759,1.98088507494042,1.98727456047734,1.98659995416122,1.98457613521288,1.98169460251976,1.98452794904744,1.97995026333095,1.90640853764134,2.00405298328242,1.98170423975284,1.84572288089026,1.84907663800466,1.84839239445546,1.84449895228817,1.89301278364991,1.84537594049912,1.84444112888964,1.84207036955016,1.84130902813625,1.94017740237943,1.84476879481461,2.01208079844419,1.84212819294868,2.03360073992825,1.84482661821314,2.01652356289746,1.94040869597353,1.84551086176234,1.89640508969666,1.84872969761352,1.84787198386874,1.84815146362828,2.01425881312193,1.84769851367317,1.84905736353849,1.89669420668928,1.89450655477845,1.84553013622852,2.02941818076834,1.84687934886075,1.84375688534044,1.84537594049912,2.02764492988027,1.84076934308336,1.84031639312826,1.84033566759443,1.83946831661657,1.83587362867499,2.01475994924247,1.83743486043514,1.83554596275002,1.77210405733596,1.83027439625123,1.81441151058945,1.85905117425008,1.76153201263913,1.86664531392291,1.76047191699952,1.87805579789834,1.85204490579557,1.82869389002491,1.85010782194501,1.75325362941709,1.84425802146099,1.80215295010233,1.80190238204206,1.79918468231143,1.74982277443799,1.86452512264369,1.75069976264894,1.79703557933294,1.83320411510979,1.74963966700933,1.79388420411338,1.7450137951274,1.79195675749591,1.74386696439001,1.74368385696135,1.74523545148841,1.7435682101643,1.74154439121595,1.8106337152192,1.74437773774364,1.79054972146515,1.80075555130466,1.74109144126085,1.86737774363755,2.037985680983,1.86621163843398,1.83351250656858,1.74237319326147,1.74365494526208,1.7412070880579,1.74126491145642,1.74231536986294,1.85480115445855
1.77211369456904,2.04504977283603,2.04745908110787,1.77203659670435,2.03081557956601,1.76592659092696,1.767805851379,2.01175313251922,1.76837444813115,1.76824916410101,1.7667361185063,1.76550255267112,1.76256319657948,1.7668903142357,1.86026546561908,1.76089595525536,1.75955637985622,1.76149346370678,1.86079551343889,1.76166693390235,1.76154164987222,1.76096341588697,1.76380639964774,1.76083813185684,1.75908415543494,1.75950819369078,1.86751266490077,1.80770399636065,1.7570603364866,1.80731850703715,1.76136817967664,1.75803369702842,1.75798551086298,1.75775421726889,1.8056801774123,1.80540069765277,1.75681940565941,1.7575132864417,1.75729163008069,1.75701215032116,1.93110876604423,1.75648210250135,1.75999969257824,1.75880467567541,1.80689446878131,1.75875648950997,1.92575046444766,1.89724352897526,1.89835181078031,1.89429453565053,1.89248273583011,1.8925694709279,1.90177302852632,1.89172139441621,1.90318970179016,1.81403565849904,1.81392964893508,1.81382363937112,1.81122158643753,1.88407906857794,1.88428145047277,1.88234436662221,1.98202226844473,1.80929413982006,1.88243110172,1.88056147850105,1.87812325852995,1.91309677740396,1.9866192286274,1.90731443755155,1.8780076117329,1.90885639484553,1.90973338305648,1.87845092445492,1.80466826793813,1.87745828944692,1.98712036474794,1.91327024759954,1.88089878165911,1.91260527851651,1.88505242911976,1.88541864397708,1.88644982791743,1.91799249181234,1.91509168465305,1.82495464358701,1.82525339781272,1.91509168465305,1.99161131536665,1.98452794904744,1.98197408227929,1.98089471217351,1.96139858963779,1.97685671150991,1.97028411854433,1.88785686394818,1.88972648716713,1.88588123116527,1.88762557035408,1.88783758948201,1.88699915020341,1.88894587128705,1.96430903403017,1.88991923182887,1.97212483006401,1.97659650621655,1.89092150406996,1.98283179602407,1.97887089322516,1.98896107626762,1.97561350844164,1.96747968371591,1.99400134917231,1.89517152386148,1.97001427601788,2.00179787073998,1.99830919236236,1.97358968949329,1.97725183806649,1.97409082561383,1.9736571501249,1.99298943969814,1.9748039808623,1.97429320750867,1.97382098308739,1.97995026333095,1.9773963965628,1.99692143079778,1.97905400065382,1.97999844949638,1.97917928468396,1.97673142747977,1.99071505268952,1.9050689622422,1.99237265678055,1.90486658034736,1.99049339632851,1.99845375085867,1.90478948248266,1.98663850309357,1.9873805700413,1.99459885762373,1.9898958878771,1.98357386297179,1.98323655981373,1.98820937208681,1.98732274664277,1.98766004980083,1.98766968703392,1.98465323307758,1.98246558116675,1.98049958561693,1.98179097485063,1.98084652600807,1.84853695295177,1.84574215535644,1.84762141580847,1.89261765709333,1.84464351078448,1.84400745340071,1.89075767110747,1.84195472275311,1.84336175878386,1.8418872621215,1.8427257014001,1.89028544668619,1.84119338133921,1.84448931505508,1.84244622164056,2.03411151328188,1.84598308618362,1.89738808747157,1.89654964819297,1.89596177697465,1.8476021413423,1.84933684329802,1.84846949232016,1.84812255192901,1.84849840401942,1.90996467665057,1.89567265998202,1.84437366825803,1.84809364022975,2.00811989564528,2.02402133023942,1.84239803547513,1.84403636509998,2.02034954443314,1.84174270362519,1.84014292293268,1.84007546230107,1.83768542849541,1.8368566264499,1.83847568160857,1.83676025411902,1.82074317272784,1.82773016671617,1.76679394190482,1.76542545480642,1.76407624217419,1.7583517257203,1.75946964475843,1.75994186917971,1.8532399226984,1.85101372185522,1.75712779711821,1.7548437728765,1.80456225837417,1.75695432692263,1.8027119096214,1.75338855068031,1.75426553889126,1.75095033070921,1.75048774352102,1.75149965299519,1.79712231443073,1.7452450887215,1.85336520672854,1.79396130197808,1.79389384134647,1.85199671963013,1.74083123596749,1.74207443903576,1.8697003168116,1.86489133750101,1.86132556125869,1.85757667758771,1.85320137376605,1.79019314384092,1.74137092102038,1.74290324108127,1.74260448685556,1.74170822417844,1.74136128378729,1.74270085918644,1.83061169940929,1.74111071572702,1.86206762820642,1.73894233828237,1.74152511674978
1.7717667541779,1.77454227730706,1.77160292121541,1.77379057312624,1.77130416698971,1.77127525529044,1.77000314052291,1.76919361294358,1.76556037606964,1.76508815164836,2.01346856000877,2.03536435358324,1.76700596103275,1.76441354533225,1.76543509203951,1.76450028043003,1.76157056157148,1.76295832313606,2.01242773883533,1.76266920614344,1.93634178361066,1.76350764542204,1.75837100018648,1.75993223194663,1.76106942545094,1.76237045191773,1.75864084271292,1.76070321059362,1.7585830193144,1.91530370378097,1.8081954952481,1.8497319698546,1.85040657617072,1.76092486695462,1.80672099858574,1.80715467407467,1.85406872474391,1.75767711940419,1.75821680445708,2.01456720458073,1.75788913853211,1.75973948728488,1.80536214872042,1.80725104640554,1.76104051375167,1.76134890521047,1.92943188748703,1.90045272759335,1.90080930521758,1.98098144727129,1.89282003898817,1.90060692332275,1.90036599249557,1.89078658280674,1.8904300051825,1.89055528921264,1.88703769913575,1.8135345223785,1.97751204335985,1.90426907189595,1.88667148427844,1.8835008345927,1.90617724404724,1.88123608481717,1.88211307302812,1.87992542111729,1.80490919876531,1.87796906280055,1.88076386039589,1.88023381257608,1.87797870003364,1.87989650941802,1.87759321071015,1.8780847095976,1.87900988397399,1.99031028889985,1.91067783189904,1.88080240932824,1.91256672958416,1.88507170358593,1.91354972735907,1.91324133590027,1.88751956079012,1.91374247202082,1.89408251652261,1.91518805698392,1.98736129557512,1.83045750367989,2.01193623994788,1.96387535854124,1.96340313411996,1.99321109605915,1.89029508391928,1.96341277135304,1.96428975956399,1.96084926735181,1.96722911565564,1.96410665213533,1.88801105967758,1.96388499577432,1.96545586476756,1.96513783607568,1.96377898621036,1.97043831427373,1.96615938278294,1.96343204581922,1.89129735616037,1.98117419193304,1.9803646643537,1.894015055891,1.98084652600807,1.96151423643484,1.99420373106714,1.8946222015755,1.97153695884568,1.98724564877807,1.97098763655971,2.00397588541772,1.97366678735799,1.90162847003001,1.97461123620055,1.99472414165386,1.99778878177564,1.97644231048715,1.99472414165386,1.97664469238198,2.00047756980701,1.90360410281292,1.98500981070181,1.97893835385677,1.98795880402654,1.99462776932299,1.97586407650191,1.99131256114094,1.90618688128033,1.98766968703392,1.9921028142541,1.99770204667785,1.9805188600831,1.97976715590229,1.98651321906343,1.9815885929558,1.98108745683525,1.99763458604624,1.98077906537646,1.9852411042959,1.98915382092937,1.98674451265753,1.988671959275,1.98937547729038,1.98367987253575,1.98307272685125,1.99816463386605,1.84888389334292,1.84745758284599,1.84583852768731,1.89407287928952,1.89299350918374,1.84368942470883,1.84254259397144,1.95687872731982,1.89033363285163,1.89007342755827,1.8401332856996,1.84471097141609,1.84115483240686,2.02494650461581,1.84258114290379,1.9414977033124,1.84394963000219,2.03208769433354,1.84639748720638,1.84734193604894,1.84745758284599,1.84736121051511,1.84840203168855,1.84782379770331,1.93798011323551,1.84883570717748,1.91153554564381,1.89682912795251,2.02154456133597,2.01188805378244,2.01163748572217,1.84472060864918,1.89272366665729,1.89087331790452,1.88943737017451,1.8895144680392,1.88825199050476,1.83886117093207,1.83564233508089,1.88394414731471,1.928766918404,1.8218418172998,1.7710825106287,1.77048500217728,1.76611933558871,1.7649821420844,1.85695989467012,1.76065502442818,1.75967202665327,1.8583476562347,1.75750364920861,1.75755183537405,1.85268096317933,1.85599617136138,1.75504615477134,1.75386077510159,1.75073831158129,1.84588671385275,1.75176949552164,1.74823263097858,1.75222244547674,1.74933127555054,1.74719180980514,1.74712434917353,1.74695087897796,1.7460064301354,1.7440982579841,1.79278555954142,1.87161812619599,1.74381877822457,1.87019181569906,1.74381877822457,1.74342365166799,1.83964178681214,1.74230573262985,1.79185074793195,1.74015662965137,1.73935673930512,1.74328873040476,1.74046502111017,1.74070595193735,1.74411753245028,1.74168894971226,1.8610171697999,1.74207443903576,1.85733574676053,1.74028191368151
1.82222730662329,1.8218418172998,1.77409896458504,1.77486994323203,1.7694827299362,1.77422424861517,1.85835729346779,1.76904905444727,1.76999350328983,1.76774802798047,1.7661289728218,1.81518248923643,1.81495119564234,1.76684212807026,2.02832917342947,1.76638917811516,1.76477976018957,1.76373893901613,1.76366184115143,1.76366184115143,1.76372930178305,1.76336308692573,1.76446173149768,2.00831264030703,1.76072248505979,1.75830353955486,1.86036183794996,1.76061647549583,1.76085740632301,1.76129108181194,1.80964108021121,1.85169796540442,1.85410727367626,1.85764413821932,1.80702939004453,1.8559865341283,1.84465314801757,1.84431584485951,1.84821892425989,1.76089595525536,1.76038518190173,1.85252676744994,1.7610212392855,1.76105015098476,1.76158983603765,1.92619377716968,1.92430487948456,1.89614488440331,1.97742530826206,1.89352355700354,1.89398614419174,1.89185631567943,1.89272366665729,1.90375829854232,1.97897690278912,1.98073087921102,1.88750992355704,1.98370878423501,1.88588123116527,1.88765448205335,1.88501388018741,1.90846126828895,1.88352010905887,1.99447357359359,1.88349119735961,1.87965557859084,1.88037837107239,1.88017598917756,1.91095731165857,1.88141919224583,1.88119753588482,1.87990614665111,1.87861475741741,1.80451407220873,1.87925081480117,1.87941464776366,1.87927972650043,1.88117826141864,1.91503386125452,1.81069153861773,1.91355936459216,1.88787613841435,1.88832908836946,1.89229962840145,1.89426562395127,1.89466075050785,1.91454236236707,1.83072734620634,2.01800769679291,2.00196170370246,1.96630394127925,1.99447357359359,1.99521564054132,1.96457887655661,1.96388499577432,1.96677616570053,1.96709419439241,1.96709419439241,1.89085404343835,1.88787613841435,1.96261288100679,1.97382098308739,1.96440540636104,1.96461742548896,1.96856869105478,1.96427048509782,1.96248759697666,1.98922128156098,1.89362956656751,1.98185843548224,1.97710727957018,1.97763732738998,1.98780460829714,1.89662674605767,1.98823828378607,1.97422574687706,1.97382098308739,1.97398481604987,1.99468559272151,1.99208353978793,1.97745421996132,1.97400409051605,1.97840830603697,1.9787648836612,1.99188115789309,1.90379684747467,1.99201607915631,1.99818390833222,1.99427119169876,1.97934311764644,1.98189698441459,1.99465668102225,1.97903472618765,1.9956878649626,1.98907672306467,1.98837320504929,1.98558804468705,1.90050091375879,1.99505180757883,1.90510751117455,1.98235957160278,1.97918892191704,1.99002117190723,1.99026210273442,2.00186533137159,1.98616627867229,1.98765041256774,1.98477851710771,1.987457667906,1.98528929046134,1.98306308961816,1.9905030335616,1.98375697040045,1.93948352159714,1.93818249513035,1.93709348779148,1.84717810308645,1.92649253139539,1.93362408388003,1.96052160142684,1.95934585899018,1.8424173099413,1.84224383974573,1.89158647315299,1.84213783018177,1.84195472275311,1.84064405905323,1.84441221719038,1.84426765869407,1.84521210753663,1.84482661821314,2.04046244988645,1.84716846585337,1.84768887644008,2.03221297836367,1.84679261376296,1.84838275722237,1.93977263858976,1.89809160548695,1.84807436576358,2.01117489853398,1.84771778813935,1.84664805526665,1.84385325767132,1.84416164913011,1.84288953436258,1.84102954837672,1.84086571541424,1.88868566599369,1.88697023850414,1.83805164335273,1.83614347120143,1.88558247693956,1.88431999940512,1.77293285938147,1.77110178509487,1.97119965568763,1.76700596103275,1.9104754500042,1.76184040409792,1.76053937763113,1.75963347772092,1.75941182135991,1.85307608973592,1.85197744516396,1.75763857047184,1.75602915254625,1.83745413490131,1.7553063600647,1.75151892746137,1.75113343813787,1.8585018519641,1.85602508306065,1.74802061185066,1.82776871564852,1.80881227816569,1.79498284868534,1.74751947573011,1.84530847986751,1.79229406065397,1.79303612760169,1.87393106213695,1.74449338454068,1.74182387097549,1.74406934628484,1.74165040077991,1.86722354790815,1.74369349419443,1.7408986965991,1.74088905936601,1.84376652257353,1.86484315133558,1.86523827789216,1.74053248174178,1.86127737509325,1.74157330291522,1.73903871061324,1.95866161544098,1.86015945605512,1.73765094904866
1.77433025817914,1.82231404172108,1.82172617050275,1.77083194256843,1.77055246280889,1.7694827299362,1.86110390489768,1.77098613829782,2.01737163940915,1.77147763718528,2.02627644278186,1.81608838914665,1.76714088229597,1.76684212807026,1.76487613252044,1.94067853849997,1.85837656793396,2.02701850972959,2.02744254798543,1.76483758358809,1.76485685805427,1.76473157402413,1.76424971236976,1.76399914430949,1.75988404578119,1.76019243723999,1.76303542100076,1.76253428488021,1.76090559248845,1.76080922015758,1.81075899924934,1.7585830193144,1.75892032247245,1.8593402912427,1.75788913853211,1.85312427590135,1.76099232758624,1.75904560650259,1.86045821028083,1.7608670435561,1.76161874773691,1.76196568812806,1.93415413169983,1.76239936361699,1.76370039008378,1.9272442355762,1.76140672860899,1.89566302274894,1.9012526179396,1.90364265174527,1.89459328987624,1.89422707501892,1.90345954431661,1.89247309859702,1.90525206967086,1.89034327008472,1.9799888122633,1.98711072751485,1.88726899272985,1.90709278119054,1.88617998539098,1.80913030685758,1.90743972158169,1.88516807591681,1.88373212818679,1.880445831704,1.88213234749429,1.91113078185414,1.88113007525321,1.87916407970339,1.87852802231962,1.88021453810991,1.88164084860684,1.80376236802792,1.87855693401888,1.88021453810991,1.99604444258683,1.8835008345927,1.99199680469014,1.99060904312556,1.88680640554166,1.88609325029319,1.89427526118436,1.89266584325877,1.89702187261425,1.91580483990151,1.99058976865939,1.91516878251774,2.02114943477939,2.0053636469823,1.96438613189487,1.96486799354924,1.96481017015071,1.96501255204555,1.89020834882149,1.96455960209044,1.96868433785183,1.89014088818988,1.89085404343835,1.89122025829567,1.96667979336966,1.96241049911196,1.96496436588011,1.96430903403017,1.97486180426082,1.96492581694776,1.98095253557203,1.9846339586114,1.97580625310338,1.89397650695865,1.89445836861302,1.98411354802468,1.99009826977193,1.89662674605767,1.90002868933751,1.97827338477375,1.99416518213479,1.99181369726148,1.99014645593737,1.97851431560093,1.98862377310957,1.97540148931371,1.97667360408124,1.99989933582177,1.90450036549004,1.97748313166058,1.97897690278912,2.00607680223077,1.97977679313537,1.97803245394656,1.9911872771108,1.98729383494351,1.98766968703392,1.99782733070799,1.98713963921411,1.9907343271557,1.9944639363605,1.99658412763972,1.98649394459726,1.90743972158169,1.99476269058621,1.98078870260955,1.98763113810157,1.9879106178611,1.98011409629343,1.98476887987462,1.98670596372518,1.9853953000253,1.98695653178545,1.98773714766553,1.90830707255955,1.98665777755975,1.90718915352141,1.93915585567217,1.89624125673418,1.92458435924409,1.92241598179944,1.92498912303376,1.84345813111473,1.96198646085612,1.96043486632905,1.89018907435532,1.84204145785089,1.8408946271135,1.84280279926479,1.84291844606184,1.84451822675434,1.83989235487241,1.8417330663921,1.84507718627341,1.84429657039333,2.01890395947004,1.84696608395853,2.01456720458073,1.84712991692102,1.84706245628941,1.94849433453382,1.89794704699064,1.84999217514796,1.85033911553911,1.84877788377895,1.85062823253173,1.84819001256063,1.84473024588227,1.84358341514487,2.02124580711026,1.84208000678324,1.84061514735396,1.88938918400907,1.8875388352563,1.83826366248065,2.01676449372464,1.83729993917191,1.83493881706551,1.8318259907783,1.77256664452415,1.9711418322891,1.76751673438638,1.76708305889744,1.76389313474553,1.76115616054872,1.76125253287959,1.75983585961575,1.75836136295339,1.75746510027626,1.75729163008069,1.84872969761352,1.84599272341671,1.75427517612435,1.8538470683829,1.74900360962557,1.75149965299519,1.75047810628793,1.85633347451944,1.79762345055127,1.79557071990367,1.79515631888091,1.79466481999346,1.79494429975299,1.86812944781836,1.74369349419443,1.74121672529098,1.7444837473076,1.74256593792321,1.79418295833909,1.74030118814768,1.74330800487094,1.86835110417937,1.7943275168354,1.78932579286306,1.79068464272838,1.84398817893454,1.84667696696591,1.8440170906338,1.74169858694535,1.74415608138263,1.74124563699025,1.79041480020193,1.78955708645716,1.73959767013231
1.85775014778328,1.77475429643498,1.7773274376693,1.82272844274383,1.77494704109673,1.7728364870506,1.77429170924679,1.77226789029844,1.77141017655367,1.77081266810225,1.77007060115452,1.8738154153399,1.76853828109364,1.76941526930458,1.76815279177014,1.76524234737776,1.86224109840199,1.87997360728272,1.88080240932824,1.76419188897124,1.81396819786743,1.76469302509178,1.76645663874677,1.76211988385746,1.85315318760061,1.86379269292905,1.76171512006779,1.86129664955943,1.86024619115291,1.85775014778328,1.76386422304627,1.75915161606655,1.85666114044441,1.76091522972154,1.76105978821785,1.76055865209731,1.76142600307517,1.76049119146569,1.76225480512068,1.8082725931128,1.81009403016631,1.75883358737467,1.76278485294048,1.92891147690031,1.76370039008378,1.92756226426808,1.7636907528507,1.89776393956198,1.89659783435841,1.90516533457307,1.90394140597098,1.90424979742977,1.90159955833075,1.90503041330985,1.90652418443839,1.8909696902354,1.90894312994331,1.98184879824915,1.98040321328605,1.91004177451527,1.88710515976737,1.90866365018378,1.88567884927044,1.88505242911976,1.91008032344762,2.00058357937097,1.91188248603496,1.880445831704,1.91381956988551,1.91330879653188,1.88027236150843,1.80732814427024,1.8801470774783,1.91354972735907,1.88033018490696,1.87778595537189,1.88458020469848,1.91527479208171,1.9153518899464,1.91502422402143,1.88785686394818,1.88847364686577,1.89129735616037,1.99077287608805,1.8218418172998,1.82495464358701,1.91841653006818,1.99161131536665,1.9898958878771,2.01334327597863,1.96354769261627,1.96455960209044,1.96499327757937,1.96648704870791,1.96514747330877,1.89088295513761,1.89100823916775,1.89042036794942,1.88803997137684,1.89034327008472,1.89179849228091,1.96798081983645,1.97060214723621,1.9661111966175,1.96713274332476,1.98526037876208,1.96523420840655,1.98812263698902,1.97994062609786,1.89421743778583,1.89581721847834,1.97594117436661,1.98137657382787,1.98437375331804,1.98357386297179,1.98178133761754,1.98273542369319,1.97699163277313,1.90093458924772,1.90169593066162,1.90214888061673,1.97836011987153,1.97553641057694,1.90396068043715,1.90457746335474,1.97793608161569,1.97930456871409,1.97826374754066,1.97984425376699,1.99773095837712,1.9787648836612,1.99084997395274,1.98508690856651,1.97855286453328,1.97978643036846,1.98144403445949,1.98755404023687,2.00720435850199,1.99923436673874,1.98046103668458,1.98347749064092,1.99130292390785,1.98346785340783,1.98193553334694,1.98045139945149,1.98659995416122,1.98229211097117,1.98476887987462,1.98711072751485,1.98469178200992,1.9088756693117,1.986465032898,1.98228247373809,1.98346785340783,1.89662674605767,1.84751540624451,1.89664602052385,1.89213579543897,1.84353522897943,1.92793811635849,1.9286127226746,1.84427729592716,1.84293772052802,1.84200290891854,1.84101991114363,1.83825402524756,1.84146322386565,1.84224383974573,1.84143431216639,1.84261005460305,1.84396890446836,1.8472937498835,1.89194305077722,1.8471395541541,1.84847912955325,1.84764069027465,1.84787198386874,1.8473708477482,1.89716643111056,1.9042305229636,1.84667696696591,1.84815146362828,1.84410382573159,1.84431584485951,1.842494407806,1.84126084197082,1.84041276545913,1.84129939090317,1.88868566599369,1.88722080656441,1.83920811132321,2.0184702839811,1.8367795285852,1.83183562801138,1.82745068695664,1.84189689935458,1.7718438520426,1.76750709715329,1.76376785071539,1.76440390809916,1.81058552905377,1.76195605089497,1.76076103399214,1.80806057398488,1.8063644209615,1.75794696193063,1.7568290428925,1.83777216359319,1.75482449841033,1.8488164327113,1.75226099440909,1.75129727110036,1.74854102243737,1.82784581351322,1.79756562715275,1.79624532621978,1.86167250164984,1.86084369960432,1.79559963160293,1.74429100264585,1.86587433527592,1.86787887975809,1.87079896138356,1.86414927055329,1.86877514243522,1.74337546550255,1.74442592390907,1.74047465834326,1.7383062808986,1.74386696439001,1.84728411265041,1.74076377533588,1.74151547951669,1.73995424775654,1.86192306971011,1.84459532461904,1.74149620505052,1.7906653682622,1.74103361786232,1.84492299054401
1.82416439047385,1.82554251480534,1.8260340136928,1.82529194674507,1.77575656867606,1.77468683580337,1.77399295502108,1.77337617210349,1.82031913447199,1.82064680039696,2.03840971923884,1.76959837673324,1.86747411596842,1.8700858061351,1.77066810960594,1.76872138852229,1.76797932157457,1.88129390821569,1.76760346948416,1.81434404995783,1.76512670058071,1.76581094412991,1.76755528331873,1.76411479110654,1.76481830912192,1.86318554724455,1.86411072162094,1.76382567411392,1.76375821348231,1.86149903145426,1.75760002153949,1.76028880957086,1.76279449017357,1.76158019880456,1.76399914430949,1.76188859026336,1.76183076686484,1.76238008915082,1.85378924498438,1.76230299128612,1.81092283221182,1.81049879395598,1.76321852842942,1.85278697274329,1.76234154021847,1.81300447455869,1.76511706334762,1.89596177697465,1.89583649294451,1.89602923760626,1.90421124849742,1.89527753342544,1.82104192695355,1.90453891442239,1.89245382413085,1.89512333769605,1.90797940663458,1.90783484813827,1.98990552511018,1.88645946515051,1.88635345558655,1.88483077275875,1.89067093600969,1.91133316374898,1.88444528343526,1.88692205233871,1.91463873469794,1.88080240932824,1.88066748806501,1.88088914442602,1.80763653572904,2.00095943146138,1.88363575585592,1.88053256680179,1.88029163597461,1.87902915844016,1.88142882947891,1.88245037618617,1.88309607080303,1.9146676463972,1.88728826719603,1.89117207213023,1.89038181901707,1.81745687624505,2.00466012896692,2.00378314075597,1.90473165908414,2.0014027441834,1.99274850887095,2.01255302286547,1.89110461149862,1.96464633718823,1.96408737766916,1.96668943060275,1.96686290079832,1.96777843794162,1.8891386159488,1.89105642533318,1.89101787640083,1.89062274984425,1.89022762328767,1.96847231872391,1.96968661009291,1.96661233273805,1.98521219259664,1.96726766458799,1.96765315391148,1.97127675355233,1.98426774375408,1.98488452667167,1.98420028312247,1.89786994912594,1.97810955181126,1.89698332368191,1.98521219259664,1.98421955758864,1.89883367243468,1.90042381589409,1.99183297172765,1.98609881804068,1.97863959963107,1.97767587632233,1.98633974886786,1.90485694311427,1.97869742302959,1.97770478802159,1.99456030869138,1.98068269304558,1.98072124197793,2.00213517389804,1.99779841900873,1.97733857316427,1.99048375909543,1.99499398418031,1.98133802489553,1.98106818236908,1.97988280269933,2.00744528932917,1.9802104686243,1.90762282901035,1.98191625888077,1.90482803141501,1.98157895572271,1.99572641389495,1.99319182159297,1.98733238387586,1.98690834562002,1.98777569659788,1.98556877022087,1.98894180180145,1.98717818814646,1.98584824998041,1.98046103668458,1.84791053280109,1.84811291469593,1.84871042314734,1.84602163511597,1.89360065486824,1.92921023112602,1.84153068449726,2.01493341943805,1.84141503770022,1.9424903383204,1.84365087577648,1.8430244556258,1.84136685153478,1.84128011643699,1.9047605707834,1.84354486621252,1.84196435998619,1.891808129514,1.84468205971683,1.84762141580847,1.84648422230416,1.84507718627341,1.84901881460614,1.84749613177834,2.0204555539971,1.84917301033554,1.84733229881585,1.90345954431661,1.84657095740195,2.01757402130398,1.84784307216948,1.8451639213712,2.03299359424375,2.02684503953402,2.00530582358378,1.83936230705261,1.83661569562271,2.01853774461272,1.83608564780291,1.83694336154768,1.83566160954706,1.77440735604383,1.86803307548749,1.86637547139647,1.8507246048626,1.76486649528735,1.81229131931023,1.80899538559435,1.85059932083246,1.75833245125413,1.80685591984896,1.80740524213494,1.8053043253219,1.84726483818424,1.80537178595351,1.75481486117724,1.75361020704132,1.84502900010797,1.79944488760478,1.74865666923442,1.74834827777563,1.79819204730343,1.75045883182176,1.86450584817752,1.86600925653915,1.86172068781527,1.74479213876639,1.74217081136663,1.87083751031591,1.74119745082481,1.86386015356067,1.87050984439094,1.86842820204407,1.79046298636737,1.74145765611817,1.79031842787106,1.85154376967503,1.84939466669655,1.74445483560833,1.86494916089954,1.79051117253281,1.74183350820857,1.73831591813169,1.85601544582756,1.7402915509146,1.74169858694535,1.86059313154405
1.82689172743757,1.77654682178923,1.82737358909194,1.86823545738232,2.02740399905308,1.77541926551801,1.77747199616561,1.77683593878185,1.77570838251063,1.82207311089389,1.77235462539623,1.77298104554691,1.77226789029844,1.77037899261332,1.86776323296104,1.77006096392144,1.7706199234405,1.83394618205751,1.81653170186866,1.76918397571049,1.76750709715329,1.76821061516867,1.76675539297247,1.76596513985931,1.76660119724308,1.76496286761823,1.86491061196719,1.76430753576829,1.76546400373877,1.76405696770802,1.76252464764713,1.76089595525536,1.85604435752682,1.76148382647369,1.76150310093987,1.76371002731687,1.76446173149768,1.81057589182068,1.81134687046767,1.81152034066324,1.81161671299411,1.81250333843815,1.93167736279638,1.93060762992369,1.93012576826932,1.91597831009708,1.81409348189756,1.89794704699064,1.89794704699064,1.89756155766715,1.90456782612165,1.89577866954599,1.9041534250989,1.89361992933442,1.8940921537557,1.90745899604786,1.99686360739925,1.81577999768785,1.90839380765733,1.88775085438422,1.8857077609697,1.88472476319479,1.8841850781419,1.81093246944491,1.88398269624706,1.88411761751029,1.8835008345927,1.88013744024521,1.88033982214004,1.88112043802012,1.88237327832147,1.91621924092427,1.91470619532955,1.87916407970339,1.8050730317278,1.88116862418556,1.99430010339802,1.80940978661711,1.8821227102612,1.81125049813679,1.99244011741216,1.91781902161677,1.91713477806756,1.89446800584611,1.82165870987114,1.89898786816407,1.99084997395274,1.91708659190213,1.99755748818154,1.99111981647919,1.89328262617636,1.98810336252285,1.96432830849634,1.89067093600969,1.96729657628725,1.98700471795089,1.89092150406996,1.89076730834056,1.89101787640083,1.89143227742359,1.89396686972556,1.89225144223601,1.9712960280185,1.96830848576142,1.96716165502403,1.96740258585121,1.96826993682907,1.89537390575632,1.99010790700502,1.99456030869138,1.97929493148101,1.96056978759227,1.96036740569744,1.96210210765316,1.89759046936641,1.89991304254046,1.9012526179396,1.98695653178545,1.98454722351361,1.99695034249704,1.90241872314317,1.98476887987462,1.98971278044844,1.90516533457307,1.98726492324425,1.99751893924919,1.99307617479592,1.98257159073071,2.00127746015326,1.99734546905362,1.98194517058003,1.98330402044535,1.9977405956102,1.90634107700973,2.00394697371846,1.99417481936788,1.98679269882297,1.98569405425101,1.98887434116984,1.98124165256465,1.98952967301978,1.90741080988242,1.90734334925081,1.98474960540845,1.98751549130452,1.98246558116675,1.98454722351361,1.98564586808557,1.9882190093199,1.98750585407143,1.982272836505,1.98605063187524,1.98373769593428,1.98365096083649,1.84974160708769,1.84749613177834,1.84574215535644,1.8947763973049,1.94335768929826,1.94094838102642,1.8905842009119,1.84240767270821,1.84121265580538,1.84360268961104,2.01672594479229,1.84146322386565,1.94208557453073,1.84117410687303,1.89053601474646,1.84221492804647,1.89164429655151,1.8928682251536,1.8948534951696,1.89418852608657,1.84720701478572,1.84768887644008,2.01152183892512,2.01183023038392,1.89798559592299,1.89688695135103,1.84846949232016,1.8475250434776,1.84536630326603,1.84750576901142,1.84404600233306,1.84288953436258,1.84189689935458,1.83776252636011,1.83838894651079,1.83829257417991,2.01007625396202,1.83605673610365,1.83701082217929,1.83253914602676,1.77421461138209,1.77155473504998,1.84674442759752,1.84445076612273,1.76386422304627,1.7659747770924,1.76407624217419,1.76126217011268,1.76131999351121,1.83763724232997,1.75839991188574,1.756221897208,1.75626044614034,1.7543137250567,1.75505579200443,1.75363911874058,1.85117755481771,1.8009579331995,1.79931960357465,1.74944692234758,1.79755598991966,1.7950888582493,1.74575586207513,1.86155685485279,1.74471504090169,1.74243101665999,1.74541855891707,1.86190379524393,1.74351038676577,1.74222863476516,1.73804607560524,1.79156163093933,1.74254666345704,1.74191060607327,1.74287432938201,1.85699844360247,1.73834482983095,1.73893270104928,1.74113962742628,1.78894994077265,1.86099789533372,1.85838620516705,1.74094688276454,1.74053248174178,1.74038792324547,1.74011808071902
1.77880193433167,1.77927415875295,1.77986202997128,1.77773220145897,1.7781658769479,1.82518593718111,1.774204974149,1.77509159959304,1.82241041405195,1.77402186672034,1.77400259225417,1.77371347526154,1.87257221227163,1.77197877330582,1.87042310929315,1.77274975195281,1.83407146608765,1.83513156172726,1.81796764959868,1.81767853260606,1.81614621254517,1.76807569390544,1.76537726864098,1.76735290142389,1.7673432641908,1.76461592722708,1.86694406814862,1.76465447615943,1.76565674840052,1.76400878154258,1.76460628999399,1.86668386285526,1.76441354533225,1.86049675921318,1.86127737509325,1.85618891602313,1.76451955489621,1.76602296325784,1.7607128478267,1.81281172989695,1.81324540538588,1.81264789693446,1.87236019314371,1.85820309773839,1.76679394190482,1.93325786902271,1.76502069101675,1.98069233027867,1.82440532130103,1.89438127074832,1.90709278119054,1.907584280078,1.89457401541007,1.90790230876988,1.89347537083811,1.89033363285163,1.90828779809337,1.88936027230981,1.91045617553803,1.88899405745249,1.88598724072923,1.88462839086392,1.91320278696792,1.81134687046767,1.9148989399913,1.88389596114928,1.88392487284854,1.80771363359373,2.00194242923629,1.91715405253374,1.8825081995847,1.88079277209515,1.88058075296723,1.88295151230672,2.00447702153827,1.91876347045933,1.88396342178089,1.81085537158021,1.88358756969048,1.91860927472993,1.99361585984882,1.88687386617327,1.99213172595336,1.89135517955889,1.91873455876007,1.90059728608966,1.90454855165548,2.00898724662315,2.01723671814592,1.9754111265468,1.97035157917594,1.89381267399617,1.98857558694413,1.96802900600189,1.96556187433152,1.96553296263226,1.89381267399617,1.89212615820588,1.89349464530428,1.89269475495803,1.89213579543897,1.96731585075342,1.96836630915995,1.97786862098408,1.96728693905416,1.98864304757574,1.8942463494851,1.98220537587339,1.96903127824297,1.99499398418031,1.95939404515562,1.96216956828478,1.89846745757736,1.98548203512309,1.99542765966924,1.99189079512618,1.97217301622945,1.90159955833075,1.9017152051278,1.90315115285781,1.90359446557983,1.99153421750195,2.00016917834822,1.9072758886192,1.98560731915322,1.90690967376188,1.99236301954746,1.98119346639921,1.97758914122454,1.99074396438878,1.98697580625163,1.98288961942259,1.98698544348472,1.99005008360649,1.98244630670057,1.98732274664277,2.00086305913051,1.98064414411324,1.90728552585229,1.98933692835803,1.99158240366738,1.98810336252285,1.98395935229529,1.98780460829714,1.98392080336294,1.98347749064092,1.98406536185925,1.98676378712371,1.98839247951547,1.98808408805667,1.98229211097117,2.00162440054441,2.00280978021415,1.98345821617474,2.04045281265336,1.84720701478572,2.03686776194487,2.01378658870065,1.84455677568669,1.93421195509836,1.84381470873897,1.88908079255027,1.84109700900833,1.83854314224018,1.93430832742923,1.84035494206061,1.8410488228429,1.84101991114363,1.89069984770895,1.84237876100895,1.89154792422064,1.84430620762642,1.89419816331966,1.84533739156677,1.84648422230416,1.84498081394254,1.84692753502618,2.01501051730274,2.02114943477939,1.90047200205953,2.02455137805923,1.84763105304156,1.9322748712478,1.8421860163472,1.8429473577611,1.84128011643699,2.01051956668404,2.03416933668041,2.03047827640795,2.00866921793126,2.00758984782548,1.8348713564339,1.83736739980353,1.83422566181705,1.83121884509379,1.77081266810225,2.02555365030031,1.76840335983041,1.76364256668526,1.76503032824984,1.76394132091097,1.75969130111944,1.75876612674306,1.75767711940419,1.75848664698352,1.8431015534905,1.75694468968955,1.7552292622,1.75274285606346,1.75170203489003,1.83993090380476,1.83716501790869,1.7503528222578,1.74906143302409,1.75046846905484,1.74777968102347,1.79487683912138,1.8625398526277,1.7428839666151,1.74445483560833,1.86371559506436,1.86440947584664,1.74540892168398,1.86067022940875,1.74172749864461,1.86446729924517,1.86415890778637,1.74084087320058,1.86436128968121,1.80872554306791,1.86471786730544,1.74378986652531,1.74353929846504,1.79149417030772,1.74404043458558,1.85425183217257,1.85493607572177,1.74098543169689,1.74115890189246,1.74086978489984
1.77849354287287,2.0248790439842,2.02440681956292,1.86625018736633,1.82774944118235,1.77851281733905,1.7775587312634,1.77498559002908,1.77594931333781,1.77701904621051,1.77384839652477,1.77485066876585,1.77416642521665,1.77244136049401,1.7724509977271,1.77148727441837,1.87055803055638,1.81937468562943,1.81950960689266,1.81760143474136,1.81760143474136,1.7706970213052,2.0279244096398,1.76800823327383,1.85798144137738,1.76623498238576,1.76636026641589,1.81394892340125,1.7665048249122,1.76518452397924,1.86454439710987,1.76274630400814,1.76375821348231,1.76229335405303,1.86333010574086,1.76249573594786,1.76373893901613,1.86061240601023,1.76164765943618,1.76504960271601,1.81318758198735,1.84774669983861,1.84919228480171,1.93507930607622,1.76669756957395,1.76670720680704,1.7655892877689,1.90728552585229,1.89964320001402,1.89991304254046,1.91095731165857,1.91239325938859,1.89489204410195,1.89445836861302,1.89527753342544,1.98717818814646,1.81868080484714,1.89219361883749,1.89150937528829,1.90945390329694,1.91063928296669,1.88569812373661,1.91400267731417,1.81258043630285,1.81040242162511,1.91373283478773,1.88338518779565,1.80921704195536,1.80871590583482,1.91516878251774,1.80727032087172,1.91714441530065,1.88073494869662,1.88239255278765,1.91876347045933,1.91777083545133,1.88416580367572,1.88383813775075,1.88538009504473,1.88718225763206,1.89030472115237,1.8909696902354,1.9194669884747,1.89272366665729,1.82394273411284,1.92024760435478,1.905599010062,1.91079347869609,2.00692487874245,1.96753750711443,1.97573879247177,1.96693036142993,1.96712310609168,1.8934850080712,1.96645813700865,1.96506073821098,1.89407287928952,1.89225144223601,1.89147082635594,1.89377412506382,1.96835667192686,1.96833739746068,1.97037085364211,1.96808682940041,1.98933692835803,1.96784589857323,1.89511370046296,1.97039012810829,1.97037085364211,1.97023593237889,1.89717606834365,1.98076942814337,1.98322692258065,1.98526037876208,1.8998841308412,1.99069577822335,1.96591845195576,1.98397862676146,1.90200432212042,1.98500017346872,2.00500706935807,1.99145711963725,1.99671904890294,1.90517497180616,1.98507727133342,1.98132838766244,1.98870087097426,1.99121618881006,1.97993098886477,1.98192589611385,1.98062486964706,1.99451212252594,1.99128364944168,1.98243666946748,1.99482051398473,1.9823499343697,1.98421955758864,1.9831883736483,1.98289925665568,1.98403645015998,1.98287034495641,1.98136693659479,1.98349676510709,1.98424846928791,1.98164641635432,1.98715891368029,1.98693725731928,1.98611809250685,1.98862377310957,1.98885506670366,1.98425810652099,2.01174349528613,1.90951172669547,1.84703354459014,1.8464553106049,1.84710100522175,1.84543376389764,1.89206833480735,1.89130699339345,1.93587919642247,1.89189486461178,1.9665737838057,1.84041276545913,1.84120301857229,1.8407404313841,2.01675485649156,1.84143431216639,1.84330393538534,1.84242694717439,1.84208964401633,1.92787065572688,1.84430620762642,1.89388013462778,1.84723592648498,1.84689862332692,1.84875860931278,2.01455756734764,2.01478886094173,2.01419135249032,2.02751000861704,2.00735855423138,1.84677333929678,1.84691789779309,2.02329853775787,1.84407491403233,1.84247513333982,2.04059737114967,2.03333089740181,1.83772397742776,2.0087174040967,1.83851423054092,1.83459187667437,1.83608564780291,1.83770470296158,1.77380984759242,1.77247027219328,1.77078375640299,1.7677287535143,1.76497250485131,1.76343054755734,1.76288122527136,1.76013461384146,1.75867939164527,1.75559547705732,1.76115616054872,1.7575903843064,1.83880334753354,1.75552801642571,1.7545450186508,1.75440046015449,1.75335000174796,1.80039897368043,1.75058411585189,1.75152856469445,1.7969970304006,1.79626460068596,1.79517559334709,1.74757729912864,1.74403079735249,1.86362885996657,1.74405007181867,1.84712027968793,1.7453221865862,1.84469169694992,1.86171105058219,2.05068755419213,1.74183350820857,1.7403686487793,1.74041683494473,1.86509371939585,1.86436128968121,1.74427172817968,1.74237319326147,1.74138055825347,2.04747835557404,1.85440602790197,1.85245930681832,1.74368385696135,1.74081196150131,1.85363504925498
1.78004513739994,1.78177983935566,1.7809895862425,1.867647586164,1.87116517624088,1.86022691668673,1.8272483050618,1.77821406311334,1.77823333757951,1.77750090786488,1.7748892176982,1.77785748548911,1.77601677396942,1.77270156578737,1.77419533691591,1.87296733882822,1.7727593891859,1.77338580933658,1.77152582335072,1.86137374742413,1.86760903723165,1.86149903145426,2.01844137228184,1.76636990364898,1.76786367477752,1.76874066298847,1.81563543919154,1.81577999768785,1.81500901904086,1.76720834292758,1.76350764542204,1.76425934960285,1.86798488932205,2.01637900440115,1.86271332282327,1.76463520169326,1.8657394140127,1.860477484747,1.76577239519756,1.76627353131811,1.8393719442857,1.81440187335636,1.81387182553655,1.7674974599202,1.81485482331146,1.76849973216129,1.76796968434148,1.98547239789,1.98563623085249,1.90032744356322,1.90151282323296,1.81887354950889,1.90980084368809,1.82159124923953,1.89360065486824,1.91072601806447,1.8937837622969,1.91275947424591,1.81608838914665,1.98875869437279,1.9142146964421,1.98679269882297,1.81072045031699,1.91577592820225,1.88449346960069,1.81130832153532,1.88367430478827,1.99142820793799,1.88485968445801,1.88404051964559,1.88330808993095,1.88261420914866,1.88375140265297,1.80849424947381,1.88661366087991,1.92106676916721,1.88364539308901,1.88352974629196,1.88706661083502,1.88810743200845,1.81431513825857,1.81689791672598,1.91882129385785,1.92131733722748,1.92078728940767,1.9212980627613,1.99557221816555,1.91984284056511,1.99681542123382,1.97723256360031,1.99755748818154,1.89388977186086,1.98373769593428,1.96747968371591,1.9847110564761,1.97700127000621,1.89428489841745,1.89482458347034,1.8942463494851,1.89387049739469,1.9706117844693,1.9719802715677,1.96732548798651,1.96881925911505,1.96986971752157,1.9688578080474,1.96995645261936,1.97132493971776,1.97200918326697,1.99813572216679,1.96872288678418,1.9807501536772,1.97369569905725,1.98893216456836,1.97698199554004,1.98339075554313,1.99138002177255,1.98547239789,1.90213924338364,1.9981260849337,1.90458710058783,1.99146675687034,1.97928529424792,1.97922747084939,1.99897416144538,1.99862722105424,1.99147639410342,1.99978368902472,1.9844026650173,1.98189698441459,1.98169460251976,1.99231483338202,1.98091398663968,1.99096562074979,1.99268104823934,1.98202226844473,1.98197408227929,1.99252685250994,1.98335220661078,1.9821186407756,1.99165950153208,1.98378588209971,1.98391116612985,1.9841039107916,1.98354495127253,1.98653249352961,1.98698544348472,1.98672523819136,1.98793952956036,1.98772751043244,1.90904913950727,1.98422919482173,1.98222465033956,1.85060895806555,1.900414178661,1.93551298156515,1.94019667684561,1.84499045117562,1.84465314801757,2.03680030131325,1.8418872621215,1.84164633129431,2.01591641721296,1.84096208774511,1.841501772798,2.01819080422157,1.84105846007598,1.84137648876787,1.83913101345851,1.89067093600969,1.89117207213023,1.8921839816044,1.89106606256627,1.84606982128141,2.01372876530213,1.84735157328203,1.85034875277219,2.02985185625727,1.84585780215349,1.8460023606498,1.84803581683123,1.84495190224327,2.0129096004897,1.8440170906338,1.84273533863318,1.84445076612273,1.84114519517377,1.88896514575323,1.83884189646589,2.01560802575416,1.83793599655568,1.83661569562271,1.83638440202862,1.83476534686994,1.83126703125923,1.82064680039696,1.77086085426769,1.76703487273201,1.81401638403286,1.81294665116017,1.83656750945728,1.76069357336053,1.75845773528426,1.75669412162928,1.75786022683285,1.75527744836543,1.75686759182485,1.756221897208,1.75269466989802,1.74927345215201,1.75196224018338,1.75109488920552,1.75026608716001,1.7489746979263,1.74900360962557,1.79530087737722,1.79453953596332,1.74766403422642,1.7441753558488,1.74400188565323,1.83851423054092,1.8282409400698,1.78967273325421,1.74127454868951,1.74132273485494,1.74210335073502,1.74354893569812,1.74182387097549,1.86276150898871,1.74194915500562,1.74111071572702,1.86253021539461,1.74141910718582,1.74147693058434,1.74138055825347,1.74165040077991,1.7373907437553,1.74361639632973,1.74146729335125,1.73801716390598
1.78146181066378,1.78441080398851,1.78316760092024,1.78177020212257,1.87333355368554,1.77952472681322,1.84200290891854,1.82779762734778,1.82780726458087,1.77912960025664,2.0410310466386,1.77612278353338,2.04744944387478,1.77693231111272,1.77480248260042,1.77221970413301,1.77165110738085,2.03191422413797,1.77327016253953,1.86402398652315,1.8649009747341,1.77093795213239,1.86999907103731,1.77006096392144,1.87115553900779,1.7667361185063,1.81547160622906,1.76786367477752,1.85459877256372,1.76795040987531,1.81403565849904,1.8671079011111,1.86602853100532,1.86504553323041,1.76507851441527,1.8543096555711,1.86695370538171,1.86767649786326,1.76774802798047,1.86182669737923,1.81411275636374,1.81555834132684,1.82461734042896,1.81577036045476,1.81714848478625,1.76872138852229,1.77045609047802,1.9039221315048,1.90365228897835,1.8991227894273,1.90130080410504,1.90742044711551,1.91119824248575,1.82348014692465,1.91128497758354,1.91355936459216,1.89703150984734,1.89069984770895,1.89426562395127,1.88931208614437,1.99057049419321,1.88840618623416,1.91731788549622,1.88685459170709,1.88758702142173,1.81124086090371,2.0035325726957,1.88368394202136,1.92072946600915,1.88482113552566,1.88359720692357,1.88331772716404,1.88267203254718,1.92004522245995,1.8840308824125,1.92108604363338,1.8841079802772,1.99355803645029,1.92241598179944,1.88889768512161,1.89049746581412,1.99786587964034,1.9956107670979,2.01829681378553,1.90187903809028,1.90377757300849,1.99547584583468,1.99437720126272,2.00456375663605,1.96787481027249,1.89595213974156,1.99677687230147,1.97188389923683,1.89771575339654,1.99159204090047,1.98756367746996,1.89463183880859,1.89716643111056,1.89414033992114,1.97041903980755,1.96931075800251,1.96902164100989,1.9708430780634,2.00382168968832,1.98763113810157,1.97134421418394,1.97093945039427,1.97117074398837,1.9863108371686,1.97091053869501,1.96821211343055,1.98191625888077,1.97405227668148,1.97398481604987,1.97292472041026,1.98358350020488,1.99058976865939,1.90261146780492,1.90372938684305,1.90370047514379,1.90540626540025,1.99502289587957,1.98094289833894,1.98084652600807,1.90755536837873,1.98390152889676,1.9837184214681,1.98108745683525,1.90700604609275,1.98317873641521,1.99092707181744,1.99467595548842,1.98186807271533,1.90871183634922,1.98145367169257,1.99777914454255,1.98155004402345,2.00068958893493,1.9923341078482,1.99146675687034,1.98517364366429,1.9914956685696,1.90849017998821,1.97660614344963,1.98417137142321,1.98655176799578,1.98672523819136,1.98388225443059,1.91013814684614,1.98415209695703,1.98184879824915,1.98173315145211,1.98419064588938,1.9078830343037,1.84877788377895,1.93763317284437,1.84357377791178,1.84690826056001,1.84473988311535,1.84367978747574,1.94374317862175,1.84160778236196,2.01722708091284,1.83953577724818,1.8389864549622,1.84118374410612,1.84360268961104,1.84177161532445,2.01787277552969,1.83882262199972,1.84393035553601,1.84390144383675,1.84808400299667,1.84715882862028,2.01462502797925,1.84786234663566,1.84638784997329,1.84648422230416,1.84533739156677,1.84643603613873,1.84784307216948,1.84525065646898,2.01800769679291,1.84404600233306,2.0270088724965,1.89087331790452,1.89000596692666,1.84137648876787,1.83756978169836,1.83621093183304,1.83975743360919,1.83711683174325,1.93073291395382,1.83363779059872,1.77458082623941,1.77273047748663,1.76854791832672,1.76809496837162,1.76743963652168,1.811934741686,1.80915921855684,1.76423043790359,1.75840954911883,1.75773494280271,1.7559135057492,1.83054423877768,1.75719525774982,1.75516180156839,1.75440046015449,1.83363779059872,1.75262720926641,1.7481362586477,1.8407404313841,1.74918671705423,1.85289298230726,1.74749056403085,1.79788365584463,1.84370869917501,1.74546674508251,1.74716289810588,1.74152511674978,1.74427172817968,1.74390551332236,1.74000243392198,1.79178328730034,1.74274904535187,1.74315380914154,1.85454094916519,1.86656821605821,1.74111071572702,1.86174959951453,1.7393760137713,1.74292251554745,1.7418142337424,1.73969404246318,1.85216055259262,1.73908689677868,1.79098339695409,1.74057103067413,1.85688279680542
1.7842662454922,1.78692612182431,1.78183766275419,1.78173165319022,1.87059657948873,1.78333143388273,1.7816738297917,1.82917575167927,1.83002382819096,1.780604096919,1.77939944278308,2.04870228417614,2.02552473860105,1.77649863562379,1.7755734612474,1.777404535534,1.77508196235995,1.77300995724617,1.77348218166745,1.77493740386364,1.77164147014776,1.77240281156167,1.76967547459794,1.76986821925969,1.81737014114726,1.8569020712716,1.7690972406127,1.76708305889744,1.81793873789942,1.7649050442197,1.76430753576829,1.86773432126178,1.76729507802537,1.76657228554382,1.7674974599202,1.76735290142389,1.76822025240175,1.76835517366498,1.86684769581775,1.93840415149136,1.76657228554382,1.7686442906576,1.76754564608564,1.76583021859609,1.85419400877405,1.76738181312315,1.77121743189192,1.91470619532955,1.90093458924772,1.82618820942219,1.82598582752736,1.89802414485534,1.89685803965177,1.91551572290889,1.89711824494513,1.91443635280311,1.89113352319788,1.88989032012961,1.9888261550044,1.81766889537297,1.89092150406996,1.88855074473047,1.88861820536208,1.88895550852014,1.88953374250538,1.89045891688177,1.89032399561854,1.91822378540644,1.81073972478316,1.88412725474337,1.88289368890819,1.88282622827658,2.00428427687652,1.88307679633685,1.92187629674654,1.92317732321334,1.88443564620217,1.92088366173855,1.92331224447656,1.92321587214569,1.88919643934732,1.92130769999439,1.89738808747157,1.89214543267205,1.92177028718258,1.82961906440129,1.83231748966575,1.90903950227419,2.02000260404199,1.98100072173747,1.97798426778113,1.98095253557203,1.97684707427682,1.89486313240269,1.99173659939678,1.967489320949,1.8953835429894,1.89418852608657,1.96921438567163,1.96606301045207,1.96842413255847,1.97409082561383,1.98846957738017,1.99037774953146,1.9690120037768,1.9722115651618,1.98784315722949,1.99204499085558,1.98897071350071,1.9911101792461,1.97167188010891,1.98126092703083,1.97581589033647,1.98174278868519,1.99227628444967,1.99174623662987,1.98942366345582,1.98992479957636,1.99011754423811,1.99129328667476,1.90527134413703,1.99875250508438,2.00336873973322,1.9067458407994,2.00425536517726,1.99031028889985,1.98063450688015,1.98351603957327,1.98169460251976,1.98457613521288,1.90768065240887,2.0219011389602,1.99052230802777,2.00779222972032,2.00660685005057,1.98037430158679,1.99698889142939,1.99059940589247,2.00430355134269,1.90729516308538,1.98404608739307,1.98384370549824,1.98117419193304,1.90835525872498,1.98314982471595,1.98388225443059,1.98717818814646,1.98776605936479,1.98459540967905,1.98415209695703,1.98358350020488,1.98142475999331,1.98417137142321,1.84739012221438,1.8464553106049,2.01447083224985,1.84476879481461,2.01748728620619,1.84214746741485,1.84087535264732,1.84075006861719,1.94342514992987,1.84109700900833,1.84077898031645,1.84019110909812,2.04802767786002,1.84119338133921,1.84025856972973,2.01829681378553,1.84109700900833,1.84340030771621,1.84429657039333,1.8434099449493,1.84723592648498,1.84224383974573,1.84667696696591,1.84870078591426,1.84720701478572,1.89536426852323,2.0280786053692,2.00457339386914,1.84531811710059,1.84414237466394,1.8940921537557,1.89323444001092,1.84229202591116,1.84109700900833,1.83780107529246,1.83695299878077,1.83676025411902,2.01410461739253,1.83550741381767,1.83459187667437,1.83301137044804,1.77274975195281,1.77063919790668,1.77035971814715,1.76747818545403,1.85454094916519,1.76179221793249,1.76009606490911,1.76048155423261,1.76038518190173,1.75776385450197,1.80473572856974,1.83763724232997,1.84009473676725,1.839294846421,1.75343673684575,1.75175985828855,1.79757526438584,1.74949510851302,1.85280624720947,1.85265205148007,1.85231474832201,1.85980287843089,1.74689305557944,1.83054423877768,1.74614135139862,1.74489814833035,1.74042647217782,1.74504270682666,1.74484996216492,1.74131309762186,1.86103644426607,1.74251775175778,1.85951376143827,1.85601544582756,1.74217081136663,1.85734538399361,1.7392989159066,1.85565886820333,1.78992330131448,1.74222863476516,1.74119745082481,1.85935956570887,1.85725864889583,1.7395302095007,1.74130346038877,1.79517559334709
1.7850275869061,1.78458427418408,1.78421805932676,1.78437225505616,1.784796293312,1.78610695701188,1.78331215941655,1.78329288495038,1.7818280255211,1.78164491809244,1.7809895862425,1.78014150973081,1.77798276951924,1.77791530888763,1.82562924990313,1.77851281733905,1.77433025817914,1.86506480769658,1.86822582014924,1.87354557281346,1.87372868024212,1.87526100030301,1.77081266810225,1.77388694545712,1.81944214626105,1.77037899261332,1.76815279177014,1.76969474906412,1.7711596084934,1.76754564608564,1.86402398652315,1.76748782268711,1.76945381823693,1.76822988963484,1.76733362695772,1.76751673438638,1.76712160782979,1.76497250485131,1.76727580355919,1.94002320665003,1.76946345547002,1.76911651507888,1.94173863413958,1.76705414719818,1.76770947904812,1.76792149817604,1.77078375640299,1.89973957234489,1.90196577318807,1.82770125501691,1.90111769667638,1.91200777006509,1.8984385458781,1.89831326184796,1.99113909094537,1.91457127406633,1.91537116441258,1.91704804296978,1.99093670905053,1.91627706432279,1.91627706432279,1.81671480929732,1.88775085438422,1.88747137462469,1.88739427675999,1.88704733636884,1.88703769913575,1.88552465354104,1.88529335994694,1.81084573434712,1.88526444824768,1.88349119735961,1.8851777131499,1.88564030033809,2.00325309293617,1.88599687796232,1.88617034815789,1.88752919802321,1.8867774938424,1.81442114782253,1.89057456367881,1.8905071030472,1.89486313240269,1.92203049247594,1.92355317530374,1.90355591664748,1.90549300049804,1.99799116367047,2.001248548454,1.85689243403851,1.97066960786782,1.98224392480574,1.9720573694324,1.97181643860522,1.97070815680017,1.96986971752157,1.895007690899,1.89577866954599,1.97166224287582,1.97319456293671,1.97326202356832,1.97407155114766,1.97017810898037,1.9713731258832,2.00600934159915,2.00461194280149,1.89780248849433,1.99426155446567,1.98735165834203,1.98976096661387,1.97473652023069,1.98180061208372,1.97452450110276,1.97555568504311,1.99033920059911,1.97403300221531,1.97185498753757,1.90356555388057,1.99347130135251,1.90489549204662,1.9964492063765,1.99741292968523,2.00613462562929,1.90679402696483,2.00991242099953,2.00069922616802,1.90943462883077,1.90831670979263,1.90808541619854,1.98031647818827,1.98223428757265,1.98815154868829,2.00841864987099,1.99013681870428,1.99966804222767,1.9944639363605,1.98094289833894,1.99407844703701,2.00596115543372,1.9080372300331,1.99935965076888,1.98405572462616,1.98273542369319,1.98218610140721,1.98293780558803,1.98225356203882,1.98521219259664,1.98952003578669,1.99102344414832,1.986465032898,1.99387606514217,1.9844026650173,1.98480742880697,1.91003213728218,1.93886673867955,1.84613728191302,1.84591562555201,1.84198363445237,1.84425802146099,2.03138417631816,2.03690631087721,2.0132179919485,1.843487042814,1.84258114290379,1.84193544828693,1.84138612600095,2.01757402130398,2.02051337739562,1.84286062266332,1.84254259397144,1.84340030771621,2.01392150996387,1.84392071830293,1.84435439379186,1.84683116269531,1.84483625544623,1.84840203168855,1.84823819872606,1.84725520095115,1.9147447442619,1.84595417448436,1.89408251652261,1.89388013462778,1.89371630166529,1.89206833480735,1.84198363445237,2.03423679731202,2.03414042498114,1.83903464112764,1.88619925985715,1.83774325189393,1.83411001502,1.83401364268913,1.8332715757414,1.8585018519641,1.77327979977261,1.76907796614653,1.85692134573777,1.76342091032425,1.76258247104565,1.76132963074429,1.75815898105855,1.8082725931128,1.833117380012,1.80492847323149,1.83006237712331,1.75505579200443,1.84216674188103,1.75427517612435,1.75287777732668,1.75105634027317,1.75024681269384,1.85383743114982,1.84854659018486,1.74896506069322,1.86143157082265,1.74747128956468,1.74352966123195,1.74726890766984,1.74424281648041,1.74245029112617,1.74260448685556,1.85498426188721,1.86436128968121,1.86340720360556,1.74012771795211,1.86065095494258,1.74220936029898,1.738460476628,1.74270085918644,1.74002170838815,1.73904834784633,1.73860503512431,1.74109144126085,1.74166967524609,1.73948202333526,1.73980005202714,1.74004098285433,1.74086014766675,1.7958501996632
1.78565400705678,1.83961287511288,1.7849504890414,1.78515287093624,1.78478665607892,1.7860202219141,1.78352417854447,1.78242553397251,1.78517214540241,1.78086430221236,1.78021860759551,1.78010296079846,1.78039207779108,1.82683390403905,1.82720011889637,1.83090081640191,1.82602437645971,1.82478117339144,1.77546745168344,1.77669138028554,1.86809089888601,1.77532289318713,1.77528434425478,1.77518797192391,1.86376378122979,1.77202695947126,1.83039004304828,1.81921085266695,1.77114033402722,1.76848045769511,1.77116924572648,1.76548327820494,1.77011878731996,1.76721798016067,1.86681878411848,1.86722354790815,1.93904020887512,1.76787331201061,1.94049543107131,1.86500698429806,1.76732398972463,1.76754564608564,1.76865392789068,1.76829735026645,1.76979112139499,1.77040790431258,1.81949033242648,1.90191758702263,1.82798073477644,1.91355936459216,1.99398207470614,1.99376041834513,1.99048375909543,1.90027925739778,1.89710860771204,1.89509442599678,1.89363920380059,1.91772264928589,1.91795394287999,1.89062274984425,1.99107163031375,1.88843509793342,1.88953374250538,1.92055599581358,1.88802069691066,1.88879167555765,1.92359172423609,1.92146189572379,1.88592941733071,1.88422362707425,1.88393451008163,1.81031568652732,1.99819354556531,1.9216835520848,1.99558185539864,1.92358208700301,1.88441637173599,1.8855535652403,1.81458498078502,1.8941692516204,1.89175994334856,1.92452653584557,1.89535463129014,2.00032337407761,2.00046793257393,1.92363027316844,1.83363779059872,1.92410249758972,2.01831608825171,1.85704662976791,1.97167188010891,1.98199335674547,1.97079489189796,1.98033575265444,1.97229830025959,1.98396898952837,1.96931075800251,1.97465942236599,1.97676033917903,1.97982497930081,1.97217301622945,1.97026484407815,1.96934930693486,1.97187426200374,1.99475305335312,1.97257778001912,1.99376041834513,1.97288617147791,1.97163333117656,1.97405227668148,2.00516126508747,1.9739655415837,1.97479434362921,1.99457958315755,1.98510618303268,1.99764422327933,1.97143094928172,1.90367156344453,1.9744955894035,1.99342311518707,1.9963721085118,1.99113909094537,2.00054503043862,1.99322073329223,2.0039951598839,1.90770956410813,2.00080523573198,1.98208009184325,1.90870219911613,1.99769240944477,1.98532783939369,1.98229211097117,2.010625576248,2.00067995170185,1.99444466189433,1.99148603133651,1.98667705202592,1.9986561327535,1.99752857648228,1.99419409383406,1.99382787897674,1.99106199308067,1.99360622261573,1.98409427355851,1.98324619704682,1.98469178200992,1.9905030335616,1.98420992035556,1.99117763987771,1.98572296595027,1.98470141924301,1.98991516234327,1.99886815188142,1.9388281897472,1.84843094338781,1.84725520095115,1.84740939668055,2.01451901841529,2.03748454486246,1.84355450344561,1.8418872621215,1.84140540046713,1.84315937688903,1.8437857970397,1.84030675589517,2.02851228085813,1.84176197809136,2.03191422413797,1.84268715246775,1.94039905874044,2.02377076217915,2.01667775862686,1.84472060864918,2.03740744699776,1.84687934886075,1.84527956816824,2.03458373770316,2.01436482268589,1.84735157328203,1.84761177857538,2.02756783201557,1.84624329147698,1.8450097256418,1.8421860163472,1.84232093761043,1.84250404503909,1.84076934308336,1.84191617382076,1.83984416870698,1.84090426434659,2.00855357113422,1.8351797478927,1.83489063090008,1.83702045941238,1.77395440608873,1.76892377041713,1.76778657691282,1.85185216113382,1.76499177931749,1.76428826130211,2.0573468822555,1.75925762563051,1.7582746278556,1.7590359692695,1.7557593100198,1.84425802146099,1.84219565358029,1.75584604511759,1.80219149903468,1.75079613497981,1.82109975035207,1.74932163831745,1.74832900330945,1.85039693893763,1.74856993413664,1.85146667181033,1.83381126079429,1.74436810051055,1.86440947584664,1.86321445894381,1.79366254775237,1.79279519677451,1.74207443903576,1.74179495927622,1.86364813443274,1.74253702622395,1.74354893569812,1.78863191208077,1.78721523881693,1.86668386285526,1.74245992835925,1.74094688276454,1.86027510285217,1.85849221473101,1.73947238610217,1.85538902567688,1.85394344071378,1.85748030525684,1.85465659596224,1.78801512916318
1.78806331532862,1.79061718209677,1.7876200026066,1.83857205393945,1.78759109090734,1.78579856555309,1.78624187827511,1.78478665607892,1.88053256680179,1.78436261782307,1.78373619767239,1.78090285114471,1.78147144789687,1.86843783927716,1.78096067454324,1.77972710870805,1.86335901744012,1.8269495508361,1.77612278353338,1.77704795790977,1.77489885493129,1.83012983775492,1.77351109336671,1.88874348939222,1.82149487690865,1.77147763718528,1.82023239937421,1.77035008091406,1.77228716476462,1.77043681601184,1.76842263429659,1.7694056320715,1.86784996805883,1.77003205222218,1.76898159381565,1.87024963909758,1.85440602790197,1.76587840476153,1.81645460400397,1.94341551269678,1.77035008091406,1.85805853924208,1.76965620013177,1.76826843856719,1.77098613829782,1.77030189474862,1.77112105956105,1.90282348693284,1.83042859198063,1.99384715344291,1.90077075628524,1.91492785169056,1.89844818311118,1.82516666271493,1.89695441198264,1.89695441198264,1.89677130455398,1.9170287685036,1.99316290989371,1.89303205811609,1.99379896727747,1.81732195498183,1.89034327008472,1.91775156098516,1.81463316695046,1.92223287437078,1.88727862996294,1.81235877994184,1.88774121715113,1.88648837684978,1.92230033500239,1.92102822023486,1.88407906857794,1.88482113552566,1.99898379867847,1.88758702142173,1.88697023850414,1.81411275636374,1.92323514661186,1.8939379580263,1.89154792422064,1.89343682190576,1.89549918978645,1.89818797781782,1.90245727207552,1.83090081640191,1.92546134745504,2.00790787651736,2.00832227754012,1.99587097239126,1.98500017346872,1.97489071596008,1.9824270322344,1.99123546327624,1.98003699842873,1.99062831759174,1.97676997641212,1.97353186609477,1.97243322152281,1.98073087921102,1.97866851133033,1.97532439144902,1.97272233851543,1.97347404269624,1.97259705448529,1.97324274910215,1.97485216702773,1.97389808095209,1.97956477400745,1.99120655157698,1.99689251909852,1.98475924264154,1.99079215055422,1.97403300221531,1.90351736771513,1.99716236162496,1.99516745437588,1.99769240944477,1.98527965322825,1.90510751117455,1.90466419845253,1.99813572216679,1.989664594283,1.99095598351671,1.99777914454255,1.90840344489042,1.99289306736726,1.9971334499257,2.0007185006342,1.98066341857941,1.99159204090047,2.00138346971722,1.99673832336912,1.98464359584449,1.99759603711389,1.98553022128852,1.9914956685696,1.98164641635432,2.00621172349399,2.00251102598844,2.00768622015635,1.9839497150622,1.99463740655608,1.99338456625472,1.98514473196503,1.91063928296669,1.98605063187524,1.98529892769443,1.98808408805667,1.98446048841583,1.98382443103206,1.99076323885496,1.99801043813665,1.84872006038043,1.84491335331093,2.0177089425672,2.04041426372101,1.94151697777857,1.84146322386565,2.02142891453892,2.01445155778368,1.94180609477119,1.94496710722385,1.94155552671092,1.93164845109712,1.84283171096406,1.84255223120452,1.84268715246775,1.94414794241142,2.02111088584704,2.01785350106351,2.01768966810103,2.01440337161824,1.84486516714549,2.03459337493625,1.84260041736996,1.84396890446836,1.89234781456689,1.84403636509998,2.03439099304142,1.8454626755969,1.84575179258953,1.84497117670945,2.00837046370556,1.84132830260243,1.84387253213749,1.88990959459579,2.02130363050879,1.8399790899702,1.83811910398434,1.83700118494621,1.83795527102185,1.83688553814916,1.88483077275875,1.77444590497618,1.77196913607273,1.76791186094296,1.76519416121232,1.76758419501799,1.76301614653458,1.76030808403703,1.75994186917971,2.04183093698485,1.75799514809607,1.75608697594477,1.75399569636482,1.75268503266494,1.75569184938819,1.75061302755115,1.74960111807698,1.74845428733959,1.84846949232016,1.74604497906775,1.85412654814244,1.7456209408119,1.7449366972627,1.85523482994748,1.74433918881129,1.85495535018795,1.74251775175778,1.74211298796811,1.74141910718582,1.74200697840415,1.74433918881129,1.74180459650931,1.73975186586171,1.7910508575857,1.79029915340488,1.7903666140365,1.74094688276454,2.05146817007221,1.74240210496073,1.73975186586171,1.73634028534878,1.86050639644627,1.85884879235524,1.73891342658311,1.73967476799701,1.73857612342505,1.78739834624559
1.78844880465211,1.79099303418717,1.83806128058582,1.78761036537351,1.79062681932985,1.8838766866831,1.78718632711767,1.78649244633538,1.78464209758261,2.03102759869393,1.78494085180831,2.04518469409925,1.87387323873843,1.78121124260351,1.82815420497201,1.82818311667128,1.93535878583575,1.77841644500817,1.87464421738542,1.87650420337128,1.7777900248575,1.77639262605983,1.87612835128087,1.77513978575847,1.77317379020865,1.77485066876585,1.77319306467483,1.77236426262932,1.87576213642355,1.77131380422279,1.93827886746122,1.87118445070706,1.87167594959451,1.95011338969249,1.87114590177471,1.94461052959961,1.856063631993,1.81593419341725,1.81693646565833,1.76703487273201,1.94534295931425,1.94425395197538,1.77101504999709,1.77014769901922,1.8190181080052,1.81881572611037,1.81928795053165,1.82994673032626,1.90338244645191,1.91531334101405,1.90273675183506,1.91434961770532,1.8998841308412,1.99716236162496,1.91753954185723,1.91727933656388,1.90016361060073,1.89652073649371,1.89216470713823,1.91793466841382,1.99467595548842,1.8921839816044,1.89079622003982,1.88934099784363,1.8152884988004,1.81418021699535,1.81364053194246,1.8855535652403,1.88778940331657,1.88946628187377,1.88777012885039,2.00678995747923,1.88580413330057,1.88535118334547,1.88732681612838,1.92363027316844,1.81311048412265,1.88932172337746,2.01148328999277,1.81707138692156,1.81781345386928,1.89541245468867,1.89689658858412,1.92662745265861,1.90230307634613,2.01076049751122,1.90848054275512,1.92567336658296,2.00679959471232,2.00733927976521,1.89978775851033,1.99076323885496,1.97423538411014,1.98447012564892,1.98489416390476,1.89848673204353,1.97623029135923,1.97469797129834,1.9735800522602,1.89813979165239,1.97723256360031,1.97698199554004,1.97631702645701,1.97409082561383,1.97419683517779,1.97325238633523,1.90076111905215,1.90012506166838,1.98083688877498,1.98406536185925,1.97772406248777,1.98483634050624,1.97897690278912,1.98401717569381,1.98077906537646,1.97839866880388,1.98129947596318,1.90695785992732,1.98746730513908,2.00398552265081,1.98353531403944,1.9819644450462,1.97644231048715,1.9080372300331,1.98998262297488,1.99798152643739,1.90768065240887,1.99326891945767,1.98391116612985,1.9821957386403,1.99135111007329,1.9869950807178,2.00517090232055,1.99196789299088,1.98959713365139,1.98789134339493,1.99121618881006,1.99533128733836,1.98366059806958,1.98396898952837,1.98260050242997,1.98614700420612,1.99442538742815,1.98192589611385,1.98559768192014,1.98761186363539,1.98580970104806,1.98702399241706,1.98830574441768,1.98727456047734,1.98519291813047,1.99483015121782,1.98469178200992,1.84803581683123,2.02530308224004,2.026401726812,1.84503863734106,2.01876903820681,1.84376652257353,1.84086571541424,1.8421089184825,1.84301481839272,1.84322683752064,2.02446464296144,1.84366051300957,1.84286062266332,1.93916549290526,1.84404600233306,2.0344006302745,1.84082716648189,1.84051877502309,1.84471097141609,1.84346776834782,1.93773918240833,2.02838699682799,1.84411346296467,1.84449895228817,1.84680225099605,1.84502900010797,2.01147365275968,2.01789204999586,2.00862103176583,1.84353522897943,1.8434099449493,1.84124156750464,1.8400561878349,1.93373009344399,1.84099099944437,1.83771434019467,1.84063442182014,1.83531466915592,2.00709834893803,1.88465730256318,1.88695096403797,1.77244136049401,1.76852864386055,1.76629280578428,1.76473157402413,1.76500141655058,1.76042373083408,1.76025026063851,1.8407404313841,1.75762893323875,1.75711815988512,1.7581204321262,1.80315522234342,1.75440046015449,1.75247301353701,1.84741903391364,1.75089250731069,1.74999624463356,1.74949510851302,1.74770258315877,1.74446447284142,1.85478187999238,1.7437224058937,1.85776942224946,1.7470761630081,1.74378022929222,1.74051320727561,1.8174954251774,1.79040516296884,1.74300925064523,1.7425755751563,1.74423317924733,1.74113962742628,1.7415058422836,1.7389905244478,1.74188169437401,1.74187205714092,1.86481423963631,1.86382160462832,1.74032046261386,1.85835729346779,1.86312772384603,1.74225754646442,1.74055175620796,1.85408799921009,1.74078304980205,1.78759109090734
1.78922942053219,1.79352762648915,1.79117614161583,1.79132070011214,1.78888248014104,1.78813077596023,1.78849699081755,2.04098286047317,1.78516250816932,1.78353381577756,1.78580820278618,1.78121124260351,1.78238698504016,1.78392894233414,1.83016838668727,1.78173165319022,1.82761451991912,1.82718084443019,1.82742177525738,1.77741417276709,1.77783821102293,1.77727925150387,1.95435377225093,2.02697032356415,1.87565612685959,1.87652347783745,1.87403707170091,1.7748121198335,1.77251845835871,1.77082230533534,1.77202695947126,1.77218115520066,1.87459603121998,1.76773839074738,1.77102468723017,1.77011878731996,1.82807710710732,1.77029225751553,1.81737977838035,1.95027722265498,1.94612357519433,1.76946345547002,1.94203738836529,1.77048500217728,1.93851979828841,1.77191131267421,1.93470345398581,1.8312863057254,1.90591703875388,1.90462564952018,1.90386430810628,1.90279457523358,1.90196577318807,1.90010578720221,1.9005683743904,1.90162847003001,1.89827471291561,1.89504623983135,1.89521007279383,1.92054635858049,1.89216470713823,1.8185651580501,1.89101787640083,1.8892157138135,1.89011197649062,1.88936990954289,1.99699852866248,1.88819416710624,1.92434342841691,1.92523969109403,1.92695511858358,1.88773157991804,1.88726899272985,1.886623298113,1.99867540721968,1.88780867778274,1.89071912217512,1.88803997137684,1.89018907435532,1.89162502208534,1.89423671225201,1.8971375194113,2.00054503043862,1.89978775851033,1.90161883279692,1.90766137794269,1.91116933078649,1.83773361466085,2.01239882713607,2.00410116944786,1.97633630092319,1.97250068215442,1.9786106879318,1.90121406900725,1.98899962519997,1.98144403445949,1.97553641057694,1.97620137965996,1.97156587054495,1.98055740901545,1.97421610964397,1.98006591012799,1.97158514501112,1.97378243415504,1.99429046616493,1.97446667770424,1.98838284228238,1.97574842970486,1.97675070194594,1.97688562320917,1.97516055848653,1.98979951554622,1.98152113232418,1.99083069948657,1.97718437743487,1.90556046112965,1.98869123374118,1.98914418369628,1.90736262371699,2.00351329822953,2.01524181089684,1.97934311764644,1.97761805292381,1.99578423729347,1.99246902911142,1.99535056180454,1.99742256691832,1.99394352577379,1.98505799686724,1.98420028312247,1.99546620860159,1.99611190321844,1.98340039277622,1.99430974063111,1.9904259356969,1.99032956336603,2.00050648150627,1.98481706604006,1.98452794904744,1.98702399241706,1.98831538165077,1.98433520438569,1.98215718970795,1.9105525478689,1.98522182982973,1.98322692258065,1.98837320504929,1.98454722351361,1.98501944793489,1.98460504691214,1.98469178200992,1.90961773625943,1.98430629268643,1.84870078591426,1.84804545406432,1.84678297652987,1.8441712863632,2.03126852952111,1.84255223120452,1.84337139601695,1.84155959619653,2.03414042498114,1.84053804948927,1.84261969183613,1.84239803547513,1.84153068449726,1.8412704792039,1.84309191625741,1.93810539726565,1.89014088818988,1.84509646073958,1.84464351078448,2.03244427195777,1.84502900010797,1.84388216937058,1.84483625544623,2.03083485403218,1.84614691914611,1.84543376389764,1.84670587866517,2.03739780976467,1.84659023186812,1.84375688534044,2.0309697752954,1.84252331950526,1.84085607818115,1.84041276545913,1.84112592070759,1.84056696118853,1.84023929526356,2.02705705866194,1.83468824900524,1.91869600982772,1.88348156012652,1.77511087405921,1.76930925974062,1.81788091450089,1.8473708477482,1.85431929280418,1.76373893901613,1.75964311495401,1.75994186917971,1.75804333426151,1.75775421726889,1.84824783595915,1.75526781113235,1.8008037374701,1.75130690833344,1.75058411585189,1.85030056660676,1.85102335908831,1.85078242826112,1.85506135975191,1.74621844926332,1.855070996985,1.74415608138263,1.85498426188721,1.85502281081956,1.74453193347303,1.74386696439001,1.81904701970446,1.79161945433785,1.74439701220981,1.74323090700624,1.86066059217566,1.8620772654395,1.86200016757481,1.74177568481005,1.74008916901976,1.8622314611689,1.74175641034388,1.74111071572702,1.73932782760586,1.74109144126085,1.73796897774054,1.73786296817658,1.73703416613107,1.73890378935002,1.73492361208494,1.73953984673378
2.05183438492953,1.79399985091043,1.79246753084954,1.79277592230833,1.79054972146515,1.78804404086244,1.88380922605149,1.78938361626158,1.78477701884583,1.78660809313243,1.78675265162874,1.83276080238777,1.78437225505616,1.7841120497628,1.78341816898051,1.83064061110855,1.8292335750778,1.82804819540805,1.82872280172417,1.78165455532553,1.89367775273294,1.88347192289343,1.87202288998566,1.87741974051457,1.87523208860374,1.82466552659439,1.87507789287435,1.88032054767387,1.87538628433314,1.95016157585793,1.77219079243374,1.77356891676523,1.77170893077938,1.77244136049401,1.77107287339561,1.81934577393017,1.81931686223091,1.93190865639048,1.85661295427897,1.76920325017666,1.77047536494419,1.77064883513977,1.76954055333472,1.7706970213052,1.94790646331549,1.77325088807335,1.92044034901653,1.90439435592608,1.90611942064872,1.90462564952018,1.90474129631723,1.91900440128651,1.90053946269114,1.90422088573051,1.90174411682706,1.91760700248885,1.89535463129014,1.89747482256936,1.82029986000582,1.8206949865624,1.92082583834002,1.89361029210133,1.89076730834056,1.8921068837397,1.89331153787562,1.88916752764806,1.81449824568723,2.00488178532793,1.81225277037788,1.88796287351214,1.92521077939477,1.88584268223292,1.88820380433932,1.88884949895618,1.88771230545187,1.89015052542297,1.81465244141663,1.92669491329022,1.92696475581667,1.89296459748448,2.00882341366066,1.89524862172618,1.92977882787817,1.90108878497712,1.82825057730289,1.92798630252393,1.90821070022867,1.92678164838801,1.92728278450855,2.00143165588266,1.99455067145829,1.90061656055584,1.97496781382478,1.97789753268334,1.97437030537337,1.90131044133813,1.97705909340474,1.90017324783382,1.97713619126944,1.97761805292381,1.97512200955418,1.98032611542135,1.97558459674237,1.97428357027558,1.99246902911142,1.99031992613294,1.97873597196194,1.97535330314828,1.98066341857941,1.98875869437279,1.98733238387586,1.97696272107387,1.990657229291,1.99170768769752,1.98574224041645,1.90489549204662,1.98754440300378,1.98200299397855,1.99803934983591,2.00401443435007,1.98351603957327,1.90814323959706,1.98246558116675,1.99664195103824,1.9920257163894,1.99410735873627,1.90876002251465,1.91062000850051,1.98604099464215,1.99166913876517,1.99031028889985,2.00143165588266,1.98413282249086,1.99128364944168,2.00678995747923,1.99321109605915,1.98906708583158,1.99363513431499,1.9844026650173,1.98354495127253,2.00139310695031,1.91022488194393,1.98281252155789,1.98366059806958,1.98389189166367,1.98953931025286,1.9869950807178,1.98755404023687,1.99051267079469,1.99117763987771,1.99272923440478,1.98598317124363,1.91142953607985,1.84954886242594,1.84759250410921,1.84694680949236,1.84541448943147,1.8426486035354,1.84375688534044,1.84215710464794,2.02797259580524,1.84124156750464,1.84196435998619,1.84403636509998,1.94196029050059,1.94040869597353,2.03320561337167,1.89048782858103,1.89072875940821,1.89272366665729,1.89170211995003,1.84248477057291,1.8431015534905,1.9389052876119,1.84445076612273,1.84360268961104,1.84438330549112,1.84422910976172,1.84536630326603,1.84312082795668,1.84423874699481,2.01071231134578,1.84153068449726,2.01035573372155,1.84298590669345,1.84199327168546,1.84117410687303,1.9336433583462,1.83729030193883,2.02733653842147,2.02885922124927,1.83612419673526,1.88678713107548,1.88495605678889,1.77404114118652,1.81816039426043,1.81698465182377,1.7656663856336,1.85654549364736,1.85372178435277,1.85414582260861,1.87019181569906,1.85457949809754,1.80345397656912,1.80368527016322,1.75343673684575,1.84809364022975,1.84291844606184,1.83721320407413,1.85252676744994,1.84891280504218,1.83857205393945,1.85820309773839,1.74522581425532,1.74694124174487,1.7453992844509,1.74400188565323,1.74186241990784,1.85703699253482,1.79269882444363,1.79195675749591,1.84412310019776,1.74248884005851,1.78869937271238,1.86476605347088,1.86403362375624,1.74061921683957,1.73764131181557,1.74159257738139,1.74078304980205,1.74182387097549,1.73831591813169,1.73740038098839,1.85851148919718,1.73811353623685,1.78899812693809,1.78776456110291,1.85641057238414,1.73746784162,1.74001207115506
1.79513704441474,1.79324814672961,1.79312286269948,1.87504898117508,1.83895754326294,1.84107773454216,1.88449346960069,1.88291296337437,1.88283586550967,1.78710922925297,1.78651172080155,1.78775492386982,1.7864731718692,1.78633825060598,1.88697023850414,1.83204764713931,1.78250263183721,1.83012983775492,1.78256045523574,1.78036316609182,1.77938980555,1.77817551418099,1.86734883193829,1.77767437806045,1.77784784825602,1.7766431941201,1.87533809816771,1.77717324193991,1.77218115520066,1.77291358491529,1.77219079243374,1.82203456196154,1.77390621992329,1.87010508060127,1.82015530150951,1.82164907263805,1.8200107430132,1.77223897859918,1.76837444813115,1.77203659670435,1.76903941721418,1.76999350328983,1.77177639141099,1.77196913607273,1.77251845835871,1.77353036783289,1.77476393366807,1.90703495779202,1.90794085770223,1.90569538239287,1.90451000272313,1.90205250828585,1.90200432212042,1.92136552339291,1.90025034569852,1.9001154244353,1.99992824752103,1.8981301544193,1.82128285778073,1.82050224190065,1.82178399390127,1.89543172915484,2.0019327920032,1.92462290817644,1.89139372849124,1.89127808169419,1.81554870409375,2.00058357937097,1.81451752015341,1.88408870581102,1.88614143645863,1.88597760349615,1.88726899272985,2.00644301708809,1.8144500595218,1.81580890938711,1.89009270202445,1.89069021047586,1.89160574761916,2.01484668434026,1.81956743029118,2.00454448216988,1.92847780141138,1.90088640308228,1.90487621758045,2.01395042166313,1.92974991617891,1.84405563956615,2.02719197992516,2.00436137474122,1.97697235830695,1.97687598597608,1.97761805292381,1.97631702645701,1.97522801911814,1.99464704378916,1.90151282323296,1.90080930521758,1.89934444578831,1.97760841569072,1.98038393881988,1.97613391902835,1.97532439144902,1.99757676264772,1.90129116687195,1.90071293288671,1.90027925739778,1.98551094682235,1.98731310940969,1.99770204667785,1.99325928222458,1.98127056426391,1.98728419771042,1.98893216456836,1.90442326762534,1.90534844200173,1.97736748486353,1.99698889142939,1.90757464284491,1.98525074152899,1.98263905136232,1.98460504691214,1.99188115789309,2.00285796637959,2.00770549462253,2.00602861606533,1.91066819466595,2.00197134093555,1.9103212542748,2.00768622015635,2.00652011495278,1.99289306736726,1.9972876456551,1.99984151242325,2.00306998550751,1.99960058159606,1.98411354802468,1.99831882959544,1.91040798937259,1.91043690107185,1.91024415641011,1.98436411608495,1.9841039107916,1.9848652522055,1.98459540967905,1.98863341034265,1.9897416921477,1.98715891368029,1.98692762008619,1.90914551183815,1.91114041908723,1.91183429986952,1.98583861274732,1.99405917257083,1.84795871896653,1.84698535842471,1.84365087577648,1.84334248431769,1.84305336732507,1.89184667844635,1.84322683752064,1.84285098543023,1.89213579543897,1.8911913465964,1.94356970842618,1.84391108106984,1.84280279926479,1.9978176934749,1.89160574761916,1.84338103325004,2.00549856824552,1.89072875940821,2.01451901841529,2.01387332379844,1.84244622164056,1.84374724810736,1.84450858952126,1.84495190224327,1.8435641406787,1.8447784320477,1.93452034655715,1.8426486035354,1.84336175878386,1.84327502368607,1.84271606416701,1.84246549610674,1.83838894651079,1.84018147186503,2.02705705866194,1.83777216359319,2.03082521679909,1.83619165736687,1.83650004882566,1.83402327992221,1.77322197637409,1.76866356512377,1.7658976792277,1.85816454880604,1.76242827531625,1.81053734288833,1.76082849462375,1.85620819048931,1.75840954911883,1.75687722905794,1.75404388253025,1.8566707776775,1.85238220895363,1.79819204730343,1.74916744258805,1.74917707982114,1.74708580024118,1.74618953756406,1.85699844360247,1.74465721750317,1.74334655380329,1.74230573262985,1.74208407626885,1.85563959373715,1.85840547963322,1.84576142982261,1.79039552573576,1.74347183783342,1.74445483560833,1.84560723409321,1.74251775175778,1.86536356192229,1.86388906525993,1.7386917702221,1.86740665533681,1.74145765611817,1.8479779934327,1.78954744922407,1.78868009824621,1.78797658023083,1.78749471857646,1.78697430798975,1.85780797118181,1.85693098297086,1.73900016168089,1.73758348841705
1.79505030931695,1.79384565518103,1.87494297161112,1.79479974125668,1.84068260798558,1.85748994248992,1.84144394939948,1.79043407466811,1.89042036794942,1.78675265162874,1.78942216519393,1.88734609059455,1.78841025571976,1.88580413330057,1.78422769655985,1.78399640296575,1.78366873704078,1.78351454131139,1.78260864140117,1.78155818299465,1.77609387183412,1.77817551418099,1.78029570546021,1.77918742365516,1.7785513662714,1.77602641120251,1.77698049727816,1.77801168121851,1.77296177108073,1.7731352412763,1.7735978284645,1.77582402930768,1.77301959447926,1.86740665533681,1.82324885333055,1.82056006529918,1.93461671888803,1.85865604769349,1.8302262100858,1.77005132668835,1.77096686383165,1.77183421480951,1.86902571049549,1.77231607646388,1.7715354605838,1.94649942728474,1.94890873555657,2.00736819146447,1.99352912475103,1.83125739402614,1.9048376686481,1.90541590263334,1.90387394533936,1.9232833327773,1.90015397336765,2.01993514341038,1.89786994912594,1.89819761505091,2.00724290743434,1.89773502786272,1.89491131856812,1.89364884103368,1.89313806768005,1.99898379867847,1.8930995187477,1.89507515153061,1.88525481101459,1.88941809570833,1.88916752764806,1.88812670647463,1.88681604277475,1.88830981390329,1.88928317444511,1.9289982119981,1.9278513812607,1.88777976608348,1.88882058725692,1.88873385215913,2.00435173750813,1.89475712283873,1.93031851293107,1.89837108524648,1.90105023604477,1.90116588284182,1.90246690930861,2.01088578154136,1.93134969687141,1.84087535264732,2.02653664807522,2.01922198816192,1.98045139945149,1.9785335900671,1.99403989810466,1.97776261142012,1.90062619778893,1.99711417545953,1.97295363210953,1.90150318599987,1.90123334347343,1.90120443177417,1.90235126251156,1.98719746261264,1.98725528601116,1.97515092125344,1.97696272107387,1.97567133184016,1.98357386297179,1.97809991457817,1.99331710562311,1.98999226020797,1.99148603133651,1.90440399315917,1.99053194526086,1.90529061860321,1.98764077533466,1.9070445950251,1.98247521839983,1.97873597196194,2.00430355134269,1.99179442279531,1.98571332871718,1.98139584829405,1.988671959275,1.99418445660097,1.99192934405853,1.99688288186543,1.91030197980863,2.00682850641158,2.00097870592755,1.99523491500749,1.99573605112803,1.99448321082668,1.98406536185925,1.99691179356469,1.9972876456551,1.99767313497859,1.99131256114094,1.91185357433569,1.91121751695193,1.98542421172456,1.98400753846072,1.98526037876208,2.01137728042881,1.98617591590538,1.98584824998041,1.98916345816246,1.91116933078649,1.98734202110895,1.9873805700413,1.98659995416122,2.00057394213789,1.9845568607467,2.01406606846018,1.8481321891621,1.8458481649204,1.84666732973282,1.84426765869407,1.84285098543023,1.89237672626615,1.84133793983552,1.84410382573159,1.84370869917501,1.84262932906922,1.84305336732507,2.02781840007584,1.84215710464794,1.84359305237796,1.93441433699319,1.89059383814499,1.8906612987766,1.89122025829567,1.89184667844635,1.84182943872297,1.84238839824204,1.84369906194192,1.84381470873897,1.84421947252864,1.84365087577648,2.04122379130035,1.93384574024104,1.8431015534905,2.01157966232365,1.84404600233306,1.84387253213749,1.84222456527955,1.84052841225618,1.83904427836073,1.88842546070033,2.00985459760101,1.88683531724092,1.88556320247339,1.83545922765223,1.83488099366699,1.83439913201262,1.77093795213239,1.81869044208023,1.85127392714858,1.76442318256533,1.76130071904503,1.76098269035315,1.76111761161637,1.8568249734069,1.84768887644008,1.82620748388837,1.8022493224332,1.75283922839433,1.75096960517539,1.75020826376149,1.74788569058743,1.74882050219691,1.74723035873749,1.74438737497672,1.74496560896196,1.74277795705114,1.86065095494258,1.85841511686631,1.74450302177377,1.85118719205079,1.74360675909665,1.79722832399469,1.84374724810736,1.74226718369751,1.73997352222271,1.79362399882002,1.79162909157094,1.7902124183071,1.74186241990784,1.74142874441891,1.74175641034388,1.86293497918428,1.85999562309264,1.85800071584355,1.79076174059308,1.7874658068772,1.7411299901932,1.7386146723574,1.7396073073654,1.85828983283617,1.85519628101513,1.73716908739429
1.79558035713675,1.79486720188829,1.84344849388165,1.84402672786689,1.84362196407722,1.8426486035354,1.78948962582555,1.79101230865335,1.88585231946601,1.8870762480681,1.79080992675851,2.06523013892095,1.88716298316589,1.78501794967301,1.78752363027573,1.78522033156785,1.88506206635285,1.78517214540241,1.78223278931077,1.88314425696846,1.78248335737104,1.82848187089698,1.78053663628739,1.77929343321912,1.78004513739994,1.77970783424188,1.77797313228616,1.88127463374952,2.05304867629853,1.77476393366807,1.7758818527062,1.77692267387963,1.77206550840361,1.77282684981751,1.77140053932058,1.95725457941022,1.82211165982624,1.77406041565269,1.77144872548602,1.95513438813101,1.77296177108073,1.77316415297557,1.77271120302046,1.7744362677431,1.77454227730706,1.77330871147188,1.77564092187902,1.91777083545133,1.90682293866409,1.90717951628833,1.92414104652207,1.9062832536112,1.90394140597098,1.9240446741912,1.90178266575941,1.9017152051278,1.8988143979685,1.82373071498492,1.89908424049495,1.89930589685596,1.82146596520939,1.89466075050785,1.81748578794431,1.89234781456689,1.89319589107857,1.81769780707223,1.88695096403797,1.88698951297032,1.92804412592245,1.89179849228091,1.89358138040207,1.88916752764806,1.88851219579812,1.89006379032518,1.81519212646952,1.8168111816282,1.89001560415975,1.88975539886639,1.9312822362398,1.93178337236034,2.01224463140667,1.89893968199864,2.00464085450075,1.90192722425572,1.83088154193574,1.83406182885456,1.84160778236196,1.92787065572688,2.03246354642394,2.02047482846327,1.98420992035556,1.97830229647301,1.90429798359521,1.99880069124981,2.00088233359668,1.97801317948039,1.97661578068272,1.97133457695085,1.90189831255646,1.90437508145991,1.90367156344453,1.97855286453328,1.97890944215751,1.97781079758555,1.9757195180056,1.99063795482482,2.0007185006342,1.99160167813356,1.98741911897365,1.90428834636212,1.98148258339184,1.98926946772642,1.9996487677615,1.98497126176946,1.99355803645029,1.99213172595336,1.99378933004439,1.90752645667947,1.99759603711389,1.91052363616964,1.99060904312556,1.98210900354251,1.98374733316736,1.99544693413541,1.98803590189124,1.99723945948966,1.91072601806447,2.00366749395893,1.99044521016308,2.00337837696631,2.00098834316064,1.91196922113274,1.98510618303268,1.98412318525777,1.99794297750504,1.98785279446258,2.00369640565819,1.91038871490642,1.99840556469323,1.98423883205482,1.99088852288509,1.90861546401834,1.98547239789,1.984479762882,1.9877564221317,1.98737093280821,1.99191006959235,1.99311472372827,1.98681197328914,1.98848885184634,1.99272923440478,1.99262322484082,1.98973205491461,1.84907663800466,1.84743830837981,1.84618546807846,1.84495190224327,1.94355043396001,1.84251368227217,1.84243658440748,1.94223977026013,1.84206073231707,1.84156923342961,1.84099099944437,1.8402103835643,1.84398817893454,1.84281243649788,1.84392071830293,1.89245382413085,1.89160574761916,1.84350631728017,2.01773785426647,1.84372797364118,2.01349747170803,2.01713070858196,1.84273533863318,1.84499045117562,2.01184950485009,2.01564657468651,1.8440170906338,1.84393035553601,2.01073158581196,1.84412310019776,1.84232093761043,1.84258114290379,2.00957511784148,1.84007546230107,1.83826366248065,2.01021117522524,2.00831264030703,1.88536082057855,1.88445492066834,1.92759117596735,1.83610492226908,1.85151485797576,1.82003965471246,1.76798895880766,1.76480867188883,1.76418225173815,1.76113688608255,1.86027510285217,1.80730886980407,1.82696882530227,1.75605806424551,1.80233605753099,1.75311870815387,1.74881086496382,1.7519526029503,1.74888796282852,1.74855065967046,1.74788569058743,1.745852234406,1.74107216679467,1.74167931247918,1.85930174231035,1.85878133172363,1.85596725966212,1.74263339855482,1.84098136221128,1.86119063999547,1.79176401283416,1.7408986965991,1.91031161704172,1.79284338293995,1.79128215117979,1.73888451488384,1.86136411019104,1.74061921683957,1.74389587608927,1.74215153690046,1.74193951777253,1.73872068192136,1.74085051043366,1.74038792324547,1.73798825220672,1.74059994237339,1.73820990856773,1.73760276288323,1.73733292035678,1.73716908739429
1.79423114450452,1.88693168957179,1.79776800904758,1.84428693316025,1.84472060864918,1.84475915758153,1.79161945433785,1.79347944032371,1.84060551012088,1.79054972146515,1.89114316043097,2.05386784111096,1.78761036537351,1.8889073223547,1.88222871982516,1.88759665865482,1.88771230545187,1.88376103988605,1.78391930510105,1.7841120497628,1.78278211159675,1.78185693722036,1.78366873704078,1.78023788206168,1.78103777240793,1.828925183619,1.78017042143007,1.77778038762441,1.88363575585592,1.77639262605983,1.77715396747373,1.88097587952381,1.7724509977271,1.95387191059656,1.77348218166745,1.77432062094605,1.77456155177323,1.77515906022465,1.95738950067345,1.77406041565269,1.87087605924826,1.77396404332182,1.77466756133719,1.77505305066069,1.77354000506597,1.7756505591121,1.9104754500042,1.91046581277112,1.907805936439,2.00403370881625,1.99745147861758,1.90469311015179,1.90377757300849,1.90269820290271,1.90177302852632,1.82696882530227,2.01475994924247,1.89853491820897,1.9006454722551,1.92718641217768,1.82163943540496,1.89483422070342,1.8946222015755,1.89356210593589,1.89608706100478,1.92923914282528,1.93065581608912,1.88981322226491,1.81546196899597,1.89007342755827,1.81516321477026,1.81539450836436,1.88882058725692,1.88993850629505,2.00463121726766,1.89101787640083,1.89155756145372,1.89053601474646,1.93062690438986,1.89314770491314,1.89627016843344,1.89854455544206,1.89910351496112,2.00561421504257,1.93079073735235,1.90738189818316,1.91394485391565,1.91651799514997,2.02459956422466,2.02486940675111,1.98159823018888,1.97980570483464,1.99501325864648,1.97842758050314,1.97963223463906,1.99732619458745,1.98340039277622,1.97649049665259,1.90284276139902,1.97954549954128,1.98015264522578,1.98179097485063,1.99407844703701,1.9779264443826,1.9783119337061,1.97703981893856,1.97737712209662,1.99504217034574,1.9853182021606,1.9847881543408,1.98422919482173,1.97942021551114,1.99809717323444,1.99414590766862,1.90689039929571,1.99727800842201,1.99510963097736,1.98887434116984,1.91061037126743,1.99764422327933,1.98407499909233,1.98888397840292,1.99120655157698,1.91168010414012,1.99851157425719,1.91104404675636,1.91119824248575,2.00872704132979,2.0046023055684,1.91140062438059,1.99759603711389,1.91186321156878,1.99122582604315,1.91068746913212,1.91100549782401,1.91069710636521,1.91079347869609,1.91095731165857,1.90871183634922,1.90944426606386,2.00009208048352,1.98811299975594,1.98624337653699,1.98624337653699,1.98690834562002,1.98741911897365,1.98811299975594,1.98990552511018,1.99068614099026,1.90992612771822,1.98332329491152,1.98770823596627,1.99124510050933,1.84703354459014,1.84636857550712,1.84543376389764,1.84340030771621,1.94457198066726,1.84428693316025,1.84383398320514,1.8440941884985,2.03972038293872,2.02965911159552,1.89074803387439,1.91807922691013,1.89130699339345,1.84261969183613,1.84055732395544,1.83972852190993,1.84012364846651,1.84353522897943,1.84109700900833,2.01711143411579,2.02581385559367,1.84146322386565,1.94213376069616,2.01235064097063,1.89339827297341,1.89224180500293,1.84523138200281,1.84361232684413,1.84138612600095,2.01061593901491,1.84159814512887,1.84075970585027,1.83958396341362,1.83917919962395,1.83784926145789,2.02726907778986,2.00869812963053,1.83811910398434,1.83518938512578,1.83772397742776,1.83545922765223,1.85135102501328,1.86041966134848,1.87751611284545,1.76541581757333,1.8629157047181,1.76131999351121,1.80747270276655,1.80526577638955,1.80526577638955,1.80429241584772,1.75046846905484,1.7501986265284,1.74739419169998,1.95870980160641,1.7969970304006,1.74769294592569,1.74575586207513,1.74431991434511,1.74378022929222,1.84100063667746,1.7425755751563,1.85940775187431,1.7442524537135,1.74160221461448,1.7420455273365,1.85627565112092,1.74224790923133,1.84415201189702,1.7409757944638,1.74114926465937,1.85951376143827,1.85798144137738,1.91198849559892,1.86088224853667,1.86147975698809,1.73864358405666,1.74057103067413,1.7398289637264,1.73847975109417,1.74004098285433,1.86544065978699,1.86217363777038,1.73895197551545,1.73847975109417,1.8573550212267,1.74040719771165
1.84727447541733,1.79811494943873,1.79992674925915,1.79834624303282,2.04281393475976,1.79494429975299,1.79262172657894,1.79527196567796,1.79498284868534,1.8440941884985,1.79198566919517,1.79056899593133,1.78880538227634,1.78766818877204,1.78856445144916,1.89252128476246,1.88860856812899,1.78629970167363,1.78410241252971,1.78490230287596,1.78160636916009,1.78129797770129,2.04395112826407,1.89402469312409,1.8879146873467,1.78011259803155,1.78143289896452,1.88516807591681,1.88786650118127,1.77930307045221,1.77785748548911,1.77789603442146,1.7774816333987,1.77483139429968,1.86491061196719,1.77384839652477,1.86477569070396,1.77353036783289,1.95656069862793,1.77285576151677,1.77353036783289,1.94474545086284,1.77381948482551,1.77442663051001,1.86812944781836,1.77646972392453,1.77750090786488,1.91221978919301,2.00405298328242,1.83427384798248,2.00447702153827,1.90636998870899,1.90569538239287,1.92143298402453,2.02376112494606,1.90149354876679,1.90142608813518,1.8989685936979,1.89747482256936,1.90029853186396,1.92656962926009,1.89359101763516,1.82085881952489,1.8941692516204,2.00977749973631,1.89147082635594,1.81798692406485,1.81729304328257,1.89175030611547,1.89055528921264,1.89102751363392,1.81725449435022,1.8913455423258,1.88979394779874,1.93225559678163,1.89018907435532,1.81709066138773,1.93316149669184,1.82018421320877,1.93026068953254,2.00808134671294,1.89834217354722,1.90036599249557,1.90776738750666,1.83359924166637,1.91132352651589,1.93063654162295,1.93086783521705,2.01900033180091,2.01585859381443,1.98117419193304,1.90530025583629,1.97840830603697,1.97822519860831,1.97959368570671,1.97903472618765,1.98149222062492,1.98230174820426,1.90215851784981,1.98085616324116,1.98119346639921,1.97719401466796,1.97740603379588,1.97889016769134,1.99929219013727,1.97797463054804,1.97812882627744,1.99827064343001,1.98383406826515,1.99147639410342,1.98089471217351,1.98097181003821,1.99070541545643,1.98828646995151,1.98847921461326,1.98705290411633,1.9930183513974,2.00105580379225,1.90952136392855,1.91096694889166,1.91057182233508,1.98457613521288,1.99731655735436,1.99978368902472,1.98301490345272,1.91157409457616,1.99242084294598,2.01821007868775,2.01061593901491,1.98650358183035,1.91149699671146,2.00392769925229,1.99616972661696,2.00105580379225,2.0077247690887,1.91127534035045,1.99295089076579,1.91097658612474,1.99577460006038,1.91109223292179,1.99016573040354,1.9863108371686,1.98683124775532,2.00478541299706,1.98556877022087,1.99068614099026,1.99184260896074,1.98857558694413,1.98892252733527,1.9903488378322,1.98419064588938,1.98274506092628,1.91116933078649,1.84777561153787,1.84664805526665,1.84711064245484,1.84352559174635,1.84496153947636,1.84442185442347,1.8439399927691,1.93970517795815,2.02816534046698,1.84225347697882,2.01479849817482,1.84093317604585,1.94224940749321,1.94116040015434,1.84162705682814,1.84084644094806,1.84181980148988,1.84419056082937,1.8426486035354,2.01521289919758,2.03220334113059,1.84439294272421,2.02717270545899,1.84329429815225,1.89189486461178,1.84133793983552,1.84564578302556,1.84380507150588,2.02295159736672,2.02101451351617,1.84101027391055,1.84146322386565,1.8380709178189,1.99702744036174,1.84048986332383,1.8389093570975,2.03015061048298,1.83750232106675,1.83368597676416,1.83952614001509,1.83616274566761,1.77361710293067,1.86164358995057,1.76802750774001,1.85671896384294,1.76248609871478,1.76134890521047,1.80729923257098,1.80579582420935,1.75613516211021,1.80382982865953,1.75376440277072,1.75010225419752,1.86598998207297,1.74826154267784,1.86109426766459,1.74706652577501,1.79271809890981,1.7908195639916,1.74484032493183,1.84311119072359,1.74221899753207,1.74093724553145,1.74037828601238,1.74247920282543,1.74300925064523,1.78883429397561,1.81488373501073,1.84540485219838,1.73842192769565,1.86068950387493,1.86142193358956,1.85894516468611,1.91068746913212,1.86234710796595,1.74163112631374,1.86161467825131,1.86141229635648,1.74030118814768,1.73952057226761,1.73892306381619,1.74106252956159,1.74046502111017,1.73786296817658,1.73852793725961,1.73779550754497,1.73790151710893
1.79765236225054,1.79633206131757,1.799358152507,1.79865463449162,1.89470893667329,2.04185021145103,1.89070948494204,1.84382434597205,1.84410382573159,1.87855693401888,2.05679755996952,1.79245789361645,1.89056492644573,1.79004858534461,1.7884584418852,1.78619369210967,1.7873116111478,1.78758145367425,1.78643462293685,1.78545162516194,1.88830981390329,1.78406386359736,1.78361091364226,1.78362055087535,1.78353381577756,1.78092212561089,1.8283180379345,1.77925488428677,1.9602421216673,1.7790043162265,1.77788639718837,1.7781658769479,1.77734671213548,1.77574693144298,1.9538429988973,1.8805229295687,1.88104334015542,1.77382912205859,1.77524579532243,1.82199601302919,1.7748121198335,1.77327016253953,1.77446517944236,1.7742820720137,1.87193615488787,1.82540759354212,1.83760833063071,1.9985790348888,1.91097658612474,1.99950420926519,1.92799593975701,1.90580139195684,1.9072758886192,1.92394830186032,1.90215851784981,1.90214888061673,1.90075148181906,1.90050091375879,1.89852528097588,1.89830362461487,1.8226031587137,1.89780248849433,1.89414997715422,1.89468966220711,1.81867116761406,1.89335972404106,1.9312051383751,1.93074255118691,1.81783272833546,1.89214543267205,1.93350843708298,1.89023726052076,1.93140752026994,1.81569326259006,1.93217849891693,1.89100823916775,1.81747615071123,1.93335424135358,1.89708933324587,1.89568229721511,1.9322748712478,1.82399092027828,1.93340242751902,1.90448109102387,1.90851909168747,1.83565197231398,1.91799249181234,1.91744316952636,2.01492378220496,1.98766968703392,1.99003080914032,1.9811260057676,1.9807501536772,1.99858867212189,1.98009482182726,1.99681542123382,1.98094289833894,1.98467250754375,1.90344026985043,1.98407499909233,1.98388225443059,1.9798346165339,1.97875524642811,1.98088507494042,1.90306441776003,1.97916001021778,1.97806136564582,1.99490724908252,1.90733371201772,2.00058357937097,1.9944639363605,1.90596522491932,1.99350985028485,1.90987794155279,1.9835642257387,1.90912623737197,1.98713000198103,1.9873034721766,1.91030197980863,1.9094828149962,1.98980915277931,1.99920545503948,1.91126570311737,1.91038871490642,1.99782733070799,1.91050436170346,1.99852121149028,1.99749966478302,1.91117896801958,1.91194030943348,2.01009552842819,1.994849425684,1.98773714766553,1.98698544348472,1.98672523819136,1.98690834562002,1.99142820793799,1.99681542123382,1.9982031827984,1.99463740655608,1.98453758628053,1.91126570311737,2.00250138875536,1.9870721785825,1.9907343271557,1.98727456047734,1.98764077533466,1.9936254970819,1.98875869437279,1.9861566414392,2.00204843880025,1.99032956336603,1.99436756402963,1.84664805526665,1.84579997875496,1.84517355860428,2.01721744367975,2.02384786004385,1.83989235487241,1.84359305237796,1.95024831095572,1.93773918240833,1.84407491403233,1.84397854170145,2.01667775862686,1.84139576323404,1.84101991114363,1.90133935303739,1.89772539062963,2.02511997481138,2.03118179442333,1.84447004058891,2.04021188182618,1.84399781616763,1.93748861434806,1.84110664624142,1.93700675269369,1.84282207373097,1.84416164913011,1.84223420251264,2.01789204999586,2.03507523659062,1.84180052702371,1.9375368005135,1.83842749544314,1.8385335050071,1.89492095580121,1.84061514735396,1.83745413490131,1.83700118494621,1.83770470296158,1.83996945273711,1.83825402524756,1.83618202013378,1.86264586219166,1.77215224350139,1.86380233016214,1.85525410441366,1.81079754818169,1.8618556090785,1.86153758038661,1.75635681847122,1.86331083127469,1.75419807825965,1.75138400619814,1.79919431954451,1.79788365584463,1.74849283627194,1.74788569058743,1.85711409039952,1.79403839984278,1.79250607978189,1.79201458089443,1.74325018147242,1.74200697840415,1.74268158472026,1.86559485551639,1.84743830837981,1.73962658183157,1.74188169437401,1.74135164655421,1.74342365166799,1.74140946995273,1.86144120805574,1.74174677311079,1.74247920282543,1.79045334913428,1.74111071572702,1.79026060447253,1.73900016168089,1.74403079735249,1.74131309762186,1.7399060615911,1.73971331692936,1.74041683494473,1.73636919704804,1.86160504101822,1.78825605999036,1.78559618365825,1.85734538399361
1.80042788537969,1.79771018564906,1.80089047256789,1.80166145121488,1.79879919298793,1.79514668164782,1.79744034312261,1.79888592808572,1.84487480437858,1.79387456688029,1.84322683752064,1.84144394939948,1.79228442342088,1.79059790763059,2.0519307572604,1.88313461973538,1.78896921523883,1.78820787382493,1.78767782600512,1.78709959201988,1.88745210015851,1.78460354865026,1.78363982534152,1.89016979988914,1.78308086582245,1.78355309024373,1.83065988557473,1.8302262100858,1.77880193433167,1.77853209180522,1.77859955243683,1.96038668016361,1.9645885137897,1.77796349505307,1.77622879309734,1.8754922938971,1.86838965311172,1.8242029394062,1.775197609157,1.77698049727816,1.82329703949599,1.82485827125614,1.7767202919848,1.7756505591121,1.87347811218185,1.77853209180522,1.86079551343889,1.91454236236707,1.92853562480991,2.00580695970432,2.00761875952474,2.00364821949275,1.90657237060382,2.0078789648181,1.92710931431298,1.90157064663149,1.92921023112602,2.00410116944786,1.9273213334409,1.90368120067762,1.89780248849433,1.89720498004291,1.93061726715677,1.93229414571397,1.93132078517215,1.82028058553965,1.89277185282273,1.93069436502147,1.89065166154351,1.81789055173398,1.8914226401905,1.81628113380839,1.88995778076122,1.81771708153841,1.89220325607058,1.89084440620526,1.81817003149351,1.89321516554475,1.93411558276748,1.89791813529138,1.89819761505091,1.93419268063218,1.93374936791017,1.82941668250646,1.90989721601896,1.83606637333673,1.91732752272931,1.91981392886585,2.00773440632179,2.00063176553641,2.00418790454564,2.00314708337221,1.99778878177564,1.98098144727129,1.9794491272104,1.9815885929558,1.98517364366429,1.98416173419012,1.98085616324116,1.90490512927971,1.98367023530266,1.98129947596318,1.90466419845253,1.997056352061,1.9804417622184,1.90556046112965,2.00349402376335,1.99456994592446,2.01438409715207,1.986465032898,2.01451901841529,1.90825888639411,2.00040047194231,1.99207390255484,1.99031992613294,1.98833465611694,1.99005008360649,2.00003425708499,2.00068958893493,2.00468904066619,1.98825755825225,1.99708526376026,2.00331091633469,1.99465668102225,1.99714308715879,1.99756712541463,1.91370392308847,1.99869468168585,1.91282693487752,1.99420373106714,1.91244144555402,1.9937796928113,1.98382443103206,1.91190176050113,1.98800699019197,1.99809717323444,1.99125473774241,1.99164022706591,1.99864649552041,1.99592879578978,1.99754785094846,1.99063795482482,1.91007068621453,1.98903817413232,1.98978987831314,1.99047412186234,1.99069577822335,1.98980915277931,1.98812263698902,1.98765041256774,1.91064892019977,1.98475924264154,1.98557840745396,1.92850671311064,1.8942463494851,1.8472937498835,1.84675406483061,1.84107773454216,2.02064829865885,1.84015256016577,1.95342859787454,1.84027784419591,1.84448931505508,1.94131459588374,1.94119894908669,1.89476676007181,1.89692550028338,1.9408134597632,1.93092565861557,1.84072115691793,2.01788241276278,1.93454925825642,1.84342921941547,1.84332320985151,1.84260041736996,1.8439399927691,2.01471176307704,2.04059737114967,1.84171379192592,2.01875940097373,1.84305336732507,1.84327502368607,1.84177161532445,1.93049198312664,1.84042240269222,2.0280786053692,1.83971888467684,1.84039349099296,2.01094360493988,1.83753123276601,2.00638519368956,2.02608369812011,2.02390568344237,1.85658404257971,1.77407005288578,1.771005412764,1.76755528331873,1.76428826130211,1.76189822749645,1.7591130671342,1.75749401197553,1.7549979686059,1.86352285040261,1.86684769581775,1.75157675085989,1.74935055001671,1.79702594209986,1.74804952354992,1.74769294592569,1.85815491157295,1.74328873040476,1.74500415789431,1.79198566919517,1.74035901154621,1.74388623885618,1.74159257738139,1.74166967524609,1.74059030514031,1.74090833383219,1.74090833383219,1.86059313154405,1.74068667747118,1.86247239199609,1.86044857304774,1.86442875031282,1.8622314611689,1.7900582225777,1.73905798507942,1.84798763066579,1.74079268703514,1.74015662965137,1.74108180402776,1.74058066790722,1.78808258979479,1.73864358405666,1.86042929858157,1.85700808083556,1.73877850531988,1.7367065002061,1.73395988877621
1.80413822011833,1.80151689271856,1.80075555130466,1.80158435335018,1.80126632465829,1.79850043876222,1.7995123482364,1.79978219076284,1.84727447541733,1.84687934886075,1.84414237466394,1.90496295267824,1.79457808489567,1.89122025829567,1.89243454966467,1.79143634690919,1.79010640874314,1.90391249427171,1.90706386949128,1.78727306221545,1.78590457511705,1.89213579543897,1.78527815496637,1.78361091364226,1.783582001943,1.78474810714657,1.83221148010179,1.83109356106366,1.8835008345927,1.96536912966978,1.88026272427534,1.78006441186611,1.96346095751848,1.77758764296266,1.96396209363902,1.77967892254262,1.88116862418556,1.77690339941346,1.82407765537606,1.7772503398046,1.77736598660165,1.82510883931641,1.95044105561746,1.87093388264678,1.87357448451272,1.78027643099403,1.78102813517485,1.91152590841072,2.00714653510346,2.00890051152536,1.91130425204971,1.91025379364319,1.90594595045315,1.90585921535536,1.90699640885967,1.90610014618254,1.90493404097897,1.90474129631723,1.92924878005837,2.01114598683471,1.89737845023849,1.89699296091499,1.89685803965177,1.8946222015755,1.93169663726256,1.89436199628214,2.01439373438515,1.93369154451164,1.89153828698755,1.89141300295741,1.89117207213023,1.89197196247648,1.8181025708619,1.81814111979425,1.81950960689266,1.89369702719912,1.81906629417064,1.82073353549475,1.89529680789162,1.89779285126124,1.89794704699064,1.90035635526248,1.9332675062558,1.90380648470775,1.90903950227419,1.91173792753865,2.00762839675783,1.93401921043661,2.01476958647556,2.00210626219878,1.98485561497241,1.9959866191883,2.00329164186852,1.9805188600831,1.9811260057676,1.981280201497,1.98750585407143,1.98396898952837,1.90580139195684,1.97744458272823,1.98185843548224,1.98453758628053,1.99528310117293,1.90453891442239,1.98109709406834,2.00151839098045,1.98019119415813,1.98087543770733,1.98085616324116,1.98424846928791,2.00053539320554,1.98472069370919,1.90786375983753,2.00441919813974,1.99936928800197,1.91071638083139,2.00599970436607,1.9106296457336,1.91043690107185,1.99404953533775,2.00091124529594,1.91385811881786,1.9911872771108,1.99773095837712,1.99391461407452,1.99992824752103,1.9138292071186,2.00514199062129,2.00486251086176,1.9130678657047,2.01108816343619,2.00415899284638,1.98682161052223,1.98868159650809,2.00080523573198,1.91370392308847,2.0101629890598,1.98754440300378,1.9978947913396,1.99655521594046,1.99451212252594,1.9103212542748,1.99413627043553,1.98679269882297,1.98956822195213,1.98848885184634,1.99048375909543,1.98985733894475,1.98796844125963,1.9885177635456,1.98586752444658,2.00394697371846,1.99987042412251,1.89710860771204,1.89415961438731,1.89402469312409,1.84392071830293,2.02432008446513,2.03098904976158,1.84252331950526,1.84138612600095,1.84177161532445,1.84073079415101,1.84072115691793,2.0270859703612,1.89398614419174,1.89149010082211,1.84118374410612,1.84067297075249,1.84031639312826,1.84223420251264,2.01742946280767,2.02492723014963,1.84465314801757,1.84457605015287,1.84364123854339,1.84373761087427,1.92437234011617,1.84088498988041,1.8440941884985,1.84391108106984,1.89419816331966,1.88895550852014,1.84112592070759,1.84038385375987,1.92710931431298,1.84112592070759,1.84221492804647,1.84072115691793,2.00864994346509,1.84017183463195,1.83823475078139,1.83680844028446,1.85769232438476,1.85545648630849,1.86103644426607,1.76646627597985,1.76247646148169,1.81012294186557,1.75946000752535,1.75876612674306,1.75669412162928,1.75777349173506,1.86772468402869,1.83963214957905,1.74973603934021,1.79781619521302,1.74575586207513,1.74721108427132,1.86580687464431,1.74185278267475,1.86391797695919,1.74244065389308,1.73978077756097,1.74033009984695,1.86762831169782,1.7419684294718,1.78885356844178,1.74051320727561,1.86355176210187,1.74247920282543,1.74127454868951,1.86199053034172,1.86079551343889,1.86515154279437,1.86312772384603,1.74111071572702,1.74033973708003,1.73967476799701,1.73935673930512,1.74244065389308,1.85090771229126,1.85458913533063,1.74090833383219,1.74091797106528,1.91845507900053,1.85858858706188,1.85497462465412,1.73621500131865,1.85801999030973
1.8040032988551,1.89698332368191,1.89372593889838,1.85147630904341,1.80409003395289,1.80193129374132,1.80089047256789,1.79807640050638,1.79791256754389,1.84770815090626,1.84487480437858,1.90108878497712,1.7918892968643,1.79377819454942,1.79347944032371,1.79091593632247,1.79121469054818,1.90378721024158,1.89149010082211,1.89108533703244,1.78752363027573,1.78433370612381,1.7861744176435,1.78450717631938,1.88357793245739,1.78585638895161,1.78369764874005,1.86809089888601,1.87098206881222,1.77980420657275,1.83475570963685,1.83687590091607,1.78096067454324,1.8281638422051,1.78048845012196,1.77863810136918,1.77861882690301,1.82598582752736,1.82607256262515,1.77723106533843,1.82433786066942,1.84139576323404,1.77837789607583,1.77918742365516,1.77806950461703,1.77932234491839,1.92851635034373,1.91408941241196,1.9283910663136,2.00706943723876,1.9123836221555,1.91060073403434,2.01057739008256,1.90589776428771,2.0057491363058,1.90550263773113,1.83039004304828,1.90136826473665,2.0244935546607,1.90169593066162,1.89867947670528,1.82494500635393,1.89906496602877,1.90121406900725,1.89854455544206,1.89497877919974,1.89475712283873,1.89559556211733,1.89358138040207,1.89245382413085,1.89260801986025,1.89196232524339,1.89211652097279,1.89349464530428,1.89240563796541,1.89419816331966,1.89421743778583,1.82146596520939,1.89441981968067,1.90022143399926,1.89867947670528,1.90237053697774,1.9051460601069,1.90579175472375,1.90990685325205,1.93378791684251,1.9153518899464,1.91931279274531,1.93723804628779,2.01707288518344,1.90876002251465,1.99702744036174,1.99597698195522,1.98017191969195,2.00069922616802,1.98056704624854,1.98461468414523,1.90766137794269,1.9057532057914,1.98338111831004,1.98157895572271,1.98110673130143,1.97993098886477,1.99030065166677,1.98815154868829,1.90827816086029,2.00459266833531,1.99592879578978,1.983265471513,1.99151494303577,2.00136419525105,1.99245939187833,1.98153076955727,1.91029234257554,1.99173659939678,1.99720091055731,1.99327855669076,2.00187496860468,1.98526037876208,2.00387951308685,1.91152590841072,1.9905801314263,1.99988969858868,1.99808753600135,2.00103652932608,1.99427119169876,1.99427119169876,1.91484111659277,1.9982802806631,1.9130678657047,2.00148947928118,2.00112326442387,1.98762150086848,2.00581659693741,2.00151839098045,2.00497815765881,2.00724290743434,2.00386987585376,1.91122715418502,1.98795880402654,1.98811299975594,1.98729383494351,1.91229688705771,2.00413971838021,1.99105235584758,1.99083069948657,1.99010790700502,1.98725528601116,1.98864304757574,1.98998262297488,1.98411354802468,1.9982802806631,1.91380029541934,1.91799249181234,1.91744316952636,1.84529884263442,1.84443149165656,2.025409091804,1.84267751523466,1.84064405905323,1.84032603036134,2.02605478642085,1.9427890925461,1.84094281327893,2.01985804554568,2.01682231712317,1.84190653658767,1.84007546230107,1.94212412346308,1.8418872621215,1.84299554392654,1.84420019806246,1.84437366825803,1.84309191625741,1.93990755985298,1.84033566759443,1.89054565197955,1.92967281831421,1.84131866536934,1.84051877502309,1.84260041736996,1.89096005300231,1.89032399561854,1.92051744688123,1.8407404313841,1.8397477963761,1.83808055505199,1.83821547631521,1.83797454548803,1.83847568160857,1.84000800166946,2.00672249684762,1.84000800166946,1.82198637579611,1.85110045695301,1.81686900502672,1.88197815176489,1.76376785071539,1.82762415715221,1.76049119146569,1.86425528011725,1.86722354790815,1.86748375320151,1.75354274640971,1.80038933644734,1.74846392457267,1.7477604065573,1.74723035873749,1.74609316523319,1.74396333672088,1.86792706592353,1.86274223452253,1.7440982579841,1.73926036697425,1.9331904083911,1.73880741701914,1.74077341256897,1.73978077756097,1.7424213794269,1.86219291223655,1.8638312418614,1.73921218080881,1.78752363027573,1.74091797106528,1.7385375744927,1.74415608138263,1.74183350820857,1.74172749864461,1.74134200932112,1.86041002411539,1.86112317936386,1.85861749876114,1.85859822429497,1.73823882026699,1.74038792324547,1.74032046261386,1.73836410429713,1.73714017569503,1.73746784162,1.73720763632664
1.80461044453961,1.89821688951709,1.89865056500602,1.85131247608093,1.80267336068905,1.90010578720221,1.80183492141045,1.80106394276346,1.80040861091352,1.79945452483787,1.84712027968793,1.88825199050476,1.88340446226182,1.7947804667905,1.7939420275119,1.84107773454216,1.79266991274437,1.79183147346577,1.89407287928952,1.89103715086701,1.96461742548896,1.78789948236613,1.89612560993713,1.78427588272529,1.78613586871115,1.78544198792886,1.78505649860536,1.78513359647006,1.83152723655259,1.83442804371188,1.78100886070867,1.87476950141555,1.83164288334964,1.89463183880859,1.77937053108382,1.85283515890873,1.8272483050618,1.77487958046512,1.77877302263241,1.77805023015085,1.77903322792577,1.96102273754738,1.77887903219637,1.77896576729415,1.780604096919,1.78113414473881,1.91514950805157,1.84065369628631,2.00451557047061,2.00524800018525,1.91181502540335,2.00496852042572,1.91082239039535,1.90816251406324,1.90833598425881,2.00695379044171,1.90469311015179,1.93209176381914,1.90257291887257,1.90395104320406,1.93040524802885,1.93150389260081,1.89705078431352,1.93183155852578,1.89691586305029,1.82183218006671,1.89498841643282,1.89639545246358,1.93493474757991,1.89406324205644,1.93519495287327,1.89390904632704,1.89306096981535,1.89214543267205,1.81889282397507,1.89375485059764,1.89404396759026,2.01335291321172,2.01387332379844,1.8246558893613,1.90109842221021,1.90374866130923,1.82948414313807,1.90837453319116,1.93749825158115,1.9166529164132,2.0078789648181,1.91920678318135,2.01912561583104,1.86698261708097,2.00766694569018,1.9947723278193,1.9956878649626,1.98241739500131,1.99809717323444,1.98008518459417,1.90841308212351,1.90716024182215,1.90802759280001,1.9081143278978,1.98159823018888,1.98444121394965,1.98159823018888,1.99376041834513,1.9810489079029,1.98107781960217,1.98118382916613,2.00174968457454,1.90867328741687,1.98162714188815,1.99332674285619,1.90830707255955,1.98922128156098,1.99420373106714,2.00608643946385,1.99872359338511,1.91120787971884,2.00757057335931,1.91203668176435,2.00724290743434,1.99460849485681,2.00539255868156,1.99216063765262,1.99360622261573,1.91460982299868,1.99784660517416,1.91339553162967,1.91445562726928,2.00726218190051,1.91423397090827,1.9129136699753,2.00564312674183,2.00187496860468,1.9139063049833,2.00760912229166,1.99403026087157,1.98759258916922,1.99386642790909,1.99479160228547,1.99086924841892,1.99429046616493,1.987457667906,1.98835393058312,1.98668668925901,1.9940880842701,1.98580970104806,1.98895143903454,1.99369295771351,1.99437720126272,1.90995503941749,1.98469178200992,1.91392557944948,1.98366059806958,1.84533739156677,1.91958263527175,1.84750576901142,1.84435439379186,2.01396969612931,1.8430244556258,1.84206073231707,1.8421860163472,1.84064405905323,1.94060144063527,2.03536435358324,1.84242694717439,1.84177161532445,1.9434058754637,1.94352152226074,2.02715343099281,2.01143510382733,1.8438628949044,1.84340030771621,1.8435641406787,1.84490371607784,1.84204145785089,1.84252331950526,1.92248344243105,1.93042452249503,1.84351595451326,1.84305336732507,1.84140540046713,1.84375688534044,1.84119338133921,1.92194375737815,1.84118374410612,2.00905470725476,2.02113016031321,1.83854314224018,1.83724211577339,2.00769585738944,1.83856241670636,2.007426014863,1.83836003481152,1.77403150395343,1.83018766115345,1.81758216027519,1.81426695209314,1.81180945765586,1.81001693230161,1.80818585801501,1.75839991188574,1.75692541522337,1.75345601131192,1.86948829768368,1.74893614899395,1.7493601872498,1.86799452655514,1.74612207693245,1.74479213876639,1.74471504090169,1.74238283049455,1.86466968114,1.86212545160494,1.74046502111017,1.86500698429806,1.83644222542714,1.86303135151515,1.86146048252191,1.74048429557634,1.73932782760586,1.73886524041767,1.73827736919934,1.84876824654587,1.74118781359172,1.73963621906466,1.85925355614491,1.73940492547056,1.74086978489984,1.73958803289922,1.7411299901932,1.73803643837216,1.85870423385893,1.73797861497363,1.73836410429713,1.85786579458033,1.74003134562124,1.73854721172579,1.73690888210094,1.79152308200698,1.73409481003943
1.80358889783235,1.8043116903139,1.90290058479754,1.89077694557365,1.89755192043406,1.80457189560726,1.80413822011833,1.97427393304249,1.80188310757588,1.79933887804082,1.8006495417407,1.84680225099605,1.88490787062345,1.79621641452052,1.79505030931695,1.79453953596332,1.90057801162349,1.79232297235323,1.79300721590243,1.88238291555456,1.838302211413,1.78884393120869,1.78636716230524,1.78709959201988,1.96872288678418,1.78431443165764,1.78645389740303,1.78758145367425,1.83218256840253,1.89823616398326,1.78385184446944,1.78152927129539,1.88157338797522,1.78094140007706,1.78128834046821,1.89169248271695,1.82738322632503,1.77927415875295,1.78040171502417,1.88021453810991,1.96698818482845,1.82843368473155,1.87729445648444,1.78018969589625,1.78090285114471,1.94874490259409,2.00743565209608,2.0084861105026,1.93403848490279,1.91418578474283,2.01356493233964,2.00895833492388,1.9340288476697,1.93218813615001,1.8367795285852,2.02473448548789,1.90409560170037,1.82948414313807,1.90400886660259,1.90381612194084,1.93407703383514,1.82485827125614,1.897214617276,1.93413485723366,1.89832289908105,2.01506834070127,1.89812051718621,1.89458365264315,1.93569608899381,1.89368738996603,1.93429869019614,1.895007690899,1.89380303676308,1.89402469312409,1.89526789619236,1.89549918978645,1.82121539714912,1.89757119490023,1.89825543844944,1.82622675835454,1.90229343911304,2.02201678575725,1.9358599219563,1.93713203672383,1.91026343087628,1.91344371779511,1.92066200537754,2.00829336584086,1.93679473356577,1.91202704453127,2.00718508403581,2.00465049173384,2.00503598105733,1.9084227193566,2.00305071104134,1.90732407478464,1.90773847580739,1.90877929698083,1.90840344489042,1.90730480031846,1.98301490345272,1.98352567680635,1.98097181003821,1.98083688877498,1.98259086519688,1.98162714188815,1.98380515656589,1.99759603711389,1.98208009184325,1.90801795556693,2.00649120325352,2.00730073083286,1.91035016597407,1.99095598351671,1.99823209449766,1.99786587964034,1.91111150738797,1.98664814032666,1.99405917257083,2.00055466767171,1.99769240944477,1.99253648974303,1.9148218421266,2.00014026664895,1.99338456625472,2.00503598105733,2.00059321660406,2.00756093612622,1.91554463460815,1.91371356032155,1.91304859123853,2.00728145636669,2.0098642348341,2.00507452998968,1.99403026087157,1.99180406002839,2.00301216210899,1.99039702399764,1.98771787319935,1.99368332048043,1.99158240366738,1.99187152066,1.99116800264463,1.98525074152899,1.98483634050624,1.9116222807416,1.99085961118583,1.98458577244596,1.98498089900255,1.98473996817536,1.98657104246196,2.00142201864957,2.01162784848908,1.84537594049912,2.04465464627945,1.844701334183,1.84465314801757,1.84384362043823,2.01911597859796,1.84245585887365,1.84087535264732,1.84084644094806,1.83991162933859,1.84098136221128,1.84153068449726,1.84048986332383,2.03900722769026,1.8421089184825,1.84360268961104,1.84163669406122,1.84393035553601,1.84220529081338,1.84384362043823,1.84395926723528,1.84289917159567,1.84209928124942,1.92540352405652,1.890815494506,1.84180052702371,1.8422631142119,1.84112592070759,1.84095245051202,2.03443917920685,1.83944904215039,2.01980985938025,1.84075970585027,2.02338527285566,2.02142891453892,2.03167329331078,2.00861139453274,1.8392177485563,1.83777216359319,1.83818656461595,1.83752159553292,1.86454439710987,1.7703211692148,1.81381400213803,1.85375069605203,1.85229547385584,1.80794492718783,1.75906488096877,1.75701215032116,1.75105634027317,1.7534752857781,1.75186586785251,1.74771222039186,1.74587150887218,1.85728756059509,1.86014018158895,1.74486923663109,1.7433369165702,1.74149620505052,1.86511299386202,1.73909653401177,1.7902895161718,1.78829460892271,1.78820787382493,1.86366740889892,1.74251775175778,1.73972295416244,1.74043610941091,1.73874959362062,1.74405970905175,1.74147693058434,1.74129382315568,1.7891426854344,1.74154439121595,1.86113281659694,1.84230166314425,1.86180742291306,1.86058349431096,1.73834482983095,1.73978077756097,1.74042647217782,1.86105571873225,1.85894516468611,1.74076377533588,1.73885560318458,1.73784369371041,1.73743892992074
1.80498629663001,1.85390489178143,1.88909042978336,1.89006379032518,1.85533120227836,1.80524650192337,1.80535251148733,1.80219149903468,1.80214331286924,1.90055873715731,1.84774669983861,1.89605814930552,1.89803378208843,1.79739215695718,1.79777764628067,1.90073220735289,1.90181157745867,1.79438534023392,1.7944817125648,1.79151344477389,1.83977670807536,1.84047058885765,1.78826569722345,1.78872828441164,1.78932579286306,1.78767782600512,1.7875429047419,1.83388835865899,1.7823580733409,1.90002868933751,1.78720560158384,1.88724971826368,1.7827435626644,1.89693513751647,1.89733026407305,1.87713062352195,1.78265682756661,1.78095103731015,1.88208416132885,1.95534640725893,1.88101442845616,1.77876338539932,1.7800740490992,1.78058482245283,1.78328324771729,1.78283029776218,2.00737782869756,1.9148989399913,1.93386501470721,1.9147447442619,1.91506277295378,1.91142953607985,1.93338315305285,1.91081275316226,1.91082239039535,1.91164155520777,1.90710241842363,1.90410523893346,1.90487621758045,1.90330534858721,1.90246690930861,1.90132007857121,1.90086712861611,1.89870838840454,1.93381682854178,1.82196710132993,1.89733026407305,1.82341268629304,1.93688146866356,1.82139850457778,1.82038659510361,1.89704114708043,1.89595213974156,1.93479982631669,1.93832705362666,1.82127322054764,1.822526060849,1.82228513002182,1.90024070846543,1.93778736857377,1.90114660837564,1.90238017421082,1.90505932500911,1.9079601321684,2.01442264608442,1.91455199960015,1.93723804628779,1.92169318931788,1.93679473356577,1.86716572450963,1.91065855743286,2.01876903820681,1.91056218510199,2.01220608247432,2.01430699928737,1.99254612697612,1.90858655231908,1.91065855743286,1.90955027562782,1.91033089150789,1.90699640885967,1.98655176799578,1.99396280023996,1.99874286785129,1.98778533383097,1.98253304179836,1.98469178200992,1.90982975538735,1.98424846928791,1.98493271283711,2.02078321992207,1.99707562652718,1.91204631899744,2.00045829534084,2.01188805378244,2.0056720384411,2.00416863007947,2.00278086851489,1.99848266255793,2.00387951308685,2.00741637762991,1.91422433367518,1.99504217034574,1.91401231454726,1.99494579801487,1.99622755001549,1.99773095837712,2.01116526130089,1.9155060856758,2.00190388030394,2.00184605690542,1.99799116367047,2.01842209781567,2.0136709419036,1.99491688631561,1.91447490173545,1.99457958315755,1.91331843376497,1.99463740655608,1.9985019370241,2.0014027441834,1.98576151488262,1.98764077533466,1.98693725731928,1.91186321156878,1.98682161052223,1.99081142502039,1.99135111007329,1.98736129557512,1.99015609317045,1.9863879350333,1.98777569659788,1.99772132114403,1.94761734632287,1.84446040335582,1.84337139601695,1.8463782127402,1.84327502368607,1.89033363285163,1.8416559685274,1.84055732395544,1.89114316043097,1.88914825318189,1.89031435838546,1.84046095162457,1.84153068449726,2.04665919076162,2.01949183068836,1.84287989712949,1.8437857970397,1.84346776834782,1.84235948654278,1.84130902813625,2.03351400483047,1.93917513013835,1.84201254615163,1.84225347697882,1.93435651359467,1.92437234011617,1.84267751523466,1.84156923342961,1.84170415469284,2.01360348127199,1.8389864549622,1.84079825478262,1.84154032173035,1.84047058885765,1.83893826879677,1.83949722831583,1.83876479860119,2.02822316386551,1.83805164335273,1.83762760509688,1.77393513162255,1.77364601462993,1.76961765119942,1.76743963652168,1.76421116343741,1.86768613509635,1.76092486695462,1.75739763964465,1.86708862664493,1.7531668943193,1.75010225419752,1.75140328066432,1.86446729924517,1.74706652577501,1.85847294026483,1.86355176210187,1.79259281487967,1.74464758027008,1.74352002399886,1.74114926465937,1.74168894971226,1.78971128218655,1.84800690513197,1.74051320727561,1.86704044047949,1.86668386285526,1.83265479282381,1.86750302766769,1.86439983861356,1.78873792164473,1.74027227644842,1.78859336314842,1.74096615723071,1.73809426177068,1.78863191208077,1.84340030771621,1.83607601056982,1.73817135963538,1.86364813443274,1.85951376143827,1.74090833383219,1.907584280078,1.73645593214583,1.86318554724455,1.79099303418717,1.79044371190119,1.7359451587922
1.85506135975191,1.85649730748193,1.89400541865791,1.89061311261116,1.85525410441366,1.80723177193937,1.89869875117145,1.85412654814244,1.9000383265706,1.80215295010233,1.88774121715113,1.84866223698191,1.80025441518412,1.90065510948819,1.79750780375422,1.89711824494513,1.89838072247957,1.79543579864044,1.89419816331966,1.79300721590243,1.79400948814352,1.79243861915028,1.79337343075975,1.79006785981079,1.78884393120869,1.79029915340488,1.78870900994547,1.78599131021484,1.78632861337289,1.97773369972085,1.90029853186396,1.8315946971842,1.83117065892836,1.78431443165764,1.78139435003217,1.78123051706968,1.78168346702479,1.78199185848358,1.7802282448286,1.78029570546021,1.88008925407977,1.77898504176033,1.77939944278308,1.7823580733409,1.96610155938442,1.78203040741593,1.78201113294976,1.93377827960943,1.91616141752574,1.91668182811246,1.93483837524904,1.91214269132831,1.83795527102185,1.91029234257554,1.91211377962905,2.01019190075907,1.90744935881477,1.9041534250989,1.83085263023647,1.90400886660259,1.90092495201463,1.90098277541316,1.93792228983699,1.93556116773059,1.93522386457253,1.89623161950109,1.89679057902016,1.82316211823276,1.89684840241868,1.89680985348633,1.89468002497403,1.89505587706443,1.89444873137993,1.93800902493478,1.8914997380552,1.82363434265404,1.82383672454888,1.89719534280983,1.89876621180307,1.90131044133813,1.90190794978954,1.90069365842054,1.90697713439349,1.83554596275002,1.91220051472684,1.93839451425827,1.93754643774658,1.84983797941856,2.02748109691778,2.03257919322099,1.9116222807416,1.91203668176435,1.91356900182524,1.98422919482173,1.98690834562002,1.98153076955727,1.9812031036323,1.91069710636521,1.91014778407923,1.9090298650411,1.98474960540845,1.98734202110895,1.98367023530266,1.98685052222149,1.98156931848962,1.99748039031684,1.98549167235617,1.98461468414523,1.98497126176946,2.00378314075597,1.99926327843801,2.02180476662933,1.91117896801958,2.00152802821353,1.98475924264154,2.00470831513236,2.00060285383715,1.91409904964505,1.99749002754993,2.00429391410961,1.91454236236707,2.00387951308685,1.99471450442077,1.99750930201611,1.91462909746485,1.99898379867847,1.99026210273442,1.98942366345582,1.99805862430209,2.00222190899582,2.01310234515145,2.01066412518035,2.01465393967851,1.99581314899273,1.91444599003619,2.01050992945095,2.00446738430518,1.99404953533775,1.98848885184634,2.01001843056349,2.01887504777077,1.99130292390785,1.99359658538264,1.9895874964183,1.98672523819136,1.99211245148719,1.98914418369628,1.91175720200482,1.91248963171946,1.99043557292999,1.91189212326804,1.91128497758354,1.9920257163894,1.95848814524541,1.93039561079577,1.84572288089026,1.84415201189702,1.84439294272421,1.93978227582285,1.84200290891854,1.84042240269222,1.88942773294142,1.89057456367881,1.84051877502309,1.84152104726418,1.84170415469284,2.0478156587321,2.01795951062747,1.84146322386565,1.84295699499419,1.84361232684413,1.84078861754954,1.84265824076848,1.84224383974573,1.84343885664856,1.90580139195684,1.90403777830185,1.84233057484351,2.01774749149955,1.84251368227217,1.84088498988041,1.84208000678324,2.01418171525723,1.83872624966884,2.00774404355488,1.84208000678324,1.84064405905323,1.83908282729308,1.83831184864609,1.83843713267622,1.83678916581828,1.91752026739106,1.91755881632341,1.83676025411902,1.77181494034334,1.85556249587245,1.76716015676214,1.8638312418614,1.84599272341671,1.75840954911883,1.75684831735867,1.75552801642571,1.85239184618671,1.79851007599531,1.75069976264894,1.7470761630081,1.75064193925042,1.74570767590969,1.74286469214892,1.74226718369751,1.74156366568213,1.85452167469902,1.74095651999762,1.73944347440291,1.73816172240229,1.85068605593025,1.74144801888508,1.78890175460722,1.73933746483895,1.78894994077265,1.86904498496166,1.86599961930606,1.74101434339615,1.73835446706404,1.74033009984695,1.74068667747118,1.78900776417118,1.78788984513304,1.73873995638753,1.73839301599639,1.86539247362156,1.73894233828237,1.73755457671779,1.73699561719872,1.82562924990313,1.85780797118181,1.90941535436459,1.73766058628175,1.7915809054055,1.73554039500253
1.89159611038607,1.85731647229435,1.80778109422535,1.89070948494204,2.04079011581142,1.90515569733998,2.05448462402855,1.80116995232742,1.80416713181759,1.90681330143101,1.80311667341107,1.88794359904597,1.79942561313861,1.80075555130466,1.79852935046148,1.90045272759335,1.90121406900725,1.79619714005434,1.79762345055127,1.89600996314008,1.79358544988767,1.87093388264678,1.89229962840145,1.89893968199864,1.78946071412628,1.78864154931386,1.78799585469701,1.89406324205644,1.97146949821407,1.97795535608186,1.7860202219141,1.78770673770438,1.95442123288254,1.8903529073178,1.88737500229381,1.78371692320622,1.96782662410705,1.78049808735504,1.7817509276564,1.78139435003217,1.87521281413757,1.77930307045221,1.78088357667854,1.78424697102602,1.78401567743193,1.95173244485117,1.78540343899651,1.92057527027975,1.91884056832403,2.01396005889622,1.91430143153988,1.91324133590027,2.01260120903091,2.01172422081996,1.91167046690703,1.91105368398944,2.01943400728984,1.90659164507,1.90577248025757,1.90213924338364,1.90128152963887,1.90183085192484,1.90035635526248,1.90068402118745,1.8979759586899,1.93793192707008,1.8950847887637,1.89396686972556,1.89669420668928,1.89559556211733,1.82215984599168,1.89495950473356,1.89649182479445,1.82121539714912,1.822526060849,1.89851564374279,1.89842890864501,1.89886258413394,1.9008767658492,1.90133935303739,1.90122370624034,1.93807648556639,1.9105525478689,2.02692213739871,2.01447083224985,1.91732752272931,1.93927150246922,1.85029092937367,1.8533941184278,1.87017254123288,2.00082451019816,1.91208486792979,1.91107295845562,1.98565550531866,1.91129461481663,1.98235957160278,1.99411699596936,1.91073565529756,1.90888530654479,1.91008996068071,1.98633974886786,1.98695653178545,1.98437375331804,1.91037907767333,1.98315946194903,1.90715060458906,1.91089948826005,1.99723945948966,2.00134492078487,1.91097658612474,1.90990685325205,1.99732619458745,1.99405917257083,1.91189212326804,1.99529273840602,1.99732619458745,1.99863685828733,1.99049339632851,1.91362682522377,1.91480256766043,1.99835737852779,1.91510132188613,1.9988874263476,1.99515781714279,2.00040047194231,1.99505180757883,1.99406880980392,2.00187496860468,1.99871395615203,2.01504906623509,1.99749966478302,2.00927636361577,2.00093051976212,1.91433034323914,1.99925364120492,1.91395449114874,1.99806826153517,1.91380993265243,1.99676723506838,1.98939475175655,1.98979951554622,2.00451557047061,1.91290403274222,2.00392769925229,1.98816118592137,1.98808408805667,1.91297149337383,1.91223906365919,1.91194994666657,1.91142953607985,1.91024415641011,1.99821282003148,1.99441575019507,1.95455615414577,1.84597344895053,1.84697572119162,1.84492299054401,1.84367015024266,1.84231130037734,1.84300518115963,2.03153837204756,1.83909246452616,1.83772397742776,2.0036867684251,1.88989032012961,1.84138612600095,1.88968793823478,1.84138612600095,1.84093317604585,1.95114457363284,1.89027580945311,1.84117410687303,2.01620553420558,1.84434475655877,2.03427534624437,1.93798011323551,1.92010304585847,1.84234984930969,1.84287025989641,1.84125120473773,1.84410382573159,1.84284134819714,1.83969961021067,1.83874552413502,1.83935266981952,1.84014292293268,1.84044167715839,2.00861139453274,1.84020074633121,2.00761875952474,1.88722080656441,1.84044167715839,1.84034530482752,1.83741558596896,1.77066810960594,1.76956946503398,1.76672648127321,1.86251094092844,1.84823819872606,1.86873659350287,1.75713743435129,1.75413061762804,1.75166348595768,1.75095033070921,1.75031427332545,1.74848319903885,1.74710507470736,1.79462627106111,1.86649111819351,1.74360675909665,1.86519009172672,1.74474395260096,1.74122636252407,1.74193951777253,1.73927964144043,1.74059994237339,1.73802680113907,1.86133519849178,1.86160504101822,1.86057385707788,1.86134483572487,1.73801716390598,1.8343413086141,1.73911580847794,1.86373486953053,1.74080232426823,1.81430550102549,1.78753326750881,1.85297008017195,1.7411299901932,1.73938565100439,1.73908689677868,1.83698191048003,1.83373416292959,1.73939528823747,1.83085263023647,1.90560864729509,1.73580060029589,1.79282410847377,1.73548257160401
1.80794492718783,1.80870626860173,1.89438127074832,1.89136481679198,2.04374874636924,2.07779709086686,1.9081143278978,1.80585364760787,1.90484730588119,1.80403221055436,1.80556453061525,1.85084988889274,1.80134342252299,1.80314558511033,1.80056280664292,1.80030260134956,1.84648422230416,1.90403777830185,1.95828576335057,1.84543376389764,1.79536833800883,1.79415404663983,1.97483289256156,1.79295902973699,1.79212059045839,1.9666508816704,1.7899040268483,1.79050153529972,1.78831388338889,1.78697430798975,1.78725378774928,1.78766818877204,1.83432203414792,1.78443971568777,1.7848733911767,1.83337758530536,1.88798214797832,1.88532227164621,1.88703769913575,1.78385184446944,1.88346228566035,1.88425253877351,1.7838807561687,1.78376510937166,1.83140195252245,1.78448790185321,1.92177028718258,1.93548406986589,1.92019941818934,1.92058490751284,1.84164633129431,1.91396412838182,1.91327988483262,1.91384848158478,1.9105525478689,1.91017669577849,2.0236551153821,2.01185914208318,1.90705423225819,1.90523279520468,1.90418233679816,1.93810539726565,1.90218742954908,1.90132007857121,1.90099241264624,1.82544614247447,1.89689658858412,1.89730135237379,1.89862165330676,1.90027925739778,2.01296742388822,1.93851016105532,1.93808612279948,2.01368057913669,1.90372938684305,1.90393176873789,1.9001154244353,1.90081894245067,1.90058764885658,1.82719048166328,1.94060144063527,1.90211033168438,1.83546886488532,2.03082521679909,2.02513924927755,1.91753954185723,1.91874419599315,2.01361311850508,2.02834844789564,2.00846683603643,1.91395449114874,2.00750311272769,1.91271128808047,1.9872263743119,1.99398207470614,1.98491343837093,1.98843102844782,1.9873034721766,1.98328474597917,1.91026343087628,1.98401717569381,1.98669632649209,1.98628192546934,1.99714308715879,1.98393044059602,1.98495198730328,1.91071638083139,1.99424227999949,2.00516126508747,1.99806826153517,1.99837665299397,2.01092433047371,2.00037156024305,2.00141238141649,2.00750311272769,1.99844411362558,1.99442538742815,1.99895488697921,1.91446526450237,1.99430974063111,1.91516878251774,1.91579520266842,1.91577592820225,1.99954275819754,2.00380241522215,1.91711550360139,2.00652975218587,1.98816118592137,1.98500017346872,2.01289996325661,2.00589369480211,2.00792715098354,2.00586478310284,2.00495888319263,2.00412044391403,1.91357863905833,2.0102400869245,2.0073489169983,2.0087174040967,2.00807170947985,1.99558185539864,2.00141238141649,1.98736129557512,1.9860024457098,1.9116993786063,1.9123065242908,1.91174756477173,1.91156445734307,1.91297149337383,1.913983402848,1.91194030943348,1.9139063049833,2.00657793835131,1.84663841803356,1.84655168293578,2.02780876284275,2.02201678575725,1.84305336732507,1.8432557492199,2.02557292476649,1.84364123854339,1.84039349099296,1.83891899433059,2.00335910250013,2.00426500241034,1.88900369468558,1.88991923182887,1.8891386159488,1.83939121875187,1.84321720028755,1.84053804948927,1.84174270362519,1.84093317604585,1.84199327168546,1.84408455126541,1.84133793983552,1.92101858300177,1.84338103325004,1.89078658280674,1.99730692012127,1.88958192867082,1.83985380594006,2.02798223303832,2.01491414497187,1.83882262199972,1.8438628949044,1.83865878903723,1.84054768672235,1.84035494206061,1.84022002079738,1.84037421652678,1.83797454548803,1.92692620688432,1.77022479688392,1.77007060115452,1.76633135471663,1.76396059537714,1.76101160205241,1.85025238044132,1.75723380668217,1.7568290428925,1.87002798273657,1.75295487519138,1.74902288409174,1.75010225419752,1.75045883182176,1.7466135758199,1.74245029112617,1.74244065389308,1.74511980469136,1.74277795705114,1.74146729335125,1.86811981058528,1.74360675909665,1.86481423963631,1.86744520426916,1.74053248174178,1.85821273497148,1.73950129780143,1.86205799097333,1.84879715824513,1.78935470456232,1.74030118814768,1.86172068781527,1.74022409028299,1.865662316148,1.86121955169473,1.74080232426823,1.73995424775654,1.74214189966737,1.73977114032788,1.73804607560524,1.86379269292905,1.85801999030973,1.86240493136447,1.83162360888346,1.83005273989022,1.73738110652222,1.79366254775237,1.8455397734616
1.80884118986495,1.85812599987369,1.80868699413556,1.86730064577285,1.86761867446473,1.8107108130839,1.90438471869299,1.80620058799902,1.80668244965339,1.80551634444982,1.80503448279545,1.80454298390799,1.8043887881786,1.8016421767487,1.79995566095841,1.97645194772024,1.80130487359064,1.80048570877822,1.97671215301359,1.79691029530281,1.90048163929262,1.88488859615727,1.79347944032371,1.8976001065995,1.79273737337598,1.79399021367734,1.79109904375113,2.05674937380408,1.78866082378003,1.78893066630648,1.78692612182431,1.83476534686994,1.8348713564339,1.83511228726108,1.78759109090734,1.78468064651496,1.78504686137227,1.78491194010905,1.78294594455923,1.87455748228763,1.78494085180831,1.78476738161274,1.97100691102588,1.78338925728125,1.83367633953107,1.87980977432024,1.92178956164876,1.91842616730127,1.92016086925699,1.84441221719038,1.917182964233,1.93801866216786,1.84125120473773,1.9382981419274,1.91237398492241,1.93901129717586,1.93737296755101,1.90728552585229,1.90738189818316,1.90527134413703,1.90478948248266,1.90402814106876,1.90262110503801,1.93690074312973,1.82709410933241,1.82762415715221,2.01772821703338,1.90090567754846,1.94063035233454,1.89825543844944,1.89743627363701,1.89808196825386,1.89771575339654,1.82356688202243,1.89915170112656,1.82418366494002,1.89763865553185,1.82705556040006,1.94090983209407,2.02114943477939,1.9058303036561,1.90470274738488,1.90795049493532,2.03829407244179,1.84200290891854,2.03094086359614,1.94098692995877,1.92413140928898,2.01543455555859,2.03475720789873,1.98496162453637,1.91400267731417,1.98576151488262,1.98765041256774,1.99358694814955,1.9853182021606,1.98772751043244,1.91133316374898,1.99012718147119,1.99029101443368,1.98628192546934,1.99104271861449,1.98406536185925,1.98411354802468,1.98462432137831,1.98517364366429,1.91158373180925,1.91130425204971,2.00341692589866,1.99335565455546,1.99098489521597,1.98452794904744,1.9871492764472,2.00138346971722,2.00066067723567,2.00689596704319,2.00149911651427,1.99521564054132,1.913983402848,1.91655654408232,1.99762494881316,2.00497815765881,1.99885851464834,1.99976441455855,1.91700949403743,2.00186533137159,2.00085342189742,2.0010172548599,2.00099798039373,1.91567955587137,2.00752238719387,2.00728145636669,2.00024627621292,2.0039180620192,2.00395661095155,2.00396624818464,1.99779841900873,2.00108471549152,1.98912490923011,1.91460018576559,1.99391461407452,2.01417207802414,1.99514817990971,1.98443157671657,1.91257636681725,1.91362682522377,1.91240289662167,1.91206559346362,1.91089948826005,1.91227761259154,1.9903488378322,1.99832846682853,1.98771787319935,1.84792980726727,1.94471653916358,1.84402672786689,2.03468011003404,1.84251368227217,1.84179088979062,1.84054768672235,2.04428843142213,1.83926593472174,1.88882058725692,2.01834499995097,1.84098136221128,1.88878203832457,1.84220529081338,1.84047058885765,1.84051877502309,1.84149213556491,1.94085200869555,1.84111628347451,1.84389180660367,1.93446252315863,1.84357377791178,1.8430244556258,1.84273533863318,2.01640791610041,1.84375688534044,1.84393035553601,1.83991162933859,1.88995778076122,1.84060551012088,1.8416559685274,1.84128975367008,1.84052841225618,1.84061514735396,2.03122998058876,1.83841785821005,2.03044936470869,1.83971888467684,1.84003691336872,1.84131866536934,1.81971198878749,1.7707741191699,1.76611933558871,1.76547364097186,1.75854447038205,1.95900855583212,1.95749551023741,1.86779214466031,1.7544679207861,1.75212607314587,1.86546957148625,1.7982113217696,1.74754838742938,1.79458772212876,1.79377819454942,1.74389587608927,1.74353929846504,1.86576832571196,1.7411299901932,1.74166967524609,1.74101434339615,1.8706158539549,1.86787887975809,1.73908689677868,1.73837374153021,1.85930174231035,1.74034937431312,1.73956875843305,1.78874755887782,1.73803643837216,1.86495879813262,1.86064131770949,1.74352002399886,1.86141229635648,1.85831874453544,1.85144739734415,1.78939325349467,1.74056139344104,1.73930855313969,1.86031365178452,1.73675468637154,1.73740038098839,1.8329631842826,1.83172961844742,1.7365523044767,1.7849504890414,1.84391108106984
1.80960253127886,1.86105571873225,1.80964108021121,1.89577866954599,1.91035016597407,1.80866771966938,1.8085809845716,1.80807984845105,1.8086580824363,1.80721249747319,1.90784448537135,1.80380091696027,1.80465863070504,1.79870282065706,1.801565078884,1.80230714583173,1.90361374004601,1.80190238204206,1.79905939828129,1.79780655797993,1.90303550606076,1.79506958378312,1.79433715406849,1.97483289256156,1.90386430810628,1.97268378958308,1.79145562137537,1.79022205554018,1.79063645656294,1.78916195990058,1.83722284130722,1.83648077435949,1.83581580527646,1.78729233668163,1.78821751105801,1.89308988151461,1.89398614419174,1.89413070268805,1.88873385215913,1.88686422894018,1.88872421492604,1.78368801150696,1.78396749126649,1.78506613583845,1.78498903797375,1.78637679953833,1.92222323713769,2.01411425462562,1.9204596234827,1.91903331298577,1.91850326516597,1.91766482588737,1.91585302606695,1.9167300142779,1.91601685902943,2.01827753931936,1.93930041416848,1.90859618955217,1.90869256188304,1.90683257589718,2.01395042166313,1.90447145379078,1.90500150161058,1.93852943552149,1.9399750204846,1.89868911393837,1.9007225701198,1.82677608064052,2.01539600662624,1.89880476073542,1.94186391816972,1.89703150984734,1.89658819712532,1.94371426692249,2.02749073415087,1.82425112557164,1.89838072247957,1.82768198055073,1.82754705928751,1.94223977026013,1.90425943466286,2.02814606600081,1.83490026813316,1.91315460080249,1.84125120473773,2.01800769679291,1.84691789779309,1.94066890126689,1.94051470553749,2.04733379707773,2.01169530912069,1.99582278622582,1.91496640062291,1.91379065818625,1.98752512853761,1.9877564221317,1.91208486792979,1.91157409457616,1.98846957738017,1.98809372528976,1.98941402622273,1.98790098062801,1.99932110183653,1.98519291813047,1.98535675109295,2.00591296926828,2.0039180620192,2.00652011495278,1.91235471045624,2.01730417877753,1.97880343259355,1.98462432137831,1.9136750113892,1.91475438149499,1.91463873469794,1.99839592746014,2.00151839098045,1.91488930275821,1.91583375160077,1.99645884360959,1.9921799121188,2.008640306232,2.00075704956655,2.0013256463187,2.00058357937097,2.00063176553641,1.99506144481192,1.99577460006038,2.00722363296816,2.02411770257029,2.00745492656226,1.918175599241,1.99883924018216,1.98869123374118,1.99917654334022,1.91514950805157,2.01369021636978,1.99071505268952,1.99329783115693,2.00174968457454,2.01087614430827,2.00174004734146,1.98674451265753,1.98580970104806,1.91151627117764,1.91081275316226,1.91210414239597,1.91130425204971,1.91153554564381,1.91236434768932,2.00108471549152,1.99676723506838,1.98598317124363,2.02202642299034,1.84736121051511,1.84482661821314,2.0227395782388,2.04402822612877,2.03828443520871,2.02002187850817,1.8391406506916,1.94702947510454,1.83987308040624,1.83948759108274,1.88933136061055,1.88832908836946,1.83866842627032,2.02475375995406,1.84037421652678,1.84098136221128,1.84077898031645,1.89154792422064,1.84365087577648,2.03839044477267,1.84290880882876,1.84082716648189,1.84138612600095,1.89476676007181,1.84274497586627,1.84115483240686,1.84117410687303,1.83985380594006,2.01833536271788,2.03468011003404,1.84153068449726,2.01096287940605,1.83785889869098,1.838302211413,1.83816729014978,2.01402751952783,2.0038409641545,2.00489142256102,1.84030675589517,1.82140814181087,1.82805783264114,1.81524031263496,1.76501105378366,1.83692408708151,1.87500079500965,1.75699287585498,1.87072186351886,1.8684089275779,1.86450584817752,1.74932163831745,1.85469514489459,1.85372178435277,1.83121884509379,1.79487683912138,1.74434882604437,1.74404043458558,1.86638510862955,1.8654310225539,1.74143838165199,1.86722354790815,1.87003761996966,1.86829328078085,1.73703416613107,1.73792079157511,1.79011604597622,1.78783202173452,1.73881705425223,1.74067704023809,1.86099789533372,1.74007953178668,1.86695370538171,1.74180459650931,1.73860503512431,1.84944285286198,1.85375069605203,1.78760072814042,1.74069631470427,1.74095651999762,1.86155685485279,1.73743892992074,1.86081478790506,1.82941668250646,1.73611862898777,1.73744856715383,1.78530706666563,1.84501936287489
1.81073008755008,1.86099789533372,1.81338996388219,1.8607087783411,1.91196922113274,1.91388703051713,1.81052770565524,1.90496295267824,1.90579175472375,1.86701152878023,1.90715060458906,1.80253843942582,2.07989800767991,1.80545852105129,1.80475500303592,1.80289501705006,1.80026405241721,1.80078446300393,1.80124705019212,1.79751744098731,1.79814386113799,1.98452794904744,1.98057668348162,1.97589298820117,1.79547434757279,1.96226594061565,1.88771230545187,1.84162705682814,1.85014637087736,1.85227619938966,1.83777216359319,1.88422362707425,1.83713610620943,1.78606840807953,1.78788984513304,1.78774528663673,1.78684902395961,1.88377067711914,1.88846400963268,1.78420842209367,1.78556727195899,1.96406810320298,1.78390966786797,1.78750435580955,1.78694539629048,1.7883042461558,1.79075210335999,2.04130088916505,1.91957299803867,1.91804067797778,1.84531811710059,1.94178682030502,1.91784793331603,1.92056563304666,1.91127534035045,2.02363584091593,1.94046651937205,1.83776252636011,1.94012921621399,1.83394618205751,2.0289170446478,1.90455818888857,1.90207178275203,1.90237053697774,1.90221634124834,1.94161335010945,1.89837108524648,2.01761257023633,1.89942154365301,1.90143572536826,1.82358615648861,1.89659783435841,2.03158655821299,1.89999977763825,1.89780248849433,1.89802414485534,1.8992769851567,1.8994986415177,1.9020910572182,1.90395104320406,1.90759391731108,2.03033371791164,2.01553092788946,1.83857205393945,1.8415788706627,1.91712514083448,1.92185702228037,1.92307131364938,2.01691868945404,1.91666255364628,1.99121618881006,1.99095598351671,2.01412389185871,1.99709490099335,1.99421336830023,1.91272092531356,1.91175720200482,1.91391594221639,1.99215100041954,1.99064759205791,1.91256672958416,1.99129328667476,1.99101380691523,1.91141026161368,1.99749002754993,1.99054158249395,2.00462158003458,1.99603480535374,1.91318351250175,1.91376174648699,1.99599625642139,1.98802626465815,2.00240501642448,1.91428215707371,1.91514950805157,2.01305415898601,2.00684778087775,1.99757676264772,1.98815154868829,1.98751549130452,1.99760567434698,2.00149911651427,2.00465049173384,1.91745280675945,1.99021391656898,1.99261358760773,1.99926327843801,1.91828160880496,2.00648156602043,2.00766694569018,1.91671073981172,2.00943055934517,2.01108816343619,1.98841175398164,2.00063176553641,2.01035573372155,2.0046023055684,1.99876214231746,1.91347262949437,1.98819973485372,2.01053884115021,1.91387739328404,1.9872263743119,1.98816118592137,1.9879877157258,1.91270165084738,1.91241253385476,1.91224870089228,1.98477851710771,1.91300040507309,1.99291234183344,1.99475305335312,1.91232579875697,1.84695644672544,1.84719737755263,1.84420019806246,1.84388216937058,1.84103918560981,1.84087535264732,1.84198363445237,1.94506347955472,1.83706864557782,1.84072115691793,1.84012364846651,1.84053804948927,1.83797454548803,1.83812874121743,1.84025856972973,2.02733653842147,1.84094281327893,1.89059383814499,1.95402610632596,1.84481698098005,1.84182943872297,1.84331357261842,1.84158850789579,1.84146322386565,1.89063238707734,1.84363160131031,2.01143510382733,2.01816189252231,1.83923702302247,2.01157966232365,1.84183907595606,1.84149213556491,2.01735236494297,1.83928520918791,1.83813837845051,1.89219361883749,1.8905842009119,1.83959360064671,1.83882262199972,1.83811910398434,1.8352568457574,1.85791398074577,1.81457534355193,1.76332453799338,1.83831184864609,1.86748375320151,1.7575903843064,1.8715313910982,1.82318139269894,1.75077686051364,1.74845428733959,1.7472978193691,1.85406872474391,1.85494571295486,1.7974499803557,1.79540688694118,1.86832219248011,1.86730064577285,1.7418142337424,1.86537319915538,1.86873659350287,1.86728137130668,1.78857408868225,1.78810186426097,1.73794970327437,1.74118781359172,1.73883632871841,1.86708862664493,1.73595479602529,1.86863058393891,1.86600925653915,1.73997352222271,1.74108180402776,1.74159257738139,1.73923145527499,1.73799788943981,1.7885355397499,1.73984823819258,1.85862713599423,1.86109426766459,1.73863394682357,1.73876886808679,1.73819063410155,1.78577929108691,1.84458568738595,1.84428693316025,1.78557690919208
1.91095731165857,1.81126977260297,1.81100956730961,1.81168417362572,1.81348633621306,1.91145844777911,2.06139452015218,1.92471928050731,1.92666600159096,1.85779833394872,1.85710445316643,1.80803166228562,1.80588255930714,1.805757275277,1.80666317518721,1.8040803967198,1.80428277861464,1.97714582850253,1.9786106879318,1.88835800006872,1.80161326504944,1.98588679891276,1.7977583718145,1.79694884423516,1.7966115410771,1.84398817893454,1.79385529241412,1.96061797375771,1.79388420411338,1.95594391571034,1.95640650289854,1.78995221301374,1.78790911959922,1.78729233668163,1.78668519099713,1.8368566264499,1.96193827469068,1.7858660261847,1.96507037544407,1.89044927964868,1.7851817826355,1.7865502697339,1.7875429047419,1.96709419439241,1.95939404515562,1.79056899593133,1.79010640874314,1.92515295599624,1.92197266907742,2.01501051730274,1.84788162110183,1.91902367575269,1.94347333609531,1.91443635280311,1.94101584165803,1.94105439059038,2.0168705032886,2.03077703063366,1.94198920219985,1.90792158323605,1.90792158323605,1.91118860525267,1.90475093355031,1.90347881878278,1.90195613595498,1.90172484236088,1.90035635526248,2.02817497770007,1.90094422648081,1.89983594467576,1.8978988608252,1.94308784677181,1.82424148833855,1.82567743606856,2.01796914786056,1.89945045535227,1.82675680617435,1.89978775851033,1.90397995490332,1.90709278119054,1.94329022866665,1.90982975538735,2.0339476803194,2.01652356289746,1.91736607166166,1.91752990462415,1.92238707010017,1.92392902739415,1.94455270620109,1.87198434105331,1.99831882959544,1.99238229401363,2.00738746593065,2.00453484493679,1.98667705202592,1.99717199885805,1.98388225443059,1.91179575093717,1.91166082967395,1.91453272513398,1.91377138372008,1.91052363616964,1.98680233605606,1.98720709984572,1.98830574441768,1.98833465611694,1.98819009762063,1.98353531403944,2.00065104000258,2.00166294947676,1.98670596372518,2.00183641967233,1.91666255364628,1.91669146534555,2.01018226352598,2.00716580956964,2.00235683025905,2.00116181335621,1.99605407981992,2.01248556223386,2.00182678243924,1.99216063765262,2.00447702153827,1.91593012393165,1.99935001353579,1.99764422327933,1.99180406002839,1.99819354556531,1.91760700248885,1.99867540721968,2.01470212584395,2.01399860782857,1.91715405253374,1.99787551687343,1.91653726961615,1.99184260896074,1.99835737852779,1.91576629096916,2.00448665877135,1.99262322484082,1.99451212252594,2.00028482514527,2.00394697371846,1.91344371779511,1.98681197328914,1.9139063049833,1.91141989884676,1.91189212326804,1.91373283478773,1.98875869437279,2.00120036228856,1.99462776932299,1.98467250754375,1.8491248241701,2.03015061048298,1.84396890446836,2.02074467098972,1.84236912377586,1.83920811132321,1.84170415469284,2.03391876862013,1.8389864549622,1.83915028792469,1.94708729850306,1.8390635528269,1.83826366248065,1.8391406506916,1.84050913779,2.02115907201248,1.84164633129431,1.8438628949044,1.95492236900308,1.89731098960688,1.84036457929369,1.84128011643699,1.84406527679924,2.01731381601062,2.01485632157335,1.84217637911412,1.84197399721928,1.84115483240686,1.83988271763933,1.83839858374387,1.84051877502309,1.84069224521866,1.83909246452616,1.84032603036134,1.84063442182014,1.83850459330783,1.84044167715839,2.0049106970272,2.00500706935807,2.01063521348108,1.81872899101258,1.81727376881639,1.81494155840925,1.76223553065451,1.7610983371502,1.75823607892325,1.80458153284034,1.80275045855375,1.82626530728689,1.80046643431204,1.79872209512323,1.74747128956468,1.74554384294721,1.84772742537243,1.74560166634573,1.74415608138263,1.74148656781743,1.74270085918644,1.8700087082704,1.74286469214892,1.73952057226761,1.73801716390598,1.74064812853883,1.85081133996039,1.78692612182431,1.83436058308027,1.8306020621762,1.73800752667289,1.73796897774054,1.87065440288725,1.86697297984788,1.73958803289922,1.73854721172579,1.84933684329802,1.74063849130574,1.78797658023083,1.78789948236613,1.83759869339762,1.8559094362636,1.74100470616306,1.7392989159066,1.86103644426607,1.86176887398071,1.73813281070303,1.78663700483169,1.78233879887473,1.78353381577756
1.86466968114,1.8148259116122,1.813149033055,1.81402602126595,1.81385255107038,1.81137578216693,1.81284064159621,1.92695511858358,1.81067226415155,1.85780797118181,1.85916682104712,1.8575863148208,1.80834005374441,1.85429038110492,1.8558323383989,1.90673620356631,1.80516940405867,1.80414785735141,1.80401293608819,1.90504005054293,1.88912897871571,1.8009579331995,1.90509787394146,1.98141512276022,1.84650349677034,1.96758569327987,1.79473228062507,1.79342161692519,1.96049268972758,1.84023929526356,1.79179292453342,1.79225551172162,1.78869937271238,1.7898269289836,1.79069427996146,1.88042655723783,1.78708031755371,1.83666388178815,1.78666591653095,1.7855576347259,1.78611659424497,1.78728269944854,1.78773564940365,1.78873792164473,1.88861820536208,1.78960527262259,1.85077279102804,1.92392902739415,1.92210759034064,1.92116314149808,1.91866709812845,1.91867673536154,1.94353115949383,1.91567955587137,1.9170287685036,2.03417897391349,1.9122294264261,1.91156445734307,1.83714574344252,1.94373354138867,1.9088756693117,1.90905877674036,1.90776738750666,1.90363301451218,1.90416306233198,1.8290022814837,1.90329571135412,1.94373354138867,1.90313187839164,1.90036599249557,1.90043345312718,1.89871802563763,1.89862165330676,1.90063583502201,1.90058764885658,1.9000383265706,1.8271712071971,1.94491892105841,1.94440814770478,1.8306020621762,1.83194163757535,1.9112367914181,1.9113909871475,2.01691868945404,2.01748728620619,1.92023796712169,1.92422778161986,1.94425395197538,2.03094086359614,2.03524870678619,1.99139929623872,1.99104271861449,2.01853774461272,2.01521289919758,1.99026210273442,1.99543729690233,1.91397376561491,1.91405086347961,1.91352081565981,1.91197885836583,1.91259564128342,1.98759258916922,1.98742875620673,1.98705290411633,2.01242773883533,1.98796844125963,1.99523491500749,2.02704742142885,2.00252066322153,2.00710798617111,2.00419754177873,1.99406880980392,2.00404334604933,2.00988350930027,2.00900652108932,2.0078789648181,1.99908980824243,2.00213517389804,2.00593224373446,2.01229281757211,2.00733927976521,1.91734679719549,1.917182964233,2.00158585161206,1.91759736525576,2.00084378466433,1.99866576998659,1.91771301205281,2.00020772728057,2.00121963675474,2.00786932758501,2.01202297504566,2.00504561829042,1.91691312170656,2.00686705534393,2.00613462562929,2.01157966232365,2.0081873562769,2.00256884938697,1.91457127406633,1.98801662742506,1.9147447442619,1.98766968703392,1.99785624240725,1.91317387526866,1.91151627117764,1.91167046690703,1.91256672958416,1.9137521092539,1.98979951554622,1.99765386051242,2.00131600908561,1.98535675109295,1.84728411265041,1.84665769249974,1.84743830837981,2.02254683357706,1.84071151968484,1.83970924744375,1.84056696118853,1.94429250090773,1.84138612600095,1.84101027391055,2.02243118678001,1.84040312822604,1.83826366248065,1.84199327168546,1.84140540046713,2.02086031778677,1.84082716648189,1.8426486035354,1.84246549610674,1.89042036794942,1.89124916999493,1.8421860163472,2.01827753931936,1.84024893249665,1.84279316203171,1.84243658440748,1.84259078013687,1.84075006861719,1.8891386159488,1.84079825478262,1.88735572782764,1.84029711866208,1.8388322592328,1.83831184864609,1.83950686554892,1.83801309442038,1.84042240269222,1.83888044539824,1.8388322592328,2.01247592500077,1.82056006529918,1.81730268051565,1.76510742611454,1.85454094916519,1.87043274652624,1.75921907669816,1.80515976682558,1.80387801482497,1.82784581351322,1.82514738824876,1.74724963320367,1.74609316523319,1.86706935217875,1.74713398640662,1.86466004390692,1.80377200526101,1.74375131759296,1.7408986965991,1.87169522406069,1.74233464432912,1.74004098285433,1.78753326750881,1.73983860095949,1.85111973141918,1.78883429397561,1.83701082217929,1.73847975109417,1.86184597184541,1.86069914110801,1.73919290634264,1.7856347325906,1.74006989455359,1.73792079157511,1.78735016008015,1.73650411831127,1.78817896212567,1.78871864717856,1.83946831661657,1.83748304660057,1.86059313154405,1.73782441924423,1.86024619115291,1.73784369371041,1.86100753256681,1.78554799749282,1.73505853334816,1.85806817647516
1.81562580195845,1.81410311913065,1.90379684747467,1.8146717158828,1.8142958637924,1.81215639804701,1.81191546721982,1.8129948373256,1.81112521410666,1.86015945605512,1.81229131931023,1.81338996388219,1.8065186166909,1.91418578474283,1.80642224436003,1.90218742954908,1.80541033488586,1.89711824494513,1.80422495521611,1.98177170038446,1.80144943208695,1.90410523893346,1.90505932500911,1.97893835385677,1.80036042474808,1.8459252627851,1.79710303996456,1.79720904952852,1.8429473577611,1.84361232684413,1.84212819294868,1.89911315219421,1.9108609393277,1.79039552573576,1.79053044699898,1.88322135483316,1.8805229295687,1.79057863316442,1.78789948236613,1.83698191048003,1.78695503352357,1.83751195829984,1.78917159713366,1.78963418432186,1.78902703863735,1.95693655071834,1.92351462637139,1.92234852116782,1.92147153295687,1.92319659767951,1.92082583834002,1.92388084122871,1.84620474254463,1.94365644352397,1.91774192375207,1.91470619532955,1.91176683923791,1.9134533550282,1.94569953693849,1.94550679227674,1.91372319755464,1.94400338391511,1.9048376686481,1.90433653252756,1.90690003652879,1.90593631322006,1.90372938684305,1.90440399315917,1.94564171353996,1.90102132434551,1.9012526179396,1.82814456773893,1.89954682768314,1.94503456785546,1.8999612287059,1.90115624560873,1.94508275402089,1.94615248689359,1.83207655883857,1.94483218596062,1.94440814770478,2.03033371791164,1.91186321156878,2.04026006799161,1.94392628605041,1.8458481649204,1.92390011569489,1.94457198066726,2.03768692675729,2.02750037138396,2.01364203020434,1.91692275893964,1.99335565455546,2.00850538496878,1.91536152717949,2.00347474929718,1.91439780387076,1.91463873469794,1.9138292071186,1.91360755075759,1.91621924092427,1.98797807849271,2.00063176553641,1.98825755825225,2.01058702731565,2.00360003332732,2.01158929955673,1.98968386874917,1.98869123374118,2.01011480289437,1.91548681120963,1.91623851539044,1.91536152717949,2.00166294947676,2.00570095014036,1.99986078688942,2.00699233937406,2.0131408940838,1.91926460657987,2.00857284560039,2.00002461985191,1.99482051398473,1.99098489521597,2.00080523573198,1.99421336830023,2.00061249107024,1.91778047268442,1.99851157425719,1.91816596200791,2.01492378220496,1.99104271861449,2.00211589943186,2.00390842478611,2.00142201864957,1.99798152643739,1.9167300142779,2.00479505023015,2.00814880734455,2.0078018669534,2.00370604289128,1.99172696216369,1.99081142502039,1.98778533383097,1.98686015945458,1.98575187764953,1.91438816663767,1.9126149157496,1.91391594221639,1.91292330720839,1.99353876198412,1.98853703801178,2.00233755579287,1.99935965076888,1.89585576741068,1.89427526118436,1.84540485219838,1.89102751363392,1.84300518115963,1.94403229561437,1.84110664624142,1.84080789201571,1.93920404183761,1.8391406506916,1.84070188245175,1.84025856972973,2.0312781667542,1.84019110909812,1.84051877502309,2.01771857980029,1.84227275144499,1.84230166314425,1.84208964401633,1.84274497586627,1.89131663062654,1.84269678970083,1.84214746741485,1.84228238867808,1.84252331950526,1.8421860163472,1.8892928116782,1.84282207373097,1.84145358663256,2.01002806779658,1.88860856812899,1.88788577564744,1.8408175292488,1.83925629748865,1.83866842627032,2.04128161469887,1.83739631150279,1.84119338133921,1.83762760509688,1.83942976768422,1.77148727441837,1.76823952686793,1.76331490076029,1.76131035627812,1.76110797438328,1.75536418346322,1.75419807825965,1.87127118580484,1.74948547127993,1.79840406643135,1.74706652577501,1.74602570460157,1.74561130357882,1.74298997617906,1.86948829768368,1.74367421972826,1.7439440622547,1.867647586164,1.7390676223125,1.87395997383621,1.74101434339615,1.73927000420734,1.85101372185522,1.74116853912555,1.739453111636,1.73936637653821,1.74088905936601,1.86385051632758,1.86355176210187,1.85032947830602,1.74092760829836,1.86335901744012,1.73759312565014,1.73687997040167,1.73903871061324,1.86152794315353,1.74050357004252,1.78858372591533,1.74033973708003,1.73725582249208,1.73621500131865,1.73553075776944,1.73584878646133,1.85886806682142,1.73543438543857,1.85873314555819,1.73528982694226
1.81408384466448,1.91496640062291,1.91737570889475,1.99427119169876,1.81419949146152,1.8136116202432,1.81360198301011,1.81191546721982,1.81164562469338,1.86041002411539,1.86074732727345,1.85989925076176,1.80997838336926,1.80890865049657,1.80913030685758,1.80722213470628,1.8551480948497,1.89841927141192,1.80595965717184,1.91052363616964,1.80440806264477,1.80115067786125,1.97862996239798,1.90516533457307,1.79822095900269,1.84694680949236,1.84687934886075,1.79545507310662,1.84444112888964,1.79462627106111,1.90105023604477,1.97422574687706,1.79328669566196,1.79023169277327,1.84022002079738,1.84056696118853,1.88145774117818,1.79053044699898,1.78760072814042,1.79024133000636,1.78921014606601,1.7903666140365,1.87446110995676,1.87733300541679,1.94635486878843,1.79098339695409,1.92742734300486,1.94661507408178,1.8512546526824,1.92397721355959,1.92183774781419,1.84838275722237,1.94433104984008,1.844701334183,1.94430213814082,1.91470619532955,1.911776476471,1.91218124026066,1.91275947424591,1.94572844863775,1.91031161704172,1.90977193198883,1.94714512190159,1.90543517709952,1.90503041330985,1.8298407207623,1.9447743625621,1.90318006455707,1.829917818627,1.90186940085719,1.90227416464686,1.90333426028647,1.90076111905215,1.90100204987933,1.90143572536826,1.90335353475265,1.90240908591009,1.90665910570161,1.90771920134122,1.90530025583629,1.90512678564072,1.8352568457574,1.91418578474283,1.84147286109874,1.92037288838492,1.84758286687612,1.85163050477281,1.85539866290997,2.03314778997315,2.03499813872592,1.91678783767642,2.01436482268589,1.91762627695502,1.99760567434698,2.00196170370246,2.00320490677073,1.91364609968994,1.91471583256264,1.91645053451836,1.91293294444148,1.91491821445747,1.98846957738017,1.99249794081068,1.91391594221639,1.98876833160588,1.98993443680945,2.00810062117911,1.99007899530576,1.98977060384696,1.98808408805667,1.9879877157258,1.91501458678835,2.0020098898679,2.00233755579287,2.00278086851489,2.01034609648846,1.91771301205281,1.91832015773731,1.99548548306776,2.01675485649156,2.00337837696631,1.9911101792461,2.01415280355797,1.91902367575269,1.99810681046752,2.00785005311884,2.00791751375045,2.00916071681872,2.00333982803396,2.00116181335621,1.91822378540644,2.0072718191336,2.00333982803396,2.01166639742143,2.00372531735745,2.00839937540482,1.99956203266371,1.91734679719549,2.00127746015326,1.990657229291,1.99206426532175,1.91515914528466,1.99025246550133,2.00804279778059,1.91363646245685,1.917182964233,1.91288475827604,1.91210414239597,1.91221015195993,1.91244144555402,2.00549856824552,1.99923436673874,1.99511926821044,1.84834420829002,1.84772742537243,1.84366051300957,1.94275054361375,1.84371833640809,1.94572844863775,1.84403636509998,1.8408175292488,1.925567357019,1.88683531724092,1.88675821937622,1.88727862996294,1.84038385375987,2.02405024193868,1.84109700900833,2.02425262383352,1.83942976768422,2.04159000615767,2.04146472212753,1.8415788706627,1.84101991114363,1.8451639213712,1.84131866536934,1.84207036955016,1.94673072087883,1.94260598511744,1.93137860857068,1.84293772052802,1.93094493308174,1.8392177485563,1.84155959619653,1.84011401123342,2.0213710911404,2.02419480043499,2.01751619790546,1.83741558596896,1.88994814352814,1.934944384813,1.83759869339762,1.83895754326294,1.77207514563669,1.76795040987531,1.76466411339252,1.76207169769202,1.86934373918737,1.75526781113235,1.75467993991402,1.75416916656039,1.75280067946198,1.75056484138572,1.74881086496382,1.74523545148841,1.74598715566922,1.7450908929921,1.87067367735343,1.74560166634573,1.74388623885618,1.74375131759296,1.74247920282543,1.87492369714495,1.79010640874314,1.74090833383219,1.74039756047856,1.78820787382493,1.73827736919934,1.85725864889583,1.73901943614707,1.86360958550039,1.73878814255297,1.86221218670273,1.73714981292812,1.86243384306374,1.86430346628268,1.73781478201115,1.73849902556035,1.86094970916828,1.73817135963538,1.85235329725436,1.82825057730289,1.73975186586171,1.78562509535752,1.73786296817658,1.73743892992074,1.73740038098839,1.73604153112307,1.7350296216489,1.73493324931803
1.82009747811099,1.90863473848452,1.81786164003472,1.81450788292032,1.99424227999949,1.81631968274074,1.81705211245538,1.81359234577702,1.81343815004762,1.81491264670999,1.86143157082265,1.81251297567124,1.91487966552512,1.91818523647409,1.80770399636065,1.80834005374441,1.85714300209878,1.80714503684158,1.91187284880187,1.80592110823949,1.80470681687048,1.90428834636212,1.98425810652099,1.90809505343163,1.79789329307772,1.80026405241721,1.80078446300393,1.84710100522175,1.79708376549838,1.79735360802483,1.7950117603846,1.79412513494056,1.7914267096761,1.98062486964706,1.79218805109001,1.79110868098422,1.79146525860845,1.88416580367572,1.87900988397399,1.83978634530845,1.84113555794068,1.83809019228508,1.79153271924006,1.79238079575175,1.84135721430169,1.88089878165911,2.02196859959181,1.92498912303376,1.94729931763099,1.9244976241463,1.92694548135049,1.92411213482281,1.84771778813935,1.91972719376806,1.94552606674291,1.84320756305446,1.91658545578159,1.84153068449726,1.83908282729308,1.8374637721344,1.91144881054603,1.90841308212351,2.01768966810103,1.90714096735598,1.90463528675327,1.83090081640191,1.90489549204662,1.90431725806138,1.90344026985043,2.0393541680814,2.03331162293563,1.90378721024158,1.90107914774403,1.94814739414267,1.90372938684305,1.90274638906814,1.90234162527847,1.94627777092373,1.90702532055893,1.90794085770223,1.90828779809337,2.02435863339748,1.91371356032155,1.91640234835293,1.84534702879986,1.94541041994587,1.85111009418609,1.85509027145117,1.94529477314882,1.87602234171691,2.01492378220496,2.01719816921357,1.91920678318135,1.91707695466904,1.91800212904543,2.00070886340111,1.91546753674345,1.91485075382586,1.91457127406633,1.91471583256264,1.99328819392385,1.99054158249395,1.9911872771108,2.01103034003767,1.91493748892365,1.99028137720059,1.9898187900124,2.01377695146756,2.01272649306104,2.00678032024614,2.00718508403581,1.91655654408232,1.91760700248885,2.00187496860468,2.00168222394293,2.00744528932917,2.00192315477012,1.99753821371537,1.99741292968523,1.99092707181744,1.91997776182833,1.99466631825534,2.02056156356106,2.00834155200629,2.0077247690887,2.00518053955364,1.91843580453436,1.99833810406162,2.01400824506166,2.00088233359668,1.91785757054912,1.91876347045933,2.00286760361268,1.99517709160897,1.9997258656262,2.00069922616802,1.91700949403743,2.00446738430518,1.99119691434389,1.99044521016308,1.99028137720059,2.00931491254812,1.98970314321535,2.002241183462,1.91412796134431,1.91460982299868,1.98696616901854,1.99082106225348,1.99168841323134,1.98925983049333,1.98838284228238,1.91242217108785,1.99831882959544,1.85035839000528,1.84913446140319,1.93819213236344,1.93718986012235,1.84267751523466,1.84243658440748,1.9471354846685,1.83753123276601,1.88767375651952,1.88628599495494,1.84015256016577,1.90777702473974,1.83851423054092,1.84064405905323,2.02705705866194,1.8388322592328,2.03311887827388,1.94057252893601,1.83936230705261,1.84117410687303,1.88993850629505,1.8914226401905,1.9353973347681,1.84194508552002,1.84148249833183,1.9419506532675,1.84036457929369,1.93459744442185,1.93316149669184,1.84067297075249,1.8391406506916,2.02482122058567,1.84067297075249,2.01746801174002,1.84040312822604,1.83781071252554,2.00834155200629,1.84003691336872,1.84030675589517,1.84031639312826,1.87004725720275,1.76481830912192,1.87051948162403,1.87361303344507,1.75813006935929,1.75634718123813,1.870847147549,1.75369694213911,1.75122017323566,1.87044238375933,1.74965894147551,1.74840610117415,1.74388623885618,1.74279723151731,1.74423317924733,1.742652673021,1.74374168035987,1.86715608727654,1.86791742869044,1.74171786141153,1.78969200772038,1.78818859935875,1.78592384958322,1.73796897774054,1.73660049064214,1.83081408130412,1.83324266404214,1.73875923085371,1.73752566501853,1.78623224104202,1.86066059217566,1.84416164913011,1.84191617382076,1.80178673524501,1.73834482983095,1.786781563328,1.73798825220672,1.85404945027774,1.86085333683741,1.73826773196625,1.73608008005542,1.73823882026699,1.73724618525899,1.85458913533063,1.73650411831127,1.73489470038568,1.85571669160185
1.92042107455035,1.81760143474136,1.86793670315662,1.92073910324224,1.81762070920754,1.81792910066633,1.81594383065034,1.81452715738649,1.81536559666509,1.8156643508908,2.06468081663497,1.81366944364172,1.91730824826314,1.80919776748919,1.91515914528466,1.81043133332437,1.8110192045427,1.8092652281208,1.98422919482173,1.80734741873641,1.85432893003727,1.80350216273456,1.80444661157712,1.98385334273132,1.80309739894489,1.90695785992732,1.80024477795103,1.79756562715275,1.7972957846263,1.79861608555927,1.79576346456541,1.79504067208386,1.79161945433785,1.79547434757279,1.97462087343364,1.97494853935861,1.84030675589517,1.83996945273711,1.84022965803047,1.79071355442764,1.79191820856356,1.89265620602568,1.89328262617636,1.96381753514271,1.79426969343687,1.79489611358755,1.92817904718567,1.92775500892983,1.92460363371026,1.95060488857995,1.95060488857995,1.92182811058111,1.94809920797724,1.92009340862538,1.91859000026376,1.94676926981118,1.94725113146555,1.91739498336092,1.94846542283456,1.94813775690959,1.91350154119363,1.91234507322315,1.83461115114054,2.03103723592702,1.83388835865899,1.90657237060382,1.83201873544004,1.9471354846685,1.90202359658659,1.90261146780492,1.94807993351106,1.90382575917393,1.90241872314317,1.90291022203063,1.90277530076741,1.94792573778166,1.9478197282177,1.94817630584194,1.83215365670327,1.90754573114565,1.90823961192794,1.83705900834473,2.04017333289383,1.84187762488841,1.84606982128141,1.84837311998929,1.94489000935915,1.94728004316481,2.03606787159862,2.0346319238686,2.0056720384411,2.01475994924247,1.92044034901653,2.00697306490789,2.00389878755302,1.91566991863829,1.91519769421701,1.91556390907433,1.91653726961615,1.91724078763153,1.99384715344291,1.98949112408743,1.99104271861449,2.01219644524124,1.99051267079469,2.00150875374736,2.00279050574798,2.00449629600444,2.00405298328242,2.005440744847,1.91541935057802,1.99927291567109,1.99485906291708,1.91740462059401,2.00396624818464,1.99851157425719,2.00305071104134,2.00768622015635,1.99172696216369,1.99096562074979,1.92016086925699,1.92100894576868,2.00264594725167,2.02307688139686,2.01879794990607,2.00438064920739,1.99838629022706,1.99422300553332,1.9872263743119,2.01110743790237,2.01467321414469,2.00106544102534,2.02057120079415,1.99431937786419,2.01857629354507,1.91688421000729,1.9174142578271,1.91745280675945,2.00741637762991,1.99998607091956,1.99187152066,1.91409904964505,1.9136750113892,1.91407977517887,1.91504349848761,1.91484111659277,1.91519769421701,1.99107163031375,1.99039702399764,1.98777569659788,1.98881651777131,1.98843102844782,1.99604444258683,1.84827674765841,1.84399781616763,1.84415201189702,1.84306300455815,1.84442185442347,1.84337139601695,1.84032603036134,1.83987308040624,1.96655450933952,1.83887080816515,1.8859390545638,1.8372324785403,1.84078861754954,1.83886117093207,1.83763724232997,1.94420576580995,1.83949722831583,1.84307264179124,1.96392354470667,1.83811910398434,1.84152104726418,1.88983249673109,1.93686219419738,1.83939121875187,1.88986140843035,1.93351807431607,1.94006175558238,1.93749825158115,2.02739436182,1.84128975367008,1.88833872560255,2.01135800596264,1.88685459170709,1.84043203992531,1.8385335050071,1.93021250336711,1.83887080816515,1.83880334753354,2.007426014863,1.83869733796958,1.76806605667235,1.87125191133867,1.87123263687249,1.76040445636791,1.75988404578119,1.86859203500656,1.80151689271856,1.75166348595768,1.75165384872459,1.87135792090263,1.74717253533897,1.79384565518103,1.74650756625594,1.87018217846597,1.86835110417937,1.79392275304573,1.8606316804764,1.74144801888508,1.86454439710987,1.74316344637463,1.74001207115506,1.8526327770139,1.78729233668163,1.87193615488787,1.74032046261386,1.73824845750008,1.86247239199609,1.73918326910955,1.73767986074792,1.86783069359266,1.73749675331926,1.73964585629774,1.73902907338015,1.85245930681832,1.78636716230524,1.73636919704804,1.85058968359938,1.7357909630628,1.73759312565014,1.73848938832726,1.79034733957032,1.78844880465211,1.735260915243,1.73676432360463,1.73377678134755,1.73364186008432,1.85738393292596
1.81998183131394,1.82027094830656,1.81818930595969,1.81756288580901,1.81914339203534,1.81613657531208,1.91837798113583,1.81738941561344,1.81822785489204,1.81575108598859,1.81697501459068,1.81454643185267,1.9145905485325,1.91699021957125,1.81244551503963,1.98893216456836,1.99191006959235,1.98838284228238,1.81049879395598,1.80793528995474,1.97500636275713,1.89772539062963,1.89270439219112,1.80420568074994,1.90896240440949,1.80356962336617,1.89609669823787,1.80078446300393,1.7992810546423,1.98260050242997,1.99085961118583,1.79734397079174,1.9853182021606,1.79520450504635,1.79494429975299,1.90707350672437,1.79305540206787,1.79534906354266,1.79119541608201,1.79169655220255,1.78882465674252,1.9672580273549,1.79207240429296,1.79399021367734,1.79536833800883,1.79682356020502,1.79751744098731,1.94992064503075,1.94891837278966,2.02132290497496,1.92523005386094,1.92272437325823,1.94662471131487,1.94931349934624,2.04197549548116,1.9179443056469,2.02116870924556,1.91431106877297,2.02155419856906,1.91137171268133,1.91203668176435,1.91073565529756,1.90966592242486,2.03797604374991,1.90774811304048,1.83397509375678,1.94695237723984,1.90336317198573,1.90421124849742,1.90573393132522,1.90459673782092,1.90437508145991,1.90610978341563,1.94870635366174,1.90246690930861,1.90220670401525,2.02938926906908,1.90466419845253,1.83433167138101,1.9074300843486,1.83778180082628,1.91074529253065,1.84052841225618,1.94887982385731,1.8450868235065,1.84823819872606,1.94577663480318,1.94529477314882,2.03395731755248,2.05009004574072,1.91971755653498,1.91808886414321,1.99160167813356,1.99070541545643,1.9914956685696,1.91686493554112,1.91570846757064,1.91768410035354,1.91590121223238,1.99181369726148,1.99105235584758,1.99645884360959,1.98854667524487,1.98843102844782,2.0055178427117,2.00607680223077,1.91732752272931,2.00771513185562,2.01106888897002,2.00701161384024,2.01077013474431,1.91811777584248,2.00481432469632,1.91757809078958,2.00653938941896,2.00805243501367,2.00830300307394,2.01077977197739,2.00154730267971,1.99462776932299,2.01457684181381,2.00343620036483,2.01190732824862,2.00992205823262,2.00515162785438,1.91832015773731,1.99458922039064,2.00998951886423,2.00954620614221,2.00223154622891,1.99832846682853,2.0026941334171,2.0077247690887,2.01965566365085,1.99658412763972,1.91820451094026,1.99853084872337,1.91810813860939,2.00411080668094,2.01822935315392,1.9145134506678,2.00083414743124,1.99180406002839,1.99142820793799,1.98881651777131,1.91654690684924,1.99447357359359,1.99163058983282,1.9935483992172,1.99156312920121,1.99090779735127,1.99587097239126,1.98842139121473,1.85018491980971,1.941343507583,1.84434475655877,1.84178125255753,1.84319792582138,1.84106809730907,2.04227424970687,1.84075006861719,1.84033566759443,1.83924666025556,1.88726899272985,1.83755050723219,1.83869733796958,1.83972852190993,1.94798356118019,1.84002727613564,1.93516604117401,1.93667908676872,1.8409717249782,1.84006582506799,1.84185835042223,1.84238839824204,1.84252331950526,1.84159814512887,1.84423874699481,1.84253295673835,1.84078861754954,1.92965354384804,1.83844676990931,2.04021188182618,2.02114943477939,1.83924666025556,1.83963214957905,1.84048986332383,1.83847568160857,2.00449629600444,1.83611455950217,1.83792635932259,1.83826366248065,1.8374637721344,1.86310844937985,1.8575092169561,1.75940218412682,1.80787746655622,1.85702735530173,1.75249228800319,1.8735166611142,1.86592252144136,1.74850247350502,1.87067367735343,1.79607185602421,1.79528160291105,1.82814456773893,1.87051948162403,1.74153475398287,1.79366254775237,1.74303816234449,1.86705007771258,1.74129382315568,1.86072805280728,1.85732610952744,1.73841229046256,1.74016626688446,1.73895197551545,1.87139646983498,1.74049393280943,1.83122848232688,1.86401434929006,1.86272296005636,1.86011126988968,1.7378533309435,1.86084369960432,1.73557894393488,1.85370250988659,1.7337382324152,1.7373136458906,1.85111009418609,1.73771840968027,1.86118100276238,1.78883429397561,1.7897498311189,1.78870900994547,1.73464413232541,1.85616000432387,1.73605116835616,1.73486578868642,1.85512882038352
1.82119612268294,1.82189000346523,1.92068127984371,1.81900847077211,1.8209262801565,1.86756085106621,1.81722558265095,1.8182567665913,1.92159681698701,2.08090027992099,1.81586673278564,1.81531741049966,1.81305266072413,1.81464280418354,1.81571253705624,1.81351524791232,1.8124647895058,1.99017536763663,1.91455199960015,1.81179018318969,1.97338730759846,1.80863880797012,1.8060656667358,1.98425810652099,1.9870721785825,1.98792025509419,1.80356962336617,1.90796976940149,1.79957017163492,1.97995026333095,1.99091743458436,1.9872263743119,1.79755598991966,1.79712231443073,1.7942504189707,1.79472264339198,1.98248485563292,1.79507922101621,1.79438534023392,1.7949346625199,1.9803646643537,1.79220732555618,1.79317104886492,1.7934890775568,2.07445297098555,1.79681392297194,1.8547626055262,1.85287370784108,1.92821759611802,1.92758153873426,1.926559992027,1.92705149091445,1.92380374336401,1.92020905542243,1.94894728448892,1.92177992441567,1.9499591939631,1.91685529830803,1.91647944621762,2.02680649060167,1.91254745511798,1.83955505171436,1.91137171268133,1.9081143278978,1.90774811304048,2.03083485403218,1.94767516972139,1.90408596446729,1.90738189818316,1.90649527273912,1.90518460903924,1.94857143239852,1.90576284302449,1.9042305229636,1.90327643688795,1.90265001673727,1.95040250668511,1.94931349934624,1.90843235658968,1.95042178115129,1.91164155520777,1.91105368398944,1.84060551012088,1.95016157585793,1.94855215793234,1.92741770577177,1.92906567262971,1.9315135298339,1.94730895486407,2.03476684513182,1.92290748068689,1.92037288838492,1.92117277873117,1.99199680469014,1.99361585984882,2.01292887495587,1.91736607166166,1.91808886414321,1.91785757054912,1.99392425130761,1.99536983627071,1.99237265678055,1.99341347795398,2.00469867789927,2.00923781468342,2.00842828710408,1.99987042412251,1.91863818642919,1.91884056832403,2.02065793589193,2.00944019657825,1.99083069948657,1.99152458026886,1.99162095259973,2.01996405510964,2.01492378220496,2.01460575351308,2.01048101775169,2.00092088252903,1.99625646171475,2.00098834316064,2.00526727465143,2.00705016277259,1.92050780964814,2.01431663652045,1.99863685828733,2.00474686406471,2.01172422081996,2.00324345570308,2.01106888897002,2.02007006467361,2.00569131290727,2.01378658870065,2.00530582358378,2.00587442033593,1.99277742057022,2.00252066322153,1.91829124603805,1.91808886414321,2.00073777510037,1.91793466841382,1.91716368976683,2.00361930779349,1.91450381343472,1.91517841975083,1.9142917943068,1.91416651027666,1.99404953533775,1.99033920059911,1.99424227999949,1.98891289010219,1.99712381269261,1.91344371779511,1.84924047096715,1.84692753502618,1.84438330549112,1.84304373009198,1.84181980148988,1.84187762488841,2.02140964007275,2.02148673793745,1.83876479860119,1.8381480156836,1.83749268383366,1.84056696118853,2.02164093366684,1.83943940491731,1.83875516136811,1.83839858374387,1.84053804948927,1.88717262039898,1.88780867778274,1.84091390157967,1.9340288476697,1.93121477560819,1.8895144680392,1.84032603036134,1.83826366248065,1.84094281327893,1.83952614001509,1.84003691336872,1.83826366248065,1.83762760509688,1.84032603036134,1.83894790602985,1.8384564071424,1.94377209032101,1.83798418272112,1.8408946271135,1.84034530482752,1.84027784419591,1.83661569562271,1.84023929526356,1.86229892180051,1.76371966454996,1.76066466166127,1.75711815988512,1.75516180156839,1.75411134316186,1.8737383174752,1.87197470382022,1.75037209672397,1.74846392457267,1.7479146022867,1.7938649296472,1.85266168871316,1.81592455618416,1.87089533371443,1.74180459650931,1.9363128719114,1.74229609539677,1.74193951777253,1.74070595193735,1.86417818225255,1.7386146723574,1.73847975109417,1.74056139344104,1.86816799675071,1.86562376721565,1.73809426177068,1.85128356438167,1.73413335897178,1.86514190556128,1.86683805858466,1.73567531626575,1.73557894393488,1.85431929280418,1.73622463855173,1.73380569304681,1.73600298219072,1.86446729924517,1.86277114622179,1.78855481421607,1.78894030353957,1.78956672369024,1.78626115274128,1.8563623862187,1.85761522652006,1.73471159295702,1.73497179825038
1.87149284216585,1.87052911885712,1.82170689603657,1.81945178349413,1.81777490493693,1.86811981058528,1.91902367575269,1.8199336451485,1.82030949723891,1.81861334421553,1.92054635858049,1.81552942962758,1.81449824568723,1.90355591664748,1.90473165908414,1.86100753256681,1.88596796626306,1.91425324537445,1.81122158643753,1.91641198558601,1.99035847506529,1.80754980063125,1.85448312576667,1.85500353635339,1.91335698269732,1.80478391473518,1.98483634050624,1.90933825649989,1.9087214735823,1.91030197980863,1.80085192363554,1.80013876838707,1.8002736896503,1.79544543587353,1.79418295833909,1.79540688694118,1.79660190384401,1.79717050059617,1.79521414227943,1.97255850555294,1.79433715406849,1.79597548369334,1.79539724970809,1.79655371767858,1.79677537403959,1.7956960039338,1.93097384478101,1.85642020961723,1.9280826748548,1.93004867040462,1.95153006295634,1.92749480363647,1.92590466017706,1.951713170385,1.84739012221438,1.91855145133141,1.94854252069926,1.91863818642919,1.91639271111984,1.95047960454981,1.84059587288779,1.91471583256264,1.95405501802522,1.95014230139176,1.9081143278978,1.83543995318606,1.907805936439,1.90647599827295,1.90771920134122,1.90772883857431,1.90549300049804,1.9064374493406,1.90511714840763,1.90341135815117,1.95100001513653,1.95097110343727,1.8338787214259,1.90794085770223,1.90832634702572,1.95113493639975,1.91063928296669,1.95170353315191,1.84347740558091,1.91888875448946,1.94934241104551,1.92143298402453,1.93048234589355,2.03801459268226,1.94906293128597,1.87881713931224,2.0102400869245,2.01677413095773,2.02139036560657,2.01139655489499,1.91934170444457,1.91860927472993,1.91848399069979,1.9174142578271,1.9937025949466,1.99508071927809,1.99586133515817,1.91624815262353,1.99177514832913,1.98828646995151,2.01620553420558,2.01682231712317,2.01480813540791,1.91879238215859,2.01043283158625,2.01381550039991,2.01065448794726,1.91897548958725,1.9939338885407,2.00836082647247,2.0113869176619,1.9944639363605,1.92041143731727,2.00562385227566,2.01094360493988,2.0023953791914,1.9936254970819,2.01125199639868,1.92163536591936,2.00653938941896,1.92016086925699,2.00566240120801,2.00408189498168,2.0114640155266,1.9205367213474,2.01395042166313,2.00296397594355,1.91899476405342,2.01301561005366,1.91972719376806,2.0180944318907,2.01342037384333,2.01132909426337,2.00424572794417,1.91844544176745,1.99997643368647,2.0031567206053,1.9150531357207,2.00113290165695,1.91569883033755,1.91533261548023,1.91567955587137,1.9155831835405,1.9912643749755,1.99076323885496,1.99189079512618,1.99805862430209,1.98739020727438,2.00171113564219,1.85037766447146,1.9415748011771,1.84367978747574,1.84338103325004,2.05081283822227,1.947520973992,2.02568857156353,1.83835039757844,1.8368566264499,1.83707828281091,1.83901536666146,1.83817692738286,1.83694336154768,1.84027784419591,1.8857848588344,1.83742522320205,1.83905391559381,1.83758905616454,1.88794359904597,1.94400338391511,1.93428905296306,1.99727800842201,1.84092353881276,2.02658483424066,1.88818452987315,1.84113555794068,1.8399790899702,1.83834076034535,1.84062478458705,2.03481503129726,1.83571943294559,2.0148948705057,2.0137480397683,1.8383793092777,1.83812874121743,1.84073079415101,1.83824438801448,1.8382251135483,1.8380709178189,1.83889008263133,1.76362329221908,1.76336308692573,1.75905524373568,1.80510194342706,1.75299342412373,1.87044238375933,1.75256938586789,1.87040383482698,1.87098206881222,1.74689305557944,1.79530087737722,1.74458011963847,1.79247716808263,1.79206276705987,1.79107976928496,1.8655081204186,1.74165040077991,1.74054211897487,1.74126491145642,1.74116853912555,1.74092760829836,1.7410528923285,1.74135164655421,1.73878814255297,1.86575868847887,1.7383062808986,1.86102680703298,1.73941456270365,1.73720763632664,1.73768949798101,1.85527337887983,1.73439356426514,1.73455739722762,1.73687033316859,1.86155685485279,1.85957158483679,1.86508408216276,1.73801716390598,1.8595619476037,1.73698597996563,1.8481321891621,1.78890175460722,1.78832352062198,1.73332383139244,1.85470478212768,1.90332462305338,1.85760558928697
1.82605328815897,1.90101168711242,1.81989509621615,1.82250678638282,1.82306574590189,1.82093591738959,1.81883500057654,1.86895824986388,1.82065643763005,1.8184109623207,1.81544269452979,1.81450788292032,1.81609802637973,1.81604020298121,1.89252128476246,1.86202907927407,1.81422840316079,1.91180538817026,1.81218530974627,1.99803934983591,1.99138002177255,1.81080718541478,1.98889361563601,1.91407013794579,1.85501317358647,1.98759258916922,1.80714503684158,1.80192165650823,1.80098684489876,1.80058208110909,1.89435235904906,1.84715882862028,1.84822856149298,1.79745961758879,1.90128152963887,1.79751744098731,1.79585983689629,1.79616822835508,1.84517355860428,1.79757526438584,1.79852935046148,1.8435641406787,1.79697775593442,1.79601403262569,1.79767163671671,1.79837515473209,1.86392761419228,1.93155207876625,2.02729798948912,1.93034742463033,1.95271544262608,1.95343823510763,1.92391939016106,1.92402539972502,2.0245706525254,1.84735157328203,1.84656132016886,1.9514818767909,1.84399781616763,1.91567955587137,1.91360755075759,1.9145905485325,1.911776476471,1.9113909871475,1.90814323959706,1.90836489595807,1.90969483412413,1.9506434375123,1.90671692910013,1.95262870752829,1.83370525123033,1.94998810566236,1.90586885258845,1.95042178115129,1.90693858546114,1.90774811304048,1.83450514157658,2.0414936338268,1.90912623737197,1.91007068621453,1.91233543599006,1.91415687304357,1.91631561325514,1.92051744688123,1.92243525626561,1.92727314727546,1.95018085032411,2.04490521433972,2.03154800928065,2.03494995256048,1.92065236814445,2.00459266833531,1.99451212252594,1.99407844703701,1.99482051398473,1.99366404601425,2.00030409961144,1.91818523647409,1.99435792679654,1.99512890544353,1.99574568836112,1.99569750219568,1.91736607166166,1.99983187519016,2.00775368078797,1.91831052050422,1.91895621512107,1.99105235584758,2.00929563808194,2.01544419279168,2.01196515164714,1.9931725471268,1.99325928222458,2.01389259826461,2.00827409137468,1.92093184790398,2.0063562819903,1.99487833738326,1.99368332048043,2.0105484783833,1.99392425130761,2.01765111916868,1.9985019370241,1.92035361391874,2.00802352331441,2.01258193456473,2.02156383580215,2.00525763741834,2.00436137474122,2.00159548884515,2.00565276397492,2.00338801419939,2.01064485071417,2.0112327219325,2.00550820547861,1.91827197157187,2.00855357113422,1.91729861103005,2.0132179919485,2.00014990388204,2.00563348950875,2.01244701330151,1.91495676338982,1.99589024685743,1.91507241018687,1.91607468242796,1.91530370378097,1.99260395037464,1.99206426532175,1.98766004980083,1.99447357359359,1.99038738676455,1.99384715344291,1.84942357839581,1.84709136798867,1.89376448783073,1.89255983369481,1.8400561878349,1.8397477963761,1.84042240269222,1.83993090380476,1.83766615402923,1.83577725634411,1.84061514735396,1.83939121875187,1.83661569562271,1.83579653081029,1.83810946675125,1.83780107529246,2.03512342275605,2.02448391742761,2.02516816097682,2.021216895411,1.93597556875334,1.89051674028029,1.8884543723996,1.84020074633121,1.84009473676725,1.89771575339654,1.88735572782764,1.84063442182014,1.84048022609074,2.03472829619947,1.83848531884166,1.8385335050071,2.01420098972341,1.83736739980353,1.84062478458705,2.00677068301306,1.83843713267622,1.8879917852114,1.83946831661657,1.83885153369898,1.87421054189648,1.81051806842215,1.75758074707331,1.75945037029226,1.75414989209421,1.84882606994439,1.75189477955177,1.75071903711512,1.74834827777563,1.7473749172338,1.74564021527808,1.7456209408119,1.74533182381928,1.74442592390907,1.79115686714966,1.7419684294718,1.742652673021,1.74147693058434,1.7423442815622,1.74188169437401,1.74039756047856,1.73902907338015,1.73735219482295,1.74065776577192,1.73912544571103,1.73757385118396,1.73782441924423,1.84954886242594,1.73607044282234,1.86198089310863,1.85943666357357,2.05936106397075,1.73713053846194,1.73439356426514,1.7349525237842,1.82837586133302,1.73438392703205,1.73212881448961,1.91027306810937,1.73258176444471,1.73474050465628,1.78948962582555,1.73364186008432,1.86025582838599,1.73174332516611,1.73224446128666,1.85825128390382
1.82629421898616,1.92788029295997,1.94464907853196,1.94836905050368,1.86900643602931,1.82109975035207,1.92489275070289,1.922367795634,1.81914339203534,1.90777702473974,1.81773635600458,1.81933613669708,1.81959634199044,1.81852660911775,1.91983320333202,1.81530777326657,1.81462352971737,1.8618556090785,1.81150106619706,1.81396819786743,1.99495543524796,1.81259007353594,1.91737570889475,1.80533323702116,1.80869663136864,1.80607530396888,1.85456022363137,1.85412654814244,1.97740603379588,1.91385811881786,1.87388287597151,1.87539592156623,1.85050294850159,1.85091734952435,1.79815349837108,1.97871669749576,1.8984385458781,1.79814386113799,1.79855826216075,1.79896302595042,1.79835588026591,1.79793184201007,1.84393035553601,1.97067924510091,1.84542412666456,1.79986892586063,1.95589572954491,1.85931137954343,2.02587167899219,1.95374662656643,1.95380444996495,1.92799593975701,1.9264828941623,1.9239675763265,1.92557699425209,1.92385192952945,1.91972719376806,1.84596381171745,1.91738534612784,1.91676856321025,1.91677820044333,1.84122229303847,2.04116596790183,1.91319314973484,1.91453272513398,1.90998395111675,1.83626875523157,1.90974302028956,1.95398755739361,1.83475570963685,1.95173244485117,1.90709278119054,1.90637962594208,1.90438471869299,1.90524243243777,1.90772883857431,1.90782521090518,1.9071216928898,1.90911660013889,1.91143917331294,1.91137171268133,1.91690348447347,1.91742389506019,1.84656132016886,1.95096146620418,2.02438754509674,1.92549989638739,1.94958334187269,1.95074944707626,2.03823624904327,2.01452865564838,2.02075430822281,2.01226390587285,1.99368332048043,2.00249175152227,2.00262667278549,1.99517709160897,1.91947662570779,1.91892730342181,1.92106676916721,1.91874419599315,2.00083414743124,2.00844756157026,2.00755129889313,2.00211589943186,2.0136709419036,1.91889839172255,1.99674796060221,2.00035228577688,2.00975822527014,1.92055599581358,1.99398207470614,1.99693106803087,2.00824517967542,1.92082583834002,2.00466012896692,2.00126782292018,1.92075837770841,1.92134624892674,1.919168234249,2.01077977197739,1.92113422979882,1.9212209648966,2.00509380445586,2.00814880734455,1.91950553740705,1.92073910324224,2.00863066899891,2.00162440054441,1.99426155446567,2.00401443435007,2.02174694323081,1.99814535939987,1.91851290239906,1.91991030119672,2.00471795236545,2.00809098394602,2.00357112162805,2.00514199062129,2.00227009516126,2.00993169546571,1.99827064343001,2.00069922616802,1.99796225197121,1.91648908345071,1.91580483990151,1.91438816663767,1.91480256766043,1.99244011741216,1.98980915277931,1.9977405956102,1.91239325938859,1.98332329491152,1.84708173075558,1.84606982128141,1.965504050933,1.84153068449726,1.84070188245175,1.84122229303847,1.8406633335194,1.83713610620943,1.95029649712115,1.83604709887056,1.83490990536625,1.83794563378877,1.83615310843452,1.96512819884259,1.83687590091607,1.88541864397708,1.83656750945728,1.84085607818115,1.8388322592328,1.83856241670636,1.83727102747265,1.9345588954895,1.83834076034535,2.02585240452602,1.84083680371497,1.92896930029884,1.8379938199542,1.837309576405,1.83900572942838,1.8412704792039,2.04178275081942,2.03504632489136,1.83862987733797,1.83895754326294,1.83628802969774,1.83736739980353,1.83870697520267,1.83795527102185,2.01449010671603,1.83850459330783,1.76449064319695,1.76021171170616,1.75802405979533,1.75686759182485,1.80297211491476,1.75217425931131,1.74913853088879,1.75135509449888,1.74652684072212,1.74722072150441,1.87138683260189,1.86876550520213,1.74519690255606,1.87055803055638,1.74383805269074,1.79114722991657,1.7449366972627,1.74210335073502,1.86476605347088,1.74102398062924,1.73935673930512,1.73779550754497,1.73912544571103,1.73782441924423,1.73768949798101,1.86439020138047,1.73781478201115,1.73812317346994,1.73689924486785,1.73517418014521,1.73454775999453,1.85775014778328,1.73569459073193,1.73516454291212,1.78722487605002,1.73660049064214,1.73435501533279,1.73360331115197,1.73402734940782,1.73497179825038,1.78708031755371,1.73471159295702,1.86048712198009,1.73315036119687,1.73070250399268,1.85723937442965,1.73151203157202
1.82741213802429,1.82802892094188,1.82498355528627,1.87261076120398,1.92772609723057,1.92499876026685,1.92840070354668,1.82250678638282,1.822526060849,1.82034804617126,1.87929900096661,1.87925081480117,1.91453272513398,1.81978908665219,1.81624258487604,1.81737977838035,1.81797728683177,1.98394007782911,1.86129664955943,1.86165322718366,1.8133032287844,1.81054698012142,1.91496640062291,1.91030197980863,1.81034459822658,1.99702744036174,1.8085809845716,1.97890944215751,1.8042345924492,1.85211236642718,1.85226656215658,1.9165758185485,1.80136269698917,1.89360065486824,1.93117622667584,1.8465324084696,1.79773909734832,1.84573251812335,1.79753671545349,1.79927141740921,1.79942561313861,1.88129390821569,1.79874136958941,1.84716846585337,1.96652559764026,1.80043752261278,2.04157073169149,1.95499946686778,1.86014018158895,1.9315906276986,1.93107021711188,1.92762972489969,1.9270900398468,1.92568300381605,1.95441159564945,2.03224189006293,1.92260872646118,1.84742867114672,1.91797321734616,1.91723115039844,1.91596867286399,2.03920960958509,1.9142146964421,1.91248963171946,1.91286548380987,1.91062000850051,1.90970447135721,1.95123130873063,1.91027306810937,1.91031161704172,1.90838417042425,1.90717951628833,1.83194163757535,1.83225966626723,1.90781557367209,1.90793122046914,1.90816251406324,1.95259015859594,1.83816729014978,1.91571810480372,1.8399790899702,1.95158788635486,1.91865746089537,1.95555842638685,1.92151008188922,1.95114457363284,1.929759553412,1.93130151070598,1.95100965236962,1.88015671471138,2.01750656067237,2.02119762094483,2.00822590520925,2.00410116944786,2.00429391410961,1.99413627043553,1.99656485317355,1.99489761184943,1.99579387452656,1.91910077361739,1.92013195755773,1.91899476405342,1.99394352577379,1.91939952784309,2.00162440054441,2.00226045792817,1.99783696794108,1.91874419599315,2.00188460583777,2.00895833492388,1.99792370303886,2.00974858803705,1.99447357359359,2.00644301708809,1.92292675515307,2.00337837696631,2.01484668434026,1.99981260072398,2.00086305913051,2.0082644541416,2.00139310695031,2.00183641967233,2.00570095014036,2.00253030045462,1.92201121800977,2.00758021059239,2.00440956090665,2.0037638662898,2.01152183892512,1.99462776932299,2.00911253065328,2.00801388608132,2.00797533714897,1.91995848736216,2.00419754177873,2.02538981733783,1.91793466841382,1.92098003406942,1.91866709812845,1.99200644192323,2.01101106557149,1.91609395689413,2.00112326442387,2.01118453576706,1.91706731743595,1.91699021957125,1.91599758456326,1.91481220489351,1.9142917943068,1.98828646995151,1.98805517635741,1.91490857722439,1.99369295771351,1.84822856149298,2.03338872080033,1.95339004894219,1.84248477057291,2.0309697752954,1.84038385375987,1.83795527102185,1.83703009664547,1.93953170776258,1.96498364034628,1.96418375000003,1.94662471131487,1.83561342338163,1.83749268383366,1.8360181871713,1.83459187667437,1.9200066735276,1.9325061648419,1.93094493308174,1.8872304437975,1.88763520758717,1.83862024010488,1.93717058565618,1.83920811132321,1.84128975367008,1.83892863156368,1.83889008263133,1.93613940171583,1.83703009664547,1.83943940491731,1.83725175300648,1.83958396341362,1.83729030193883,1.83999836443637,1.83784926145789,1.88751956079012,1.88903260638484,1.83836003481152,2.0168705032886,1.84141503770022,1.76304505823384,1.76176330623322,1.8717626846923,1.75706997371968,1.75442937185375,1.871839782557,1.75003479356591,1.84408455126541,1.87162776342907,1.74746165233159,1.87118445070706,1.74405970905175,1.84215710464794,1.7420455273365,1.74168894971226,1.79085811292395,1.74159257738139,1.74165040077991,1.739453111636,1.79127251394671,1.73851830002652,1.73854721172579,1.73796897774054,1.73771840968027,1.74058066790722,1.73782441924423,1.7367065002061,1.7373907437553,1.73661976510832,1.73504889611508,1.86224109840199,1.85976432949854,1.8480550912974,1.84501936287489,1.73596443325838,1.7335069388211,1.73581987476206,1.73452848552836,1.73371895794902,1.73461522062615,1.83053460154459,1.73221554958739,1.73197461876021,1.73425864300191,1.85463732149607,1.85271951211168,1.85549503524084
1.82750851035516,1.82805783264114,1.82605328815897,1.93941606096553,1.82493536912084,1.82407765537606,1.82238150235269,1.92684910901962,1.82337413736069,1.88027236150843,1.88027236150843,1.88034945937313,1.86837037864555,1.81583782108637,2.00381205245524,1.81740869007961,1.86661640222365,1.90739153541625,1.90180194022558,1.81509575413865,1.86116172829621,1.8139103744689,1.91828160880496,1.91400267731417,1.80928450258697,1.80830150481206,1.80794492718783,1.91523624314936,1.80569945187848,1.80612349013432,1.80292392874932,1.80327086914046,1.9855494957547,1.8496548719899,1.80055316940983,1.90752645667947,1.79994602372533,1.79953162270257,1.79910758444673,1.799358152507,1.79934851527391,1.97112255782293,1.84694680949236,1.84758286687612,1.79963763226653,1.85048367403542,1.93497329651226,1.95860379204245,1.93266036057129,1.9330362126617,1.85726828612891,1.92855489927608,1.92729242174164,1.92592393464323,1.92544207298887,1.92125951382895,1.92361099870227,1.92265691262662,1.92024760435478,1.91871528429389,1.91664327918011,1.91762627695502,1.84180052702371,1.91388703051713,1.91243180832094,1.91180538817026,1.91190176050113,1.90746863328095,2.03799531821609,1.91073565529756,1.91066819466595,1.95478744773986,1.90776738750666,1.90854800338673,1.90904913950727,1.90911660013889,1.90854800338673,1.90930934480063,1.90982011815426,1.9532358532128,1.84092353881276,1.84365087577648,1.91780938438368,1.95352497020542,1.92369773380005,1.92830433121581,1.93054016929208,1.9369200175959,2.0605464436405,1.92451689861248,2.01496233113731,2.02382858557767,1.99702744036174,2.00713689787037,1.99767313497859,2.00199061540173,1.99453139699211,1.99699852866248,1.92066200537754,1.92006449692612,1.91841653006818,1.91908149915121,1.993856790676,1.99488797461635,2.0110014283384,2.0069634276748,1.99409772150318,2.00152802821353,1.99434828956345,1.99827064343001,1.99993788475412,1.92126915106204,2.01735236494297,2.01226390587285,1.92369773380005,2.01157002509056,1.92245453073179,1.92212686480681,2.0043710119743,2.00622136072708,2.01090505600753,2.0031567206053,1.99843447639249,2.01396969612931,2.0082644541416,1.92224251160386,2.01751619790546,1.92127878829513,1.92272437325823,2.01827753931936,2.00754166166004,2.00187496860468,2.01784386383043,2.02280703887041,1.91968864483571,1.92087402450546,2.00012099218278,2.01704397348418,2.00249175152227,1.91787684501529,1.99642993191032,2.00359039609423,1.98857558694413,2.01701506178491,2.00367713119201,1.91564100693902,1.91355936459216,1.91484111659277,1.91380029541934,1.91532297824714,1.91457127406633,1.9981260849337,1.91518805698392,1.85067641869716,1.84730338711659,1.8447784320477,1.84331357261842,1.94827267817281,1.94749206229273,1.83983453147389,1.83840822097696,1.83806128058582,1.83571943294559,1.88430072493895,1.88520662484916,1.94006175558238,1.9321206755184,1.93224595954854,1.94467799023123,1.90705423225819,1.8368566264499,1.83667351902124,1.8381480156836,1.88760629588791,1.83866842627032,1.93922331630378,1.83760833063071,1.84120301857229,1.94464907853196,1.83934303258643,1.83709755727708,1.83729993917191,1.83833112311226,1.83989235487241,1.83523757129122,1.83923702302247,1.83882262199972,1.84031639312826,1.8399019921055,1.84099099944437,1.83932375812026,2.01868230310903,2.00486251086176,1.81710029862082,1.90456782612165,1.87202288998566,1.87205180168492,1.87448038442293,1.87561757792724,1.75064193925042,1.87189760595552,1.74701833960957,1.87064476565416,1.87026891356376,1.81701356352303,1.84982834218548,1.84800690513197,1.74312489744228,1.86624055013324,1.74113962742628,1.86705007771258,1.86408180992167,1.73967476799701,1.73516454291212,1.73682214700315,1.73823882026699,1.73798825220672,1.73825809473317,1.73622463855173,1.86255912709387,1.74023372751607,1.78791875683231,1.73635955981496,1.73562713010032,1.86031365178452,1.73414299620486,1.784796293312,1.78189548615271,1.73380569304681,1.73174332516611,1.73423936853574,1.86422636841798,1.73005680937583,1.73278414633955,1.73363222285124,1.73402734940782,1.85847294026483,1.73209990279035,1.85797180414429,1.85517700654896
1.82841441026537,1.82868425279182,1.82492573188775,2.00833191477321,1.93139788303685,1.82651587534716,1.8243571351356,1.82681462957287,1.82419330217311,1.82374998945109,1.82175508220201,1.82366325435331,1.87067367735343,1.81767853260606,2.00486251086176,2.00164367501058,1.9177901099175,1.90721806522068,1.9016381072631,1.8847922238264,1.81535595943201,1.8155101551614,1.81252261290432,1.81181909488895,1.8113950566331,1.80945797278255,1.99754785094846,1.80768472189447,1.80721249747319,1.8049188359984,1.80249025326039,1.80337687870442,1.80159399058326,1.80107357999655,1.9124607200202,1.80109285446272,1.79957980886801,1.79994602372533,1.79945452483787,1.8014879810193,1.80116031509433,1.97596044883278,1.8006495417407,1.80196020544058,1.85031984107293,1.8837224909537,2.04902031286802,2.03383203352235,1.95768825489916,1.93405775936896,1.85821273497148,1.93018359166784,1.85663222874515,1.95417066482227,1.92600103250793,2.04597494721242,1.84892244227526,1.84930793159876,1.8482863848915,1.95462361477738,1.91816596200791,1.91717332699991,1.91754917909032,1.95456579137885,1.9108609393277,1.9554427795898,1.91088021379387,1.83603746163747,1.91031161704172,1.8333486736061,1.90906841397345,1.90997431388366,1.90792158323605,1.90790230876988,1.90860582678526,1.91022488194393,1.90818178852941,1.95279254049078,1.9105525478689,1.95525967216114,1.84123193027156,1.95301419685179,1.91917787148208,1.9240446741912,1.85221837599114,1.92870909500548,1.92857417374226,1.9357057262269,1.95131804382841,1.88129390821569,1.92486383900362,2.01686086605552,1.99875250508438,2.00416863007947,1.92161609145319,2.01187841654935,1.99519636607514,1.99776950730947,1.9214522584907,1.9197753799335,1.91921642041443,1.99468559272151,1.92082583834002,1.99607335428609,2.01344928554259,1.92159681698701,1.99456994592446,2.01956892855306,2.00784041588575,2.00924745191651,2.00820663074307,2.01129054533103,1.92124023936278,1.92276292219058,1.92387120399563,1.92374591996549,2.00800424884824,2.0139022354977,1.99860794658807,1.92211722757373,2.00722363296816,1.92130769999439,1.92337970510817,2.01441300885133,2.00817771904381,2.00738746593065,1.9215293563554,1.92100894576868,2.00308925997369,2.01504906623509,1.92075837770841,1.99489761184943,1.99428082893184,2.01007625396202,2.02468629932245,1.92095112237016,2.01377695146756,2.00718508403581,1.91788648224838,1.91538080164567,1.91795394287999,2.00218336006347,1.99095598351671,1.91792503118073,1.91738534612784,1.99420373106714,1.91866709812845,1.91640234835293,1.91538080164567,1.9150531357207,1.91412796134431,1.99186188342692,1.91458091129942,1.84819001256063,1.84595417448436,1.84599272341671,1.94882200045879,1.94720294530011,1.94723185699938,2.02754855754939,1.94502493062237,1.94447560833639,1.88374176541988,1.83354141826785,1.83234640136501,1.83309810554583,1.83359924166637,1.83591217760734,1.83668315625432,1.8371553806756,1.8340329171553,1.83642295096097,1.83729993917191,1.83498700323095,1.83834076034535,1.83821547631521,1.88743282569234,1.83779143805937,1.83710719451017,1.83819620184904,1.94524658698338,1.94468762746431,1.83805164335273,1.83623984353231,1.83775288912702,1.83956468894744,1.83919847409012,1.83843713267622,1.88740391399307,1.84034530482752,2.02486940675111,2.00636591922339,2.00650084048661,1.92700330474902,1.92522041662786,1.80645115605929,1.75445828355301,1.75376440277072,1.75194296571721,1.75090214454378,1.74849283627194,1.74756766189555,1.7467677715493,1.84441221719038,1.74279723151731,1.74312489744228,1.7428068687504,1.74220936029898,1.74248884005851,1.73943383716982,1.74038792324547,1.74085051043366,1.74085051043366,1.86160504101822,1.86381196739523,1.86214472607112,1.73527055247609,1.73492361208494,1.73494288655112,1.73660049064214,1.89814942888548,1.84728411265041,1.7360222566569,1.84784307216948,1.73568495349884,1.7344995738291,1.85162086753972,1.73318891012922,1.86104608149916,1.73255285274545,1.73404662387399,1.83935266981952,1.85881024342289,1.78092212561089,1.7315987666698,1.73207099109108,1.72943038922515,1.85843439133248,1.73067359229342,1.85561068203789
1.83074662067251,1.88070603699736,1.92141370955835,1.82357651925552,1.8274795986559,1.82462697766204,1.82669898277582,2.0841673019376,1.82274771721001,1.82362470542096,1.8251955744142,1.82432822343633,1.82296937357102,2.10455968715045,1.82106120141972,1.82226585555564,1.82051187913374,1.82038659510361,1.92497948580067,1.81651242740249,1.81438259889018,1.86209653990568,1.81268644586681,1.92118241596425,1.81212748634774,1.99128364944168,1.81200220231761,1.80792565272166,1.80643188159312,1.99709490099335,1.98770823596627,2.0004101091754,1.99985114965633,1.80435023924625,1.98511582026577,1.98756367746996,1.89861201607367,1.89901677986334,1.89099860193466,1.79856789939383,1.80153616718474,1.80249025326039,1.80052425771057,1.80368527016322,1.97009137388258,1.97172970350743,1.93748861434806,1.93820176959652,1.93541660923428,1.93416376893292,1.93357589771459,1.93206285211988,1.85669005214367,1.92599139527484,1.85477224275929,1.95833394951601,1.92598175804176,1.92403503695811,1.9587965367042,1.9206138192121,1.84372797364118,1.92093184790398,1.91882129385785,1.91588193776621,1.91409904964505,1.83991162933859,1.91191139773422,1.91194030943348,1.91125606588428,1.91502422402143,1.90998395111675,1.90964664795869,1.95589572954491,1.90798904386766,1.91135243821515,1.9557511710486,1.91046581277112,1.90991649048514,2.02844482022652,1.91410868687814,1.91452308790089,1.95419957652153,1.95434413501784,1.92273401049132,2.04719887581451,1.92863199714078,1.93070400225456,1.86236638243213,1.95177099378352,2.03677138961399,1.92451689861248,2.022209530419,2.00005353155117,1.92437234011617,1.92383265506328,1.99920545503948,1.99909944547552,1.92178956164876,1.92054635858049,1.9215293563554,1.99770204667785,1.99367368324734,1.99421336830023,2.00462158003458,1.99654557870737,2.00158585161206,1.99479160228547,1.92143298402453,1.99588060962434,2.01564657468651,2.01444192055059,2.01264939519634,2.01539600662624,2.00717544680272,2.01689941498787,2.0037638662898,2.0103942826539,2.01114598683471,2.00678995747923,2.0280015075045,2.00237610472522,2.00548893101244,2.00925708914959,2.00116181335621,1.92257981476192,2.00356148439497,1.92363991040153,2.02073503375663,1.99821282003148,1.99990897305486,1.92106676916721,1.99474341612004,1.99150530580268,2.01514543856597,2.00356148439497,1.92119205319734,2.0152707225961,2.00435173750813,2.01478886094173,2.01081832090974,1.91651799514997,1.99380860451056,1.99302798863049,1.91797321734616,1.99108126754684,1.91829124603805,1.91697094510508,1.916190329225,1.91504349848761,1.91726969933079,1.91674928874407,2.00806207224676,2.00909325618711,1.84741903391364,1.84692753502618,1.84192581105385,1.94923640148154,1.95012302692558,1.84049950055692,1.83836003481152,1.83495809153169,1.83415820118544,1.88336591332947,1.94494783275767,1.83467861177215,1.95520184876262,1.83390763312517,1.83339685977154,1.83369561399724,1.83367633953107,1.83633621586318,1.83466897453907,1.94687527937514,1.83648077435949,1.8855535652403,1.88560175140574,1.88701842466958,2.02503323971359,1.83673134241976,2.03359110269516,1.93595629428717,1.83839858374387,1.83781071252554,1.8373866742697,2.00522872571908,1.93558044219676,1.83930448365408,1.88728826719603,1.89040109348324,1.88572703543587,2.02820388939933,1.84052841225618,2.00618281179473,1.92812122378715,1.92645398246304,1.75352347194354,1.80200839160602,1.87714026075504,1.75063230201733,1.74766403422642,1.87649456613819,1.87448038442293,1.74354893569812,1.74634373329346,1.86193270694319,1.74232500709603,1.86851493714186,1.74047465834326,1.86711753834419,1.73983860095949,1.74026263921534,1.74059030514031,1.74156366568213,1.86449621094443,1.73667758850684,1.7357909630628,1.73702452889798,1.73713053846194,1.73561749286723,1.73745820438691,1.78566364428987,1.86260731325931,1.78291703285997,1.84940430392963,1.73477905358863,1.85102335908831,1.85379888221747,1.73287088143733,1.73235047085062,1.78340853174742,1.73057721996254,1.8533170205631,1.85800071584355,1.73334310585861,1.78000658846759,1.73225409851974,1.73003753490965,1.84119338133921,1.73071214122577,1.85765377545241
1.83427384798248,1.83247168539515,1.93516604117401,2.08862934085705,1.82793254861101,2.00822590520925,1.82574489670018,2.08448533062949,1.93049198312664,1.82551360310608,2.00130637185252,1.82676644340744,1.93178337236034,1.82159124923953,1.82266098211222,1.93060762992369,2.00562385227566,1.9236591848677,1.92860308544152,1.8181025708619,1.81808329639573,1.92128842552821,1.81458498078502,1.92119205319734,2.00270377065019,1.86043893581465,1.85892589021994,1.8110192045427,1.91854181409832,1.81006511846705,1.98987661341092,1.80652825392399,1.80701975281144,1.98753476577069,1.98919236986172,1.80312631064415,1.89972029787871,1.8019505682075,1.85058968359938,1.90382575917393,1.8033190553059,1.80397438715584,1.8039262009904,1.80413822011833,1.80754980063125,1.80512121789324,1.94021595131178,1.86417818225255,1.96091672798342,1.93459744442185,1.93420231786527,1.93264108610512,1.85691170850468,1.92925841729146,1.92937406408851,1.9272442355762,1.92550953362048,1.92377483166475,1.92782246956144,1.84772742537243,1.91958263527175,1.84435439379186,1.95874835053876,1.96072398332167,1.91576629096916,1.91437852940458,1.84048986332383,1.83886117093207,1.95741841237271,1.9154289878111,1.91344371779511,1.90997431388366,1.91091876272622,1.95764970596681,2.03457410047008,2.04150327105988,1.91094767442548,1.91264382744886,1.91564100693902,1.91464837193103,1.91597831009708,1.84351595451326,2.03119143165641,1.9230520391832,1.85295080570578,1.92856453650917,1.93054016929208,1.95142405339237,1.9523203160695,2.0609993935956,2.01196515164714,1.92638652183143,2.00120036228856,2.00975822527014,1.99749002754993,1.9977405956102,1.99815499663296,1.99407844703701,1.99488797461635,1.92319659767951,1.92206904140829,1.92058490751284,2.0113098197972,1.99668049997059,2.0071176234042,2.00903543278858,2.01673558202538,2.01073158581196,2.01918343922957,2.00814880734455,2.01098215387223,2.00686705534393,1.92330260724347,1.92370737103314,2.00733927976521,2.00785005311884,1.9238904784618,2.01091469324062,2.0276931160457,1.99880069124981,2.00726218190051,2.00120999952165,1.92443016351469,1.99671904890294,2.01075086027813,2.01407570569327,2.01387332379844,2.01210971014345,2.01434554821972,1.99449284805977,1.99483015121782,2.01803660849217,2.02191077619329,2.00174004734146,2.0045252077037,2.00547929377935,1.92019941818934,1.99411699596936,2.00504561829042,2.01418171525723,2.0090257955555,1.99162095259973,1.99411699596936,1.99917654334022,1.99412663320245,1.91867673536154,1.99131256114094,1.99092707181744,1.91442671557002,1.91440744110384,1.99332674285619,1.91608431966104,1.91428215707371,1.95510547643174,1.94767516972139,2.0381398767124,2.02945672970069,2.04261155286493,1.83940085598496,2.02085068055368,1.8363940392617,1.83724211577339,1.83714574344252,1.83099718873278,1.93692965482899,1.83753123276601,1.83348359486932,1.83468824900524,1.8348713564339,1.83371488846342,1.83495809153169,1.83218256840253,1.9464512411193,2.01992550617729,1.93976300135667,1.93744042818262,1.88716298316589,1.83200909820696,1.94433104984008,2.01856665631198,1.83679880305137,1.93787410367155,1.83907319005999,1.83720356684104,2.00762839675783,2.01795951062747,1.83788781039024,1.83849495607475,1.83792635932259,1.83977670807536,2.01080868367666,1.84079825478262,1.83916956239086,1.85428074387183,1.85693098297086,1.85527337887983,1.75463175374858,1.87326609305392,1.75040100842323,1.87456711952072,1.74693160451178,1.87491405991186,1.85169796540442,1.87175304745921,1.86382160462832,1.83603746163747,1.86999907103731,1.73968440523009,1.73975186586171,1.86175923674762,1.86501662153115,1.8640625354555,1.86407217268859,1.86532501298994,1.73729437142443,1.86546957148625,1.73690888210094,1.73596443325838,1.91173792753865,1.73432610363352,1.73582951199515,1.7344224759644,1.83185490247756,1.85052222296777,1.85929210507726,1.85848257749792,1.85162086753972,1.73183969749699,1.86393725142536,1.73242756871532,1.73110726778235,1.85695989467012,1.73111690501544,1.72990261364643,1.78042098949034,1.73155058050437,1.73096270928604,1.78044990118961,1.73093379758678,1.73064468059415
1.93087747245013,1.83411001502,1.83304991938039,1.83033221964976,2.09136631505386,1.83084299300339,1.82658333597878,2.08671153147267,1.82682426680596,1.93382646577486,1.82674716894126,2.08667298254032,1.82416439047385,1.8218418172998,2.00665503621601,1.8239716458121,2.01075086027813,1.92738879407251,1.92690693241814,1.924574722011,1.92091257343781,1.92344716573978,1.86365777166583,1.92426633055221,1.81349597344615,1.93729586968631,1.8139103744689,1.81100956730961,1.81171308532499,1.81014221633175,1.80952543341416,1.80752088893199,1.8082725931128,1.98523146706282,1.89812051718621,1.8041574945845,1.80414785735141,1.86386979079375,1.89366811549985,1.80350216273456,1.8039262009904,1.80332869253899,1.85192925899852,1.80518867852485,1.80509230619397,1.8081183973834,1.86652002989278,1.86391797695919,1.96200573532229,1.93449143485789,1.93816322066417,1.96161060876571,1.96175516726202,1.96190936299142,1.92949934811864,1.96114802157752,1.92722496111003,1.92542279852269,1.95897000689977,1.92375555719858,1.84695644672544,1.91776119821824,1.91800212904543,1.96188045129216,1.95749551023741,1.91468692086338,1.91158373180925,1.83828293694682,1.91385811881786,1.91490857722439,1.91351117842672,2.03808205331387,1.91028270534246,1.83739631150279,1.91464837193103,1.91361718799068,1.83894790602985,1.91217160302758,1.957119658147,1.91781902161677,2.0289170446478,1.91991993842981,1.92216541373916,2.04433661758757,1.95604992527431,1.9294511619532,1.8607087783411,1.93724768352088,2.05143925837295,2.0478927565968,2.0402697052247,2.00031373684453,2.00023663897983,2.013825137633,2.00531546081686,2.01500088006966,1.92544207298887,2.00057394213789,1.99711417545953,1.9241988699206,1.92402539972502,1.92330260724347,1.92358208700301,1.99692143079778,2.00102689209299,1.92377483166475,2.01698615008565,2.01341073661024,2.01785350106351,2.018017334026,2.01310234515145,2.01066412518035,2.01125199639868,1.92477710390584,2.00768622015635,2.00573949907271,2.01082795814283,2.01424917588884,1.9248831134698,2.01034609648846,2.00329164186852,2.00549856824552,1.99704671482791,2.00521908848599,2.00752238719387,2.0144322833175,2.01323726641467,2.02031099550079,1.92369773380005,1.92374591996549,2.00020772728057,1.99748039031684,1.92325442107804,2.004448109839,1.99550475753394,1.92107640640029,1.92284965728837,2.00773440632179,1.92193412014507,1.92011268309156,2.00794642544971,2.00098834316064,2.02238300061457,2.00801388608132,1.91827197157187,1.9170287685036,1.91736607166166,1.91543862504419,1.91765518865428,1.99313399819445,1.91477365596116,1.91441707833693,2.00541183314774,1.95481635943912,1.84519283307046,1.84330393538534,1.84158850789579,1.84144394939948,1.83994054103785,2.02191077619329,1.83390763312517,1.83423529905014,1.83511228726108,1.83360887889946,1.83410037778691,1.94166153627488,1.83318484064361,1.83357032996711,1.88112043802012,1.88333700163021,1.88145774117818,1.94516948911868,1.83558451168237,1.83519902235887,1.83701082217929,1.93773918240833,1.88351047182578,1.83437022031336,1.93381682854178,1.93373009344399,1.83755050723219,1.83486171920081,1.83532430638901,1.83869733796958,1.83915028792469,1.83885153369898,1.83760833063071,1.8408175292488,1.83692408708151,2.00842828710408,2.00369640565819,1.88674858214313,1.90492440374589,1.85761522652006,1.75500760583899,1.80257698835817,1.80099648213185,1.7494372851145,1.74914816812188,1.74686414388017,1.74648829178977,1.74552456848103,1.7930264903686,1.74452229623995,1.87129046027102,1.74065776577192,1.7415829401483,1.73976150309479,1.86613454056928,1.86548884595243,1.7410528923285,1.73939528823747,1.86702116601332,1.86455403434295,1.86200016757481,1.73770877244719,1.86327228234234,1.73592588432603,1.73511635674669,1.86174959951453,1.86172068781527,1.73443211319749,1.73379605581372,1.85696953190321,1.86037147518304,1.73280342080572,1.8504162134038,1.73267813677559,1.85773087331711,1.72912199776635,1.73448029936292,1.73160840390289,1.96317184052586,1.73062540612798,1.7283221074201,1.73137711030879,1.77858991520375,1.73107835608309,1.73070250399268,1.85374105881894
1.83417747565161,1.83389799589208,1.83210547053783,1.83135376635702,1.88033982214004,1.8789231488762,1.87710171182269,1.82544614247447,1.93340242751902,1.934944384813,1.93498293374535,2.11295371716953,1.8248871829554,2.10142758639706,1.82372107775183,1.93076182565308,1.82401983197754,1.82190927793141,1.92790920465923,1.92821759611802,1.90904913950727,1.86372523229744,1.86507444492967,1.91035980320715,1.81699428905686,1.81478736267985,2.00436137474122,1.81159743852794,1.80770399636065,1.81017112803101,1.86059313154405,1.81042169609128,1.91481220489351,1.9174913556918,1.8058343731417,1.91271128808047,1.80493811046458,1.80488992429914,1.85202563132939,1.80504412002854,1.98057668348162,1.80444661157712,1.85416509707479,1.80672099858574,1.80679809645044,1.90050091375879,1.86704044047949,1.94085200869555,1.96431867126326,1.93591774535482,1.93726695798705,1.934944384813,1.85827055837,1.93389392640648,1.93155207876625,1.92928732899072,1.92806340038863,1.92532642619182,1.92423741885295,1.92493129963524,1.92115350426499,1.91858036303067,1.91708659190213,1.96177444172819,1.91791539394764,1.91533261548023,1.84031639312826,2.03163474437843,1.91722151316535,1.91606504519487,2.03858318943441,1.95985663234381,1.91206559346362,1.91187284880187,1.83836967204461,1.83766615402923,1.91235471045624,1.91538080164567,2.05181511046335,1.91807922691013,1.95846887077923,1.91963082143719,1.92080656387385,1.92254126582957,1.95677271775586,1.92974027894583,1.93155207876625,1.86336865467321,1.95542350512363,2.00156657714588,2.01344928554259,2.01622480867175,1.92762972489969,1.92722496111003,2.02041700506475,1.92511440706389,1.92478674113892,1.92438197734926,1.92387120399563,1.92402539972502,1.92310022534864,1.92411213482281,2.01190732824862,1.99959094436298,1.99639138297797,2.01821007868775,1.99824173173075,2.02850264362504,1.92471928050731,2.03198168476958,1.92228106053621,2.007426014863,2.01736200217606,2.0180944318907,2.02080249438824,2.01408534292636,2.02288413673511,2.01254338563238,1.92580828784618,2.00892942322462,2.00181714520615,2.00400479711698,2.01004734226276,2.00540219591465,1.92367845933388,1.99931146460344,1.92418923268751,2.00738746593065,2.00807170947985,2.01468285137777,1.9239675763265,1.92237743286709,1.99749002754993,2.01967493811702,1.99708526376026,2.01080868367666,1.92223287437078,2.00450593323753,2.00410116944786,2.00413008114712,2.01177240698539,2.01085686984209,2.00702125107333,2.01073158581196,1.91579520266842,1.91553499737506,1.91709622913522,1.91819487370717,1.91724078763153,1.91543862504419,1.99989933582177,1.99094634628362,2.0010943527246,1.95648360076324,2.02399241854016,1.84271606416701,1.84022002079738,1.88742318845925,1.89931553408905,1.93766208454363,1.83490026813316,1.83445695541114,1.83417747565161,1.83371488846342,1.95086509387331,2.03493067809431,1.83172961844742,1.83157542271803,1.83186453971065,1.88188177943402,1.88245037618617,1.8325873321922,2.02892668188088,1.94365644352397,2.0253319939393,1.83652896052493,1.94114112568817,1.83549777658458,1.93018359166784,1.93317113392492,1.83459187667437,1.8890615180841,1.88464766533009,1.88447419513452,1.83728066470574,1.83629766693083,1.93086783521705,1.84012364846651,1.83877443583428,1.83676025411902,1.89504623983135,1.88751956079012,1.80816658354884,1.8063644209615,1.75519071326765,1.80375273079483,1.82529194674507,1.8532399226984,1.86615381503546,1.74693160451178,1.74709543747427,1.74543783338324,1.7931035882333,1.79133033734523,1.74441628667599,1.74237319326147,1.86768613509635,1.73859539789122,1.86834146694629,1.73880741701914,1.73826773196625,1.7354151109724,1.8665778532913,1.73850866279344,1.73817135963538,1.86654894159204,1.73445138766366,1.73480796528789,1.73519345461139,1.73657157894288,1.73429719193426,1.73506817058125,1.85862713599423,1.73430682916735,1.85905117425008,1.7340369866409,1.85874278279128,1.85843439133248,1.85790434351268,1.85257495361537,1.73036520083462,1.85759595205388,1.96587026579032,1.73078923909047,1.73020136787214,1.73089524865443,1.73075069015812,1.73161804113598,1.73081815078973,1.72918945839796
1.93651525380624,1.92368809656697,1.9241988699206,1.833117380012,1.89002524139283,1.83386908419282,1.83076589513869,1.87691860439403,1.87758357347706,1.82924321231089,1.82926248677706,2.10309482772117,1.82666043384347,1.82722903059563,2.00546001931318,1.93408667106822,1.92682019732036,1.82408729260915,1.87067367735343,1.94728004316481,1.81951924412574,1.81891209844124,1.81792910066633,1.86449621094443,1.86415890778637,1.81455606908576,1.8114721544978,1.81326467985205,1.8613159240256,1.86011126988968,1.81205038848304,1.81024822589571,1.99039702399764,1.80813767184958,2.00227973239435,2.00355184716188,1.91115005632032,1.80701975281144,1.80555489338217,1.91019597024467,1.92413140928898,1.8065186166909,1.85503244805265,1.80474536580283,1.97667360408124,1.80809912291723,1.94030268640957,1.94026413747722,1.94015812791326,1.93846197488988,1.93802829940095,1.93603339215187,1.9639813681052,1.93381682854178,1.93192793085665,1.92822723335111,1.92807303762171,1.92606849313954,1.92512404429698,2.04493412603898,2.04764218853653,1.92101858300177,1.91806958967704,1.91711550360139,1.84467242248374,1.91738534612784,1.84269678970083,1.91441707833693,1.91841653006818,1.96386572130815,1.91720223869918,1.91305822847161,1.91243180832094,1.9121523285614,1.91301967953926,1.91218124026066,1.84048986332383,2.03408260158262,1.96045414079523,1.96087817905107,1.91938025337692,1.92005485969303,1.95806410698956,1.95808338145574,1.92836215461433,1.85724901166274,1.93599484321952,1.95790991126016,1.95647396353015,2.04435589205374,2.01554056512255,2.01395042166313,1.9283910663136,1.92686838348579,2.00576841077197,2.01103997727075,2.00148947928118,1.92451689861248,1.92275328495749,1.92418923268751,1.92235815840091,1.92232924670165,1.92431451671764,2.00305071104134,2.00179787073998,1.9977405956102,1.92315804874716,2.01334327597863,2.01134836872955,1.92462290817644,2.02764492988027,1.92425669331912,2.00855357113422,1.92604921867337,2.0010943527246,1.92667563882405,2.00739710316373,2.00002461985191,2.01422990142267,2.00754166166004,2.00375422905671,1.92546134745504,1.99946566033284,2.0136709419036,2.01640791610041,2.01158929955673,2.00471795236545,1.99925364120492,2.00174004734146,2.01078940921048,1.92417959545442,1.92380374336401,2.01263975796325,1.99793334027195,1.92120169043043,2.02371293878063,1.99749002754993,2.01046174328551,2.01424917588884,1.99329783115693,1.99410735873627,1.9197753799335,2.02142891453892,1.91696130787199,1.99426155446567,1.91685529830803,1.91839725560201,1.91755881632341,1.91689384724038,1.91748171845871,2.00755129889313,2.00038119747614,2.00428427687652,1.95258052136286,2.03418861114658,1.8408946271135,1.94493819552458,1.83892863156368,1.95126985766298,1.83813837845051,1.9461428496605,1.83411001502,1.8335799672002,1.83012983775492,1.82848187089698,1.83171034398125,1.83089117916882,1.83123811955997,1.83122848232688,1.88155411350905,1.83367633953107,1.83310774277892,1.83501591493021,1.83394618205751,1.83545922765223,2.03241536025851,2.04107923280404,1.8354785021184,1.94099656719186,1.93811503449874,1.88469585149553,1.88784722671509,1.88603542689467,1.88421398984116,1.93685255696429,1.83700118494621,1.83772397742776,1.93360480941386,1.84011401123342,1.83793599655568,1.83820583908213,1.83776252636011,1.75573039832054,1.75393787296629,1.75419807825965,1.74883977666308,1.75049738075411,1.86531537575686,1.86412999608711,1.74445483560833,1.8507246048626,1.74469576643552,1.8612388261609,1.79070391719455,1.74245992835925,1.86433237798195,1.86374450676362,1.7420455273365,1.74164076354683,1.83056351324385,1.8667320490207,1.86819690844998,1.74032046261386,1.73773768414645,1.73798825220672,1.73517418014521,1.86117136552929,1.73677396083771,1.73598370772455,1.73503925888199,1.84366051300957,1.86541174808773,1.73456703446071,1.8581934605053,1.73210954002343,1.73382496751298,1.73368040901667,1.73178187409846,1.8607087783411,1.7786284641361,1.85372178435277,1.73003753490965,1.72906417436783,1.72889070417226,1.72933401689427,1.73086633695516,1.86113281659694,1.85752849142227,1.82396200857901,1.73063504336107
1.93674654740033,1.93852943552149,1.91591084946547,1.83702045941238,1.88344301119417,1.881438466712,1.92194375737815,1.83086226746956,1.87824854256009,1.82744104972355,1.83037076858211,1.83043822921372,1.82806746987423,1.82680499233978,1.82674716894126,1.82599546476045,1.8271712071971,1.91754917909032,1.87131937197028,1.94802211011254,1.82030949723891,1.87154102833129,1.81809293362882,1.81817003149351,1.81536559666509,1.81501865627395,2.00748383826152,1.81485482331146,1.86039074964922,1.90831670979263,1.85935956570887,1.81126977260297,1.80876409200026,1.80762689849595,1.91758772802267,1.80796420165401,1.8078196431577,1.98733238387586,1.80541033488586,1.91008032344762,1.80388765205805,1.80711612514232,1.80477427750209,1.80592110823949,1.97779152311938,1.80775218252608,1.94343478716296,1.94449488280257,1.9404279704397,1.94091946932716,1.939136581206,1.93739224201719,1.93625504851288,1.9323519691125,1.93097384478101,1.93430832742923,1.85585161286507,1.92848743864447,1.96292127246559,1.92462290817644,1.92497948580067,1.92325442107804,1.92310022534864,1.91949590017397,1.96174553002893,1.91739498336092,1.9156602814052,1.91553499737506,1.96165879493115,1.91383884435169,2.04921305752977,1.91446526450237,1.91247999448637,1.91211377962905,1.91354972735907,1.95877726223803,2.05142962113986,1.91566991863829,2.04780602149901,1.91743353229327,1.95773644106459,1.84779488600404,1.95789063679399,1.92688765795197,1.95851705694467,1.8572008254973,1.9353202369034,1.86619236396781,1.86860167223964,2.03731107466688,2.03561492164351,1.93054016929208,1.92783210679453,1.92715750047841,1.92694548135049,2.01064485071417,1.92495057410141,1.92512404429698,1.92466145710879,1.92206904140829,1.92222323713769,1.92352426360448,1.99751893924919,2.00413008114712,1.99787551687343,2.00474686406471,2.00478541299706,2.01231209203828,2.01264939519634,2.0140564312271,2.0078018669534,2.00623099796016,2.02092777841838,2.00758021059239,2.00080523573198,1.9998800613556,2.00733927976521,1.92442052628161,2.00736819146447,2.0071947212689,2.00509380445586,1.92613595377115,1.99883924018216,1.92563481765061,2.0204555539971,2.00878486472831,2.00506489275659,2.02428153553278,2.01147365275968,2.0245706525254,2.00815844457763,1.92454581031174,1.92550953362048,1.99806826153517,1.92214613927299,1.99794297750504,2.00571058737345,2.01168567188761,2.00743565209608,2.00392769925229,2.00046793257393,2.00061249107024,1.92006449692612,1.99146675687034,1.99451212252594,1.99395316300687,1.99261358760773,1.91691312170656,1.91961154697102,1.91775156098516,1.99806826153517,2.01528035982919,2.00093051976212,1.95259015859594,1.84368942470883,1.95037359498585,1.83557487444928,1.83827329971374,1.83713610620943,1.95206011077614,1.83420638735087,1.83477498410303,1.83244277369589,2.04467392074562,2.02762565541409,1.83081408130412,1.94481291149445,1.83080444407104,1.94743423889421,1.94826304093972,1.94671144641266,1.83140195252245,1.94198920219985,1.94117967462052,1.83480389580229,1.83513156172726,1.83291499811717,1.83473643517068,1.83543031595297,1.83781071252554,1.89777357679507,1.83751195829984,1.83507373832874,1.83734812533735,1.93723804628779,1.83597963823895,1.84027784419591,1.83741558596896,1.83803236888655,1.83908282729308,1.83910210175925,1.83809019228508,1.83732885087118,1.7544679207861,1.75197187741647,1.75155747639372,1.75009261696444,1.74866630646751,1.86108463043151,1.74779895548965,1.74416571861571,1.868861877533,1.74250811452469,1.86938228811972,1.86766686063017,1.86534428745612,1.84756359240995,1.83290536088408,1.74095651999762,1.73829664366551,1.8631469983122,1.78695503352357,1.78595276128249,1.78419878486059,1.73588733539368,1.73761240011631,1.7361764523863,1.73676432360463,1.73478869082172,1.73447066212983,1.73470195572393,1.73436465256587,1.86381196739523,1.86272296005636,1.86284824408649,1.78216532867916,1.85435784173653,1.73105908161691,1.73072177845885,1.72875578290903,1.86037147518304,1.82335486289451,1.8274025007912,1.85516736931587,1.85949448697209,1.85677678724146,1.73070250399268,1.85747066802375,1.85388561731525,1.85108118248683
1.94189282986898,1.94004248111621,1.96931075800251,1.83526648299048,1.92522041662786,1.83534358085518,1.9237362827324,1.92515295599624,1.88033018490696,1.87946283392909,1.87824854256009,1.83090081640191,1.83063097387546,1.82684354127213,1.8268724529714,1.87416235573105,1.87442256102441,1.94063998956762,1.94164226180871,1.93600448045261,1.92697439304975,1.81926867606547,1.81898919630594,2.0093245497812,1.81512466583791,1.92459399647718,1.92316768598025,1.92424705608603,1.81250333843815,1.81064335245229,1.86140265912339,1.85775014778328,1.85882951788907,1.85573596606802,1.80752088893199,1.91528442931479,1.80754980063125,2.0014027441834,1.80718358577393,1.80826295587971,1.80888937603039,1.80785819209004,1.98163677912123,1.80823404418045,1.81115412580592,1.81084573434712,1.94420576580995,1.87010508060127,1.86856312330729,1.94052434277058,1.97078525466487,1.96859760275404,2.04743980664169,2.03894940429173,1.93446252315863,1.93199539148827,1.92938370132159,1.92822723335111,1.92643470799686,1.96372116281184,1.92405431142429,1.92253162859648,1.84746722007907,1.9639813681052,1.9613889524047,1.84425802146099,1.91784793331603,1.91697094510508,1.91621924092427,1.8418101642568,2.05112122968106,1.91397376561491,1.9146676463972,1.91555427184124,1.91440744110384,1.9141375985774,1.91392557944948,1.91525551761553,1.9175684535565,1.91940916507618,1.96141786410396,1.92368809656697,1.92515295599624,1.92599139527484,1.93415413169983,1.96004937700556,1.93686219419738,1.86423600565107,1.95693655071834,2.05623860045045,2.02467666208936,2.02083140608751,2.02566929709736,2.00171113564219,2.01910634136487,2.0098642348341,1.92588538571088,1.92519150492859,1.92598175804176,1.92338934234126,1.92347607743904,1.92417959545442,1.99818390833222,1.99747075308376,2.01361311850508,2.01622480867175,1.99645884360959,2.02154456133597,2.01693796392021,2.01640791610041,1.99420373106714,2.02706669589503,1.99929219013727,1.99996679645338,2.00756093612622,2.02019534870374,2.0087174040967,2.03220334113059,1.92705149091445,2.0265559225414,2.01799805955982,1.92494093686832,2.00115217612313,2.01407570569327,2.01586823104752,2.01353602064038,2.01683195435625,1.92413140928898,1.92477710390584,1.92415068375516,2.01410461739253,2.00189424307085,2.01630190653645,1.99779841900873,1.92406394865737,2.00398552265081,1.99544693413541,2.00548893101244,2.00829336584086,2.00590333203519,2.01049065498477,1.99223773551732,2.00796569991589,1.99743220415141,1.91808886414321,1.91692275893964,1.91863818642919,1.91713477806756,1.91714441530065,1.91475438149499,2.023202165427,1.91751063015797,1.84714919138719,1.84518319583737,1.84178125255753,1.84117410687303,1.83835039757844,1.83610492226908,1.83628802969774,1.83511228726108,1.83378234909503,1.83353178103476,1.95036395775277,1.83369561399724,1.83149832485333,1.83094900256735,1.94586336990097,1.94666326024722,1.8301491122211,1.82853005706242,1.94707766126998,2.02206497192269,1.83222111733488,2.02411770257029,1.83360887889946,1.88407906857794,2.03533544188398,2.02428153553278,1.83747340936749,1.83824438801448,1.93428905296306,1.88406943134485,1.88516807591681,1.99971622839311,1.83736739980353,1.83787817315716,1.83756978169836,1.83744449766822,1.93472272845199,1.83911173899234,1.83733848810426,2.02072539652355,1.75753256090788,1.75479558671107,1.75282959116125,1.75101779134082,1.74922526598658,1.74942764788141,1.74902288409174,1.74599679290231,1.74467649196934,1.74213226243428,1.86254948986079,1.86495879813262,1.74072522640353,1.74133237208803,1.8675704882993,1.86688624475009,1.73942419993674,1.7402915509146,1.73905798507942,1.78616478041041,1.78577929108691,1.78491194010905,1.73559821840106,1.73412372173869,1.73448993659601,1.86793670315662,1.86498770983189,1.86108463043151,1.73517418014521,1.82785545074631,1.86160504101822,1.73408517280634,1.73184933473007,1.73370932071593,1.7301531817067,1.84435439379186,1.73378641858063,1.73095307205295,1.85792361797885,1.73316963566304,1.82361506818787,1.85506135975191,1.73021100510522,1.72823537232232,1.72821609785614,1.73031701466918,1.72971950621777,1.72883288077373
1.8386106028718,1.83690481261533,1.97012028558184,1.94045688213896,1.88458020469848,1.83602782440438,1.83393654482443,1.88154447627596,1.88047474340327,1.88028199874152,1.88061930189958,1.83138267805628,1.83046714091298,1.9228978434538,1.92400612525885,1.9048376686481,1.87483696204716,1.87493333437804,1.92104749470103,1.82637131685085,1.92463254540953,1.91590121223238,1.8197794494191,2.01038464542081,1.99979332625781,1.8185651580501,1.81731231774874,1.81674372099659,1.86054494537862,1.90766137794269,1.81340923834836,1.81253225013741,1.85966795716767,1.80859062180468,1.80876409200026,1.80837860267676,1.99498434694722,1.81067226415155,1.80849424947381,1.99220882381806,1.91096694889166,1.80881227816569,1.81102884177578,1.80885082709804,1.98130911319626,1.86111354213077,2.04323797301561,1.96802900600189,1.96865542615257,2.04189839761646,1.94135314481609,1.93998465771768,1.93612012724965,2.04023115629235,1.93378791684251,2.05389675281022,1.85716227656495,1.92951862258482,1.9649740031132,1.96439576912795,2.06774545675675,2.06634805795909,2.05633497278132,1.96703637099389,1.91781902161677,1.92020905542243,1.92003558522686,1.9171058663683,1.96381753514271,1.91670110257863,1.84133793983552,1.91420505920901,1.91684566107494,1.91547717397654,1.91530370378097,1.91513023358539,2.04458718564784,1.96211174488625,1.91806958967704,1.96074325778785,1.92107640640029,1.91994885012907,1.85104263355448,1.92644434522995,1.92788993019305,1.93283383076687,2.03764837782494,1.94155552671092,2.04695794498733,2.04632188760356,1.93051125759281,2.00455411940296,2.01175313251922,2.00321454400382,1.92904639816354,2.00409153221477,2.00371568012436,1.92725387280929,1.92577937614692,1.92720568664385,1.92379410613093,1.92406394865737,2.01621517143866,1.99969695392694,1.92499876026685,2.01504906623509,2.01341073661024,2.02744254798543,1.92711895154606,2.00896797215697,1.99710453822644,1.92627087503438,1.92702257921519,2.01707288518344,2.01611879910779,1.92730205897472,2.02374185047989,2.03146127418286,2.00002461985191,2.01688977775478,2.02620898215025,1.99970659116002,1.99889706358069,2.00482396192941,2.01399860782857,2.01200370057949,2.0270859703612,1.9248831134698,2.00715617233655,2.01037500818773,2.00577804800506,1.92394830186032,1.99872359338511,1.99859830935498,2.00495888319263,2.00812953287837,1.92397721355959,2.01018226352598,2.007426014863,2.01436482268589,2.01083759537592,1.99466631825534,2.00492033426028,2.01790168722895,1.99119691434389,1.91734679719549,1.91588193776621,1.91700949403743,1.91682638660877,1.91742389506019,1.91669146534555,1.91602649626252,2.00164367501058,1.8438628949044,2.04128161469887,1.84047058885765,1.84016219739886,2.0437005602038,1.94806065904489,1.83590254037425,2.03768692675729,1.93576354962542,1.9514047789262,1.9494195089102,1.95026758542189,1.83104537489822,1.92708040261372,1.945535703976,1.82848187089698,1.83109356106366,1.83032258241667,1.83187417694373,1.83146941315406,2.03258883045408,1.83388835865899,1.88335627609638,1.88048438063635,2.01703433625109,1.83702045941238,1.83396545652369,1.89527753342544,1.93072327672074,2.00364821949275,1.83612419673526,1.83595072653968,1.93403848490279,2.0119169654817,1.83529539468974,1.93356626048151,1.83785889869098,2.02406951640486,1.84046095162457,1.75629899507269,2.0481240501909,1.75220317101057,1.75341746237958,1.75082504667908,1.75098887964156,1.74871449263295,1.74461866857082,1.74453193347303,1.86547920871934,1.86503589599732,1.73903871061324,1.86803307548749,1.84787198386874,1.85395307794686,1.73797861497363,1.74022409028299,1.73847975109417,1.78612623147806,1.78549017409429,1.73536692480696,1.78476738161274,1.78532634113181,1.73708235229651,1.78469992098113,1.7335069388211,1.73400807494164,1.73467304402467,1.73410444727252,1.73284196973807,1.73292870483586,1.73363222285124,1.93398066150426,1.73087597418825,1.73066395506033,1.72793661809661,1.72874614567595,1.8574321190914,1.86165322718366,1.86018836775438,1.7287075967436,1.72978696684938,1.72843775421715,1.85696953190321,1.73013390724053,1.85379888221747,1.85675751277528,1.7281679116907
1.84147286109874,1.83971888467684,1.88944700740759,1.94120858631978,1.94197956496677,1.83650004882566,1.83699154771312,1.8843392738713,1.89545100362102,1.88192032836637,1.83303064491422,1.83180671631212,1.83129594295849,1.82949378037116,1.92525896556021,1.93727659522014,1.93747897711497,1.87478877588173,1.82446314469956,1.8241258415415,2.01365166743743,2.01144474106042,1.82048296743448,1.81803511023029,1.86736810640446,1.82003965471246,1.90778666197283,2.0037638662898,1.81651242740249,1.86218327500347,1.81453679461958,1.81365980640863,1.8106337152192,1.81128904706914,1.81041205885819,1.81073972478316,1.81041205885819,1.91213305409523,1.8081183973834,1.80894719942892,1.81015185356483,1.81175163425734,1.81198292785143,1.81260934800211,1.81184800658821,1.8605545826117,1.94594046776567,1.94595010499876,2.04157073169149,2.04462573458019,1.93947388436405,1.93953170776258,1.93687183143047,1.86358067380113,1.93527205073797,1.9282368705842,1.92902712369736,1.92932587792307,1.85469514489459,1.92421814438677,1.9644343180603,1.96452105315809,1.85089807505817,1.84819964979371,1.96646777424174,1.84696608395853,1.96385608407506,1.96332603625526,1.91703840573669,1.91509168465305,1.91615178029265,1.9652727573389,2.05889847678256,2.04788311936371,1.91659509301467,1.91680711214259,1.917182964233,1.84232093761043,1.92034397668565,1.91922605764752,1.84811291469593,1.92201121800977,1.85084025165965,1.926559992027,1.95956751535119,1.93198575425518,1.86352285040261,1.95936513345635,2.04760363960418,2.0438547559332,2.02381894834459,1.93093529584866,1.93202430318753,2.00560457780949,2.00443847260592,2.0061249883962,1.92833324291507,1.92804412592245,1.92721532387694,1.92766827383204,1.92416995822133,2.00694415320863,2.00046793257393,2.01715962028122,1.92667563882405,2.00372531735745,2.01745837450693,1.92740806853869,2.01408534292636,2.01348783447494,1.99998607091956,2.00571058737345,1.92856453650917,1.9282368705842,2.00997988163114,1.92731169620781,1.93076182565308,2.01413352909179,1.92704185368137,1.92752371533573,2.02821352663242,2.0206868475912,1.92706112814754,1.92794775359158,1.9267141877564,2.01501051730274,1.92228106053621,2.00857284560039,2.02580421836058,1.92597212080867,1.92636724736525,2.01279395369265,2.01415280355797,2.00677068301306,2.0043710119743,1.923360430642,2.00623099796016,1.99769240944477,1.92246416796487,2.00970040187161,2.01528999706228,2.01083759537592,2.00985459760101,1.99397243747305,1.91828160880496,1.91803104074469,1.91737570889475,1.91574701650299,1.91709622913522,1.91953444910632,1.917182964233,1.99773095837712,1.8466095063343,1.84544340113073,2.02714379375972,1.83995017827094,1.91051399893655,1.9379126526039,1.94887018662423,1.83304991938039,1.83229821519958,1.95442123288254,1.83056351324385,1.951713170385,1.82853969429551,1.83038040581519,1.82920466337854,1.82790363691174,1.87856657125197,1.83053460154459,1.83015874945418,1.82935885910793,1.83247168539515,1.83102610043205,2.03040117854325,1.83331976190684,1.88164084860684,1.8812071731179,1.83379198632812,1.83560378614854,1.88931208614437,2.02085068055368,1.83486171920081,1.83661569562271,1.83809982951816,1.83783962422481,1.83809019228508,1.88549574184178,1.83484244473464,1.83800345718729,2.00872704132979,1.83600854993821,1.75389932403394,1.75504615477134,1.75292596349212,1.8722156346474,1.75002515633283,1.8714542932335,1.79915577061216,1.74658466412064,1.74170822417844,2.04718923858142,1.87173377299303,1.74161185184756,1.86819690844998,1.7377762330788,1.85503244805265,1.8527098748786,1.73751602778544,1.7876971004713,1.73759312565014,1.73724618525899,1.78436261782307,1.78481556777818,1.78400604019884,1.7328997931366,1.73509708228051,1.73345875265566,1.73244684318149,1.73199389322638,1.73395025154312,1.7337382324152,1.73181078579772,1.77960182467792,1.73231192191827,1.73309253779834,1.73094343481986,1.86328191957542,1.85059932083246,1.73033628913536,1.85869459662584,1.72731019794593,1.83912137622542,1.72948821262367,1.72843775421715,1.72888106693917,1.72820646062305,1.7284763031495,1.7311458167147,1.73021100510522
1.84198363445237,1.84414237466394,1.84121265580538,1.84063442182014,1.84017183463195,1.83905391559381,2.01455756734764,1.83329085020757,1.93535878583575,1.83446659264423,1.94356970842618,1.83286681195173,1.83189345140991,1.83032258241667,1.83040931751446,2.01173385805304,2.09352505526543,1.8306020621762,1.87357448451272,1.87371904300903,2.01358420680582,1.8231332065335,1.82223694385638,1.82181290560053,1.87469240355085,2.00258812385314,1.82049260466757,2.00427463964343,1.81712921032008,1.81629077104148,1.86266513665783,1.98034538988753,1.81347669897997,1.86031365178452,1.81271535756607,1.8116263502272,1.81079754818169,1.80969890360973,1.85904153701699,1.85814527433986,1.81130832153532,1.81168417362572,1.81183836935512,1.81317794475426,1.81235877994184,1.8631469983122,1.94702947510454,1.94665362301413,2.0420236816466,1.86872695626978,1.86827400631467,1.94014849068017,2.04284284645903,1.96729657628725,1.93537806030193,1.86194234417628,1.9674122230843,1.96804828046806,2.04119487960109,1.96771097731,1.85520591824822,1.85307608973592,2.04771928640123,2.04023115629235,2.03971074570564,2.03815915117857,1.91807922691013,1.91834906943657,1.84475915758153,1.91886948002329,1.91711550360139,1.91704804296978,1.8429473577611,1.91768410035354,1.84159814512887,1.96372116281184,1.91700949403743,1.91858036303067,1.9198524777982,1.92020905542243,1.92223287437078,1.92379410613093,1.92727314727546,1.96231412678109,1.96153351090101,1.93449143485789,1.93453962102333,1.96065652269006,2.04033716585631,1.93248689037572,1.93251580207498,2.01773785426647,2.01217717077506,1.9312822362398,2.00501670659116,2.00334946526704,2.00661648728366,2.00691524150937,1.92743698023795,1.92664672712478,1.92662745265861,2.00013062941587,2.00073777510037,1.92655035479391,2.01019190075907,2.00746456379534,2.00432282580887,2.00367713119201,1.92720568664385,1.92791884189232,2.01796914786056,1.92738879407251,1.92746589193721,2.00888123705919,2.01379622593374,2.01228318033902,2.00903543278858,2.01628263207027,1.93048234589355,2.02589095345837,2.0164946511982,2.00993169546571,2.00222190899582,2.00020772728057,2.00765730845709,2.00500706935807,1.92722496111003,1.92619377716968,2.00562385227566,2.02417552596882,1.92565409211679,2.00652975218587,2.02157347303523,2.01301561005366,1.92438197734926,2.00806207224676,2.00133528355179,1.99657449040663,2.01701506178491,1.99698889142939,2.00943055934517,2.00379277798906,1.92049817241505,1.92104749470103,1.92035361391874,1.9199295756629,1.91926460657987,1.91711550360139,1.91743353229327,1.91711550360139,1.91744316952636,2.00484323639558,1.84545303836382,1.89192377631104,1.89020834882149,1.8408946271135,1.83682771475063,1.83658678392345,1.83419675011779,1.83414856395235,1.83357032996711,1.83112247276292,1.83196091204152,1.93398066150426,1.92690693241814,1.82940704527337,1.8301491122211,1.82920466337854,1.82943595697263,1.87699570225873,1.83110319829675,1.83042859198063,1.83153687378568,1.83094900256735,1.83110319829675,1.83088154193574,1.88234436662221,1.83286681195173,1.83353178103476,1.83278007685395,1.89087331790452,1.83256805772602,1.83507373832874,1.83533394362209,1.83548813935149,1.83610492226908,1.83475570963685,1.83694336154768,1.88400197071324,1.83507373832874,1.83481353303538,1.83859132840562,1.75534490899705,1.87432618869353,2.04378729530159,1.75005406803209,1.75047810628793,1.86898716156314,1.79656335491166,1.74138055825347,1.74458011963847,1.74418499308189,1.74114926465937,1.74275868258496,1.73751602778544,1.78824642275728,1.85584197563199,1.73950129780143,1.83792635932259,1.73864358405666,1.78755254197499,1.78523960603402,1.78454572525173,1.73583914922824,1.73481760252098,1.73454775999453,1.73621500131865,1.73455739722762,1.73354548775345,1.73165659006833,1.73561749286723,1.73399843770855,1.78074865541531,1.73375750688137,1.73254321551236,1.73104944438382,1.73163731560215,1.85132211331402,1.85026201767441,1.73077960185738,1.73040374976697,1.7776358291281,1.83394618205751,1.77497595279599,1.85490716402251,1.85411691090935,1.85738393292596,1.72648139590042,1.72782097129956,1.73094343481986
2.09969288444133,1.8431786513552,1.84299554392654,1.84126084197082,1.95002665459471,1.94763662078904,1.83888044539824,1.83605673610365,1.83669279348741,1.83493881706551,1.92781283232835,1.83680844028446,1.83446659264423,1.92016086925699,1.83061169940929,1.83094900256735,2.10807727722733,1.82517629994802,1.82556178927152,1.82719048166328,2.01653320013055,1.9333446041205,1.82215984599168,1.82385599901505,1.91799249181234,1.81960597922353,1.81941323456178,1.81933613669708,1.81798692406485,1.81766889537297,1.91088021379387,1.86239529413139,1.86229892180051,1.860477484747,1.81298520009252,1.85864641046041,1.86001489755881,1.81092283221182,1.81155888959559,1.81072045031699,1.81122158643753,1.98688907115384,1.81270572033298,1.81434404995783,1.81454643185267,1.81460425525119,1.87466349185159,1.94710657296924,1.94324204250121,1.9446972646974,1.94737641549569,1.94071708743232,1.96686290079832,2.04867337247688,1.86425528011725,1.96838558362612,1.93343133921828,1.93355662324842,1.85696953190321,1.93111840327732,2.05510140694614,2.06059462980593,1.92437234011617,1.84931756883185,1.84821892425989,1.92175101271641,1.96722911565564,1.91787684501529,1.96608228491824,1.91987175226437,1.91861891196302,1.91848399069979,1.91918750871517,1.91849362793288,1.91574701650299,1.91810813860939,1.91662400471394,1.91849362793288,1.92018014372317,1.9211438670319,2.03795676928374,1.92607813037263,1.96107092371282,1.85519628101513,1.96064688545697,1.95988554404307,1.93550334433206,1.95852669417776,2.05034061380099,2.0344006302745,1.93360480941386,2.02120725817791,2.0095558433753,1.93117622667584,2.00227973239435,2.00396624818464,2.01088578154136,1.92918131942676,1.9291524077275,1.92799593975701,1.92764899936587,1.92845852694521,1.99985114965633,2.02140000283966,1.92704185368137,2.02814606600081,2.00450593323753,2.00837046370556,2.00143165588266,2.00139310695031,2.01701506178491,2.01098215387223,2.01122308469941,2.0273172639553,2.01469248861086,1.92964390661495,1.92852598757682,2.01917380199648,1.93077146288617,1.92759117596735,2.0111556240678,2.01358420680582,2.00786932758501,2.00211589943186,2.02553437583414,2.00420717901182,1.92693584411741,1.92721532387694,1.92768754829822,2.0155791140549,2.01354565787347,2.00769585738944,1.92569264104914,2.01416244079106,2.01851847014654,1.9239675763265,2.0122253569405,1.99749002754993,2.01126163363176,2.01056775284947,1.99433865233037,2.01211934737654,1.91941880230927,1.92065236814445,1.92036325115183,1.92037288838492,1.91966937036954,1.91853217686523,1.9178672077822,1.91719260146609,2.00479505023015,2.00433246304195,1.99164022706591,1.89072875940821,1.89028544668619,1.88862784259517,1.83737703703661,1.83458223944128,1.83385944695973,1.88119753588482,1.88015671471138,1.90029853186396,1.830910453635,1.82960942716821,1.95002665459471,1.83045750367989,1.95165534698647,1.83089117916882,1.82864570385947,1.82926248677706,1.82914683998001,1.83020693561962,1.82916611444619,2.03814951394548,1.87727518201826,1.9316677255633,1.88058075296723,1.87998324451581,1.83249095986132,2.00621172349399,1.93382646577486,1.83423529905014,2.01942437005675,1.83568088401324,1.83206692160548,1.8348713564339,1.83520865959196,1.83725175300648,1.83593145207351,1.83698191048003,1.8369337243146,2.0053636469823,1.87184941979008,1.75345601131192,1.75155747639372,1.74898433515939,1.87341065155023,1.7483675522418,1.79565745500145,1.86732955747211,1.74377059205913,1.74223827199824,1.74157330291522,1.74101434339615,1.74233464432912,1.74091797106528,1.74001207115506,1.73811353623685,1.73849902556035,1.86859203500656,1.8660478054715,1.73756421395088,1.73181078579772,1.85987997629559,1.82741213802429,1.78607804531262,1.78451681355247,1.7328997931366,1.78124015430277,1.73205171662491,1.86391797695919,1.7336611345505,1.73199389322638,1.7309916209853,1.72938220305971,1.73104944438382,1.83375343739577,1.73124218904557,1.72910272330018,1.85802962754282,1.72741620750989,1.77776111315823,1.81225277037788,1.72941111475897,1.72789806916426,1.85655513088045,1.85699844360247,1.7750434134276,1.77657573348849,1.8011121289289
1.84041276545913,1.83943940491731,1.94164226180871,1.94578627203627,1.84057659842162,1.94620067305903,1.94423467750921,1.95394900846126,1.83797454548803,1.83688553814916,1.8364711371264,1.8327415279216,1.88558247693956,1.83163324611655,1.94409975624598,1.83445695541114,1.87860512018432,1.87946283392909,1.92131733722748,1.82589909242957,1.82529194674507,1.82367289158639,1.82249714914974,1.93973408965741,1.8181796687266,1.86910280836019,1.92534570065799,1.81600165404886,2.00146056758192,1.90843235658968,1.81408384466448,1.81458498078502,1.81436332442401,1.81346706174689,1.92420850715368,1.86007272095733,1.85934992847578,1.81051806842215,1.81182873212203,1.99226664721659,1.81158780129485,1.80808948568414,1.98786243169566,1.81240696610728,1.81435368719092,1.81499938180777,2.04646644609987,1.94701020063837,1.97071779403326,1.94475508809592,1.94583445820171,2.05029242763555,2.04984911491353,2.0437776580685,2.05973691606116,1.96770134007692,2.04361382510601,1.9703033930105,1.85710445316643,1.9308292862847,1.93139788303685,1.96915656227311,2.06775509398984,1.92339897957435,1.92394830186032,1.92477710390584,1.92051744688123,1.91866709812845,1.92144262125761,1.91814668754174,1.84427729592716,1.91816596200791,1.91751063015797,1.84459532461904,1.91691312170656,1.91748171845871,1.91754917909032,1.92079692664076,1.92209795310755,1.84605054681523,1.924574722011,1.9254131612896,1.92504694643228,1.92956680875025,1.96042522909596,1.96060833652462,1.96106128647973,1.96068543438932,1.96012647487026,2.04748799280713,2.03653045878681,2.03412115051497,2.03487285469578,2.00455411940296,1.93171591172873,2.02825207556477,2.00371568012436,2.00587442033593,2.00480468746323,1.9299908470061,2.00423609071108,2.00409153221477,2.00382168968832,2.0113869176619,2.00336873973322,2.00770549462253,1.92789956742614,2.00394697371846,2.00367713119201,2.00265558448475,2.02584276729293,1.92868018330622,2.02108197414778,2.02124580711026,2.01759329577016,2.02142891453892,2.01799805955982,1.92937406408851,2.01448046948294,2.00709834893803,1.92866090884004,1.92913313326132,2.01716925751431,2.00348438653027,2.01231209203828,2.01956892855306,2.01316016854997,2.02083140608751,2.00834155200629,2.00250138875536,2.00115217612313,2.00895833492388,2.01686086605552,2.01438409715207,1.92726351004238,2.00801388608132,1.92464218264261,1.99689251909852,2.00607680223077,1.9965263042412,2.01181095591774,2.00416863007947,2.01021117522524,1.99481087675165,1.99984151242325,1.91945735124162,1.91940916507618,1.91879238215859,1.91894657788799,1.99555294369937,2.00896797215697,2.00769585738944,1.89200087417574,1.89188522737869,1.84094281327893,1.84077898031645,2.0236551153821,2.04471246967797,1.83518938512578,1.88114934971938,1.83056351324385,1.90089604031537,1.9005683743904,1.8307562579056,1.95168425868573,1.82789399967866,1.83047677814607,1.95293709898709,2.03362001439443,1.82802892094188,1.82990818139391,1.87805579789834,1.87702461395799,1.82950341760424,1.87822926809391,1.88055184126796,1.92796702805775,1.92690693241814,1.8313634035901,1.83038040581519,1.88123608481717,1.88115898695247,1.83423529905014,1.8356326978478,2.01535745769389,1.83519902235887,1.83551705105075,1.83661569562271,1.83490026813316,1.93346988815063,1.9290753098628,1.83649041159258,1.75730126731378,1.75490159627503,1.75417880379348,1.91664327918011,1.74877231603147,1.79560926883602,1.74690269281252,1.84558795962704,1.74378986652531,1.74343328890108,1.74216117413354,1.74102398062924,1.73767986074792,1.86838965311172,1.84178125255753,1.73605116835616,1.73873031915445,1.7361764523863,1.73467304402467,1.86676096071996,1.86603816823841,1.86199053034172,1.73407553557325,1.73388279091151,1.73171441346685,1.73430682916735,1.86149903145426,1.73391170261077,1.73204207939182,1.86417818225255,1.73103016991765,1.86068950387493,1.73139638477497,1.86419745671872,1.8605545826117,1.85684424787307,1.73171441346685,1.85748030525684,1.81896992183977,1.81258043630285,1.7773274376693,1.72607663211075,1.72801371596131,1.72875578290903,1.73105908161691,1.7286304988789,1.77736598660165,1.81739905284653
1.84528920540133,1.94753061122508,1.94984354716605,1.84245585887365,1.84261005460305,1.9470583868038,1.84155959619653,1.95160716082103,1.83868770073649,1.93074255118691,1.8380709178189,1.83469788623833,1.83446659264423,1.8325873321922,1.93667908676872,1.94223013302704,1.88097587952381,1.82871316449108,1.82840477303229,1.82741213802429,2.02189150172712,2.01456720458073,1.93536842306884,1.82056006529918,1.82326812779673,1.81796764959868,1.81799656129794,1.81931686223091,2.00440956090665,2.00463121726766,1.92710931431298,1.87125191133867,1.81539450836436,2.0173330904768,1.81229131931023,1.81229131931023,1.86098825810063,1.860477484747,1.81153961512941,1.86149903145426,1.81110593964048,1.86755121383312,1.81531741049966,1.86400471205698,2.08224949255322,1.8159727423496,1.97476543192995,1.9448514604268,1.9470583868038,2.04807586402546,1.94692346554058,1.94420576580995,2.05113086691415,1.93936787480009,2.04505941006912,1.9372284090547,1.93651525380624,2.04457754841475,1.9333446041205,1.93246761590955,1.93013540550241,1.92798630252393,1.85447348853358,1.85379888221747,1.85039693893763,1.84839239445546,1.96826993682907,1.92059454474593,1.92018014372317,1.92153899358849,1.96688217526449,1.91783829608294,1.91792503118073,1.84513500967193,1.91859000026376,1.91772264928589,1.84610837021376,1.84811291469593,1.84852731571868,1.92116314149808,1.92483492730436,1.85142812287798,1.92947043641938,1.93084856075087,1.93145570643537,1.86183633461232,1.93922331630378,2.0347090217333,1.96215993105169,1.96125403114148,2.02979403285875,2.01842209781567,2.01212898460963,2.00827409137468,2.00729109359977,1.93271818396982,2.00375422905671,2.00382168968832,2.00237610472522,1.93064617885604,1.92979810234435,2.00365785672584,2.00489142256102,2.00280014298106,2.00374459182363,2.02398278130707,2.00521908848599,2.01621517143866,2.00395661095155,2.00164367501058,1.93018359166784,2.0203784561324,1.93053053205899,1.92911385879515,2.02042664229784,2.02034954443314,2.02071575929046,1.93126296177363,2.02082176885442,2.01740055110841,2.00815844457763,2.02080249438824,2.01249519946694,2.00525763741834,2.01186877931627,1.92901748646427,2.01940509559058,2.00394697371846,2.00565276397492,2.0218240410955,2.00319526953765,2.00521908848599,1.92650216862847,2.0131408940838,2.0205326518618,2.02064829865885,2.00872704132979,1.99862722105424,2.00352293546262,2.02191077619329,2.01428772482119,1.99434828956345,2.00170149840911,1.99478196505239,1.99698889142939,1.92079692664076,1.99072468992261,1.91771301205281,1.99550475753394,1.99811644770061,2.00698270214098,1.99247866634451,2.00511307892203,1.97660614344963,1.84122229303847,1.97607609562983,1.83877443583428,1.83720356684104,1.83672170518667,1.88124572205025,1.83193200034226,1.82955160376968,1.82944559420572,1.82959015270203,1.82721939336254,2.0272401660906,1.82718084443019,1.82744104972355,1.83030330795049,1.82810601880658,1.83034185688284,1.94968935143665,1.95073017261009,1.92028615328713,1.82802892094188,1.87863403188358,1.8282409400698,1.83100682596587,1.83073698343943,1.93906912057439,1.93796083876934,1.88111080078703,1.8299949164917,1.88405979411176,1.83111283552983,1.83412928948617,1.83394618205751,1.83445695541114,1.83703009664547,1.83532430638901,1.83619165736687,1.83698191048003,1.86738738087064,1.75203933804808,1.7526368464995,1.74946619681376,1.86739701810372,1.79720904952852,1.74702797684266,1.74421390478115,1.74537037275163,1.7424984772916,1.741660038013,1.74123599975716,1.87029782526302,1.73797861497363,1.86625018736633,1.73577168859663,1.73842192769565,1.86461185774148,1.73536692480696,1.73346838988875,1.73631137364952,1.86722354790815,1.86724282237433,1.86318554724455,1.73209026555726,1.73367077178358,1.73289015590351,1.73155058050437,1.73111690501544,1.77889830666254,1.73188788366242,1.73189752089551,1.72759931493855,1.86115209106312,1.85921500721256,1.77810805354938,1.73022064233831,1.85960049653605,1.77659500795466,1.72819682338997,1.72682833629156,1.85996671139337,1.72368659830508,1.83881298476663,1.83766615402923,1.77613242076647,1.77437844434457,1.83089117916882
1.85118719205079,1.8939379580263,1.84393035553601,1.84678297652987,1.84433511932568,1.84688898609383,1.88920607658041,1.8908925923707,1.93025105229946,1.83954541448127,1.94704874957072,1.9331904083911,1.83480389580229,1.8310646493644,1.9373055069194,1.94327095420047,1.83008165158949,1.8299949164917,1.83031294518358,1.82730612846033,1.82466552659439,1.82340304905995,2.00750311272769,1.9132991592988,1.93899202270969,1.90524243243777,1.81962525368971,1.82065643763005,1.82013602704333,1.81882536334345,1.81804474746338,1.8735166611142,1.81517285200335,1.8156643508908,1.81339960111527,1.86060276877714,1.86150866868735,1.86062204324331,1.86091116023593,1.92247380519796,1.98873941990661,1.90440399315917,1.81622331040987,1.9935483992172,1.91903331298577,1.81976017495293,1.9528503638893,1.94661507408178,1.9450056561562,1.94639341772078,1.94691382830749,1.94726076869864,1.86850529990877,2.0453003408963,1.93995574601842,1.93702602715987,1.9712189301538,1.93434687636158,1.93357589771459,1.93310367329331,1.85688279680542,1.97350295439551,1.92466145710879,2.06690701747815,2.04513650793382,1.92448798691322,1.92310022534864,1.96931075800251,1.92074874047532,1.92192448291198,1.9194669884747,1.91811777584248,1.92021869265552,1.84560723409321,1.91850326516597,1.91869600982772,1.9224448934987,2.05168982643322,1.96607264768515,1.92409286035664,1.9665737838057,1.92746589193721,1.92757190150117,1.93161953939786,1.93252543930807,1.96347059475157,1.96452105315809,1.94443705940404,1.96076253225402,1.96072398332167,2.0219782368249,2.02066757312502,2.01698615008565,2.01804624572526,2.00739710316373,2.00723327020125,2.00724290743434,2.00802352331441,1.92841034077977,1.93114731497658,2.00645265432117,2.00583587140358,2.00425536517726,1.99361585984882,2.02413697703647,2.0279244096398,2.00691524150937,2.0161091618747,2.00453484493679,1.93074255118691,2.01751619790546,2.02085068055368,2.0162633576041,2.02058083802723,2.01158929955673,2.01131945703029,2.01169530912069,1.93015467996858,1.93160026493168,2.01563693745342,2.00347474929718,1.92760081320043,2.00552747994479,2.01693796392021,2.00141238141649,1.92970173001348,1.92723459834311,2.01422026418958,2.0143551854528,1.92773573446366,2.00431318857578,2.01459611627999,1.9270129419821,1.92670455052331,2.02108197414778,2.0091028934202,2.02153492410288,1.99887778911451,1.99735510628671,1.9232062349126,2.01048101775169,2.00515162785438,2.00496852042572,2.00744528932917,1.99425191723258,1.9915727664343,1.9952252777744,1.99626609894784,1.91798285457925,1.99472414165386,1.9914956685696,2.00147020481501,2.01050992945095,1.97666396684816,1.84115483240686,1.83558451168237,1.88526444824768,1.83411001502,1.83286681195173,1.8313634035901,1.83176816737977,1.9514047789262,1.82850114536316,1.95054706518142,1.8283951357992,1.82775907841543,1.83064061110855,1.82879989958887,1.87609943958161,1.87438401209206,1.82750851035516,1.82700737423462,1.82695918806918,1.82863606662638,1.82829876346832,1.82825057730289,1.83082371853721,1.83069843450708,1.88011816577903,1.9286127226746,1.93903057164204,1.9387510918825,1.83066952280781,1.88534154611238,1.88353938352504,1.83373416292959,1.94203738836529,1.88208416132885,1.83366670229798,1.83367633953107,1.83474607240377,1.83627839246465,1.80694265494675,1.80475500303592,1.80018695455251,1.79877028128867,1.86510335662893,1.74828081714401,1.79535870077574,1.84471097141609,1.79064609379603,1.74400188565323,1.74084087320058,1.74004098285433,1.74030118814768,1.73778587031188,1.73807498730451,1.73578132582972,1.86356139933496,1.86608635440384,1.73645593214583,1.86435165244812,1.8631469983122,1.86524791512524,1.73071214122577,1.73482723975407,1.73242756871532,1.86404326098933,1.86005344649116,1.86164358995057,1.72807153935983,1.73224446128666,1.83976707084228,1.83694336154768,1.73427791746809,1.73102053268456,1.77889830666254,1.77698049727816,1.72972914345086,1.73013390724053,1.73027846573684,1.72692470862244,1.7276378638709,1.72721382561506,1.72705962988566,1.84068260798558,1.80337687870442,1.72598989701296,1.7302302795714,1.83077553237178
1.84765996474082,1.84526993093516,1.89640508969666,1.84646494783799,1.84762141580847,1.95045069285055,1.89097932746848,1.89152864975446,1.94818594307502,1.95385263613039,1.94737641549569,1.83749268383366,1.83772397742776,1.83368597676416,1.93938714926627,1.83449550434349,1.83203800990622,1.83382089802738,1.94038942150735,2.01420098972341,1.93568645176072,1.8284722336639,2.01529963429536,1.82537868184286,1.82301755973645,1.82173580773584,1.82246823745048,1.82041550680287,1.82028058553965,1.82018421320877,1.87268785906868,1.81948069519339,1.81404529573213,1.86388906525993,1.86363849719966,1.81496083287543,1.81057589182068,1.81212748634774,1.81636786890618,1.81336105218292,1.81431513825857,1.81624258487604,1.86373486953053,1.81759179750827,1.82049260466757,1.82009747811099,1.88031091044078,1.94760770908978,1.87539592156623,1.94829195263898,1.94612357519433,1.94474545086284,1.94211448622999,1.94175790860576,1.94156516394401,1.93845233765679,1.93841378872444,1.93574427515925,1.97171042904126,1.93449143485789,1.93216886168384,2.04262119009802,1.92476746667275,1.97393662988444,1.92629014950055,1.92370737103314,1.85070533039643,1.92274364772441,1.92275328495749,2.05049480953039,1.9212209648966,1.9214522584907,1.8471395541541,1.91831052050422,1.92027651605404,1.92011268309156,1.96735439968577,1.92215577650608,1.92163536591936,1.96721947842255,1.92433379118382,1.92886329073488,1.93025105229946,1.93203394042062,1.96502218927863,1.93688146866356,1.86630801076485,1.9436275318247,2.0575685386165,2.05476410378808,1.93721877182161,2.00705016277259,2.01916416476339,2.02349128241962,2.00767658292327,2.01766075640177,2.00541183314774,1.93160990216477,1.93150389260081,1.93065581608912,2.00636591922339,1.9305979926906,2.01790168722895,2.0253319939393,2.00975822527014,2.00404334604933,2.00656830111822,2.02096632735073,2.00514199062129,2.0113869176619,2.01939545835749,1.9292295055922,1.93107985434497,2.01319871748232,2.02767384157953,2.01915452753031,1.93070400225456,2.01197478888023,2.01774749149955,2.01826790208627,2.0163404554688,2.01050992945095,2.01322762918158,1.92995229807375,1.93050162035973,2.01439373438515,2.02336599838948,2.00410116944786,2.00389878755302,2.02188186449403,1.92870909500548,2.01441300885133,1.92771645999748,2.01761257023633,1.92718641217768,2.00842828710408,1.92489275070289,2.0105484783833,2.01196515164714,2.00858248283348,2.01096287940605,2.01327581534702,2.01228318033902,2.00743565209608,1.99554330646629,1.99698889142939,1.9199295756629,1.92044034901653,1.99187152066,1.99738401798597,1.99859830935498,1.91754917909032,2.00622136072708,1.9514818767909,2.04969491918414,1.88695096403797,1.88545719290943,1.83697227324694,1.83447622987732,2.05069719142522,1.83276080238777,1.95156861188868,1.8312863057254,1.8292335750778,1.82870352725799,2.03753273102789,1.82756633375369,1.82792291137792,1.93687183143047,1.82734467739268,1.94575736033701,1.94526586144955,1.82719048166328,1.82729649122724,1.82944559420572,2.04252481776714,1.82974434843143,1.83024548455197,1.82841441026537,1.83108392383057,1.82879989958887,1.94336732653135,1.94055325446984,1.93774881964142,1.83069843450708,1.83073698343943,1.83719392960795,1.83375343739577,1.91807922691013,1.83406182885456,1.83385944695973,1.83386908419282,1.75628935783961,1.85273878657786,1.80074591407158,1.79816313560417,1.86571050231344,1.86539247362156,1.74403079735249,1.8671849989758,1.85950412420518,1.86119063999547,1.73939528823747,1.78819823659184,1.86240493136447,1.73761240011631,1.73611862898777,1.73509708228051,1.8642938290496,1.7354151109724,1.73330455692626,1.86600925653915,1.86504553323041,1.73351657605419,1.78123051706968,1.73458630892688,1.73301543993364,1.85123537821623,1.86037147518304,1.73144457094041,1.73127110074483,1.72943038922515,1.77836825884274,1.72966168281924,1.7281679116907,1.72925691902958,1.7773274376693,1.77735634936857,1.77597822503707,1.72829319572084,1.72811008829218,1.72622119060706,1.72545984919316,1.77806950461703,1.7757276569768,1.72737765857754,1.72614409274236,1.72754149154003,1.72727164901358,1.72485270350865
1.97423538411014,1.8946222015755,1.89451619201154,1.84819001256063,1.95015193862484,1.84694680949236,1.84382434597205,1.84247513333982,1.93552261879824,1.93710312502456,1.94338660099752,1.83725175300648,1.88666184704535,1.8373866742697,1.94663434854796,1.94753061122508,2.01793059892821,1.82836622409994,2.03030480621238,1.94143024268079,2.01427808758811,2.01574294701738,1.93674654740033,2.01866302864285,1.82452096809808,2.02120725817791,1.82228513002182,1.81997219408085,1.82034804617126,1.81944214626105,1.82004929194555,1.86570086508035,1.81809293362882,2.00339765143248,1.81628113380839,1.92953789705099,1.81424767762696,1.81710029862082,1.81522103816878,1.92027651605404,1.99757676264772,1.81651242740249,1.86563340444874,1.81729304328257,2.00709834893803,1.81955779305809,1.95383336166421,1.95143369062546,1.95183845441513,1.97405227668148,2.05417623256976,1.94427322644156,1.87249511440694,1.94188319263589,1.94145915438005,1.94295292550859,1.93910766950673,1.86252057816152,1.93392283810574,1.93433723912849,1.93359517218077,1.93181228405961,1.92895002583266,1.92858381097534,1.92788993019305,1.92604921867337,2.05075501482374,2.04628333867121,1.84902845183923,2.04478956754267,1.92071982877606,1.92132697446056,1.92079692664076,1.92067164261062,1.97051541213843,2.06198239137051,1.92165464038553,1.96705564546006,1.9214522584907,1.85262313978081,1.92676237392183,1.92535533789108,1.9674122230843,1.96699782206154,1.96691108696375,1.96455960209044,1.86708862664493,1.96364406494714,2.05724087269153,2.06005494475304,2.02976512115948,2.02777985114349,2.01666812139377,1.93363372111312,2.00796569991589,2.00646229155426,1.93187974469122,1.931744823428,1.93296875203009,1.93148461813464,1.93018359166784,1.93004867040462,1.93039561079577,1.93163881386403,2.01447083224985,2.01509725240053,2.00877522749523,2.0231250675623,2.00684778087775,2.02799187027141,2.02168911983228,2.02379967387841,2.02362620368284,1.93285310523304,2.02552473860105,1.93233269464632,1.93152316706699,1.93110876604423,1.93181228405961,1.93123405007437,1.92996193530683,1.93124368730745,2.02436827063057,2.03745563316319,2.00492033426028,2.00501670659116,2.01659102352907,1.93042452249503,2.021216895411,2.00420717901182,2.01401788229475,2.00332055356778,2.01213862184271,2.0023953791914,2.00175932180763,1.9998800613556,1.99806826153517,2.02425262383352,2.01116526130089,2.01716925751431,1.92378446889784,2.01350710894112,2.01015335182672,2.01147365275968,1.92247380519796,1.9228978434538,1.92066200537754,1.92034397668565,1.99456994592446,2.00008244325043,1.99599625642139,1.99489761184943,2.00909325618711,1.84353522897943,1.83998872720329,1.88831945113637,1.88696060127106,1.95142405339237,1.83503518939639,2.04658209289692,1.9547585360406,1.95131804382841,1.83071770897325,1.8306020621762,1.82776871564852,2.03726288850145,1.93558044219676,1.8274025007912,1.93368190727855,1.93202430318753,1.82631349345233,1.94533332208117,1.82780726458087,1.8276337943853,1.82682426680596,1.82756633375369,1.82844332196464,1.82699773700153,1.83011056328875,1.82742177525738,1.82812529327275,1.8288480857543,1.83193200034226,1.93853907275458,1.83145013868789,1.83150796208641,1.9280826748548,1.88146737841126,1.83413892671926,1.88373212818679,1.83364742783181,1.83244277369589,1.75786022683285,1.87414308126487,1.85173651433677,1.75032391055853,1.74968785317477,1.86804271272058,1.86753193936695,1.74192024330636,1.7420455273365,1.74080232426823,1.74103361786232,1.7398289637264,1.73856648619196,1.86501662153115,1.73749675331926,1.86424564288416,1.73396952600929,1.73423936853574,1.86349393870335,1.73209026555726,1.73387315367842,1.73154094327128,1.73119400288013,1.78017042143007,1.7340369866409,1.73087597418825,1.73040374976697,1.91051399893655,1.82394273411284,1.86200016757481,1.72986406471408,1.72935329136045,1.72888106693917,1.72810045105909,1.72906417436783,1.77583366654076,1.72840884251789,1.72817754892379,1.85763450098623,1.72604772041149,1.85461804702989,1.7293147424281,1.83343540870389,1.72575860341887,1.85447348853358,1.77492776663055,1.72871723397668,1.72764750110399
1.97362823842564,1.97539185208063,1.84928865713258,1.95278290325769,1.95046033008364,1.95113493639975,1.95170353315191,1.95066271197847,1.93689110589664,1.84275461309936,1.8408946271135,1.83994054103785,1.88713407146663,1.88467657702935,1.88532227164621,1.83517011065961,1.83419675011779,1.83355105550093,1.94682709320971,2.02419480043499,2.02224807935135,2.09723539000406,1.93828850469431,1.82588945519649,1.87448038442293,1.82284408954088,1.82422221387237,1.82303683420263,1.82266098211222,1.92186665951346,1.82074317272784,1.86606707993767,1.8673391947052,1.9283910663136,1.81740869007961,1.81394892340125,1.8139103744689,1.81738941561344,1.81732195498183,2.10446331481957,1.81476808821368,1.81706174968847,1.920382525618,1.8197794494191,1.82123467161529,1.82157197477335,1.95388154782965,1.95630049333458,1.94784863991697,1.94793537501475,1.94940987167712,1.9472125825332,1.94364680629088,1.94175790860576,1.86885224029992,1.94090019486098,1.86519009172672,1.97414864901236,1.93686219419738,1.93464563058729,1.97610500732909,1.85838620516705,1.92806340038863,1.85500353635339,1.92761045043352,1.92652144309465,1.97356077779403,2.04769037470197,2.05878282998551,1.84731302434968,1.84779488600404,1.92287856898763,1.92191484567889,1.92200158077668,1.84701427012397,1.84765032750773,1.97074670573252,1.922367795634,1.92437234011617,1.9238904784618,1.9274755291703,1.9270129419821,1.85534083951144,1.9325061648419,1.93474200291816,1.96536912966978,1.94423467750921,1.94534295931425,1.963297124556,2.04521360579851,2.02622825661643,1.93683328249812,2.01310234515145,2.02246973571236,2.01672594479229,1.93376864237634,1.93248689037572,1.93736333031792,1.9332675062558,1.93169663726256,1.93066545332221,1.93203394042062,2.01476958647556,2.00828372860777,1.9304437969612,2.02387677174311,2.02055192632797,2.02132290497496,2.02162165920067,2.02658483424066,2.01493341943805,2.01904851796635,1.93393247533882,2.01849919568037,2.01582968211517,2.02060011249341,1.93138824580376,2.02136145390731,2.01757402130398,2.00903543278858,2.02018571147065,1.93177373512726,2.01533818322771,2.02066757312502,2.01744873727384,2.01048101775169,2.01995441787656,2.02336599838948,2.01469248861086,2.0039180620192,2.0046794034331,2.01067376241343,2.01875940097373,2.00323381847,1.92762008766661,1.99884887741525,2.00011135494969,2.02426226106661,1.92652144309465,2.01823899038701,2.01098215387223,2.00954620614221,1.92394830186032,2.01010516566128,1.92125951382895,1.92121132766352,1.92035361391874,1.91971755653498,1.92034397668565,1.92096075960324,1.9940880842701,1.99378933004439,1.99328819392385,1.84208964401633,1.84091390157967,1.83891899433059,1.83717465514178,1.8356326978478,1.95259979582903,1.83321375234288,1.82921430061162,1.83051532707842,1.82893482085209,2.03821697457709,1.82834694963376,1.82596655306118,1.82571598500091,1.82474262445909,1.8743551003928,1.82505101591789,1.82441495853412,1.8737383174752,1.82681462957287,1.93113767774349,1.87383468980608,1.8243571351356,1.82865534109256,1.82626530728689,1.94045688213896,1.82689172743757,1.94140133098152,1.82788436244557,1.83015874945418,1.82895409531826,1.83152723655259,1.83121884509379,1.82947450590498,2.01850883291345,1.88064821359884,1.8808313210275,1.88123608481717,1.88064821359884,1.86900643602931,1.75401497083099,1.85239184618671,1.7486759437006,1.86216400053729,1.7452450887215,1.74411753245028,1.86800416378823,1.9148989399913,1.91547717397654,1.83748304660057,1.73654266724362,1.7359451587922,1.73787260540967,1.78512395923697,1.73483687698715,1.86798488932205,1.86815835951763,1.73103980715074,1.86517081726055,1.86461185774148,1.73276487187337,1.78039207779108,1.84494226501019,1.77781893655676,1.73054830826328,1.72998934874421,1.73129037521101,1.85949448697209,1.73074105292503,1.90789267153679,1.91003213728218,1.72996043704495,1.81975053771984,1.73005680937583,1.72963277111998,1.85660331704589,1.85418437154096,1.85754776588845,1.72846666591641,1.82102265248737,1.72730056071284,1.85513845761661,1.85406872474391,1.72598025977988,1.7264910331335,1.72718491391579,1.72623082784015
1.85061859529864,1.94796428671401,1.85154376967503,1.84747685731216,1.85007891024575,1.95107711300123,1.95131804382841,1.84751540624451,1.93711276225765,1.84186798765532,1.84117410687303,1.90060692332275,1.83899609219529,1.83980561977463,1.93215922445075,1.83681807751755,1.83696263601386,1.83119957062762,1.83346432040315,1.83346432040315,1.8277879901147,1.9184068928351,1.92064273091136,1.82767234331765,1.94104475335729,1.82689172743757,2.01144474106042,1.92027651605404,1.82341268629304,1.93798011323551,1.86716572450963,1.93195684255592,1.93173518619491,1.81796764959868,2.00262667278549,1.81707138692156,2.00678032024614,2.00493960872646,1.81582818385329,1.81663771143263,1.99706598929409,1.99437720126272,1.8178038166362,1.88020490087682,1.88207452409577,1.8815926624414,1.95416102758918,1.97780116035247,1.97395590435061,1.94883163769188,1.94984354716605,1.94885091215805,1.9447743625621,1.94388773711806,1.94374317862175,2.06475791449967,2.05793475347382,1.93800902493478,1.86196161864246,1.97585443926882,1.974881078727,1.97378243415504,1.93066545332221,2.04739162047626,1.97384025755356,1.85352903969102,2.05161272856852,1.92366882210079,1.85108118248683,1.92444943798087,1.92177028718258,1.97245249598898,1.97206700666549,1.92254126582957,1.97143094928172,1.92169318931788,1.92270509879206,1.92384229229636,1.92499876026685,1.92842961524595,1.92413140928898,1.92917168219367,1.92881510456944,1.96852050488934,1.93193756808974,1.9674122230843,1.86707898941184,1.9466054368487,1.96319111499204,1.89334044957488,1.93880891528103,2.03022770834768,2.0184702839811,2.02381894834459,1.93472272845199,2.03443917920685,1.933951749805,1.93314222222566,1.93360480941386,1.93274709566908,1.9306750905553,1.93051125759281,1.93104130541262,2.00599006713298,2.02417552596882,2.03724361403527,2.01524181089684,2.03726288850145,2.01487559603952,2.01599351507765,2.02135181667422,2.02852191809122,1.93360480941386,2.01843173504875,2.02293232290055,2.01598387784457,2.0182486276201,2.02468629932245,2.02206497192269,2.00500706935807,2.02126508157644,1.93114731497658,2.0181715297554,2.01540564385933,2.01805588295835,2.00598042989989,2.01720780644666,2.01342037384333,2.013825137633,1.92918131942676,1.92976919064509,1.93071363948765,2.01831608825171,2.02818461493316,2.02752928308322,1.92938370132159,1.92764899936587,2.01788241276278,2.01899069456782,2.01118453576706,1.9253360634249,2.01122308469941,2.0078018669534,1.92214613927299,1.92636724736525,1.92397721355959,1.92004522245995,1.91871528429389,1.92047889794888,1.92077765217458,2.00760912229166,1.92005485969303,1.99369295771351,2.03175039117548,1.8397477963761,1.95379481273186,1.83820583908213,1.8367024307205,1.83333903637301,1.83368597676416,1.82943595697263,1.83086226746956,1.8784701989211,1.87712098628887,1.82806746987423,1.82760488268604,1.82756633375369,1.94701020063837,1.82703628593388,2.02999641475358,1.82399092027828,1.82670862000891,1.8738154153399,1.92138479785909,1.82558106373769,1.82566779883548,1.8248100850907,1.94358898289235,1.82719048166328,1.82773016671617,1.82800000924262,1.87746792668001,1.8285493315286,1.83054423877768,2.01742946280767,1.8309875514997,1.83164288334964,1.87925081480117,1.88047474340327,1.93721877182161,1.83239458753045,1.82997564202552,1.86388906525993,1.75711815988512,1.75239591567232,1.86446729924517,1.86358067380113,1.74605461630084,1.74274904535187,1.74379950375839,1.86220254946964,1.7403686487793,1.74154439121595,1.91056218510199,1.73760276288323,1.78472883268039,1.78242553397251,1.73513563121286,1.86469859283927,1.73428755470117,1.7328997931366,1.73349730158801,1.73108799331617,1.72888106693917,1.78203040741593,1.73230228468518,1.72890997863843,1.73028810296992,1.82490645742158,1.73041338700006,1.90541590263334,1.85731647229435,1.86150866868735,1.85852112643027,1.72616336720853,1.83019729838653,1.72437084185429,1.85478187999238,1.73024955403757,1.7277920596003,1.72707890435183,1.72753185430694,1.72713672775036,1.72724273731432,1.72761858940473,1.85351940245793,1.85066678146408,1.72689579692317,1.72621155337397,1.72482379180939
1.85114864311844,1.95733167727492,1.85207381749483,1.96036740569744,1.8492019220348,1.84923083373406,1.84990544005018,1.84911518693701,1.89886258413394,1.95039286945203,1.92653108032774,1.88957229143773,1.88752919802321,1.88770266821878,1.83858169117253,1.84064405905323,1.83733848810426,2.02830989896329,1.83436058308027,1.83432203414792,1.83339685977154,1.8280096464757,1.82774944118235,1.94356007119309,1.94164226180871,1.93851979828841,1.82587018073031,1.92136552339291,1.82384636178197,1.82323921609746,1.82421257663929,1.81958670475736,1.82032877170508,1.82009747811099,1.8180254729972,1.81900847077211,1.81755324857592,1.81846878571922,2.00600934159915,1.92490238793597,1.81897955907285,1.82128285778073,1.82025167384038,1.8216105237057,1.88201670069724,1.88359720692357,1.95706183474848,1.95352497020542,1.95146260232472,1.95080727047478,1.95032540882042,1.95001701736162,1.94846542283456,1.94610430072815,2.05079356375609,1.94387809988498,1.9399750204846,1.94092910656024,1.86342647807173,1.86218327500347,1.93659235167093,1.93373973067708,1.97581589033647,1.92958608321643,2.04884684267245,1.85763450098623,1.92685874625271,1.85084988889274,1.92658890372626,1.9250373091992,1.92468073157496,1.92443980074778,1.92376519443167,1.97153695884568,1.92333151894273,1.92325442107804,1.92241598179944,1.970688882334,1.92370737103314,1.97225011409415,1.92715750047841,1.927774283396,1.85783688288107,1.93109912881114,1.93187010745813,1.93818249513035,1.87085678478209,2.05113086691415,1.96784589857323,1.96722911565564,2.02754855754939,2.01508761516744,2.01805588295835,1.93849088658914,2.03308996657462,2.01015335182672,1.93543588370045,1.93496365927917,1.93435651359467,1.93329641795506,1.93274709566908,1.93130151070598,2.00504561829042,2.01738127664223,2.01365166743743,2.0300542381521,2.02485976951802,2.03088304019762,2.02795332133906,2.03166365607769,2.01264939519634,2.01810406912379,1.93407703383514,1.93421195509836,2.0180944318907,2.02787622347436,2.01673558202538,2.02031099550079,2.01890395947004,2.01949183068836,1.93343133921828,2.00594188096754,1.93186047022504,1.93057871822443,1.931966479789,1.93118586390893,1.92783210679453,2.02828098726403,2.023202165427,2.02277812717115,1.92930660345689,2.02375148771298,1.92921023112602,2.02146746347127,1.92715750047841,2.01398897059548,2.01668739585994,1.92726351004238,2.01699578731874,2.02829062449712,2.01158929955673,2.01335291321172,1.99772132114403,2.00400479711698,1.92374591996549,1.92162572868627,1.92420850715368,1.92216541373916,1.92062345644519,1.92113422979882,1.92079692664076,2.00980641143557,2.00809098394602,1.84330393538534,1.84057659842162,1.83714574344252,1.83564233508089,1.83455332774202,1.83198018650769,1.83407146608765,1.88017598917756,1.95007484076014,1.87955920625997,1.87767994580793,1.82741213802429,1.82775907841543,1.82513775101567,2.0437776580685,1.82707483486623,1.82695918806918,1.82503174145171,1.82391382241358,1.82610147432441,1.92081620110693,2.01814261805613,2.04185021145103,1.82683390403905,1.94579590926936,1.82552324033917,1.82438604683486,1.82795182307718,1.87754502454471,1.87736191711605,1.87694751609329,1.83065988557473,2.01068339964652,1.82987926969465,1.829917818627,1.83116102169527,1.93437578806084,1.83148868762024,2.00609607669694,1.75510397816986,1.86683805858466,1.75281031669507,1.86293497918428,1.74916744258805,1.86180742291306,1.74390551332236,1.74306707404376,1.74030118814768,1.7408215987344,1.73878814255297,1.73761240011631,1.73713053846194,1.78530706666563,1.78345671791286,1.84580961598805,1.73346838988875,1.73341056649023,1.73202280492565,1.7311458167147,1.7299989859773,1.73059649442872,1.78192439785197,1.73035556360153,1.914976037856,1.72986406471408,1.73035556360153,1.73051939656402,1.86190379524393,1.72725237454741,1.72853412654802,1.73012427000744,1.72660667993055,1.72518036943362,1.85718155103113,1.85792361797885,1.77715396747373,1.85223765045732,1.7311458167147,1.72773423620177,1.72754149154003,1.72887142970608,1.72768605003634,1.72382151956831,1.72609590657692,1.72465995884691,1.72659704269747,1.84854659018486
1.85227619938966,1.85351940245793,1.85427110663875,1.85439639066888,1.85260386531463,1.95534640725893,1.84821892425989,1.89438127074832,1.94779081651844,1.94921712701537,1.94827267817281,1.93338315305285,1.8418872621215,1.84099099944437,1.84061514735396,1.83673134241976,1.83780107529246,1.83451477880967,1.83482317026846,1.83351250656858,1.83268370452307,1.9016381072631,1.8299949164917,1.82908901658149,1.82860715492712,1.92040180008418,1.82641950301629,1.82535940737668,1.82371144051874,1.82375962668418,1.82499319251936,1.82340304905995,1.82003965471246,2.00732964253212,1.81824712935821,1.81791946343324,1.81852660911775,1.81915302926842,1.81790018896707,1.82049260466757,1.81903738247138,2.01761257023633,1.82078172166019,1.82308502036807,1.88226726875751,1.88354902075813,1.95677271775586,1.95534640725893,1.9563583167331,1.97809991457817,1.97818664967596,1.95126022042989,1.97603754669748,1.97728074976575,1.94557425290835,1.94430213814082,1.86820654568306,1.93852943552149,1.94006175558238,1.93721877182161,1.97873597196194,1.97729038699884,1.93169663726256,2.06003567028687,1.93105094264571,1.92746589193721,1.8540012641123,1.92767791106513,1.97740603379588,1.9763266636901,1.85221837599114,1.92332188170965,1.85238220895363,2.05481228995352,1.97090090146192,1.92383265506328,1.85157268137429,1.92451689861248,1.85266168871316,1.85510954591735,1.92840070354668,1.93048234589355,1.85812599987369,1.9705346866046,2.06071991383607,1.94010030451473,1.94531404761499,1.94695237723984,2.05902376081269,2.05795402794,2.01692832668713,2.05059118186126,1.93805721110021,1.93731514415249,2.01145437829351,1.93674654740033,1.93540697200119,1.93371081897782,1.93470345398581,1.93411558276748,1.93341206475211,1.93269890950364,2.01067376241343,2.01567548638577,2.0381398767124,1.93345061368446,2.02394423237472,2.02090850395221,2.03012169878372,2.03452591430464,2.02943745523451,2.01847992121419,1.93373973067708,2.01529963429536,2.02330817499096,1.93374936791017,2.02114943477939,2.01429736205428,2.02799187027141,2.01956892855306,2.01394078443005,2.02377076217915,1.93218813615001,2.01421062695649,1.93169663726256,2.02075430822281,2.01193623994788,1.9334217019852,2.01871121480829,2.02043627953093,1.93066545332221,1.92985592574287,2.01018226352598,2.023202165427,1.9288440162687,2.03768692675729,2.01158929955673,2.00732000529903,2.00094015699521,2.00405298328242,2.02130363050879,2.00889087429227,2.00670322238144,1.92363027316844,2.00516126508747,1.92473855497349,1.9217606499495,1.92180883611493,1.91993921289599,1.92071982877606,2.01120381023324,2.02682576506784,1.89273330389038,1.84261969183613,1.95855560587702,1.83739631150279,1.94595974223184,1.94227831919247,1.89452582924463,1.94756916015743,1.83217293116944,1.83078516960486,1.87879786484607,1.8773233681837,1.8267953551067,1.87428763976118,2.03616424392949,1.94746315059347,1.82669898277582,1.82561961267004,1.82363434265404,1.82286336400706,2.03900722769026,1.82387527348123,1.82515702548185,1.82531122121124,1.82708447209932,1.82577380839944,1.82652551258025,1.91348226672746,1.91184393710261,1.87594524385221,1.82745068695664,1.87736191711605,1.87581995982207,1.83040931751446,2.01038464542081,2.01625372037101,1.83122848232688,1.83105501213131,2.00914144235254,2.00737782869756,1.75590386851611,1.86401434929006,1.86425528011725,1.74888796282852,1.74787605335435,1.74754838742938,1.85909936041551,1.8538470683829,1.7383833787633,1.73802680113907,1.73744856715383,1.85932101677652,1.85826092113691,1.78405422636428,1.73466340679158,1.73346838988875,1.78278211159675,1.78062337138518,1.8626169504924,1.73058685719563,1.84370869917501,1.84103918560981,1.85874278279128,1.78522996880093,1.72894852757078,1.72861122441272,1.7287075967436,1.72830283295393,1.83389799589208,1.72754149154003,1.83472679793759,1.8322018428687,1.72652958206585,1.85408799921009,1.83248132262824,1.72609590657692,1.72892925310461,1.72802335319439,1.77538071658566,1.850878800592,1.85463732149607,1.72719455114888,1.72600917147914,1.84998253791487,1.72731983517902,1.72461177268147,1.72427446952341,1.72570078002034
1.85356758862337,1.8535483141572,1.8542325577064,1.85413618537552,1.85406872474391,1.8527098748786,1.85122574098314,1.85052222296777,1.89704114708043,1.89413070268805,1.94971826313591,1.84369906194192,2.11813854857053,1.84038385375987,1.948735265361,1.83811910398434,1.88495605678889,1.93624541127979,1.83706864557782,2.00774404355488,1.93167736279638,1.88105297738851,1.8803687338393,1.8301491122211,1.83036113134902,1.82751814758825,1.82754705928751,1.82666043384347,1.82407765537606,1.82573525946709,2.01006661672893,2.00972931357087,2.01774749149955,1.93396138703809,1.93127259900671,1.81773635600458,1.81855552081701,1.82141777904395,1.92786101849379,1.93070400225456,1.81968307708823,1.82070462379549,1.92073910324224,1.92021869265552,1.88243110172,1.8838766866831,1.95810265592191,1.95587645507873,1.8825852974494,1.97798426778113,1.9779264443826,1.95086509387331,1.87528027476918,1.94749206229273,1.94603684009654,1.94318421910269,1.9414977033124,2.0504851722973,1.93932932586774,1.93854870998767,1.93761389837819,1.9340288476697,1.93422159233145,1.85802962754282,1.97662541791581,1.97674106471286,1.85486861509016,1.93078110011926,1.85448312576667,2.05862863425611,1.92718641217768,1.85060895806555,1.85093662399052,1.92458435924409,1.92370737103314,1.92420850715368,1.92415068375516,1.92577937614692,1.92523005386094,1.85439639066888,1.93064617885604,1.93096420754792,2.05435933999842,1.96942640479955,1.96974443349144,1.94197956496677,2.0539931251411,1.94670180917957,1.96727730182107,2.06463263046954,2.0210626996816,1.94064962680071,1.93787410367155,2.02064829865885,2.01089541877444,1.93617795064818,1.9355515304975,1.93404812213587,1.93383610300795,1.93563826559529,1.9344046997601,2.01006661672893,2.00853429666804,2.01980022214716,2.02157347303523,2.0174101883415,2.02538018010474,2.02358765475049,2.02259501974249,2.02369366431445,1.93355662324842,1.93424086679762,1.93352771154916,2.02786658624128,2.02636317787965,2.01744873727384,2.01864375417668,1.93449143485789,1.93251580207498,1.93325786902271,2.01787277552969,2.02189150172712,2.02450319189379,2.03121070612259,2.01788241276278,2.01976167321481,1.93171591172873,1.93172554896182,1.93072327672074,2.02232517721605,1.93013540550241,2.02409842810412,2.01018226352598,2.02055192632797,1.92843925247903,2.01479849817482,2.01261084626399,2.01032682202229,2.01716925751431,1.92585647401162,2.00073777510037,2.00718508403581,2.0181715297554,1.92341825404052,1.92367845933388,1.92361099870227,1.92254126582957,1.92174137548332,1.9219823063105,1.92004522245995,2.00197134093555,1.99965840499459,2.00081487296507,1.84260041736996,1.95927839835857,1.95771716659842,1.91502422402143,1.89647255032828,1.89499805366591,1.83390763312517,2.05003222234219,1.82961906440129,1.8288480857543,1.95031577158733,1.82828912623524,1.82618820942219,1.82544614247447,1.82727721676107,1.82440532130103,1.82194782686376,1.8234415979923,1.82382708731579,2.04696758222041,1.82377890115036,1.82147560244248,2.02331781222404,1.8251955744142,1.8259569158281,1.82490645742158,1.91371356032155,1.8274795986559,1.99898379867847,1.92578901338001,1.8293106729425,1.82738322632503,1.94166153627488,1.82769161778382,2.02076394545589,1.82945523143881,2.01342037384333,1.82867461555873,1.92458435924409,1.75656883759914,1.75214534761204,1.7517213093562,1.75137436896506,1.85852112643027,1.85777905948254,1.85698880636938,1.85644912131649,1.83815765291669,1.83742522320205,1.86373486953053,1.85734538399361,1.73516454291212,1.73688960763476,1.73363222285124,1.78095103731015,1.78289775839379,1.78080647881384,1.78025715652786,1.72891961587152,1.72893889033769,1.83436058308027,1.85982215289706,1.72981587854864,1.86065095494258,1.73066395506033,1.79138816074375,1.78947998859246,1.77721179087226,1.776190244165,1.77718287917299,1.72942075199206,1.72723310008123,1.72396607806462,1.85280624720947,1.85161123030664,1.85483006615781,1.85764413821932,1.72613445550927,1.72431301845576,1.72778242236721,1.7258067895843,1.72454431204986,1.77393513162255,1.72721382561506,1.72562368215564,1.72133511343177,1.72224101334198
1.85463732149607,1.90196577318807,1.85235329725436,1.85419400877405,1.85427110663875,1.85304717803665,1.85071496762951,1.89711824494513,1.8958461301776,1.89523898449309,1.95862306650863,1.84426765869407,1.88907115531719,1.89026617222002,1.95085545664022,1.83909246452616,1.84016219739886,1.83823475078139,1.88447419513452,2.01156038785747,1.83374380016268,1.88270094424644,1.83413892671926,1.83035149411593,1.91781902161677,1.94361789459162,1.83055387601077,1.9123836221555,1.91333770823115,1.8248100850907,1.82477153615835,1.82357651925552,1.82405838090989,1.82174544496892,1.82035768340434,1.93758498667893,1.82125394608147,1.82080099612636,1.82217912045785,1.82189000346523,1.82157197477335,1.99552403200011,1.99710453822644,1.82449205639882,1.8249642808201,1.82786508797939,1.88396342178089,1.9565896103272,1.97934311764644,1.97674106471286,1.95206974800923,1.87707280012343,1.87712098628887,1.94636450602151,1.94595010499876,1.94442742217095,1.97786862098408,2.07085828304397,1.86630801076485,1.94039905874044,1.97833120817227,1.97926601978174,1.86006308372425,1.93411558276748,1.93126296177363,1.9773192986981,1.92770682276439,1.92911385879515,1.92727314727546,1.92661781542552,1.92794775359158,1.92405431142429,1.92524932832712,1.92644434522995,1.92467109434188,1.92448798691322,1.92517223046242,1.92718641217768,1.97140203758246,1.85502281081956,1.92797666529084,1.93092565861557,1.93314222222566,1.93398066150426,1.86371559506436,1.96934930693486,1.94196992773368,1.96774952624235,1.95081690770787,2.05593984622474,1.9416518990418,1.94024486301104,2.02195896235873,1.93817285789726,2.01035573372155,1.93823068129579,1.93505039437696,1.93530096243723,1.93688146866356,1.93513712947474,1.93409630830131,1.93474200291816,2.01883649883842,2.01637900440115,2.03088304019762,2.03151909758138,2.0244935546607,2.02252755911088,2.00903543278858,2.00740674039682,2.01780531489808,2.02055192632797,2.02483085781876,1.93517567840709,2.02040736783166,1.93554189326441,2.01811370635687,2.02052301462871,1.9333446041205,1.93346025091754,2.01713070858196,1.93261217440586,1.93335424135358,2.02767384157953,1.93405775936896,2.02238300061457,2.02395386960781,2.0177089425672,2.01102070280458,2.02044591676401,1.93137860857068,1.93030887569798,1.92982701404361,2.01706324795035,2.01317944301615,2.01819080422157,1.9281597727195,1.92841997801286,1.92783210679453,2.01216753354197,2.02340454732183,2.01384441209917,2.01129054533103,1.92306167641629,1.92230033500239,1.92123060212969,1.92512404429698,1.92200158077668,1.92149080742305,1.92192448291198,2.01307343345219,2.01112671236854,1.92354353807066,1.95698473688378,1.95790027402708,1.88714370869972,1.88575594713514,1.83482317026846,1.94083273422937,1.83408110332074,1.94800283564636,1.82986963246156,1.82895409531826,1.94356007119309,1.82482935955688,1.88611252475937,1.82442459576721,1.82456915426352,1.82017457597568,1.87358412174581,1.82552324033917,1.82391382241358,1.82329703949599,1.82307538313498,1.8219189151645,1.8244342330003,1.94415757964451,1.82432822343633,1.82332595119525,1.82394273411284,1.82425112557164,1.8265640615126,1.87501043224274,1.87594524385221,1.87687041822859,1.82813493050584,1.92897893753192,1.82613038602367,1.8276337943853,2.03541253974867,1.82608219985823,1.87706316289034,1.86281933238723,1.75744582581009,1.7525597486348,1.75178876998781,1.85867532215967,1.85753812865536,1.74455120793921,1.74073486363662,1.74043610941091,1.73867249575592,1.86395652589154,1.73394061431003,1.73688960763476,1.73447066212983,1.73528982694226,1.78153890852848,1.73132892414336,1.73156021773745,1.85822237220456,1.73103016991765,1.86096898363446,1.72983515301482,1.86050639644627,1.72657776823129,1.7285534010142,1.72927619349575,1.72840884251789,1.72799444149513,1.77672992921789,1.72872687120977,1.83928520918791,1.77634443989439,1.77406041565269,1.72435156738811,1.72473705671161,1.72430338122268,1.72707890435183,1.85039693893763,1.72632720017102,1.72441902801972,1.72751257984076,1.7251225460351,1.81751469964357,1.72392752913227,1.85396271517995,1.85372178435277,1.72364804937273,1.84203182061781
1.85733574676053,2.11672187530669,1.90371011237688,1.85722009996348,1.8517943377353,1.85266168871316,1.85378924498438,1.85054149743394,1.89701223538117,1.89506551429752,1.84701427012397,1.89507515153061,1.89323444001092,1.84181980148988,1.84207036955016,1.93197611702209,1.88698951297032,1.88574630990205,1.83813837845051,1.93635142084375,1.88286477720893,1.83506410109565,1.94933277381242,2.02216134425356,1.82881917405504,2.01750656067237,1.82772052948308,1.91296185614074,1.91388703051713,2.02447428019453,1.94742460166112,1.82547505417373,1.82491609465466,1.92424705608603,1.82361506818787,1.93972445242433,1.82175508220201,1.82285372677397,1.92489275070289,1.92731169620781,1.82288263847323,1.82489682018849,1.99849229979102,2.10432839355635,1.82360543095478,1.82843368473155,1.98347749064092,1.95952896641884,1.95450796798033,1.97913109851852,1.95206011077614,1.95145296509164,1.95166498421956,1.94777154205227,1.87401779723474,1.94694274000675,1.9437046296894,1.97881306982664,1.98060559518089,1.86549848318552,1.98029720372209,1.93616831341509,1.98122237809848,1.97670251578051,1.93101239371336,1.931966479789,1.97924674531557,1.85487825232325,1.92882474180253,1.97717474020179,1.92364954763462,1.92698403028284,1.9241988699206,1.92599139527484,1.92726351004238,1.92474819220658,1.85110045695301,1.8514859462765,1.92762972489969,1.92878619287018,1.92727314727546,1.85818382327221,1.86158576655205,1.93442397422628,1.97102618549206,1.94036050980809,1.94455270620109,1.97012028558184,1.96790372197175,1.96720020395637,1.9411122139889,2.02555365030031,2.02393459514163,2.0224408240131,2.03425607177819,2.01098215387223,2.01473103754321,2.01163748572217,1.93561899112911,2.01032682202229,1.93528168797105,2.0189328711693,2.00846683603643,1.93464563058729,2.02345273348727,2.02506215141286,2.00771513185562,1.93501184544461,2.02575603219515,2.02734617565456,2.01918343922957,2.02015679977139,2.0120711612111,2.02094705288456,2.01395042166313,2.02351055688579,2.01446119501676,1.93497329651226,2.02890740741471,2.02198787405799,2.01379622593374,2.02712451929355,2.03712796723822,2.0084861105026,2.01026899862377,1.93351807431607,2.03502705042518,2.01547310449094,2.01036537095464,2.01651392566437,1.93086783521705,1.93057871822443,2.02283595056968,1.9302896012318,2.02598732578924,2.0201471625383,2.01153147615821,1.92734060790707,2.02471521102171,2.00458303110223,2.00778259248723,2.0114640155266,1.92569264104914,2.02084104332059,1.92356281253683,1.92359172423609,1.92228106053621,1.921375160626,1.92079692664076,1.91988138949746,1.99708526376026,1.994849425684,1.95111566193358,1.95739913790653,1.84094281327893,1.83983453147389,1.83772397742776,1.95062416304612,1.8350255521633,1.89061311261116,1.83049605261224,1.83035149411593,1.82819275390436,1.82704592316697,1.8266411593773,1.92603958144028,1.92455544754483,1.82734467739268,1.82449205639882,1.82292118740558,1.95046996731673,1.94718367083394,1.94656688791635,1.82076244719401,1.82310429483424,1.82245860021739,1.82217912045785,1.82426076280472,1.942336142591,1.94106402782347,1.9450056561562,1.82751814758825,1.82117684821677,1.82550396587299,1.94032196087574,1.82503174145171,1.92386156676254,1.92243525626561,1.82772052948308,1.82821202837054,1.82710374656549,1.87649456613819,1.86016909328821,1.75506542923751,1.8631469983122,1.75166348595768,1.85793325521194,1.74730745660219,1.79399985091043,1.79216877662383,1.74018554135064,1.73742929268765,1.7379304288082,1.73453812276145,1.73391170261077,1.73308290056526,1.73230228468518,1.73269741124176,1.73329491969318,1.86121955169473,1.73148311987275,1.72892925310461,1.77798276951924,1.7778671227222,1.72858231271346,1.84742867114672,1.72920873286414,1.72893889033769,1.72762822663781,1.79894375148424,1.77458082623941,1.72575860341887,1.77510123682612,1.77456155177323,1.78223278931077,1.7251225460351,1.72586461298283,1.72379260786905,1.72302162922206,1.77338580933658,1.77503377619451,1.72661631716364,1.84875860931278,1.81761107197445,1.72337820684629,1.7251996438998,1.72528637899759,1.85083061442656,1.85065714423099,1.72467923331308
2.13142829299799,1.85594798519595,1.85748994248992,1.92034397668565,1.85517700654896,1.9569654624176,1.8546855076615,1.85070533039643,1.85069569316334,1.85015600811045,1.89515224939531,1.89593286527538,1.89677130455398,1.84447967782199,1.84365087577648,1.84224383974573,1.84070188245175,1.83870697520267,1.83782998699172,1.8851777131499,1.83716501790869,1.94808957074415,2.03055537427265,1.94083273422937,1.92710931431298,1.83057315047694,1.94503456785546,1.82756633375369,1.94092910656024,1.92672382498948,1.92815013548641,1.93022214060019,1.87192651765478,1.82546541694064,1.8714542932335,1.82076244719401,1.82162016093879,1.92421814438677,1.93680437079886,1.82430894897016,1.91143917331294,1.82650623811408,1.99997643368647,1.82521484888037,1.82672789447509,1.8277879901147,1.88396342178089,1.88424290154042,1.95835322398218,1.88147701564435,1.9552885838604,1.95102892683579,1.95021939925645,1.95006520352706,1.98125128979774,1.94900510788745,1.87056766778946,1.87085678478209,1.9411122139889,1.98284143325715,1.93985937368755,1.93766208454363,2.06415076881517,1.86080515067197,1.93193756808974,1.97898654002221,1.97995990056403,1.98038393881988,1.93004867040462,1.93119550114202,1.85283515890873,1.92707076538063,1.92762972489969,1.9256444548837,1.85372178435277,1.97468833406525,1.92500839749993,1.92615522823733,1.97389808095209,1.97227902579341,1.92845852694521,1.93133042240524,1.9341830433991,1.93802829940095,1.9727416129816,1.97063105893547,1.97064069616856,1.96868433785183,1.96769170284383,2.06006458198613,2.03564383334277,1.940350872575,2.02087959225294,2.02105306244852,2.03147091141595,2.01078940921048,2.01234100373755,2.01139655489499,1.93706457609222,1.93708385055839,1.93711276225765,2.01026899862377,2.01147365275968,2.02812679153463,2.019009969034,2.00802352331441,2.0185473818458,2.01017262629289,2.04447153885079,1.93548406986589,1.9347130912189,2.02214206978739,2.01954965408689,2.02471521102171,2.01628263207027,1.93518531564018,2.02378039941224,2.02545727796944,2.02463811315701,1.93534914860267,1.93524313903871,2.02767384157953,2.01394078443005,2.00920890298416,2.02733653842147,2.0377543873889,2.02489831845037,2.01794987339439,2.01703433625109,1.93362408388003,2.02145782623818,2.01633081823571,2.01388296103152,2.02349128241962,2.02065793589193,2.02013752530522,2.01526108536302,2.02834844789564,2.01787277552969,2.01794987339439,1.99817427109913,2.01898105733473,2.02015679977139,2.01431663652045,1.92703221644828,1.92335079340891,1.92401576249194,1.92173173825023,1.92311949981481,1.92148117018996,1.99732619458745,2.01742946280767,1.99351948751794,1.94729931763099,1.8889073223547,1.84046095162457,1.94742460166112,1.83497736599786,1.83378234909503,2.04662064182927,1.92254126582957,1.95149151402399,1.94953515570725,1.82882881128813,1.82849150813007,1.8264869636479,2.02827135003094,1.82401019474445,1.87147356769968,1.82162979817188,2.02359729198358,1.821533425841,1.82291155017249,1.82151415137483,1.9470583868038,1.82147560244248,1.82188036623215,2.02776057667731,1.82280554060853,1.82396200857901,1.82408729260915,1.91130425204971,1.82102265248737,1.82509920208332,1.82505101591789,1.9374597026488,1.92528787725947,1.82482935955688,2.02115907201248,2.00819699350998,1.82751814758825,1.87688969269477,1.75841918635191,1.90785412260444,1.75138400619814,1.74851211073811,1.74711471194044,1.74567876421043,1.84136685153478,1.74286469214892,1.78865118654695,1.78642498570377,1.73706307783033,1.85772123608402,1.73475014188937,1.8585018519641,1.85640093515105,1.73306362609908,1.91319314973484,1.73092416035369,1.85608290645917,1.72995079981187,1.77800204398542,1.72733910964519,1.72731019794593,1.72926655626266,1.7267994245923,1.73063504336107,1.7284763031495,1.77610350906721,1.84203182061781,1.72509363433584,1.78648280910229,1.72517073220054,1.80783891762387,1.72483342904248,1.83724211577339,1.72433229292194,1.7253538396292,1.77385803375786,1.72456358651603,1.8505704091332,1.72550803535859,1.72525746729832,1.72533456516302,1.724891252441,1.72381188233522,1.72171096552218,1.7242070088918,1.72419737165871
1.85921500721256,1.85943666357357,1.96628466681308,1.85633347451944,1.85600580859447,1.85677678724146,1.85243039511906,1.85350976522485,1.85336520672854,1.85018491980971,1.93341206475211,1.9408905576279,1.95470071264208,1.95737022620727,1.84247513333982,1.84053804948927,1.94196992773368,1.95363097976938,1.94702947510454,1.95102892683579,1.93186047022504,1.83478462133611,1.83517011065961,1.94383955095263,1.94595974223184,1.83137304082319,2.02259501974249,2.02410806533721,1.82827948900215,1.87498152054347,1.87507789287435,1.93079073735235,1.93689110589664,1.82492573188775,1.82476189892527,1.93573463792616,1.82416439047385,1.94112185122199,1.93694892929517,1.82558106373769,1.87397924830239,1.87443219825749,2.10357668937554,1.82706519763314,1.82853005706242,1.82910829104766,1.9615431481341,1.96059869929154,1.88467657702935,1.88518735038298,1.95532713279275,1.98279324709172,1.95381408719804,1.95137586722694,1.98401717569381,1.94732822933025,2.06018022878318,1.98130911319626,1.94387809988498,1.94101584165803,1.86713681281037,2.05752035245107,2.06426641561222,1.98058632071471,1.93243870421029,1.9336433583462,1.93096420754792,1.93017395443476,1.8569020712716,1.85459877256372,1.92770682276439,1.92841997801286,1.97762769015689,1.97697235830695,1.92734060790707,1.92470000604114,1.85425183217257,1.92781283232835,1.93041488526194,1.93136897133759,1.93095457031483,1.93182192129269,1.86094970916828,1.86374450676362,1.8659707076068,1.97072743126635,1.94410939347907,1.96576425622636,1.96897345484445,1.97650013388567,2.02447428019453,2.04127197746579,2.04497267497133,2.02116870924556,2.03101796146084,2.0153478204608,2.01472140031012,1.93824031852887,1.93832705362666,1.93735369308484,1.93700675269369,1.93641888147536,2.01077977197739,2.03740744699776,2.03400550371792,1.9355515304975,2.03187567520562,2.01888468500386,2.02590059069146,2.02652701084213,2.03822661181018,2.02206497192269,2.02434899616439,2.02102415074925,2.02089886671912,2.04121415406726,2.01979058491407,2.01291923772279,2.02133254220805,1.93542624646737,2.02078321992207,1.93596593152026,2.02790513517363,2.02515852374373,1.93421195509836,2.02212279532121,1.93269890950364,2.0140564312271,2.01737163940915,2.01137728042881,1.93328678072197,2.01684159158934,2.02057120079415,2.02054228909489,1.92846816417829,2.01344928554259,2.0135938440389,2.01596460337839,2.02336599838948,2.01815225528922,2.02222880488517,1.92549989638739,1.92495057410141,2.01152183892512,1.92369773380005,1.92741770577177,1.92559626871826,1.92234852116782,1.92421814438677,1.92427596778529,1.92182811058111,2.00139310695031,2.00044865810775,1.84368942470883,1.84092353881276,1.84073079415101,1.83541104148679,1.83382089802738,1.83407146608765,1.94762698355596,1.83072734620634,1.95251306073125,1.82710374656549,1.82777835288161,1.82699773700153,1.90852872892056,1.8224489629843,1.82419330217311,1.82158161200644,1.87118445070706,1.87142538153424,1.82205383642772,1.82222730662329,1.82295973633793,1.82295973633793,1.8210033780212,1.82358615648861,1.82320066716511,1.91393521668256,1.82119612268294,1.82377890115036,1.82155270030718,1.82064680039696,2.01832572548479,1.94037978427427,1.82463661489513,1.91854181409832,1.8255714265046,1.82618820942219,2.01506834070127,1.94749206229273,1.82338377459377,1.86555630658404,1.75390896126703,1.75413061762804,1.74790496505361,1.74563057804499,1.79487683912138,1.84240767270821,1.74043610941091,1.78787057066687,1.84027784419591,1.85781760841489,1.83549777658458,1.83412928948617,1.85869459662584,1.8566707776775,1.85645875854958,1.72964240835307,1.7293918402928,1.8281638422051,1.77827188651186,1.77719251640608,1.83051532707842,1.72886179247299,1.85600580859447,1.86072805280728,1.72524783006524,1.72734874687828,1.72548876089242,1.72508399710275,1.7770286834436,1.84367015024266,1.81719667095169,1.81454643185267,1.72483342904248,1.83878407306737,1.72564295662182,1.84375688534044,1.77384839652477,1.77241244879475,1.72704999265257,1.72486234074174,1.72532492792993,1.82424148833855,1.89999977763825,1.84929829436567,1.72464068438073,1.84739012221438,1.7229156196581
1.95676308052277,1.8581163626406,1.85812599987369,1.85702735530173,1.85565886820333,1.85549503524084,1.85225692492349,1.85459877256372,2.11975760372921,1.84829602212459,1.84899954013996,1.84978015602004,1.89492095580121,1.95832431228292,1.841501772798,1.84255223120452,1.9540742924914,1.95417066482227,1.95454651691268,1.95510547643174,1.95406465525831,1.83481353303538,1.83503518939639,1.94409975624598,1.8312863057254,1.88139991777965,1.87912553077104,1.87851838508653,1.87843164998875,1.82935885910793,1.82864570385947,2.01117489853398,1.82689172743757,1.8272483050618,1.82668934554274,1.93737296755101,1.87245656547459,1.94071708743232,1.8770920745896,1.87371904300903,1.91391594221639,1.87459603121998,1.93053053205899,1.83065988557473,1.83110319829675,1.82844332196464,1.96214065658551,1.88782795224892,1.88766411928643,1.9577268038315,1.98382443103206,1.9565896103272,1.95391045952891,1.95269616815991,1.98343894170857,2.05746252905254,1.94655725068326,1.94087128316172,1.94329986589973,1.9417289969065,1.94400338391511,1.94016776514634,1.93610085278348,1.93223632231545,1.93346025091754,1.98341966724239,1.85868495939276,1.92959572044951,1.85725864889583,1.92725387280929,1.92881510456944,1.85479151722546,1.92746589193721,1.92283038282219,1.92547098468813,1.92807303762171,1.92698403028284,1.92809231208789,1.85518664378205,1.93055944375825,1.93096420754792,1.9331904083911,1.93491547311374,1.97367642459108,1.97300181827496,1.94382991371954,1.87670658526611,1.94866780472939,1.97051541213843,2.05715413759375,1.94352152226074,2.02900377974558,2.02976512115948,1.94198920219985,1.9405050683044,2.02179512939624,2.01389259826461,2.01445155778368,1.93957025669493,1.93724768352088,1.93931005140157,1.94038942150735,2.0123024548052,2.02401169300633,2.01868230310903,1.93439506252702,1.93586955918938,2.02751000861704,2.04135871256357,1.93492511034682,2.03673284068164,2.02703778419576,2.00988350930027,2.02844482022652,2.01872085204138,2.01329508981319,2.01482740987408,1.9347901890836,2.01510688963362,1.9358599219563,2.01319871748232,2.02338527285566,2.03092158912997,2.03126852952111,2.0077247690887,1.9344046997601,2.02431044723204,2.01759329577016,2.01585859381443,2.01484668434026,1.93424086679762,1.93260253717277,2.01407570569327,2.01337218767789,2.01296742388822,2.01480813540791,2.01236991543681,2.0169476011533,2.01127127086485,2.02349128241962,2.02135181667422,1.9263286984329,1.92475782943966,2.02356838028432,1.92553844531974,1.92385192952945,1.92295566685233,1.92288820622072,1.92150044465614,1.92072946600915,1.99483015121782,1.92110531809956,2.00161476331132,1.84220529081338,2.03674247791473,1.83933339535335,1.83524720852431,1.83264515559072,1.83283790025247,1.88059039020031,1.83175853014669,1.83068879727399,1.87442256102441,1.82558106373769,1.82497391805319,1.82210202259316,1.82353797032317,2.03797604374991,1.82138886734469,1.82152378860791,1.82306574590189,1.82081063335945,1.82178399390127,1.82166834710422,1.94501529338928,1.82186109176597,1.82118648544986,1.82262243317987,1.82200565026228,1.82113829928442,1.91386775605095,2.05064900525978,2.02102415074925,1.8214563279763,1.87376722917447,2.01421062695649,2.011618211256,2.02872429998605,2.0094787455106,2.03698340874191,2.00740674039682,1.89697368644882,1.757436188577,1.75236700397305,1.75237664120614,1.7491288936557,1.74714362363971,1.74508125575901,1.7922651489547,1.74113962742628,1.84076934308336,1.7382291830339,1.73645593214583,1.73535728757387,1.85752849142227,1.85787543181342,1.73200353045947,1.82440532130103,1.85630456282018,1.73042302423315,1.7276378638709,1.72745475644224,1.77738526106783,1.72799444149513,1.85706590423408,1.72707890435183,1.72461177268147,1.72514182050127,1.72520928113289,1.72529601623067,1.72602844594531,1.82122503438221,1.72374442170361,1.72439011632046,1.72514182050127,1.72414918549328,1.84582889045422,1.72360950044039,1.72187479848466,1.72447685141825,1.72386006850066,1.72365768660582,1.72147967192808,1.77186312650877,1.81630040827457,1.72339748131246,1.84804545406432,1.72096889857445,1.77151618611763,1.72396607806462
1.85813563710678,1.85685388510616,1.85855003812953,1.90505932500911,1.90395104320406,1.96452105315809,1.85330738333001,1.96069507162241,2.03768692675729,1.85099444738905,1.849886165584,1.84922119650097,1.89608706100478,1.84625292871007,1.96096491414886,1.84339067048312,2.02790513517363,1.84197399721928,1.95075908430935,1.83803236888655,1.93405775936896,1.83618202013378,1.8347942585692,1.88364539308901,1.83176816737977,1.8341871128847,1.88042655723783,1.87951102009453,1.83038040581519,1.82826985176906,1.82733504015959,1.94382027648645,1.82756633375369,1.82723866782872,1.92123060212969,1.82517629994802,1.82430894897016,1.87395033660313,1.82689172743757,1.82379817561653,1.89702187261425,1.82784581351322,1.82913720274692,1.82905046764914,1.91719260146609,1.88166012307301,1.96300800756338,1.98673487542444,1.9602421216673,2.0645844443041,1.98500981070181,1.88244073895309,1.9504121439182,1.98416173419012,1.95092291727183,1.9506434375123,1.98367023530266,1.94169044797415,1.98287034495641,2.06352434866449,1.94098692995877,1.94101584165803,2.0651144921239,2.06705157597446,1.93769099624289,1.98358350020488,1.98123201533156,1.93430832742923,1.92902712369736,1.85395307794686,1.85387598008217,1.92897893753192,1.9280826748548,1.85539866290997,1.92709967707989,1.92913313326132,1.97926601978174,1.92903676093045,1.93076182565308,1.9313593341045,1.85832838176852,1.97475579469686,1.9363128719114,2.06784182908762,1.97156587054495,1.97257778001912,1.94837868773677,1.97140203758246,1.96906982717532,2.05165127750087,1.9441672168776,2.02722089162442,2.03435244410907,2.02586204175911,2.01857629354507,2.03575948013982,2.01425881312193,2.01434554821972,1.94002320665003,1.93854870998767,1.93776809410759,1.93813430896491,2.01310234515145,2.01044246881934,2.00802352331441,1.9374597026488,2.03118179442333,1.93718986012235,2.03662683111768,2.02013752530522,2.03070957000205,2.0278473117751,1.93771027070907,2.03448736537229,2.02581385559367,2.03540290251559,1.93436615082776,2.0385928266675,2.02193968789255,1.93575391239234,1.93665017506946,1.93596593152026,2.02089886671912,2.03368747502604,2.0078789648181,1.93523350180562,2.02333708669022,2.02107233691469,2.02702814696268,2.01448046948294,1.93383610300795,1.93221704784928,1.93286274246613,2.02094705288456,1.93141715750303,2.02733653842147,2.02112052308013,2.0253319939393,2.02108197414778,2.03175039117548,1.92745625470412,1.92679128562109,1.92428560501838,1.92475782943966,1.92433379118382,1.92398685079267,1.92441088904852,1.92267618709279,1.92435306564999,1.99773095837712,1.99519636607514,1.99373150664586,1.89371630166529,1.8418872621215,1.95055670241451,1.83849495607475,1.83599891270512,1.83386908419282,1.88088914442602,1.87957848072614,1.92727314727546,1.94964116527121,1.82849150813007,1.82512811378258,1.82333558842834,2.04572437915214,1.82382708731579,1.82073353549475,1.82057933976535,1.82089736845724,1.81957706752427,1.81821821765895,1.81885427504272,1.82354760755626,1.81827604105748,1.9417289969065,1.94349261056148,1.8217647194351,1.82117684821677,1.82146596520939,1.82242968851813,1.82159124923953,1.94064962680071,1.82147560244248,1.93716094842309,1.91099586059092,1.82403910644371,1.82463661489513,1.9348672869483,2.02088922948603,1.88831945113637,1.84777561153787,1.84597344895053,1.75374512830455,1.75361984427441,1.85484934062399,1.74514871639062,1.74374168035987,1.74136128378729,1.84425802146099,1.801565078884,1.85200635686322,1.73752566501853,1.73483687698715,1.73385387921224,1.73237938254988,1.82840477303229,1.85109081971992,1.85500353635339,1.8541554598417,1.84519283307046,1.81405493296521,1.72702108095331,1.72726201178049,1.72697289478787,1.85752849142227,1.85705626700099,1.85355795139028,1.72330110898159,1.85270023764551,1.8308333557703,1.72481415457631,1.8514859462765,1.72525746729832,1.72432265568885,1.7254309374939,1.84672515313135,1.72490088967409,1.85480115445855,1.72363841213965,1.7242070088918,1.72271323776326,1.72267468883091,1.72501653647114,1.77235462539623,1.84384362043823,1.77148727441837,1.77146799995219,1.77124634359118,1.77137162762132
1.85969686886693,1.85824164667074,1.85684424787307,1.85715263933187,1.90533880476864,1.85563959373715,1.9674122230843,1.96428975956399,1.85342303012706,1.85186179836691,1.84933684329802,1.84856586465103,1.84899954013996,1.84670587866517,1.89255019646172,1.89389940909395,1.84289917159567,2.03064210937043,1.84168488022666,1.83932375812026,1.95870980160641,1.8391406506916,1.83552668828384,1.83744449766822,1.83575798187794,1.83363779059872,1.83495809153169,1.94520803805103,1.83020693561962,1.8308333557703,1.94031232364265,1.82743141249046,1.82917575167927,1.82951305483733,1.82813493050584,1.82800000924262,1.82733504015959,1.87386360150534,1.87437437485897,1.82460770319587,1.82733504015959,1.82806746987423,1.82906010488223,1.82858788046095,1.91488930275821,1.88113971248629,1.96407774043607,1.96328748732291,1.88801105967758,2.06085483509929,1.98533747662678,1.956127023139,1.95262870752829,1.95130840659533,1.95134695552768,1.9488123632257,1.94611393796124,1.9469812889391,1.87089533371443,2.05802148857161,1.86782105635957,1.93914621843908,1.93888601314573,1.9375368005135,2.06170291161098,1.86039074964922,1.86132556125869,2.07507939113623,1.93077146288617,1.93034742463033,1.85681533617381,1.98137657382787,1.92944152472012,1.93019322890093,1.97754095505911,1.92880546733635,1.92974027894583,1.97619174242688,1.97673142747977,1.97719401466796,1.97674106471286,1.86077623897271,1.93776809410759,1.86763794893091,1.86835110417937,1.97395590435061,1.9483594132706,1.9711418322891,2.05418586980284,1.97090090146192,2.04788311936371,2.03113360825789,2.0346319238686,2.02586204175911,2.01852810737963,1.9414206054477,2.01284213985809,2.0152707225961,1.93823068129579,1.93866435678472,1.93820176959652,1.93795120153625,1.93770063347598,2.01150256445895,2.02087959225294,2.02608369812011,2.02785694900819,1.93679473356577,2.02241191231383,2.02443573126218,1.93668872400181,2.01791132446204,1.93542624646737,2.03735926083232,1.93723804628779,1.93763317284437,2.03816878841166,2.02558256199957,2.02790513517363,1.93526241350488,1.9341830433991,2.02211315808812,2.02426226106661,1.93462635612111,1.93498293374535,2.01766075640177,2.02774130221114,2.02786658624128,2.0297554839264,2.03434280687598,2.02126508157644,2.02713415652664,2.02157347303523,2.02691250016563,2.03090231466379,2.01502015453583,2.01566584915268,2.00697306490789,2.00061249107024,2.0171788947474,1.92698403028284,1.92668527605713,2.01055811561639,1.92407358589046,1.92546134745504,1.92361099870227,1.92347607743904,1.92143298402453,1.92217505097225,1.99663231380516,1.99486870015017,1.99684433293308,2.00066067723567,1.84154032173035,2.02108197414778,1.94990137056457,1.94777154205227,1.8829611495398,1.88155411350905,1.83081408130412,1.92774537169674,1.82711338379858,1.82696882530227,1.82703628593388,1.82271880551075,1.82215984599168,1.81948069519339,1.82046369296831,1.81885427504272,1.82165870987114,1.82047333020139,1.81995291961468,1.81869044208023,1.81984691005071,1.81807365916264,1.82035768340434,2.01743910004076,1.82037695787052,1.82007820364481,1.82048296743448,1.81956743029118,1.8210804758859,1.82273807997692,1.87164703789525,1.87035564866154,1.91366537415612,1.82267061934531,1.82291155017249,1.82119612268294,1.81916266650151,1.82249714914974,1.84824783595915,1.84697572119162,1.75402460806408,1.85183288666765,1.74843501287341,1.85426146940566,1.74506198129284,1.85046439956924,1.74134200932112,1.80025441518412,1.73780514477806,1.73578132582972,1.8540012641123,1.73210954002343,1.85219910152497,1.73055794549637,1.85403017581156,1.73135783584262,1.85465659596224,1.85194853346469,1.72888106693917,1.83400400545604,1.72694398308861,1.72474669394469,1.72502617370423,1.85451203746593,1.72608626934384,1.72685724799082,1.85359650032263,1.72413954826019,1.82027094830656,1.72777278513412,1.72552730982477,1.72257831650004,1.85431929280418,1.72087252624358,2.04134907533049,2.03687739917795,1.72537311409537,1.72716563944962,1.83795527102185,1.81212748634774,1.72403353869623,1.82186109176597,1.72210609207876,1.77267265408811,1.77078375640299,1.72206754314641,1.72139293683029
1.90769992687504,1.90846126828895,1.90902022780801,1.96846268149082,1.85867532215967,1.90481839418193,1.96720984118946,1.96396209363902,1.85427110663875,1.85248821851759,1.96340313411996,2.03686776194487,1.84832493382385,1.84838275722237,1.84627220317624,1.89350428253737,1.84398817893454,1.9595578781181,2.0355474610119,2.11137321094321,1.84365087577648,1.83771434019467,1.83628802969774,1.83699154771312,1.8376179678638,1.83210547053783,1.94925567594772,1.95105783853506,1.8313634035901,1.83307883107965,1.89518116109457,1.83051532707842,1.82872280172417,1.82731576569341,1.8276337943853,1.82746032418972,1.82634240515159,1.82878062512269,1.93538769753502,1.82768198055073,1.9300679448708,2.00369640565819,1.83045750367989,1.9280826748548,1.91379065818625,1.83236567583119,1.89208760927353,1.9636729766464,1.96076253225402,2.06277264448368,1.9604734152614,1.88422362707425,1.95379481273186,1.982272836505,1.95365989146864,1.9514818767909,1.87545374496475,1.8742009046634,1.94468762746431,1.8701629039998,1.98522182982973,1.94122786078595,2.06743706529796,1.93848124935606,1.98372805870119,1.86052567091244,1.93385537747413,1.98322692258065,1.98325583427991,2.05594948345783,1.93001012147227,1.98116455469995,2.06802493651628,1.93119550114202,1.92762008766661,1.92684910901962,1.85790434351268,1.92985592574287,1.93246761590955,1.9337975540756,2.07240024033794,1.93315185945875,1.97549786164459,1.86498770983189,1.94086164592863,1.87064476565416,1.94673072087883,1.87971340198936,2.06620349946277,2.06746597699722,2.03076739340057,2.03058428597191,2.0292928967382,2.01715962028122,2.03434280687598,2.02076394545589,2.01755474683781,1.94145915438005,1.93779700580685,1.93888601314573,1.93962808009345,1.93801866216786,2.03031444344546,1.93723804628779,1.93817285789726,1.93773918240833,1.93698747822752,2.02988076795653,2.03151909758138,2.02105306244852,2.01457684181381,2.02802078197067,1.9369200175959,2.01830645101862,2.01475994924247,2.02774130221114,1.93780664303994,1.93736333031792,2.02839663406108,2.02007006467361,2.01635009270189,1.93641888147536,2.02374185047989,2.02138072837349,2.03026625728003,2.03147091141595,2.02452246635996,1.93416376893292,2.01769930533412,1.93041488526194,2.00718508403581,2.01776676596573,2.01083759537592,2.03086376573144,1.93097384478101,2.0167934054239,2.01739091387532,2.0112327219325,2.02023389763609,2.00482396192941,1.92850671311064,2.01475994924247,2.00797533714897,2.00765730845709,1.92504694643228,1.92136552339291,1.92444943798087,1.92411213482281,1.92322550937877,1.99550475753394,2.01124235916559,2.01334327597863,1.84390144383675,1.84311119072359,1.94935204827859,1.83801309442038,1.83732885087118,2.03250209535629,1.83202837267313,1.83068879727399,2.03894940429173,1.82654478704643,2.03872774793073,1.82294046187176,1.87098206881222,1.88079277209515,1.82189964069832,1.82094555462267,1.8201649387426,1.94753061122508,2.03763874059185,1.82033840893817,1.81905665693755,1.94583445820171,1.82094555462267,1.81828567829056,1.81840132508761,1.8186422559148,1.82065643763005,2.03458373770316,2.04558945788892,1.82064680039696,1.82103228972046,1.86965213064617,1.87714989798813,1.93723804628779,1.82387527348123,1.82215984599168,2.02725944055677,1.81944214626105,1.82135995564543,1.82213093429242,1.75429445059052,1.75329217834944,1.74991914676887,1.74667139921843,1.85089807505817,1.8515630441412,1.85089807505817,1.80243242986186,1.79942561313861,1.73717872462738,1.73592588432603,1.73331419415935,1.73365149731741,1.72837029358554,1.85191962176543,1.73140602200806,1.72858231271346,1.85401090134539,1.72743548197607,1.72709817881801,1.72545021196007,1.7244383024859,1.7273294724121,1.72545021196007,1.72680906182539,1.72577787788504,1.72600917147914,1.82009747811099,1.8482863848915,1.82075280996093,1.81834350168909,1.84849840401942,1.726876522457,1.71973533273927,1.72240484630447,1.72191334741701,1.72305054092132,1.85184252390073,1.72377333340287,1.72378297063596,1.72226028780816,1.83611455950217,1.7215374953266,1.72396607806462,1.72053522308552,1.77110178509487,1.72147967192808,1.72125801556707
1.90911660013889,1.86148939422118,1.85841511686631,2.14572030966654,1.85828019560309,1.85484934062399,1.85456986086445,1.85434820450345,1.85549503524084,1.90233198804539,1.85283515890873,1.85259422808155,1.95021939925645,1.84895135397453,1.84633002657477,1.84523138200281,1.89140336572433,1.89113352319788,2.03766765229112,1.84062478458705,1.84107773454216,1.94310712123799,1.94352152226074,1.83781071252554,1.8381480156836,1.95089400557257,2.0244935546607,1.83433167138101,1.833117380012,1.93370118174473,1.88003143068125,1.83074662067251,1.87789196493585,1.87786305323659,1.82741213802429,1.82546541694064,1.8264869636479,1.82711338379858,1.83047677814607,1.82869389002491,1.93069436502147,1.82912756551384,1.83094900256735,1.83337758530536,1.83290536088408,1.83344504593697,1.96691108696375,1.96442468082722,2.06567345164297,1.96064688545697,1.9882961071846,1.98793952956036,2.06390983798798,1.95418993928845,1.98807445082359,1.95230104160332,1.94834977603751,1.94883163769188,1.94756916015743,1.87024963909758,1.94179645753811,1.94117003738743,1.94091946932716,1.98564586808557,1.86418781948564,1.93481910078286,1.93513712947474,1.86057385707788,1.93417340616601,1.86033292625069,1.9294511619532,2.06894047365958,1.93041488526194,1.9304437969612,1.92866090884004,1.92806340038863,1.92935478962233,1.97802281671348,1.93320004562419,1.93276637013526,1.93265072333821,1.93626468574596,1.93638033254301,1.93995574601842,1.94364680629088,1.94461052959961,1.94793537501475,1.88037837107239,1.97300181827496,2.0472085130476,1.9456128018407,2.01736200217606,2.03517160892149,2.02393459514163,2.02095669011764,2.01465393967851,2.01988695724495,1.94053398000366,1.94018703961252,1.93891492484499,2.0111556240678,2.02804005643685,2.01361311850508,2.023202165427,2.03101796146084,2.02699923526341,2.02395386960781,2.02904232867793,2.02442609402909,1.93799938770169,1.9379897504686,2.01741982557458,2.01090505600753,1.93698747822752,2.02894595634706,2.02783767454201,2.02184331556168,2.01958820301924,2.02370330154754,2.02985185625727,2.01948219345528,2.02678721613549,2.03535471635015,2.02159274750141,2.02148673793745,1.93721877182161,1.93765244731054,2.01536709492698,2.01855701907889,2.02626680554877,2.02818461493316,2.01263975796325,1.93359517218077,2.03311887827388,1.93359517218077,2.01503942900201,1.93045343419429,2.01674521925847,2.02377076217915,2.00387951308685,2.01200370057949,2.01532854599463,2.00063176553641,1.9248060156051,1.92379410613093,1.92149080742305,1.92318696044642,1.92394830186032,1.92391939016106,1.92384229229636,2.00552747994479,1.92073910324224,2.00846683603643,1.84109700900833,1.83800345718729,1.95466216370973,2.04791203106297,1.8324331364628,1.95018085032411,1.91668182811246,1.82829876346832,1.95076872154243,1.82739286355811,1.87195542935404,1.8704616582255,1.82212129705933,2.03460301216934,1.82119612268294,1.81885427504272,1.94751133675891,2.03136490185199,1.8200107430132,1.94719330806703,1.94717403360085,1.81923976436621,1.81941323456178,1.87958811795923,1.9472125825332,1.94190246710207,1.82012638981025,1.94231686812482,1.82091664292341,1.81873862824567,1.82052151636683,1.93388428917339,1.82135995564543,1.82007820364481,1.91953444910632,1.91750099292488,1.82018421320877,1.91096694889166,1.84287025989641,1.75383186340233,1.75042028288941,1.8534712162925,1.74649792902285,1.74355857293121,1.85267132594625,1.84923083373406,1.8014108831546,1.85160159307355,1.73674504913845,1.73405626110708,1.85219910152497,1.73258176444471,1.72940147752589,1.73352621328727,1.72844739145024,1.85212200366027,1.72853412654802,1.7282450095554,1.84608909574758,1.72495871307262,1.72766677557016,1.72522855559906,1.72385043126757,1.72720418838197,1.72437084185429,1.85184252390073,1.85194853346469,1.72307945262058,1.72377333340287,1.72438047908737,1.72232774843977,1.84877788377895,1.85031020383984,1.84771778813935,1.7216145931913,1.85130283884784,1.7211616432362,1.72181697508614,1.85160159307355,1.85464695872915,1.7208532517774,1.72444793971899,1.85128356438167,1.72170132828909,1.83469788623833,1.8340329171553,1.72457322374912
1.86021727945365,1.8617785112138,1.86127737509325,2.15733317553681,1.85822237220456,1.97177788967287,1.90372938684305,1.90430762082829,1.85573596606802,1.85393380348069,1.85457949809754,1.85275806104403,1.85092698675743,1.96401991703755,1.84766960197391,1.89482458347034,1.89407287928952,1.89510406322987,1.95882544840346,1.84319792582138,1.94273126914758,1.94341551269678,1.94348297332839,1.94403229561437,1.95348642127307,1.83439913201262,1.83714574344252,1.95603065080813,1.83384980972664,1.83207655883857,1.88073494869662,1.88033982214004,1.87902915844016,1.87820035639465,1.88010852854595,1.82746996142281,1.82733504015959,1.82920466337854,1.82940704527337,1.82910829104766,1.93684291973121,1.93476127738434,1.83063097387546,1.83346432040315,1.8313634035901,1.83463042560672,1.96454996485735,1.96340313411996,1.9910330813814,1.95959642705045,1.96455960209044,1.96087817905107,1.98711072751485,1.95436340948402,1.95400683185979,1.9515589746556,1.95018085032411,1.98449903734818,1.98700471795089,1.94496710722385,1.94371426692249,2.067331055734,1.9411893118536,1.86546957148625,1.86445766201208,1.98672523819136,1.9347901890836,1.93193756808974,1.93063654162295,1.93078110011926,1.92997157253992,1.92936442685542,1.93024141506637,1.93124368730745,1.93053053205899,1.92948971088555,1.85863677322732,1.93110876604423,1.93370118174473,1.97981534206772,1.97778188588629,1.9370742133253,1.93731514415249,1.94101584165803,1.86868840733743,1.94724149423246,1.9727416129816,1.97393662988444,1.97411010008001,2.06246425302488,2.02219025595282,2.03990349036738,2.03071920723513,2.01850883291345,2.01568512361886,2.01520326196449,1.94275054361375,2.01385404933226,2.01732345324371,1.94017740237943,1.93968590349198,1.94091946932716,2.02955310203156,2.03437171857524,2.02496577908198,2.02422371213426,2.02900377974558,2.03333089740181,2.03381275905617,2.01393114719696,1.9382210440627,2.01363239297125,2.01976167321481,2.01203261227875,2.01246628776768,2.024416456796,2.03176966564165,2.03471865896639,2.01563693745342,2.03202023370193,2.02016643700448,2.02193968789255,2.0239635068409,2.03121070612259,2.02522598437534,2.03354291652973,2.01559838852107,2.01491414497187,2.01775712873264,2.01660066076216,2.02516816097682,2.01826790208627,2.00104616655917,2.02029172103461,1.93248689037572,2.0153478204608,2.01263012073017,2.01495269390422,2.01981949661333,2.02294196013364,2.01268794412869,2.01510688963362,2.00761875952474,2.00730073083286,1.99930182737036,1.99148603133651,1.9238904784618,1.92301349025085,1.92237743286709,1.92154863082157,1.921375160626,1.92140407232526,1.95211793417466,1.84349668004708,1.84031639312826,1.8855535652403,1.8349484542986,1.83473643517068,1.95145296509164,1.95160716082103,2.04041426372101,2.03252136982247,1.8226031587137,1.87235055591063,1.87052911885712,1.82115757375059,1.82068534932931,1.82083954505871,1.81866153038097,1.81827604105748,1.81649315293631,1.8198565472838,1.81776526770385,1.81767853260606,2.02953382756539,1.81485482331146,1.92135588615983,1.81979872388528,1.8181796687266,1.82125394608147,1.82052151636683,1.81890246120815,1.94212412346308,1.94200847666603,1.8219189151645,2.03058428597191,1.81843023678687,1.92371700826623,1.82175508220201,1.82151415137483,1.82110938758516,1.93097384478101,1.75393787296629,1.75184659338634,1.74906143302409,1.85364468648807,1.74183350820857,1.74385732715692,1.84880679547822,1.73996388498963,1.8527098748786,1.73433574086661,1.73386351644533,1.73236974531679,1.73209026555726,1.72633683740411,1.8471395541541,1.8466095063343,1.85155340690811,1.848893530576,1.72902562543548,1.72702108095331,1.72426483229033,1.72590316191518,1.7276378638709,1.72511290880201,1.85391452901451,1.85234366002128,1.72386006850066,1.85066678146408,1.72538275132846,1.84946212732816,1.72097853580754,1.85361577478881,1.85249785575067,1.72143148576264,1.72328183451542,1.71916673598711,1.85050294850159,1.72277106116179,1.72388898019992,1.7213158389656,1.72248194416917,1.85067641869716,1.72371551000435,1.72297344305662,1.72199044528171,1.83520865959196,1.7711596084934,1.77126561805736
1.86204835374024,1.86003417202499,1.8591089976486,1.86092079746902,1.86030401455143,1.85703699253482,1.97266451511691,1.9051460601069,1.85563959373715,1.90261146780492,1.90272711460197,1.90211033168438,1.90051055099188,1.90046236482644,1.8500403613134,1.89758083213332,1.84833457105694,1.9639813681052,1.96352841815009,1.84208000678324,1.9429432882755,1.8408946271135,1.88833872560255,1.88815561817389,1.88734609059455,1.83809982951816,1.83709755727708,1.83368597676416,1.94217230962851,1.94850397176691,1.82969616226599,1.88081204656132,1.87995433281655,1.82961906440129,1.82896373255135,1.82959978993512,1.83097791426661,1.83035149411593,1.8293106729425,1.93201466595444,1.83041895474754,1.83051532707842,1.83154651101876,2.00228936962744,1.83447622987732,1.83472679793759,1.96758569327987,1.96627502957999,2.06483501236437,2.06550961868049,1.88771230545187,1.95907601646373,1.95738950067345,1.95569334765007,1.95499946686778,1.98709145304868,1.95040250668511,1.87658130123597,1.98786243169566,1.94427322644156,1.98694689455237,1.94330950313282,1.94374317862175,1.93889565037881,1.93797047600243,1.93883782698029,1.93534914860267,2.07061735221678,2.06714794830534,1.93093529584866,1.93171591172873,1.85721046273039,1.93095457031483,2.06553853037975,1.93292056586465,1.93239051804485,1.93085819798396,1.93047270866046,1.93237124357867,2.08034132040192,1.93187974469122,1.93855834722076,1.86468895560618,1.93897274824351,2.06674318451567,1.94464907853196,1.94984354716605,2.0447702930765,1.8838766866831,2.07036678415651,2.04237062203775,2.02200714852416,2.02085068055368,2.01890395947004,1.94494783275767,2.02038809336549,2.02163129643376,2.01592605444604,2.01771857980029,1.94168081074106,1.93894383654425,1.94032196087574,1.93862580785237,2.01258193456473,2.02325998882552,2.01768003086794,1.93957025669493,2.01150256445895,2.01386368656535,2.01588750551369,2.01160857402291,1.93874145464942,2.02038809336549,2.01772821703338,2.01907742966561,2.022209530419,2.02732690118838,2.02825207556477,1.93737296755101,1.93676582186651,2.03019879664842,2.01831608825171,2.02118798371174,2.04975274258266,2.02451282912688,1.93594665705408,2.04154181999223,2.02801114473759,2.03372602395839,2.02384786004385,2.01891359670312,1.93461671888803,2.02826171279786,2.02589095345837,2.02565965986427,1.9302896012318,2.02818461493316,2.01204224951184,2.00371568012436,1.92840070354668,1.92764899936587,1.9974418413845,1.92762008766661,2.03084449126527,2.01693796392021,1.9211438670319,1.92354353807066,1.92149080742305,1.92063309367827,1.92095112237016,2.00782114141958,2.00899688385623,1.84618546807846,1.84443149165656,1.84079825478262,1.83729993917191,2.0393541680814,1.951934826746,2.03857355220133,2.02359729198358,1.8274025007912,1.82522448611346,1.95383336166421,1.87196506658713,1.87060621672181,1.82030949723891,1.82089736845724,1.81805438469647,1.90501113884367,1.8172641315833,1.81707138692156,1.81819894319278,1.947742630353,1.81524031263496,1.88743282569234,1.81542342006362,1.92281110835602,1.87997360728272,1.86842820204407,1.81773635600458,1.82085881952489,2.03728216296762,1.81888318674198,1.81936504839635,2.02546691520252,1.92065236814445,1.87051948162403,1.86947866045059,1.81616548701134,1.82074317272784,1.82002038024629,1.75763857047184,1.84670587866517,1.75089250731069,1.79686210913737,1.74750983849703,1.74197806670488,1.74316344637463,1.73997352222271,1.73927000420734,1.78386148170253,1.78439152952233,1.73425864300191,1.73187824642934,1.73073141569194,1.72898707650313,1.72867868504433,1.72742584474298,1.72774387343486,1.72791734363043,1.72598025977988,1.72561404492256,1.84435439379186,1.77285576151677,1.72274214946252,1.7269536203217,1.72536347686228,1.84876824654587,1.85196780793087,1.95008447799323,1.72259759096621,1.84762141580847,1.85673823830911,1.85291225677343,1.85063786976481,1.84795871896653,1.72279033562796,1.72157604425895,1.7218458867854,1.72226028780816,1.7185692275357,1.72294453135736,1.7209303496421,1.84677333929678,1.72115200600311,1.72247230693608,1.72075687944653,1.83413892671926,1.72341675577864,1.77194022437347
1.86221218670273,1.97376315968886,1.97580625310338,1.86054494537862,1.85959085930297,1.86117136552929,1.85879096895672,1.9064374493406,1.85764413821932,1.90371011237688,1.95857488034319,1.85432893003727,1.85325919716457,1.85248821851759,1.85089807505817,1.8471395541541,1.84716846585337,2.03665574281694,2.04096358600699,1.8441712863632,1.92511440706389,1.94372390415558,1.89000596692666,1.94494783275767,1.94214339792925,1.88660402364682,1.88808815754228,1.88815561817389,1.94348297332839,1.94875453982718,1.95027722265498,1.95055670241451,1.88034945937313,1.94400338391511,1.94171935967341,1.94650906451782,1.83205728437239,1.94346369886222,1.83027439625123,1.83076589513869,1.830910453635,1.95653178692867,1.83131521742467,2.00137383248414,1.83680844028446,1.83669279348741,1.89427526118436,1.99056085696012,2.06729250680165,2.06541324634961,2.06377491672476,2.06805384821555,2.07067517561531,1.95597282740961,1.95479708497295,1.98834429335003,1.98732274664277,1.95035432051968,1.94733786656334,1.94798356118019,1.94346369886222,2.07714175901692,1.94078454806393,1.93879927804794,1.93861617061928,1.93835596532592,1.93703566439295,1.93690074312973,1.93479982631669,1.93517567840709,1.93382646577486,1.98376660763354,1.85923428167873,1.93010649380314,1.93383610300795,1.93193756808974,1.93344097645137,1.85801999030973,1.93401921043661,1.93414449446675,2.05984292562512,1.98093326110586,1.93940642373244,1.9387510918825,1.9424132404557,1.94491892105841,1.97514128402036,1.95433449778476,1.97490999042626,2.0620691264683,2.03808205331387,2.02286486226894,2.02185295279477,2.03755200549407,2.02743291075234,2.0185473818458,2.02778948837658,2.02064829865885,2.02021462316992,1.94113148845508,1.94084237146246,1.9405821661691,2.01344928554259,2.03299359424375,1.93869326848398,2.04476065584341,2.01012444012745,2.0238093111115,2.0253319939393,2.01650428843128,2.01386368656535,1.93900165994277,2.0115411133913,2.00893906045771,2.02709560759429,2.02549582690179,2.02482122058567,2.02424298660043,2.02170839429846,2.02629571724804,1.93718022288926,2.02430080999895,2.02024353486918,2.03002532645284,1.93766208454363,2.02506215141286,2.02594877685689,2.02055192632797,2.03360073992825,2.01103997727075,2.00933418701429,2.00878486472831,2.02354910581814,2.02371293878063,2.02702814696268,2.02416588873573,2.02645955021052,1.93083892351778,2.02126508157644,1.92873800670474,1.92770682276439,2.01788241276278,1.92486383900362,2.02382858557767,1.92427596778529,1.92425669331912,1.9217606499495,1.92032470221948,1.91753954185723,1.92239670733326,2.01408534292636,2.00802352331441,1.99339420348781,1.95463325201046,1.83816729014978,1.83665424455506,1.83279935132012,1.83156578548494,1.83100682596587,1.8273254029265,1.8280867443404,1.82625567005381,1.94963152803813,1.9498820960984,1.82091664292341,1.94059180340219,1.88199742623107,1.8180254729972,1.81791946343324,1.95089400557257,1.81626185934222,1.81533668496583,1.94883163769188,1.91563136970594,1.86713681281037,1.86481423963631,1.92277255942367,1.94515021465251,1.81531741049966,1.88010852854595,1.81845914848614,1.81632931997383,1.81982763558454,1.81828567829056,1.94034123534192,1.82032877170508,1.90646636103986,1.87021109016523,1.81595346788342,1.93173518619491,1.82014566427642,1.75171167212311,1.75280067946198,1.74894578622704,1.84232093761043,1.74424281648041,1.84838275722237,1.85448312576667,1.73886524041767,1.7392218180419,1.83148868762024,1.83104537489822,1.78084502774619,1.84063442182014,1.84717810308645,1.72913163499944,1.72488161520792,1.84591562555201,1.72578751511813,1.72869795951051,1.72696325755479,1.72477560564396,1.7250454481704,1.72623082784015,1.72622119060706,1.72520928113289,1.85036802723837,1.72266505159782,1.85248821851759,1.90136826473665,1.71987989123558,1.84892244227526,1.7203232039576,1.72109418260459,1.84932720606493,1.72215427824419,1.72067978158183,1.72186516125157,1.72079542837888,1.71938839234812,1.72404317592932,1.72068941881492,1.7215374953266,1.84832493382385,1.72087252624358,1.89926734792361,1.84740939668055,1.72138329959721,1.84725520095115,1.84394963000219
1.86368668336509,1.86153758038661,1.86026546561908,1.86005344649116,1.86127737509325,1.85886806682142,1.85832838176852,1.95669561989116,1.85612145539152,1.90359446557983,1.85746103079066,1.85406872474391,1.85351940245793,1.85248821851759,1.85112936865227,1.85169796540442,1.84472060864918,1.95402610632596,1.84374724810736,1.84486516714549,1.84252331950526,1.9607047088555,1.95911456539608,1.94682709320971,1.88853147026429,1.83832148587917,1.94208557453073,1.89379339952999,1.88815561817389,2.02775093944423,2.02739436182,1.83184526524447,1.83423529905014,1.83116102169527,1.83126703125923,1.83131521742467,1.83055387601077,1.94357934565927,2.0343235324098,1.83208619607166,1.83392690759134,1.83398473098986,1.83169106951507,1.88293223784054,1.83602782440438,1.88501388018741,1.97151768437951,1.99234374508128,1.89091186683687,1.96106128647973,1.9615431481341,1.88792432457979,1.88709552253428,1.9915727664343,1.9549898296347,1.95522112322879,1.95243596286655,1.94968935143665,1.87746792668001,1.98774678489862,1.87218672294814,1.94228795642556,1.93862580785237,1.94155552671092,2.06820804394494,2.07789346319774,1.98741911897365,1.93521422733944,1.93619722511435,1.93417340616601,1.86116172829621,1.86051603367935,1.86022691668673,1.93197611702209,1.931966479789,1.93195684255592,1.93453962102333,1.93332532965432,1.98270651199393,2.06499884532685,1.93475164015125,1.93900165994277,1.97860105069872,1.86855348607421,1.97743494549515,1.94701983787145,1.87751611284545,1.96059869929154,2.07024150012638,2.06734069296708,2.04413423569273,2.02219989318591,2.03151909758138,2.04794094276224,2.02545727796944,2.02622825661643,2.01808479465761,2.02116870924556,1.9425674361851,1.94103511612421,2.02028208380153,1.94130495865065,2.0334850931312,2.03721470233601,1.94071708743232,2.02170839429846,2.02344309625418,2.03121070612259,2.03894940429173,2.02059047526032,2.03183712627327,2.01299633558749,2.03650154708755,2.02225771658444,2.03124925505494,2.03172147947622,1.93927150246922,2.0251777982099,2.01866302864285,2.03101796146084,2.02161202196758,1.93667908676872,2.01793059892821,2.01674521925847,2.02311543032921,2.02515852374373,2.02007970190669,1.93493474757991,1.93525277627179,2.02587167899219,1.9347901890836,2.01422990142267,2.01859556801124,2.02445500572835,2.02105306244852,1.93088710968322,2.01568512361886,2.01244701330151,2.02192041342638,2.01053884115021,1.92690693241814,2.02072539652355,2.01120381023324,2.01419135249032,1.92391939016106,1.92406394865737,1.9228978434538,1.92081620110693,1.91873455876007,1.99277742057022,2.0137480397683,2.01362275573817,2.04059737114967,1.83899609219529,2.04250554330097,1.83844676990931,1.88275876764497,1.83377271186194,1.83089117916882,1.83011056328875,1.95083618217405,1.95085545664022,1.94910148021832,1.82317175546585,1.94986282163222,1.81998183131394,1.88160229967449,1.81691719119216,1.95073980984317,1.81797728683177,1.81730268051565,1.94592119329949,1.81721594541787,1.81575108598859,1.87165667512834,1.81736050391418,1.86618272673472,1.81709066138773,1.81472953928133,1.86545993425317,1.8185651580501,1.86664531392291,1.88777012885039,1.81923012713312,1.81829531552365,1.81773635600458,1.907584280078,1.90429798359521,1.81766889537297,1.82040586956978,1.86704044047949,1.75474740054563,1.84042240269222,1.84101027391055,1.79532978907648,1.8517943377353,1.84933684329802,1.74098543169689,1.7383062808986,1.73794006604128,1.73626318748408,1.73578132582972,1.78104740964102,1.73130001244409,1.73045193593241,2.04175383912015,1.73061576889489,1.72714636498345,1.72731019794593,1.72739693304372,1.84509646073958,1.84285098543023,1.72447685141825,1.72595134808061,1.72585497574974,1.7241299110271,1.72359022597421,1.72306017815441,1.77230643923079,1.77253773282489,1.77179566587716,1.7219229846501,1.84574215535644,1.72416845995945,1.85121610375006,1.71953295084443,1.72138329959721,1.72179770061996,1.84458568738595,1.72210609207876,1.78163528085935,1.78096067454324,1.78043062672343,1.72215427824419,1.77570838251063,1.72188443571775,1.72034247842377,1.72426483229033,1.72422628335798,1.72240484630447
1.86281933238723,1.86197125587554,2.13766358280551,1.86015945605512,1.85954267313753,1.85877169449054,1.85859822429497,1.90652418443839,1.85556249587245,1.85719118826422,1.85649730748193,1.85607326922608,1.97042867704064,2.12353539909945,1.95622339546988,1.95905674199756,1.96046377802831,1.89860237884058,1.84490371607784,1.84611800744684,1.96247795974357,1.9639813681052,1.84162705682814,1.84109700900833,1.88793396181288,1.8389864549622,1.89054565197955,1.89054565197955,1.88897478298631,1.95194446397909,1.83490026813316,1.9508747311064,1.88045546893709,1.94609466349507,1.94673072087883,1.83044786644681,1.92513368153007,1.83270297898925,1.83275116515468,1.83428348521557,1.83193200034226,1.88154447627596,1.83364742783181,2.00692487874245,2.0036867684251,1.8376179678638,1.99535056180454,2.06775509398984,1.96540767860213,1.96194791192377,1.99321109605915,1.88740391399307,1.99109090477993,1.95786172509473,1.95606919974048,1.95358279360394,1.95390082229582,1.8791544424703,1.9895103985536,1.94749206229273,2.0755612527906,2.06370745609315,1.94389737435115,1.86762831169782,1.93825959299505,1.98679269882297,1.98812263698902,1.93717058565618,1.9373826047841,1.93456853272259,1.93442397422628,1.93299766372935,2.05792511624074,1.93318077115801,1.93373009344399,1.9337204562109,1.93312294775949,1.93238088081176,2.07439514758703,1.98014300799269,1.98016228245887,2.05387747834405,1.93996538325151,1.94061107786836,1.94334805206517,1.95046996731673,1.9773963965628,1.95400683185979,2.04716032688216,2.04557018342275,2.03991312760047,2.03218406666441,2.02829062449712,2.01881722437225,2.02496577908198,2.02376112494606,1.94343478716296,1.94383955095263,1.94223977026013,2.01873048927446,2.01890395947004,2.01701506178491,2.01494305667113,2.01507797793436,2.04089612537538,2.03128780398729,2.03055537427265,2.02778948837658,2.03840971923884,1.94036050980809,1.93843306319062,2.02406951640486,2.02407915363794,2.02765456711335,2.03181785180709,2.03110469655863,2.0196171147185,1.93795120153625,2.02639208957891,2.03706050660661,2.0219782368249,2.02063866142576,2.02131326774187,2.02551510136796,2.02044591676401,2.03226116452911,2.03060356043808,1.93462635612111,2.02826171279786,2.02488868121728,2.01488523327261,2.01516471303214,2.01662957246142,2.01737163940915,1.93328678072197,2.01806552019144,2.02572712049588,2.01218680800815,2.01776676596573,2.01692832668713,2.01632118100262,2.02054228909489,1.92421814438677,1.92352426360448,1.92470000604114,1.92355317530374,1.92302312748394,1.92070055430989,1.92204976694212,1.99855012318954,1.99471450442077,1.99424227999949,2.00929563808194,1.83987308040624,1.83803236888655,1.83580616804337,1.83497736599786,1.88080240932824,1.8306791600409,1.82746032418972,2.04094431154082,1.82425112557164,1.82096482908885,1.82210202259316,1.82055042806609,1.81713884755317,1.86753193936695,1.86697297984788,1.81770744430532,1.81835313892217,1.81690755395907,1.81550051792832,1.81637750613927,1.87136755813571,1.87358412174581,1.81512466583791,1.90488585481354,1.94460089236653,1.94487073489297,1.81676299546276,1.86496843536571,1.81641605507162,1.81803511023029,1.94025450024413,1.8178038166362,1.81593419341725,1.81732195498183,1.81715812201934,1.81798692406485,1.93267963503747,1.86828364354776,1.9424903383204,1.83889971986442,1.7477604065573,1.83800345718729,1.74446447284142,1.84785270940257,1.84652277123651,1.73575241413045,1.94026413747722,1.82817347943819,1.82896373255135,1.82768198055073,1.82681462957287,1.73034592636845,1.72718491391579,1.77744308446635,1.72550803535859,1.72880396907447,1.72738729581063,1.84526029370207,1.84486516714549,1.84329429815225,1.72524783006524,1.72397571529771,1.72194225911627,1.72386006850066,1.72348421641025,1.72173023998835,1.83901536666146,1.77169929354629,1.76998386605674,1.76849973216129,1.72198080804862,1.84391108106984,1.72199044528171,1.72000517526571,1.72021719439364,1.72031356672451,1.7684129970635,1.76790222370987,1.78160636916009,1.84054768672235,1.837309576405,1.72105563367224,1.8238945479474,1.71966787210766,1.85104263355448,1.72124837833398,1.72086288901049
1.86394688865845,1.86400471205698,2.13117772493772,1.86044857304774,1.85934992847578,2.13004053143342,1.86043893581465,1.85806817647516,1.98047067391766,1.85730683506126,1.97055396107077,1.85433856727036,1.85250749298376,1.95265761922756,1.95642577736471,1.95915311432843,1.96058906205845,1.89704114708043,1.89408251652261,1.89206833480735,1.89316697937931,1.96018429826878,1.95996264190777,1.96058906205845,1.96057942482536,1.95936513345635,1.95731240280875,1.83732885087118,1.95518257429644,1.95721603047787,1.83505446386256,1.9478968260824,1.83560378614854,1.94582482096862,1.94715475913468,1.83099718873278,1.83101646319896,1.83180671631212,1.89190450184487,1.83394618205751,1.83200909820696,1.94145915438005,1.83466897453907,1.8343413086141,1.83791672208951,1.83868770073649,1.99528310117293,1.96882889634814,1.96922402290472,1.96681471463288,1.96553296263226,1.88829053943711,1.96006865147173,1.88528372271386,1.96045414079523,1.88150592734361,1.95370807763408,1.95328403937823,1.9504121439182,2.07118594896894,1.94508275402089,2.0629075657469,1.9439359232835,1.94170008520723,1.94164226180871,2.08014857574018,2.07506975390314,1.98925983049333,1.93770063347598,2.07334468918051,1.93488656141447,1.93542624646737,1.93693929206208,2.07518540070019,1.93198575425518,1.93404812213587,1.93343133921828,1.86133519849178,1.93358553494768,1.86247239199609,1.93507930607622,1.9395895311611,1.97980570483464,1.9429432882755,1.94440814770478,1.94855215793234,2.0742602263238,1.95350569573924,2.06372673055932,2.06327378060422,2.03880484579542,2.04345962937662,2.03483430576343,2.02222880488517,2.01894250840238,1.94571881140466,2.03777366185508,1.94420576580995,1.94369499245632,1.94263489681671,1.94357934565927,1.94143024268079,2.02405987917177,2.02541872903709,1.94086164592863,2.03398622925175,2.0339476803194,1.94125677248521,2.03148054864903,2.02775093944423,1.94001356941695,2.02263356867484,2.02793404687289,2.0260933353532,2.0272401660906,2.02368402708136,2.02866647658753,2.02696068633106,1.93813430896491,2.02558256199957,2.02801114473759,1.93626468574596,2.03726288850145,2.04056845945041,2.02412733980338,1.93728623245322,2.01965566365085,2.01745837450693,2.02386713451002,1.93380719130869,1.93426977849688,2.01727526707827,2.01593569167913,2.01713070858196,2.01108816343619,1.93207248935297,1.93156171599934,1.93019322890093,2.03153837204756,2.01087614430827,2.02009897637287,1.92433379118382,1.99862722105424,1.9940109864054,1.92337006787508,1.92254126582957,1.92218468820534,1.92119205319734,1.92196303184433,1.92329297001038,2.01077977197739,1.99254612697612,1.84367978747574,1.84047058885765,1.83817692738286,1.8351797478927,1.88417544090881,1.83118029616144,1.87713062352195,1.82743141249046,1.94887982385731,1.82418366494002,1.82224658108947,1.82180326836745,1.8198565472838,1.81720630818478,1.91821414817335,1.81729304328257,1.81432477549166,1.81268644586681,1.81660879973336,1.81660879973336,1.81601129128195,1.81603056574812,1.8158185466202,1.81658952526719,1.81600165404886,1.817341229448,1.81809293362882,1.8150572052063,1.81739905284653,1.81565471365771,1.81786164003472,1.81395856063434,1.81811220809499,1.81730268051565,1.81731231774874,1.81798692406485,1.86402398652315,1.93421195509836,1.81579927215403,1.75440046015449,1.84475915758153,1.74869521816677,1.7465364779552,1.7444066494429,1.84733229881585,1.84734193604894,1.84778524877096,1.7844975390863,1.78164491809244,1.7813654383329,1.7813654383329,1.78132688940056,1.72785952023191,1.84468205971683,1.72674160119378,1.72753185430694,1.83866842627032,1.83683735198372,1.72399498976388,1.84579034152187,1.84448931505508,1.83953577724818,1.83762760509688,1.72452503758368,1.84106809730907,1.77211369456904,1.77119815742575,1.72053522308552,1.77078375640299,1.77013806178614,1.72076651667962,1.72218318994346,1.71932093171651,1.72115200600311,1.72089180070975,1.71947512744591,1.8142958637924,1.72154713255969,1.72120019216855,1.71874269773127,1.84033566759443,1.83794563378877,1.72149894639425,1.72099781027371,1.72081470284505,1.72275178669561,1.72431301845576,1.84351595451326
2.15342045890334,1.86415890778637,1.86284824408649,1.86083406237124,1.86181706014615,1.85736465845979,1.86108463043151,1.85823200943765,1.8574321190914,1.97162369394347,1.85474333106003,1.90435580699373,1.90420161126433,1.96858796552095,1.85070533039643,1.94793537501475,1.84794908173344,1.96752786988134,1.96516674777494,1.84754431794377,2.02738472458691,1.84429657039333,1.84408455126541,1.96043486632905,1.83839858374387,2.04445226438461,1.9473667782626,1.83782034975863,1.83849495607475,1.83613383396834,1.95457542861194,1.83570015847941,1.83412928948617,1.83343540870389,1.94735714102951,1.83234640136501,1.83189345140991,1.83310774277892,2.02349128241962,1.83303064491422,1.94525622421647,1.83451477880967,1.83549777658458,1.83705900834473,1.83840822097696,1.99564931603025,1.970688882334,1.96959987499513,1.99489761184943,1.96700745929463,1.96534021797052,1.88979394779874,1.96093600244959,1.95759188256828,1.95752442193667,1.95686909008673,1.95744732407197,1.95251306073125,1.9880648135905,1.9482823154059,2.06540360911652,2.06697447810976,1.94379136478719,1.94243251492187,1.94248070108731,1.94349261056148,2.0750986656024,1.93970517795815,1.99114872817845,1.93441433699319,2.07470353904582,1.93354698601533,1.86133519849178,1.93370118174473,1.86143157082265,1.93263144887203,1.93278564460143,2.07314230728567,1.86173032504836,1.93567681452764,1.86450584817752,1.86457330880913,1.94056289170293,1.9411122139889,1.94512130295324,1.94747278782656,1.87772813197337,1.95397792016052,1.95897964413286,2.06464226770262,2.03257919322099,2.03502705042518,2.02034954443314,2.03853500326898,2.01994478064347,2.04214896567674,1.94754024845817,1.94292401380933,1.94336732653135,1.9424132404557,1.94187355540281,1.94200847666603,2.01533818322771,2.02615115875173,1.94109293952273,2.05014786913924,2.03467047280095,2.0361546066964,1.940350872575,1.94115076292125,1.93993647155225,1.94054361723675,2.03401514095101,1.94007139281547,2.02465738762319,2.02044591676401,2.01934727219205,2.02385749727694,2.025409091804,2.02423334936734,1.93870290571707,2.02496577908198,2.02379967387841,2.01825826485318,2.01958820301924,2.01785350106351,2.01811370635687,2.01787277552969,2.01734272770988,2.01528035982919,2.01380586316682,2.01496233113731,2.01472140031012,2.0157333097843,2.03162510714534,1.93177373512726,1.92949934811864,2.01334327597863,2.01444192055059,2.0184702839811,2.01157002509056,2.00958475507456,1.99994752198721,1.99468559272151,1.92380374336401,1.92470000604114,1.92204012970903,1.92267618709279,1.92088366173855,1.92151971912231,1.91835870666966,1.92079692664076,1.89708933324587,1.89484385793651,1.95209865970849,1.95000738012853,1.83124775679306,1.88039764553857,1.88438746003673,1.82726757952798,1.8266411593773,1.82403910644371,1.82395237134593,1.9338746519403,1.81773635600458,1.86829328078085,1.89230926563454,1.86623091290015,1.90396068043715,1.81577036045476,1.81562580195845,1.81192510445291,1.81729304328257,1.95220466927245,1.81324540538588,1.81638714337235,1.81557761579302,1.81555834132684,1.81686900502672,1.81534632219892,1.92380374336401,1.8148259116122,1.91358827629142,1.81509575413865,1.86732955747211,1.81332250325057,1.86350357593643,1.8642938290496,1.89804341932151,1.9122294264261,1.81501865627395,1.89651109926062,1.89389940909395,1.74823263097858,1.74142874441891,1.74403079735249,1.84720701478572,1.84742867114672,1.73530910140843,1.73388279091151,1.83072734620634,1.78048845012196,1.82736395185885,1.73039411253388,1.72796552979587,1.72934365412736,1.72642357250189,1.72770532450251,1.84029711866208,1.72484306627557,1.77384839652477,1.72630792570485,1.8425715056707,1.84049950055692,1.72359022597421,1.82155270030718,1.72389861743301,1.77151618611763,1.7202461060929,1.7213158389656,1.72249158140225,1.72180733785305,1.71964859764148,1.85386634284908,1.72034247842377,1.85025238044132,1.84765996474082,1.71842466903939,1.72159531872513,1.84770815090626,1.71984134230323,1.84420019806246,1.84103918560981,1.7718438520426,1.72175915168761,1.72238557183829,1.71886798176141,1.84437366825803,1.8467637020637,1.72082434007814
1.86392761419228,1.86338792913938,1.86192306971011,1.86156649208587,1.86331083127469,1.85909936041551,1.98203190567781,1.8590318997839,1.86348430147026,1.97555568504311,1.85775014778328,1.90454855165548,1.85616964155696,1.90132007857121,1.85105227078757,1.94829195263898,1.96346095751848,1.84765996474082,1.84286062266332,2.04721815028069,1.84377615980662,1.89153828698755,1.84466278525065,1.9341059455344,1.84375688534044,1.84147286109874,1.84033566759443,1.83999836443637,1.88735572782764,1.83724211577339,1.95521148599571,1.83506410109565,1.83437022031336,1.83512192449417,1.83446659264423,1.83456296497511,2.02243118678001,1.83390763312517,1.83449550434349,1.899199887292,1.8357097957125,1.83413892671926,1.83574834464485,1.83708792004399,1.88571739820279,1.88712443423354,2.07137869363068,1.96989862922083,1.99419409383406,1.99396280023996,1.99464704378916,1.96570643282783,1.9602421216673,1.99262322484082,2.08324212756122,2.07381691360178,1.95467180094281,1.95197337567835,1.95284072665622,1.99044521016308,1.99338456625472,2.07670808352799,1.87143501876733,1.99010790700502,1.94014849068017,1.94127604695139,1.99036811229838,1.94003284388312,1.86527682682451,1.93639960700919,2.0610764914603,1.93393247533882,1.93500220821152,1.93411558276748,1.98597353401054,1.93445288592554,1.93464563058729,1.98349676510709,1.98436411608495,1.93771027070907,1.94414794241142,2.06061390427211,1.94124713525213,1.94594046776567,1.94489000935915,2.0744915199179,2.05103449458328,1.9771651029687,1.95783281339547,2.06367854439389,2.04993585001132,2.04136834979666,2.03765801505803,1.94763662078904,2.03113360825789,2.03081557956601,1.943328777599,1.94595974223184,1.94216267239543,1.94371426692249,1.94251925001966,1.94242287768879,2.03545108868102,2.01652356289746,2.02793404687289,1.94150734054549,2.02827135003094,2.02736545012073,1.94096765549259,2.0478156587321,2.02412733980338,2.03398622925175,2.0177089425672,2.01820044145466,2.02016643700448,1.94120858631978,2.02475375995406,2.01859556801124,2.01884613607151,2.03122998058876,2.0204555539971,1.93850052382223,2.0268546767671,2.01764148193559,2.01927017432735,2.01662957246142,2.01438409715207,2.02672939273697,1.9341830433991,1.93442397422628,2.01753547237163,1.93461671888803,1.93310367329331,1.93415413169983,2.01513580133288,2.01633081823571,2.03368747502604,2.00882341366066,2.01221571970741,1.92702257921519,2.01776676596573,2.00761875952474,2.00999915609732,2.00652011495278,1.92347607743904,1.92322550937877,1.92109568086647,1.92074874047532,1.92134624892674,1.91931279274531,2.00445774707209,2.02039773059858,1.89618343333565,1.89452582924463,1.83859132840562,1.83486171920081,1.94975681206826,1.83184526524447,1.88488859615727,1.88483077275875,1.95082654494096,1.82387527348123,1.87034601142846,1.86929555302193,1.82034804617126,1.909791206455,1.81502829350704,1.81664734866571,2.04023115629235,2.04915523413124,1.81387182553655,1.94737641549569,1.81461389248428,1.81485482331146,1.81620403594369,1.81529813603348,1.81497047010851,1.81478736267985,1.81705211245538,1.81620403594369,1.92427596778529,1.81480663714603,1.81530777326657,1.86803307548749,1.81562580195845,2.01315053131688,1.89738808747157,1.87360339621198,1.81608838914665,1.81710029862082,1.81403565849904,1.75254047416863,1.75062266478424,1.74759657359481,1.74305743681067,1.74114926465937,1.95924948665931,1.73760276288323,1.85051258573468,1.84525065646898,1.78250263183721,1.78038244055799,1.82785545074631,1.72735838411137,1.72761858940473,1.73074105292503,1.72770532450251,1.84030675589517,1.72415882272636,1.7251225460351,1.72349385364334,1.72541166302772,1.83468824900524,1.96134076623926,1.84743830837981,1.72226028780816,1.77152582335072,1.7218458867854,1.83020693561962,1.77127525529044,1.72037139012303,1.79462627106111,1.72128692726633,1.71821264991147,1.85113900588536,1.84823819872606,1.71859813923496,1.71769223932475,1.84789125833492,1.84703354459014,1.71865596263348,1.76806605667235,1.71866559986657,1.72076651667962,1.84609873298067,1.82985035799539,1.7242841067565,1.84495190224327,1.72423592059106,1.72119055493546
1.86271332282327,1.86333974297395,1.86547920871934,1.86360958550039,1.86357103656804,1.91105368398944,1.8626169504924,1.98083688877498,1.86119063999547,1.85701771806864,1.85741284462522,1.85886806682142,1.97446667770424,1.97011064834876,1.95687872731982,1.8541554598417,1.94046651937205,1.8485947763503,1.84776597430478,1.96998536431862,1.84478806928079,1.96753750711443,1.84376652257353,1.84240767270821,1.84145358663256,1.8424173099413,1.84413273743085,1.84062478458705,1.83923702302247,1.91518805698392,1.83704937111164,1.83566160954706,1.83689517538225,1.83481353303538,1.83535321808827,1.83553632551693,1.83709755727708,1.83425457351631,1.88699915020341,2.03358146546208,1.83531466915592,1.8357097957125,1.83531466915592,1.83747340936749,1.83862024010488,1.97302109274114,2.07153288936008,1.9688578080474,1.96818320173129,1.96797118260336,1.96779771240779,1.99470486718769,1.96119620774295,1.96044450356214,1.95836286121527,1.95616557207135,1.9578039016962,1.952927461754,1.94925567594772,1.95051815348216,1.87538628433314,1.94738605272877,1.99645884360959,1.99175587386296,1.94119894908669,1.94169044797415,2.08185436599664,1.94092910656024,1.93770063347598,1.9375368005135,1.9353202369034,2.06420859221369,1.93482873801595,1.93443361145937,1.98702399241706,1.93373009344399,1.93419268063218,1.86235674519904,1.9358599219563,1.93802829940095,1.93766208454363,1.93830777916048,1.94187355540281,1.94617176135977,1.98056704624854,1.9803646643537,1.97847576666858,1.88308643356994,2.06339906463435,2.06489283576289,2.03114324549098,2.03488249192887,2.04448117608388,2.03735926083232,2.04373910913615,2.02269139207337,1.94386846265189,1.94656688791635,1.94420576580995,1.94384918818571,1.94585373266788,1.94338660099752,1.94352152226074,2.01635009270189,2.03425607177819,1.94264453404979,2.03185640073944,2.02963983712935,2.02003151574126,1.94326131696738,2.01427808758811,1.94078454806393,2.01369021636978,2.02015679977139,2.01927981156044,2.03794713205065,2.02378039941224,1.93911730673982,1.93772954517524,2.01813298082305,2.02934108290364,1.93751752604732,2.02212279532121,1.93698747822752,1.93742115371645,1.93693929206208,2.02016643700448,2.02529344500695,2.02006042744052,2.02287449950203,1.93428905296306,2.01707288518344,2.01211934737654,1.93203394042062,2.01488523327261,2.0127554047603,2.01695723838639,1.93054980652516,2.01418171525723,1.92742734300486,2.02147710070436,2.00689596704319,2.00474686406471,1.92456508477792,1.92385192952945,1.92314841151407,1.92318696044642,1.92070055430989,1.92040180008418,1.91850326516597,1.99459885762373,2.01952074238763,1.89735917577231,1.89577866954599,1.89056492644573,1.83500627769712,1.83242349922971,1.83115138446218,1.88493678232271,1.88464766533009,1.94747278782656,1.87174341022612,1.87085678478209,1.86765722339708,1.81893137290742,1.94515985188559,1.81664734866571,1.9446201668327,1.81602092851503,1.81748578794431,1.81493192117616,1.81331286601749,2.02955310203156,1.90449072825695,1.81472953928133,1.94425395197538,1.81335141494984,1.94685600490897,1.81359234577702,1.81466207864972,1.81544269452979,1.81438259889018,1.81529813603348,1.81630040827457,1.81450788292032,1.90528098137012,1.89774466509581,1.89595213974156,1.81509575413865,1.81316830752118,2.01745837450693,1.75161529979224,1.74628590989493,1.74416571861571,1.74343328890108,1.7434911122996,1.74119745082481,1.7344995738291,1.90019252229999,1.73389242814459,1.84327502368607,1.73238901978297,1.73146384540658,1.73047121039858,1.72711745328418,1.7279462553297,1.72647175866733,1.72417809719254,1.7251225460351,1.72361913767347,1.72322401111689,1.8354785021184,1.77338580933658,1.72382151956831,1.95984699511072,1.72099781027371,1.7711596084934,1.7709283148993,1.76927071080827,1.83208619607166,1.72013045929585,1.72083397731123,1.85368323542042,1.72076651667962,1.72172060275526,1.72097853580754,1.85010782194501,1.85030056660676,1.84703354459014,1.71804881694898,1.77168001908011,1.77213296903522,1.71911854982168,1.7182608360769,1.72112309430385,1.72057377201787,1.71960041147605,1.8916539337846,1.84061514735396,1.88733645336146
1.86780178189339,1.86646220649425,1.99053194526086,1.86225073563508,1.86326264510925,1.92896930029884,1.86087261130359,1.98019119415813,1.8601787305213,1.85983179013015,1.95446941904798,1.95664743372572,1.85786579458033,1.85447348853358,1.97304036720731,1.85411691090935,1.94084237146246,1.85051258573468,1.84866223698191,1.84675406483061,1.84663841803356,1.84467242248374,1.8437857970397,1.84133793983552,1.84129939090317,1.84285098543023,1.84067297075249,1.96273816503693,1.84050913779,1.88803033414375,1.83879371030045,1.83692408708151,1.83833112311226,1.88480186105949,1.83521829682505,1.9397437268905,1.88691241510562,1.8875388352563,1.88819416710624,1.83449550434349,1.8359410893066,1.83716501790869,1.83556523721619,1.83777216359319,1.83999836443637,1.84032603036134,1.97350295439551,1.97146949821407,1.96990826645392,1.9694649537319,1.99448321082668,1.96661233273805,1.88942773294142,1.99634319681254,1.88552465354104,1.95819902825279,1.95591500401108,2.07095465537484,1.9935483992172,1.95183845441513,1.94925567594772,1.87548265666402,1.95142405339237,1.94444669663713,1.94101584165803,2.0771610334831,1.93737296755101,1.93832705362666,1.93802829940095,1.9398979226199,1.93803793663404,1.8639083397261,1.98883579223749,1.93532987413649,1.9374597026488,1.86262658772548,1.98613736697303,1.9338746519403,1.86466004390692,1.9389823854766,1.98202226844473,1.94146879161314,1.94426358920847,1.95009411522632,1.87466349185159,1.87730409371753,1.95514402536409,1.98009482182726,2.06363999546154,1.98128983873009,2.04171529018781,2.02528380777386,1.95049887901599,2.03520052062075,2.04380656976776,2.03212624326589,2.02687395123328,2.01997369234273,1.94479363702827,1.94493819552458,1.94342514992987,1.94515021465251,1.94386846265189,1.94230723089174,2.04071301794672,2.03448736537229,1.94227831919247,2.01364203020434,2.0097871369694,2.03973002017181,2.03501741319209,2.01487559603952,1.94180609477119,2.0129866983544,2.01482740987408,2.03155764651373,2.03039154131016,2.01391187273079,1.93817285789726,2.02692213739871,1.93795120153625,1.93736333031792,2.01724635537901,2.01441300885133,2.02314434202847,2.03043009024251,2.02626680554877,2.01765111916868,2.01739091387532,2.0188557733046,1.93431796466232,2.02366475261519,2.02344309625418,2.02124580711026,2.02010861360595,2.02093741565147,2.01307343345219,2.01446119501676,2.02669084380462,1.92685874625271,1.92583719954545,2.0052094512529,2.02241191231383,2.01771857980029,1.92143298402453,1.92059454474593,1.92047889794888,1.92048853518196,1.9199295756629,1.91867673536154,2.01140619212807,1.91828160880496,1.84346776834782,1.84137648876787,1.83932375812026,1.94749206229273,1.83495809153169,1.83126703125923,1.88530299718003,1.88393451008163,1.82765306885147,1.94495746999076,1.92014159479082,1.92766827383204,1.92022832988861,1.81863261868171,1.95030613435424,1.81724485711713,1.81511502860482,1.81519212646952,1.81526922433422,1.86214472607112,1.81260934800211,1.81228168207714,1.81540414559744,1.81305266072413,1.8139103744689,1.94725113146555,1.8139874723336,1.94177718307193,1.81487409777764,1.81407420743139,1.81441151058945,1.81609802637973,1.81658952526719,1.81428622655931,1.93156171599934,1.9148218421266,1.81594383065034,1.90820106299559,1.90612905788181,1.749051795791,1.74702797684266,1.74460903133773,1.74418499308189,1.73924109250808,1.83378234909503,1.73812317346994,1.73475014188937,1.73375750688137,1.73110726778235,1.73058685719563,1.73085669972208,1.95330331384441,1.72630792570485,1.72468887054617,1.72384079403448,1.72699216925405,1.72474669394469,1.72372514723743,1.72408172486167,1.83455332774202,1.72275178669561,1.72354203980877,1.77207514563669,1.7707741191699,1.72185552401849,1.76947309270311,1.8310646493644,1.77136199038823,1.71857886476879,1.7203232039576,1.72064123264948,1.72154713255969,1.72056413478478,1.72080506561197,1.71952331361135,1.71915709875403,1.72057377201787,1.72105563367224,1.81678226992894,1.71892580515993,1.84810327746284,1.8463011148755,1.84400745340071,1.8216876215704,1.7210074475068,1.81719667095169,1.84446040335582,1.71975460720544
1.86631764799794,1.86700189154714,1.86570086508035,1.91349190396054,1.96482944461689,1.9134533550282,1.97576770417103,1.86386015356067,1.86134483572487,1.90942499159768,1.95462361477738,2.0452232430316,1.95088436833948,1.85710445316643,1.85421328324022,1.97133457695085,2.05362691028378,1.85005963577957,1.84818037532754,1.84618546807846,1.93719949735544,1.96820247619746,1.84369906194192,1.89183704121326,1.89208760927353,1.84026820696282,1.84236912377586,1.8415788706627,1.88977467333256,1.84040312822604,1.95445978181489,1.88574630990205,1.83836967204461,2.03030480621238,1.83264515559072,1.951934826746,1.83450514157658,1.83486171920081,1.88794359904597,1.83630730416392,1.83727102747265,1.9482052175412,1.83508337556182,1.83758905616454,2.00753202442696,1.84050913779,1.97179716413904,1.97107437165749,1.97012028558184,1.9985019370241,1.96755678158061,1.99483978845091,1.99430974063111,2.07744051324263,1.96133112900618,1.8867774938424,2.07358562000769,2.07705502391914,1.95133731829459,1.87778595537189,1.94935204827859,1.94773299311992,1.95351533297233,1.99127401220859,1.94429250090773,1.86921845515724,1.86975814021013,1.99132219837402,1.99087888565201,1.99163058983282,1.93677545909959,2.07135941916451,1.93535878583575,1.93566717729455,1.93446252315863,1.8612388261609,1.86239529413139,1.86431310351577,1.98563623085249,1.93721877182161,1.94052434277058,1.93988828538681,2.05583383666078,1.86851493714186,1.94813775690959,2.06499884532685,1.88088914442602,1.98010445906034,2.07036678415651,1.98503872240107,2.0404239009541,2.05389675281022,2.03226116452911,2.03580766630526,2.04170565295472,2.04108887003713,2.0177089425672,2.01766075640177,1.94586336990097,1.9447743625621,1.94474545086284,1.94480327426136,2.0273172639553,2.02429117276587,2.01433591098663,2.03527761848545,2.02340454732183,2.03115288272406,2.02370330154754,2.03050718810721,2.0282328010986,1.94153625224475,2.02697032356415,2.03369711225913,2.01425881312193,2.0206097497265,2.02064829865885,2.02403096747251,2.01372876530213,2.0214481890051,2.02675830443623,2.02546691520252,2.02217098148665,2.01081832090974,2.00991242099953,2.01104961450384,2.02669084380462,1.93573463792616,2.03072884446822,1.93620686234744,1.9336433583462,2.01553092788946,2.01591641721296,1.93421195509836,2.02651737360905,2.01461539074616,2.02448391742761,2.02386713451002,1.92730205897472,2.02474412272097,2.01344928554259,2.01337218767789,1.99684433293308,1.99465668102225,1.92173173825023,1.92083547557311,1.92059454474593,1.92018978095626,1.9189369406549,1.92016086925699,2.02070612205737,1.99400134917231,1.991649864299,1.95131804382841,1.83953577724818,1.92494093686832,1.83371488846342,1.83117065892836,1.88353938352504,1.88349119735961,1.82439568406795,1.823518695857,1.92049817241505,1.82102265248737,1.81967343985514,2.05330888159189,1.95465252647664,1.8147488137475,1.81534632219892,1.81466207864972,1.9012526179396,1.89983594467576,1.81432477549166,1.93134005963833,1.81409348189756,1.81348633621306,1.91058145956816,1.91694203340582,1.81176127149042,1.90542553986643,1.81476808821368,1.81499938180777,1.94060144063527,1.81076863648243,1.81303338625795,1.81471026481515,1.93062690438986,1.80999765783544,1.93335424135358,1.81413203082991,1.90542553986643,1.75000588186665,1.79458772212876,1.7940191253766,1.79182183623269,1.73794006604128,1.7368606959355,1.73757385118396,1.73417190790413,1.73178187409846,1.73334310585861,1.72888106693917,1.84184871318915,1.72622119060706,1.72592243638135,1.83610492226908,1.8413475770686,1.82536904460977,1.77250882112563,1.77183421480951,1.72388898019992,1.95440195841637,1.72294453135736,1.72287707072575,1.72119055493546,1.85069569316334,1.72390825466609,1.72097853580754,1.76971402353029,1.72067014434874,1.71842466903939,1.71907036365624,1.85104263355448,1.71931129448343,1.72118091770237,1.71987989123558,1.84423874699481,1.71684416281306,1.84263896630231,1.72057377201787,1.80502484556236,1.76893340765022,1.71866559986657,1.84083680371497,1.72079542837888,1.84235948654278,1.815134303071,1.72120982940163,1.72173987722144,1.72217355271037
1.87164703789525,1.91841653006818,1.91388703051713,1.86379269292905,1.96732548798651,1.86395652589154,1.91208486792979,1.86503589599732,1.97151768437951,1.86081478790506,1.85813563710678,1.85833801900161,1.85771159885093,1.97425465857632,1.85506135975191,1.85200635686322,1.85162086753972,1.85113900588536,1.85121610375006,1.84709136798867,1.93560935389602,2.13397252253306,1.8438628949044,1.84209928124942,1.84492299054401,1.96142750133705,1.96173589279584,1.89031435838546,1.89069021047586,1.91209450516288,1.84029711866208,1.88708588530119,2.0297554839264,1.83729030193883,1.83843713267622,1.83629766693083,1.88402124517941,1.89449691754537,1.88436818557056,1.83703973387856,1.83724211577339,1.94237469152335,1.83575798187794,2.01340109937716,2.00815844457763,2.00811989564528,1.97799390501421,1.97284762254557,1.99775987007638,1.89621234503492,1.9654269530683,1.96941676756647,1.96430903403017,1.9962950106471,1.8883001766702,1.99641065744415,1.9590278302983,1.95576080828168,1.9541513903561,2.08124722031214,1.95024831095572,1.94778117928535,1.94491892105841,1.94488037212606,1.94487073489297,1.94395519774967,1.94368535522323,1.94076527359776,1.99015609317045,1.99035847506529,1.86387942802684,1.98807445082359,1.86417818225255,1.86419745671872,1.93414449446675,1.94056289170293,1.98676378712371,1.93360480941386,1.93506003161005,1.94158443841019,1.94011957898091,1.94066890126689,1.9402737747103,1.98368950976884,1.94719330806703,2.07074263624692,2.06277264448368,1.95787136232782,1.96021320996804,1.9788419815259,2.03556673547807,2.04077084134524,1.95008447799323,2.02386713451002,2.03708941830587,2.04090576260847,2.01964602641776,1.94644160388621,1.94520803805103,1.94459125513344,2.02091814118529,1.94475508809592,1.94490928382532,2.01811370635687,2.02175658046389,2.02858937872283,2.02811715430155,2.03693522257648,2.034786119598,1.94290473934315,2.03777366185508,2.02105306244852,1.94096765549259,2.02405024193868,2.03475720789873,2.0412623402327,2.03057464873882,2.03454518877081,2.02397314407398,2.02797259580524,2.03473793343256,1.93778736857377,2.03393804308631,2.02054228909489,2.02067721035811,2.02166020813302,2.02691250016563,2.02087959225294,1.93472272845199,2.01396969612931,2.01491414497187,2.01145437829351,2.01303488451984,2.00398552265081,2.00191351753703,2.01387332379844,2.01802697125909,2.01797878509365,2.03385130798852,2.01951110515454,1.92664672712478,1.92495057410141,1.99738401798597,2.0023182813267,2.00512271615512,1.92078728940767,1.92155826805466,1.92048853518196,1.92022832988861,1.91884056832403,2.00156657714588,1.9931725471268,2.00308925997369,1.84072115691793,1.83757941893145,1.8375408699991,1.83375343739577,1.83291499811717,1.83084299300339,1.94746315059347,1.825725622234,2.04276574859433,2.03771583845655,1.81961561645662,1.81884463780963,1.81867116761406,1.81735086668109,1.81562580195845,1.81399710956669,1.8629157047181,1.81233950547566,1.90126225517269,1.81389110000273,1.81442114782253,1.81364053194246,1.81539450836436,1.91022488194393,1.90592667598697,1.81143360556545,1.81404529573213,1.93897274824351,1.8106337152192,1.81356343407776,1.81080718541478,1.81348633621306,1.81444042228871,1.81180945765586,1.81235877994184,1.93686219419738,1.93304584989479,1.86059313154405,1.83942013045113,1.79511776994856,1.74428136541276,1.74032046261386,1.84164633129431,1.84745758284599,1.84480734374696,1.73429719193426,1.73100125821839,1.73055794549637,1.72795589256278,1.72875578290903,1.72468887054617,1.72439975355355,1.72493943860644,1.8451639213712,1.77409896458504,1.77156437228306,1.84182943872297,1.83798418272112,1.72266505159782,1.8308333557703,1.72236629737212,1.96285381183398,1.83923702302247,1.71927274555108,1.84380507150588,1.76873102575538,1.72122910386781,1.72083397731123,1.84741903391364,1.8514859462765,1.71983170507014,1.7183379339416,1.76846118322894,1.76727580355919,1.71760550422696,1.72120019216855,1.78680083779417,1.71920528491946,1.71636230115869,1.84812255192901,1.84716846585337,1.84168488022666,1.71835720840778,1.72055449755169,1.72282888456031,1.71892580515993,1.8439399927691
1.92059454474593,1.9688578080474,1.96911801334076,1.96933966970177,1.86703080324641,1.91515914528466,1.9783119337061,1.9697733451907,1.8613930218903,1.91119824248575,1.86136411019104,1.86103644426607,1.86046784751392,1.98102963343673,1.90405705276802,1.85693098297086,2.05720232375918,1.85217982705879,1.850878800592,2.04291030709064,2.04775783533358,1.9703033930105,1.84483625544623,1.892029785875,1.89275257835656,1.84279316203171,1.84366051300957,1.89122989552875,1.89105642533318,1.91250890618563,1.83942976768422,1.95016157585793,1.83958396341362,1.83790708485642,1.83695299878077,1.95240705116728,1.88451274406687,1.88535118334547,1.88435854833747,1.88458984193157,1.83793599655568,1.93850052382223,2.0147406747763,1.84110664624142,1.8424173099413,1.97709764233709,1.97581589033647,1.97214410453019,1.97187426200374,1.97227902579341,1.9664195880763,1.89349464530428,2.00006316878426,2.07864516737855,1.96009756317099,1.96121548220913,1.95616557207135,1.95972171108059,1.95549096575524,1.95558733808611,1.99508071927809,1.94976644930135,1.94960261633886,1.94801247287945,1.94448524556948,1.87148320493276,1.87002798273657,1.9400521183493,1.93894383654425,1.99054158249395,1.94062071510145,1.86362885996657,1.93601411768569,1.98852740077869,1.85907044871625,1.94023522577796,1.98680233605606,1.98652285629652,1.93833669085975,1.98664814032666,1.94010994174782,1.9835642257387,2.06739851636561,1.98134766212861,1.9450056561562,1.94930386211316,1.87943392222983,1.95797737189178,1.95870980160641,2.06787074078689,1.95261907029521,2.04182129975177,2.03427534624437,1.94978572376752,2.02407915363794,2.03149018588212,2.02284558780276,1.94679818151044,1.9446201668327,1.94305893507255,1.94444669663713,2.02787622347436,2.01815225528922,1.94371426692249,2.01617662250631,2.03791822035139,2.03108542209245,2.03307069210845,2.0280015075045,2.02748109691778,2.03776402462199,2.02980367009183,2.02852191809122,1.94094838102642,2.03092158912997,1.9394353354317,2.02859901595591,2.03064210937043,2.04113705620256,1.9382981419274,2.03086376573144,2.02725944055677,2.03399586648483,1.93685255696429,2.02623789384951,2.01923162539501,2.03044936470869,2.02741363628617,2.02592950239072,2.04159964339076,1.93376864237634,2.0115411133913,2.00468904066619,2.01354565787347,2.02765456711335,2.01773785426647,2.01734272770988,2.01591641721296,2.00776331802105,1.92754298980191,2.02424298660043,1.92666600159096,2.01398897059548,1.92169318931788,1.92156790528775,1.92104749470103,1.92065236814445,1.92107640640029,1.91841653006818,1.91877310769242,2.01056775284947,1.9200066735276,2.01815225528922,1.84026820696282,1.84023929526356,1.94733786656334,1.8325102343275,1.83116102169527,2.04455827394857,1.82552324033917,1.8255714265046,1.8240487436768,1.82236222788651,2.04175383912015,1.82012638981025,1.81777490493693,1.81475845098059,1.86488170026792,1.86427455458342,1.86365777166583,1.81289846499473,1.81044097055746,2.02191077619329,1.8146717158828,1.81537523389818,1.81451752015341,1.81378509043877,1.90707350672437,1.94312639570416,1.94170008520723,1.81133723323458,1.90336317198573,1.8088797387973,1.8114721544978,1.81089392051256,1.81160707576103,1.81401638403286,1.81222385867862,1.81294665116017,1.81282136713003,1.85914754658095,1.74586187163909,1.74658466412064,1.74434882604437,1.81781345386928,1.78629006444054,1.84761177857538,1.7344224759644,1.73439356426514,1.73232155915135,1.73082778802281,1.83823475078139,1.72599953424605,1.84146322386565,1.83344504593697,1.72425519505724,1.72390825466609,1.72358058874112,1.72239520907138,1.84103918560981,1.72174951445453,1.72114236877002,1.83447622987732,1.72230847397359,1.84540485219838,1.84556868516087,1.8447784320477,1.72039066458921,1.71887761899449,1.84611800744684,1.84404600233306,1.72055449755169,1.71821264991147,1.84595417448436,1.8479779934327,1.84825747319224,1.8454626755969,1.7179620818512,1.72064123264948,1.76687103976952,1.7667361185063,1.81644496677088,1.84589635108584,1.72014009652894,1.84398817893454,1.71748985742992,1.721691691056,1.82799037200953,1.76820097793558,1.82734467739268
1.939136581206,1.87274568246721,1.91767446312046,1.96747968371591,1.86776323296104,1.86508408216276,1.86430346628268,1.86356139933496,1.86052567091244,1.86088224853667,1.97856250176637,1.86145084528883,1.85782724564798,1.85574560330111,1.90379684747467,1.90539662816717,1.8525556791492,1.85204490579557,1.85119682928388,1.97268378958308,2.04423060802361,1.84585780215349,1.84695644672544,1.89380303676308,1.96676652846744,1.9448514604268,1.84373761087427,1.89360065486824,1.89415961438731,1.84085607818115,1.84132830260243,1.84145358663256,1.83968997297758,1.83773361466085,1.83956468894744,1.83812874121743,1.84012364846651,1.88685459170709,1.83729993917191,2.02028208380153,1.83987308040624,1.84070188245175,1.84128975367008,1.84064405905323,1.84224383974573,1.84408455126541,1.97665432961507,2.0770068377537,2.07755616003968,1.96966733562674,1.96819283896437,1.96819283896437,2.07335432641359,1.96363442771405,1.96162988323188,1.96034813123127,1.959104928163,1.99810681046752,1.95469107540899,1.95391045952891,1.95411284142375,2.08534304437426,1.94989173333148,1.95089400557257,1.94521767528412,2.08429258596774,2.07482882307596,1.94382991371954,1.99376041834513,1.93849088658914,1.94437923600552,1.99104271861449,1.93833669085975,1.93823068129579,1.99092707181744,1.93953170776258,1.98801662742506,1.98843102844782,1.94082309699628,1.86537319915538,1.93980155028902,1.9429432882755,1.94373354138867,1.98185843548224,1.98125128979774,1.9815114950911,2.06111504039265,1.95920130049387,1.97947803890967,2.06116322655809,1.9522432182048,2.02824243833168,2.02734617565456,2.04192730931573,2.04407641229421,2.01889432223695,1.94838832496986,1.94617176135977,1.94598865393111,1.94592119329949,1.94544896887821,2.01980985938025,2.0172559926121,1.94467799023123,2.03384167075544,2.03732071189997,1.94504420508855,1.94539114547969,2.03336944633416,1.94486109765989,1.94391664881732,2.03481503129726,1.9421048489969,2.02345273348727,2.02777985114349,2.03077703063366,1.94117003738743,2.02390568344237,1.9411893118536,1.94037978427427,2.03132635291964,1.93748861434806,2.02177585493007,2.01109780066928,2.02753892031631,2.02780876284275,2.02935072013673,2.01560802575416,2.02155419856906,2.02366475261519,2.01441300885133,2.02085068055368,1.93201466595444,1.93062690438986,2.01944364452293,1.93050162035973,1.93014504273549,2.01943400728984,2.01398897059548,2.00636591922339,2.01000879333041,2.00836082647247,1.92276292219058,1.92079692664076,2.00648156602043,1.99641065744415,1.91938025337692,1.91846471623362,1.92031506498639,1.91904295021886,1.99109090477993,2.00377350352289,1.94437923600552,1.94395519774967,2.04132980086431,1.83483280750155,1.83251987156059,1.83019729838653,1.82729649122724,1.82721939336254,1.87425872806192,1.82246823745048,1.82384636178197,1.81955779305809,1.82065643763005,1.81531741049966,1.81497047010851,1.86440947584664,1.81705211245538,1.81596310511651,1.81463316695046,1.81156852682868,2.02762565541409,1.81431513825857,1.80846533777455,1.81487409777764,1.8133803266491,1.81197329061835,1.94252888725275,1.8114721544978,2.01073158581196,1.81084573434712,1.94224940749321,1.93740187925027,1.9039992293695,1.81110593964048,1.81394892340125,1.81126013536988,1.81285991606238,1.81259007353594,1.86011126988968,1.74856993413664,1.83283790025247,1.74207443903576,1.74055175620796,1.83795527102185,1.73715945016121,1.73773768414645,1.73177223686538,1.73077960185738,1.73065431782724,1.8399790899702,1.72831247018701,1.7271078160511,1.72571041725343,1.72536347686228,1.72427446952341,1.72530565346376,1.72460213544838,1.72406245039549,1.72088216347666,1.72223137610889,1.83779143805937,1.72060268371713,1.72121946663472,1.84463387355139,1.71836684564086,1.71978351890471,1.77127525529044,1.84704318182323,1.84468205971683,1.72056413478478,1.84657095740195,1.71745130849757,1.92745625470412,1.84762141580847,1.81804474746338,1.84793944450035,1.71761514146005,1.71876197219745,1.84725520095115,1.84507718627341,1.71893544239302,1.76756492055181,1.71812591481368,1.84163669406122,1.72088216347666,1.71888725622758,1.77054282557581,1.76778657691282
1.9382981419274,1.92063309367827,1.8674933904346,1.8717626846923,1.86947866045059,1.86762831169782,1.86371559506436,1.86465040667383,1.86350357593643,1.86260731325931,1.86410108438785,1.86221218670273,1.90822033746176,1.90875038528157,1.85738393292596,1.85541793737614,1.90217779231599,1.85340375566089,1.8514088484118,1.84870078591426,1.84924047096715,1.97134421418394,1.84541448943147,1.84553013622852,1.84731302434968,1.8440941884985,1.84474952034844,1.84270642693392,1.92335079340891,1.95548132852215,1.83876479860119,2.03325379953711,2.03388985692087,1.88697023850414,1.83869733796958,1.83998872720329,1.95106747576814,2.02444536849526,1.94712584743541,1.83784926145789,1.94509239125398,1.94315530740342,1.84176197809136,1.83978634530845,2.12368959482885,1.97661578068272,1.9753340286821,1.97565205737399,1.97260669171838,2.00096906869447,1.96821211343055,1.96716165502403,2.07787418873156,2.07904993116822,1.96114802157752,1.99897416144538,1.96082999288563,1.95916275156152,1.95751478470358,1.95366952870173,2.09000746518854,1.94868707919557,1.99452175975903,1.94825340370664,1.94579590926936,1.94503456785546,1.94465871576505,1.9414977033124,2.08130504371066,1.94033159810883,1.93955098222875,1.93988828538681,1.94006175558238,1.93843306319062,1.93894383654425,1.93865471955163,1.86499734706497,1.86500698429806,1.93768135900981,1.94382027648645,1.9414206054477,1.94091946932716,1.87103989221075,1.94702947510454,1.95086509387331,1.95233959053567,2.06834296520817,1.95723530494405,1.89077694557365,2.06682991961345,2.03914214895348,2.03034335514473,2.03466083556786,2.03867956176529,2.03212624326589,2.0348632174627,1.94875453982718,1.9466825347134,1.94592119329949,1.9469041910744,1.94547788057748,1.94396483498276,2.01769930533412,2.03034335514473,1.94453343173492,2.03290685914596,2.03426570901128,1.94523694975029,1.94320349356886,1.94427322644156,1.9447743625621,2.02836772236182,1.94267344574906,1.94131459588374,1.9425674361851,1.9416518990418,2.03034335514473,2.02444536849526,2.01208079844419,2.01327581534702,1.93811503449874,2.02497541631507,2.02051337739562,2.02346237072035,1.93724768352088,1.93727659522014,2.03072884446822,2.02339491008874,2.00882341366066,2.01831608825171,2.01652356289746,2.0236551153821,1.93377827960943,2.01799805955982,2.01431663652045,2.01904851796635,2.00760912229166,2.02343345902109,2.01744873727384,2.00832227754012,2.01368057913669,2.01736200217606,2.00408189498168,2.01670667032612,1.92098967130251,1.91991030119672,1.91877310769242,1.91793466841382,1.91819487370717,1.91945735124162,1.99122582604315,1.99244011741216,1.84220529081338,1.94693310277367,1.83745413490131,1.883423736728,1.83261624389146,1.83103573766513,1.87757393624397,1.87713062352195,1.82433786066942,1.82166834710422,1.94092910656024,1.94860998133087,2.03873738516381,1.81608838914665,1.817341229448,1.81648351570323,2.01796914786056,1.81546196899597,1.93239051804485,1.81374654150642,1.81354415961158,1.8125418873705,1.90238981144391,2.0267775789024,2.02477303442023,2.03810132778005,2.02831953619638,1.81129868430223,1.81095174391109,1.80937123768476,1.81267680863372,1.81270572033298,1.81159743852794,1.81124086090371,1.81172272255807,1.81069153861773,1.80985309933913,1.80890865049657,1.86260731325931,1.83612419673526,1.74180459650931,1.79069427996146,1.84060551012088,1.8514088484118,1.84057659842162,1.73076996462429,1.83591217760734,1.72808117659292,1.72813899999144,1.72721382561506,1.72766677557016,1.84956813689212,1.77240281156167,1.84174270362519,1.82545577970756,1.72120019216855,1.72239520907138,1.72079542837888,1.72105563367224,1.7217687889207,1.84182943872297,1.7212387411009,1.72055449755169,1.72099781027371,1.71945585297974,1.72102672197297,1.72050631138626,1.71883907006214,1.71834757117469,1.7191763732202,1.84739975944746,1.71733566170052,1.71569733207567,1.81464280418354,1.84575179258953,1.71912818705477,1.7188005211298,1.71804881694898,1.7198606167694,1.84588671385275,1.84547231282999,1.71961968594222,1.71567805760949,1.72052558585243,1.72028465502525,1.8440170906338,1.72110381983767,1.767805851379
1.96848195595699,1.96983116858922,1.87030746249611,1.87214817401579,1.97372461075651,1.8681005361191,1.86572977677961,1.8649780725988,1.86498770983189,1.86607671717076,1.86450584817752,1.86147975698809,1.90769028964196,1.90791194600297,1.85556249587245,1.85581306393272,1.85485897785708,1.96011683763717,1.90654345890456,1.84932720606493,1.84960668582447,1.84697572119162,1.89471857390638,1.8443254820926,1.84435439379186,1.93861617061928,1.94989173333148,1.8921068837397,1.89118170936332,1.89221289330366,2.03708941830587,1.8410488228429,1.84153068449726,1.83873588690193,1.83816729014978,1.83786853592407,1.83841785821005,1.84041276545913,1.84044167715839,1.84048986332383,1.8388322592328,1.83841785821005,1.93475164015125,1.84242694717439,1.84213783018177,1.8432557492199,1.97714582850253,2.0777681791676,1.97389808095209,1.97259705448529,1.97170079180817,1.96835667192686,2.07816330572418,1.96408737766916,1.96445359252648,1.99855012318954,1.99822245726457,1.88518735038298,1.88411761751029,1.99836701576088,1.88100479122307,2.06842970030595,1.99689251909852,2.08368544028324,1.9482052175412,1.9956107670979,2.07725740581397,1.99399171193922,1.99405917257083,1.99432901509728,1.99424227999949,1.94417685411068,1.94019667684561,1.99144748240416,1.93755607497967,1.93784519197229,1.93680437079886,1.93665981230255,1.93819213236344,1.94103511612421,1.9406592640338,1.98553022128852,1.94541041994587,1.98546276065691,1.95086509387331,1.9511734853321,1.9812031036323,1.96040595462979,1.96082035565255,1.98101999620364,1.95401646909287,1.95339968617528,2.03431389517672,2.03975893187107,2.04170565295472,2.02897486804632,1.94732822933025,1.94653797621709,1.94591155606641,1.94701020063837,1.94633559432225,1.94601756563037,1.94675963257809,2.04052991051806,2.02572712049588,2.04275611136124,2.03587512693687,2.04437516651992,1.94409975624598,2.02697032356415,1.94413830517833,2.04304522835386,2.04247663160171,1.94402265838129,2.02790513517363,2.01217717077506,2.01183023038392,1.94012921621399,2.01179168145157,2.02421407490117,1.93724768352088,1.93754643774658,1.93723804628779,2.01569476085195,2.02372257601371,2.03986494143503,2.02736545012073,2.00897760939006,2.01140619212807,2.02370330154754,2.01187841654935,2.02721125439134,2.0237322132468,2.01401788229475,2.00178823350689,2.01605133847618,2.0188557733046,2.01401788229475,2.02078321992207,2.01486595880643,1.92393866462724,1.92331224447656,1.99663231380516,1.9971334499257,1.92139443509218,1.9200837713923,1.91955372357249,1.91768410035354,1.91844544176745,1.91883093109094,2.00828372860777,1.99916690610713,1.84459532461904,1.84283171096406,1.83805164335273,1.88400197071324,1.83061169940929,1.83080444407104,1.878238905327,1.8759548810853,1.82422221387237,1.87335282815171,1.821533425841,1.87002798273657,1.86826436908159,1.81624258487604,1.92978846511126,1.9281597727195,1.81491264670999,1.94445633387022,1.81568362535698,1.81422840316079,1.9408905576279,1.81239732887419,2.0300542381521,1.81260934800211,1.81248406397198,1.8113950566331,1.81097101837726,1.90435580699373,1.81092283221182,1.81065298968538,1.85820309773839,1.85867532215967,1.81198292785143,1.81113485133975,1.93851016105532,1.81128904706914,1.81040242162511,1.8110963024074,1.80951579618107,1.74377059205913,1.74370313142752,1.82762415715221,1.73809426177068,1.84643603613873,1.73397916324238,1.73149275710584,1.7303073774361,1.83103573766513,1.78177020212257,1.72625010230632,1.84798763066579,1.84682152546222,1.72386970573374,1.72300235475588,1.72145076022882,1.84606982128141,1.84634930104094,1.72092071240901,1.72120982940163,1.84040312822604,1.72115200600311,1.84183907595606,1.71873306049818,1.71908000088933,1.72112309430385,1.81716775925243,1.72168205382291,1.71879088389671,1.84989580281709,1.71952331361135,1.71758622976079,1.71908963812242,1.84280279926479,1.71663214368514,1.84646494783799,1.71777897442254,1.71806809141516,1.83681807751755,1.71726820106891,1.72044848798773,1.71799099355046,1.8450097256418,1.84359305237796,1.71725856383582,1.83740594873588,1.72102672197297,1.72079542837888,1.71779824888871
1.9708430780634,1.98737093280821,1.96774952624235,1.97425465857632,1.86921845515724,1.86992197317261,1.86910280836019,1.8683318297132,1.8655081204186,1.86561412998256,1.91145844777911,1.91202704453127,1.86180742291306,1.86083406237124,1.90747827051403,1.98496162453637,1.8527098748786,1.90128152963887,1.90258255610566,1.85144739734415,1.89913242666039,1.94232650535791,1.89570157168129,1.9283139684489,1.89421743778583,1.89383194846234,1.89425598671818,1.89204906034118,1.89166357101769,1.89247309859702,1.96337422242069,1.84041276545913,1.95782317616238,1.94382027648645,1.84083680371497,1.84046095162457,1.84140540046713,1.8405862356547,1.83904427836073,1.83860096563871,1.84147286109874,1.841501772798,1.84164633129431,1.93860653338619,2.01355529510655,2.01183023038392,2.00469867789927,1.97547858717841,1.97436066814028,2.07846205994989,1.89809160548695,1.97083344083031,1.96583171685797,1.99963913052841,1.88830981390329,1.96437649466178,1.96109019817899,1.88467657702935,1.9972876456551,1.88377067711914,1.95199265014453,1.95053742794834,1.94894728448892,1.94772335588683,1.9470583868038,1.94779081651844,1.94689455384132,1.94407084454672,1.99355803645029,1.94090019486098,1.94078454806393,1.99217027488571,1.93705493885913,1.86552739488478,1.93858725892002,1.93757534944585,1.93852943552149,1.94221085856086,1.94014849068017,1.94030268640957,1.94253852448583,1.9469041910744,1.94462980406579,1.98499053623563,2.07779709086686,1.87918335416956,1.95455615414577,2.06133669675366,1.96836630915995,1.89929625962287,2.04200440718043,2.04163819232311,2.031808214574,2.04717960134834,2.05103449458328,2.02993859135506,1.94911111745141,1.9471354846685,2.0186244797105,1.94830158987207,1.94737641549569,1.94432141260699,1.94664398578105,1.94714512190159,2.02507178864594,2.03037226684399,2.03349473036429,2.05280774547135,1.94391664881732,1.94353115949383,2.02408879087103,1.94429250090773,1.94419612857686,2.0286857510537,2.03650154708755,2.02478267165332,2.01430699928737,2.02473448548789,1.93957989392801,2.03491140362813,2.03085412849836,1.93807648556639,2.0121482590758,2.02543800350326,2.0270088724965,1.93587919642247,2.02338527285566,2.02673902997006,2.02671975550388,2.02496577908198,2.02478267165332,2.02080249438824,2.0126783068956,1.93274709566908,2.0206097497265,1.92912349602823,2.02746182245161,2.01773785426647,2.00774404355488,2.01853774461272,2.02346237072035,2.02049410292945,2.0046023055684,2.00864994346509,1.92151008188922,1.99587097239126,1.92202085524285,1.9187827449255,1.92097039683633,1.91812741307556,1.98856594971104,2.00412044391403,1.84382434597205,1.84307264179124,1.8402103835643,1.94999774289545,1.83363779059872,1.83147905038715,1.82913720274692,1.87599343001765,1.87438401209206,1.87352629834728,1.87103025497766,1.8691702689918,1.86846675097642,1.81897955907285,1.81713884755317,1.81608838914665,1.81603056574812,1.86480460240323,1.81466207864972,1.81388146276964,1.81449824568723,1.81249370120506,2.03619315562875,1.81249370120506,1.81065298968538,1.80910139515831,1.80990128550456,1.81046024502363,1.90409560170037,1.81046024502363,1.80878336646643,1.8075112516989,1.85828983283617,1.81106739070813,1.81030604929423,1.93069436502147,1.92803448868936,1.92788029295997,1.81135650770075,1.74452229623995,1.83006237712331,1.82981180906304,1.83979598254154,1.83913101345851,1.73440320149822,1.73228301021901,1.73067359229342,1.82934922187485,1.73044229869932,1.84697572119162,1.8450868235065,1.72491052690718,1.72266505159782,1.84728411265041,1.72244339523682,1.72041957628847,1.72051594861934,1.72114236877002,1.84177161532445,1.71844394350556,1.71759586699388,1.72057377201787,1.81446933398797,1.71770187655784,1.72026538055907,1.7202461060929,1.84423874699481,1.84770815090626,1.84545303836382,1.7158226161058,1.844701334183,1.71871378603201,1.84212819294868,1.71603463523372,1.71737421063287,1.71562023421097,1.76604223772401,1.71534075445143,1.7152154704213,1.71685380004615,1.8383793092777,1.72005336143115,1.7187234232651,1.71810664034751,1.71578406717345,1.82879026235578,1.78116305643807,1.72003408696498
1.87403707170091,1.87262039843707,1.97176825243978,1.87364194514433,1.87332391645245,1.99346166411942,1.86836074141246,1.86773432126178,1.97508346062183,1.86618272673472,1.9125378178849,1.96987935475466,1.9773192986981,1.90903950227419,1.85769232438476,1.85846330303175,1.85420364600714,1.85536975121071,1.85437711620271,1.90034671802939,1.97131530248468,1.89826507568252,1.84915373586936,1.84886461887674,1.84543376389764,1.84542412666456,1.84702390735706,1.95016157585793,1.95123130873063,1.84365087577648,2.03668465451621,1.84115483240686,1.95889290903508,1.84357377791178,1.84335212155077,1.93168700002947,1.84087535264732,1.84110664624142,1.8414246749333,1.84012364846651,2.02011825083904,1.9441672168776,1.94102547889112,1.842494407806,1.84473988311535,1.84608909574758,1.97721328913414,1.97678925087829,2.00562385227566,2.00753202442696,1.9713731258832,2.00073777510037,1.89550882701954,1.96720984118946,2.07566726235456,2.00116181335621,2.07488664647448,2.07613948677584,1.88590050563145,1.9570425602823,1.95765934319989,2.08456242849419,1.95071089814391,1.9482823154059,1.87536700986697,1.94708729850306,1.9454586061113,1.94543933164513,1.94472617639666,2.07907884286748,1.94063998956762,2.07506011667005,1.86658749052439,1.9412664097183,1.94125677248521,1.940350872575,1.86567195338109,1.86473714177161,1.94024486301104,2.07518540070019,1.9871492764472,1.94349261056148,1.94703911233763,1.94681745597662,1.94807993351106,1.98366059806958,1.98164641635432,1.95937477068944,1.96470416058675,1.98420028312247,2.04269828796272,2.0267775789024,2.02650773637596,1.95095182897109,2.03755200549407,1.94944842060947,1.94851360899999,1.94729931763099,1.9491978525492,1.94778117928535,1.94726076869864,1.94850397176691,1.94593083053258,2.02120725817791,2.02878212338457,2.02490795568346,2.03640517475667,2.04098286047317,2.03229007622837,2.03320561337167,2.04338253151192,2.03733998636615,1.94409975624598,2.03475720789873,2.034786119598,2.02492723014963,2.01582968211517,2.03279121234891,2.02766420434644,1.9382981419274,2.02764492988027,2.0336392888606,2.03035299237781,2.03040117854325,1.93769099624289,1.93548406986589,1.9337975540756,1.93399029873735,2.02738472458691,2.02057120079415,2.01473103754321,2.01833536271788,2.01213862184271,2.01856665631198,1.92998120977301,1.92874764393783,2.01114598683471,2.00963294124,2.00881377642757,1.92532642619182,1.9254131612896,1.92393866462724,1.92235815840091,1.99491688631561,1.99747075308376,1.92138479785909,1.92098967130251,1.91942843954236,1.91968864483571,1.91910077361739,1.99350021305177,2.0094787455106,1.89175030611547,1.89049746581412,1.83943940491731,1.83713610620943,1.83364742783181,1.88050365510253,1.879231540335,1.82733504015959,1.87499115777656,1.87369976854285,1.87103989221075,1.82216948322477,1.82104192695355,1.81944214626105,1.81819894319278,1.94361789459162,1.81616548701134,1.81465244141663,1.94480327426136,1.81460425525119,1.81394892340125,1.94853288346617,2.03321525060476,1.81209857464848,1.81061444075303,1.81115412580592,1.80891828772965,1.80893756219583,1.81043133332437,1.80792565272166,1.99455067145829,1.99544693413541,1.85704662976791,1.85723937442965,1.81121194920444,2.01920271369574,1.80880264093261,1.81044097055746,1.80724140917245,1.74382841545766,1.82849150813007,1.8265640615126,1.73725582249208,1.73406589834017,1.73448993659601,1.73279378357264,1.84404600233306,1.84404600233306,1.8358639914419,1.83793599655568,1.84502900010797,1.84777561153787,1.72154713255969,1.84284134819714,1.84154995896344,1.72189407295084,1.7207761539127,1.76741072482241,1.76740108758933,1.83506410109565,1.84120301857229,1.71937875511504,1.7211616432362,1.84193544828693,1.71555277357936,1.84433511932568,1.71775969995636,1.71885834452832,1.71728747553508,1.7175765925277,1.71594790013594,1.71857886476879,1.71706581917407,1.71599608630138,1.84743830837981,1.71562023421097,1.76442318256533,1.71465651090223,1.71750913189609,1.71791389568576,1.71643939902339,1.85292189400652,1.71553349911318,1.83545922765223,1.83427384798248,1.78192439785197,1.71750913189609,1.71820301267838
1.96775916347544,1.87395033660313,1.87387323873843,1.87395997383621,1.87109771560927,1.8713000975041,1.86653930435895,1.8673391947052,1.86646220649425,1.8675704882993,1.91484111659277,1.96829884852833,1.86249166646226,1.86409144715476,2.06071991383607,1.85804890200899,1.85805853924208,2.05079356375609,1.85425183217257,1.85180397496838,1.85230511108893,1.84906700077158,1.84928865713258,1.84763105304156,1.84798763066579,1.84451822675434,1.84501936287489,2.04396076549716,2.03772547568964,1.84383398320514,1.94406120731364,1.84052841225618,1.84098136221128,1.89036254455089,1.92941261302086,1.89040109348324,1.84118374410612,1.89065166154351,1.8422631142119,2.01882686160534,1.84204145785089,1.84394963000219,1.84416164913011,1.84515428413811,1.84529884263442,2.01396005889622,1.90693858546114,1.97530511698284,1.97612428179527,1.97180680137213,1.89913242666039,1.89733990130614,1.96906018994223,1.96600518705354,1.96531130627125,1.96250687144283,1.96266106717223,2.00055466767171,2.00078596126581,1.95676308052277,1.96030958229892,1.9546043403112,1.95180954271587,1.95015193862484,1.94925567594772,1.94891837278966,1.9472896803979,1.94369499245632,1.94354079672692,2.07498301880536,1.94090983209407,1.94032196087574,1.99262322484082,1.99263286207391,1.93858725892002,1.94086164592863,1.86816799675071,1.94067853849997,2.08323249032813,1.9407363618985,1.9424132404557,1.98840211674856,1.94675963257809,1.9846339586114,1.94935204827859,1.95273471709225,1.95504765303322,1.9582664888844,1.96459815102279,2.07297847432319,2.04189839761646,2.04442335268535,2.02584276729293,1.95257088412977,2.03122998058876,2.02463811315701,2.03101796146084,1.95126985766298,1.94702947510454,1.94471653916358,1.94696201447293,1.94827267817281,1.94522731251721,2.01967493811702,1.94508275402089,2.03596186203465,2.02852191809122,2.0343235324098,1.94661507408178,2.0392770702167,2.05084174992153,1.94484182319371,2.03164438161152,2.01707288518344,2.01730417877753,2.03145163694977,2.01989659447803,1.94063035233454,2.02746182245161,1.94037014704118,1.93758498667893,1.93658271443785,1.93739224201719,2.0271630682259,2.03384167075544,1.94020631407869,2.0187015775752,2.0229708718329,2.02012788807213,1.93497329651226,1.93332532965432,2.01887504777077,2.01438409715207,2.00959439230765,1.93069436502147,1.92887292796796,1.92762972489969,1.92702257921519,2.02474412272097,2.0184702839811,1.92456508477792,2.01180131868465,2.01185914208318,1.99518672884205,1.92034397668565,1.92005485969303,1.92021869265552,1.92077765217458,1.91928388104605,1.91787684501529,1.91785757054912,2.00743565209608,1.8937066644322,1.89108533703244,1.88731717889529,1.83732885087118,1.83490026813316,1.87964594135775,1.87812325852995,1.82860715492712,1.87520317690448,1.8735166611142,1.82103228972046,2.03055537427265,1.82074317272784,1.81628113380839,2.04170565295472,1.81638714337235,1.8167340837635,1.81609802637973,1.81431513825857,1.81076863648243,1.8139103744689,1.81046988225672,2.03422716007893,1.81194437891908,1.94045688213896,1.90857691508599,1.81227204484405,1.93840415149136,1.81057589182068,1.80957361957959,1.87126154857175,1.8697774146763,1.80823404418045,1.85669968937676,1.80800275058635,1.80937123768476,1.80845570054146,1.81023858866262,1.80741487936803,1.79200494366135,1.79204349259369,1.73753530225161,1.73651375554435,1.73402734940782,1.73183969749699,1.72885215523991,1.72697289478787,1.72774387343486,1.7747350219688,1.72310836431984,1.84331357261842,1.84726483818424,1.84529884263442,1.71835720840778,1.84076934308336,1.720699056048,1.71828974777617,1.71828974777617,1.82185145453288,1.80035078751499,1.83125739402614,1.71748985742992,1.84922119650097,1.84552049899543,1.71974496997236,1.84553013622852,1.808956836662,1.83512192449417,1.83276080238777,1.71774042549019,1.71775969995636,1.80857134733851,1.84555904792778,1.71624665436165,1.71686343727924,1.84700463289088,1.71718146597112,1.82581235733179,1.82405838090989,1.84539521496529,1.71746094573065,1.85196780793087,1.7154467640154,1.84041276545913,1.71753804359535,1.71760550422696,1.7170465447079,1.71684416281306
1.87342992601641,1.99032956336603,1.98984770171166,1.97347404269624,1.87120372517323,1.97123820461998,1.87197470382022,1.87102061774457,1.98579042658188,1.86722354790815,1.98702399241706,1.86565267891491,1.86417818225255,1.97770478802159,1.9813572993617,2.05673973657099,1.85601544582756,1.94982427269987,1.85390489178143,1.97559423397546,1.85340375566089,1.97444740323807,1.848893530576,1.97447631493733,1.89760974383258,1.84700463289088,1.96729657628725,1.9679422709041,1.84406527679924,1.96676652846744,1.94464907853196,1.843487042814,1.89380303676308,1.89153828698755,1.8904300051825,1.94986282163222,1.84411346296467,1.84205109508398,1.84245585887365,1.84390144383675,1.84425802146099,1.84451822675434,1.84491335331093,1.94215303516234,1.94235541705717,2.00863066899891,2.00841864987099,1.98062486964706,2.00534437251613,1.9729729065757,1.97494853935861,1.97170079180817,2.00385060138759,1.96630394127925,1.9641355638346,1.96348023198466,2.09183853947514,2.0830301084333,1.95874835053876,2.09189636287366,1.95798700912486,1.95159752358795,1.95168425868573,1.95016157585793,1.95028685988807,1.94909184298523,1.94900510788745,1.9973647435198,1.94389737435115,1.94311675847107,1.86988342424026,1.94169044797415,1.94094838102642,1.9923341078482,1.86664531392291,1.99092707181744,1.94423467750921,1.93879927804794,1.941343507583,1.86837037864555,1.9408134597632,1.94166153627488,1.94702947510454,1.94814739414267,1.87680295759698,1.87787269046968,1.95515366259718,1.95855560587702,1.98202226844473,2.05742398012019,2.04376802083541,2.04183093698485,2.05170910089939,1.95392973399509,2.04488593987355,1.95131804382841,2.0248019461195,1.94911111745141,1.94800283564636,1.95042178115129,1.95059525134686,1.94765589525522,2.04128161469887,2.04641825993443,1.94819558030811,2.03396695478557,2.02804969366994,2.0314323624836,2.02776057667731,1.9454586061113,2.04016369566074,2.03395731755248,2.03254064428864,2.01682231712317,2.0151165268667,2.03315742720623,2.03103723592702,1.94138205651535,2.02421407490117,2.02709560759429,1.94000393218386,2.01898105733473,2.03341763249959,2.03049755087412,1.93717058565618,2.04091539984155,2.02025317210227,2.0164946511982,2.01727526707827,1.93339279028593,2.01830645101862,2.01369021636978,2.00784041588575,1.93073291395382,2.01122308469941,2.00768622015635,2.02062902419267,2.023202165427,2.00751274996078,1.92433379118382,1.92337006787508,2.00833191477321,2.00238574195831,1.92083547557311,1.99547584583468,1.99242084294598,1.92009340862538,1.91888875448946,1.91921642041443,1.91773228651898,1.91829124603805,1.99994752198721,1.84171379192592,1.84279316203171,1.84023929526356,1.83737703703661,1.83382089802738,1.83261624389146,2.01705361071726,1.83026475901815,1.82670862000891,2.02058083802723,1.82254533531517,1.82134068117925,1.81949033242648,1.81748578794431,1.81766889537297,1.81559689025919,1.81541378283053,1.81608838914665,1.8123105937764,1.81343815004762,1.8609400719352,1.81202147678378,1.93990755985298,1.80912066962449,1.80817622078193,1.90073220735289,1.90461601228709,1.81029641206115,1.80844606330837,1.80896647389509,1.85751885418919,1.99480123951856,1.85717191379804,2.01378658870065,2.01471176307704,1.89849636927662,1.80857134733851,1.80744379106729,1.80680773368352,1.79177365006725,1.85427110663875,1.7367835980708,1.78406386359736,1.78077756711458,1.73189752089551,1.84683116269531,1.72750294260768,1.7269536203217,1.72521891836597,1.72205790591332,1.72247230693608,1.7210074475068,1.72031356672451,1.71966787210766,1.838302211413,1.72117128046928,1.84126084197082,1.71832829670851,1.84863332528264,1.71829938500925,1.71860777646805,1.71663214368514,1.7181837382122,1.71721037767038,1.71748985742992,1.71714291703877,1.71832829670851,1.71663214368514,1.76454846659547,1.71452158963901,1.80106394276346,1.71724892660273,1.71748985742992,1.71627556606091,1.71755731806153,1.71569733207567,1.71579370440654,1.76510742611454,1.71739348509904,1.71552386188009,1.71724892660273,1.71441558007505,1.84426765869407,1.84095245051202,1.8291564772131,1.76416297727198,1.71664178091823,1.83375343739577
1.87421054189648,1.87809434683069,1.87374795470829,1.87754502454471,1.87082787308282,1.87191688042169,1.87094351987987,1.98825755825225,2.16357810257741,1.86697297984788,1.98669632649209,1.86359994826731,1.98413282249086,1.98495198730328,1.8638312418614,1.86012090712277,1.85739357015905,1.85705626700099,1.85547576077467,1.85450240023284,1.94457198066726,1.85026201767441,1.85037766447146,1.89715679387748,1.95891218350125,1.8467637020637,1.8482863848915,1.84717810308645,1.84525065646898,1.96020357273496,2.05245116784712,1.9614660502694,1.89103715086701,1.84439294272421,1.84332320985151,1.94984354716605,1.84427729592716,1.84247513333982,1.84389180660367,1.84328466091916,1.9513276810615,1.84553013622852,1.84453750122052,1.96858796552095,1.84685043716148,1.84898990290688,2.007426014863,1.90527134413703,1.9760182722313,2.00526727465143,1.97254886831986,1.89795668422373,1.9697733451907,1.97049613767225,1.89464147604168,1.96399100533829,1.8898999573627,2.0834830583884,1.95708110921465,1.96018429826878,2.00000534538573,1.95425739992006,1.95284072665622,1.95227212990406,1.94898583342127,1.94795464948093,1.94837868773677,1.9469812889391,1.87071222628577,1.87058694225564,1.94170972244032,1.94237469152335,1.94167117350797,1.94023522577796,1.86696334261479,1.94223013302704,1.94209521176381,1.94214339792925,1.94327095420047,1.94115076292125,1.94280836701228,1.87350702388111,2.0713690563976,1.9488894610904,1.95081690770787,1.98365096083649,1.98567477978484,1.88436818557056,1.96221775445021,1.98346785340783,2.04843244164969,2.02991931688888,2.05082247545536,2.04425951972287,2.02461883869084,2.02361656644975,2.03070957000205,2.0278473117751,2.02552473860105,1.95008447799323,1.94890873555657,1.94809920797724,1.94701020063837,2.03308996657462,2.03166365607769,2.03499813872592,2.03701232044118,2.0276931160457,2.02793404687289,1.9441672168776,1.94589228160023,1.94489964659224,2.02906160314411,2.01467321414469,2.01818116698848,2.03088304019762,2.0248790439842,1.94151697777857,2.02369366431445,2.02560183646575,2.03752309379481,1.9375368005135,2.02114943477939,2.02379967387841,2.02397314407398,2.01881722437225,1.93475164015125,1.93479982631669,2.01448046948294,2.01478886094173,2.02747145968469,2.01150256445895,2.00904507002167,1.93101239371336,2.01060630178182,2.00807170947985,2.01706324795035,2.01247592500077,2.01669703309303,2.00438064920739,1.92433379118382,1.92270509879206,1.99672868613603,1.99437720126272,1.99581314899273,1.98872978267353,1.91867673536154,1.91829124603805,1.92050780964814,1.91764555142119,1.99091743458436,1.99910908270861,1.91768410035354,1.93763317284437,1.83882262199972,1.83794563378877,1.95365025423555,1.83099718873278,1.83016838668727,1.91699021957125,2.0318853124387,1.82607256262515,1.9481281196765,1.94687527937514,1.94610430072815,2.03983602973577,1.81787127726781,1.81582818385329,1.81535595943201,1.81412239359683,1.81179982042277,1.81373690427333,1.94034123534192,1.81150106619706,1.94079418529702,1.8083496909775,1.80884118986495,1.93923295353687,1.94143987991387,1.90402814106876,1.80701975281144,1.80823404418045,1.80798347612018,1.85536975121071,1.80699084111218,1.80475500303592,1.80738596766876,1.80787746655622,1.80719322300702,1.80788710378931,1.80705830174379,1.73770877244719,1.85383743114982,1.73467304402467,1.7335840366858,1.72915090946562,1.84292808329493,1.94025450024413,1.72741620750989,1.72475633117778,1.72461177268147,1.72079542837888,1.84746722007907,1.94240360322261,1.72115200600311,1.71751876912918,1.83794563378877,1.7178849839865,1.717499494663,1.71762477869314,1.84816110086136,1.71522510765439,1.71464687366915,1.76571457179904,1.76465447615943,1.7161310075646,1.71762477869314,1.71579370440654,1.76563747393434,1.71733566170052,1.76469302509178,1.76377748794848,1.71661286921897,1.84193544828693,1.84388216937058,1.80678845921735,1.71524438212056,1.82870352725799,1.71569733207567,1.76515561227997,1.71641048732413,1.76455810382856,1.71357714079645,1.837309576405,1.83800345718729,1.71389516948833,1.71616955649695,1.71492635342868,1.71561059697788,1.71563950867714
2.01506834070127,1.87530918646844,1.87528991200227,1.87227345804593,1.93045343419429,1.87392142490386,1.99039702399764,1.87031709972919,2.06624204839512,1.86830291801394,1.86532501298994,1.97173934074052,1.8623085590336,2.04074192964598,1.91101513505709,1.91013814684614,1.8581163626406,1.97737712209662,1.97428357027558,2.05633497278132,1.85359650032263,1.8523243855551,1.85129320161475,1.85038730170454,1.89696404921573,1.84761177857538,1.84812255192901,2.0270088724965,1.89509442599678,1.84542412666456,1.96315256605969,1.84411346296467,1.8448555299124,1.84466278525065,2.03091195189688,1.84458568738595,1.93776809410759,1.84223420251264,1.84262932906922,1.93894383654425,1.94156516394401,1.89367775273294,1.94258671065127,1.92627087503438,1.84783343493639,1.98409427355851,2.00939201041282,2.00906434448785,2.00813917011146,2.00721399573507,1.97378243415504,2.00454448216988,1.89768684169728,1.89695441198264,1.96846268149082,1.89290677408595,2.00406262051551,1.88760629588791,1.95753405916976,1.95892182073434,2.09718720383862,1.95394900846126,1.95685945285364,1.95127949489606,1.94829195263898,1.94922676424846,1.94935204827859,1.99763458604624,2.07634186867067,2.07590819318174,1.87039419759389,2.07782600256613,2.07527213579798,1.94143024268079,1.86517081726055,1.94285655317772,1.94173863413958,1.8673391947052,1.94106402782347,1.99038738676455,1.94335768929826,1.87273604523412,1.9481281196765,1.94862925579704,1.98787206892875,1.98527001599517,1.88383813775075,1.98762150086848,2.09122175655755,1.98363168637032,2.03885303196086,2.05008040850763,2.04721815028069,2.02645955021052,2.03365856332678,1.9520119246107,1.95248414903198,2.02134217944114,1.9490436568198,1.94885091215805,1.95092291727183,1.94807029627797,1.94720294530011,2.04451972501623,2.03389949415396,2.04803731509311,2.03164438161152,2.03681957577943,2.0389012181263,2.02750037138396,2.04168637848854,2.03914214895348,2.04125270299961,2.03154800928065,2.01726562984518,1.94305893507255,2.02531271947313,1.94145915438005,2.0178631382966,2.02922543610659,2.02824243833168,2.02376112494606,2.02466702485627,1.93799938770169,2.01996405510964,2.01251447393312,2.01350710894112,1.93534914860267,2.00838973817173,2.01998332957582,2.0279244096398,2.01180131868465,2.01004734226276,2.01337218767789,2.00393733648537,1.92796702805775,2.01177240698539,2.01182059315083,2.00412044391403,1.92523969109403,2.01165676018834,2.01069303687961,1.996063717053,1.99455067145829,1.99406880980392,1.99755748818154,1.98938511452347,1.91747208122562,1.91920678318135,1.9171058663683,1.98856594971104,2.0046794034331,1.894015055891,2.0174101883415,1.83987308040624,1.83812874121743,1.83553632551693,1.94658616238252,1.83078516960486,1.82916611444619,1.82809638157349,1.82615929772293,1.82493536912084,1.92495057410141,2.0436234623391,1.81950960689266,1.81745687624505,1.81379472767186,1.81400674679978,1.81627149657531,1.81501865627395,1.81436332442401,1.81311048412265,1.81098065561035,1.94178682030502,1.81120231197136,1.80745342830038,1.80755943786434,1.80577654974318,1.80854243563925,1.80633550926224,1.80771363359373,1.93757534944585,1.94045688213896,2.02340454732183,1.80701011557836,1.93376864237634,1.80677882198426,1.92342789127361,1.91386775605095,1.80680773368352,1.73851830002652,1.89060347537808,1.7356367673334,1.73293834206895,1.73059649442872,1.83261624389146,1.94040869597353,1.72731983517902,1.72254940480078,1.84475915758153,1.88991923182887,1.71927274555108,1.9424903383204,1.83760833063071,1.71960041147605,1.83778180082628,1.82421257663929,1.84069224521866,1.71752840636226,1.84400745340071,1.71629484052708,1.71526365658674,1.82851078259625,1.76456774106165,1.71393371842068,1.71495526512794,1.77183421480951,1.76995495435748,1.76438463363299,1.76235117745155,1.71727783830199,1.71223756539731,1.71564914591023,1.84399781616763,1.84473988311535,1.76465447615943,1.76347873372277,1.83076589513869,1.83461115114054,1.71575515547419,1.71348076846558,1.71447340347357,1.7137698854582,1.8431015534905,1.71493599066177,1.71564914591023,1.83869733796958,1.71508054915808,1.7151383725566
2.01633081823571,1.87596451831838,1.8775546617778,1.92078728940767,1.93085819798396,1.93262181163894,1.99413627043553,1.87139646983498,1.87103989221075,1.86713681281037,1.91495676338982,1.86560449274948,1.91353045289289,1.86195198140937,1.86038111241613,1.91035980320715,1.97796499331495,1.85762486375315,1.85697916913629,1.9803646643537,1.98106818236908,1.9608589045849,1.96197682362303,1.85188107283308,2.03334053463489,1.89635690353123,1.84740939668055,1.89673275562163,1.84674442759752,1.84580961598805,1.84657095740195,1.84450858952126,1.93772954517524,2.03339835803342,1.84613728191302,1.84502900010797,1.84438330549112,1.84484589267931,1.84381470873897,1.84486516714549,1.8451639213712,1.8931766166124,1.95503801580013,1.84711064245484,2.01707288518344,1.8504162134038,2.00831264030703,2.00824517967542,1.90793122046914,2.00730073083286,1.97512200955418,1.9756424201409,2.00497815765881,1.96840485809229,1.96742186031738,1.96730621352034,1.96209247042008,1.96181299066054,2.00416863007947,2.0910290118958,1.96033849399818,2.00131600908561,2.00158585161206,2.00120999952165,1.95181917994896,1.87753538731162,1.95044105561746,1.94851360899999,1.94769444418757,1.87224454634666,2.07043424478812,1.86938228811972,1.86804271272058,1.94137241928226,1.9411122139889,1.94171935967341,1.94166153627488,2.06757198656118,1.86804271272058,1.86910280836019,1.87043274652624,1.98794916679345,1.95090364280566,1.95110602470049,1.98776605936479,1.95453687967959,1.9563583167331,1.98513509473194,1.98386297996441,2.08084245652247,2.05611331642031,2.04203331887969,2.02791477240671,1.9538429988973,2.0395083638108,2.04837461825117,1.95223358097171,2.02491759291655,1.94863889303013,1.94992064503075,1.9488894610904,1.95047960454981,2.04097322324008,2.03684848747869,2.02933144567055,2.04571474191906,1.94773299311992,1.94714512190159,2.02847373192578,1.94493819552458,1.94435996153934,1.94694274000675,2.03743635869702,2.03976856910416,1.94412866794525,2.0181715297554,1.94254816171892,2.0143551854528,2.03765801505803,1.941343507583,2.02157347303523,1.94028341194339,2.03764837782494,2.03452591430464,2.02021462316992,2.047584365138,2.01841246058258,1.93529132520414,2.02434899616439,2.01564657468651,1.93065581608912,2.01456720458073,2.02315397926156,1.92908494709589,1.93004867040462,2.01097251663914,1.92693584411741,1.92638652183143,2.01249519946694,2.01451901841529,2.00348438653027,2.00426500241034,1.99519636607514,1.99432901509728,1.99460849485681,1.99747075308376,1.99556258093246,1.91692275893964,1.91729861103005,1.91736607166166,1.98925983049333,1.98820937208681,1.89384158569543,1.93138824580376,1.88915789041497,1.83713610620943,1.83552668828384,1.83461115114054,1.83215365670327,1.83041895474754,1.93773918240833,1.82688209020448,1.82502210421862,1.82350905862391,1.87049056992477,1.86723318514124,1.81769780707223,2.03475720789873,1.81466207864972,1.81653170186866,1.81435368719092,1.81370799257407,1.81232986824258,1.81267680863372,1.91454236236707,1.89781212572742,2.01658138629598,1.81084573434712,1.80910139515831,1.80853279840616,1.80675954751809,1.80648970499164,1.80588255930714,1.93735369308484,1.93676582186651,1.80574763804391,1.80525613915646,1.80710648790923,1.80555489338217,1.8097181780759,1.80664390072104,1.74073486363662,1.73591624709294,1.84126084197082,1.72913163499944,1.73103980715074,1.72810045105909,1.84349668004708,1.85036802723837,1.72214464101111,1.84488444161166,1.71929202001725,1.84078861754954,1.71930165725034,1.71840539457321,1.76626389408502,1.83789744762333,1.71562023421097,1.71397226735303,1.71743203403139,1.81290810222782,1.71571660654184,1.71512873532351,1.71172679204368,1.71131239102092,1.80731850703715,1.771005412764,1.77398331778799,1.76988749372587,1.76387386027936,1.71469505983458,1.71718146597112,1.71449267793975,1.71555277357936,1.71302781851047,1.71421319818021,1.71158223354737,1.71417464924786,1.71355786633027,1.82589909242957,1.71478179493237,1.71399154181921,1.71744167126448,1.84117410687303,1.82855896876168,1.82610147432441,1.71484925556398,1.71337475890161,1.7144541290074,1.84279316203171
1.93361444664694,1.87925081480117,1.87746792668001,1.98881651777131,1.99777914454255,1.98430629268643,1.98782388276332,1.87140610706806,1.86926664132267,1.87097243157913,1.91590121223238,1.86621163843398,1.98815154868829,1.86420709395181,1.9855494957547,1.97661578068272,1.98017191969195,1.86148939422118,1.90777702473974,1.8571237276326,1.85431929280418,1.90186940085719,1.90154173493222,1.85350976522485,1.84925010820024,2.04068410624746,1.84840203168855,1.84771778813935,2.04049136158571,1.8472937498835,1.84741903391364,1.84475915758153,2.03641481198976,1.84697572119162,1.84367978747574,1.8454626755969,1.9556740731839,1.84536630326603,2.04774819810049,1.84483625544623,1.93046307142738,1.93167736279638,1.84736121051511,1.89501732813208,2.01683195435625,1.9852411042959,1.98281252155789,1.9090298650411,1.98052849731619,1.97437030537337,1.97577734140412,1.97393662988444,1.97368606182416,1.96807719216732,1.96846268149082,1.96918547397237,2.08006184064239,1.96219847998404,2.00429391410961,1.88564030033809,1.8842621760066,1.95548132852215,2.00199061540173,1.95378517549878,2.08046660443206,1.95028685988807,1.94981463546679,1.94890873555657,1.9485810696316,2.07565762512147,1.94427322644156,1.94289510211007,1.86735846917138,1.94158443841019,1.8681005361191,2.07491555817374,1.87049056992477,1.94125677248521,1.94099656719186,2.07498301880536,1.8733624653848,1.94389737435115,1.95076872154243,1.99062831759174,1.8783160031917,1.8832695409986,1.98771787319935,1.95873871330568,1.96744113478356,2.08824385153356,2.03071920723513,2.05858044809068,2.04384511870011,2.04578220255067,1.95187700334748,2.06078737446768,1.95183845441513,1.95039286945203,1.94982427269987,1.95021939925645,1.94846542283456,1.9472896803979,2.02422371213426,2.03681957577943,2.01765111916868,2.01716925751431,2.04431734312139,2.01757402130398,2.02139036560657,2.03853500326898,1.94434068707317,1.94521767528412,1.94431177537391,2.04064555731511,2.04053954775115,2.03199132200266,2.02906160314411,2.03145163694977,1.94049543107131,2.02863756488826,2.04159964339076,2.03045900194177,2.02754855754939,1.93781628027303,1.93665017506946,2.03745563316319,2.02046519123019,2.01903888073326,2.01504906623509,1.93176409789417,1.93309403606023,2.01904851796635,2.01773785426647,2.0334079952665,1.92954753428408,2.0080331605475,2.00487214809485,1.99775023284329,2.01684159158934,1.92569264104914,1.92446871244704,2.00996060716497,2.00754166166004,2.00923781468342,1.99501325864648,1.998048987069,1.91820451094026,1.92007413415921,1.9190911363843,1.91730824826314,1.99992824752103,2.00141238141649,1.84512537243885,1.84323647475373,1.94706802403689,1.83856241670636,1.94451415726874,1.83429312244866,1.83171998121434,1.89346573360502,1.93711276225765,1.82710374656549,1.8713000975041,1.87028818802993,1.86857276054038,1.81861334421553,1.8186422559148,1.81637750613927,1.81426695209314,1.81268644586681,1.81442114782253,1.81375617873951,1.90097313818007,2.02345273348727,1.80917849302301,1.81077827371551,1.93697784099443,1.80820513248119,1.80708721344306,1.80859062180468,1.80740524213494,1.80768472189447,1.80855207287233,1.80686555708205,1.90211033168438,1.80760762402977,1.80508266896089,1.80775218252608,1.80675954751809,1.80741487936803,1.88741355122616,1.88747137462469,1.73682214700315,1.73512599397977,1.7337382324152,1.73033628913536,1.84079825478262,1.7257296917196,1.72435156738811,1.84460496185213,1.72253976756769,1.84036457929369,1.83747340936749,1.71695980961011,1.71649722242192,1.84245585887365,1.71632375222634,1.84779488600404,1.84620474254463,1.71624665436165,1.71520583318821,1.71547567571466,1.71147622398341,1.84755395517686,1.84534702879986,1.71344221953323,1.7146083247368,1.76852864386055,1.71413610031552,1.71355786633027,1.76316070503089,1.71341330783396,1.714299933278,1.71500345129338,1.71442521730814,1.71375061099202,1.81982763558454,1.82471371275983,1.71428065881183,1.82623639558763,1.83784926145789,1.71370242482658,1.84455677568669,1.84020074633121,1.71362532696189,1.71057996130628,1.71174606650985,1.71097508786286,1.71267124088624,1.71358677802954
1.93325786902271,1.87757393624397,1.92682019732036,1.87642710550658,1.87415271849796,1.92218468820534,1.92266654985971,2.00291578977811,1.92066200537754,1.98585788721349,1.91690348447347,1.86745484150225,1.86672241178761,1.86586469804284,1.86358067380113,1.86344575253791,1.86393725142536,1.86113281659694,1.85860786152806,1.85747066802375,1.85957158483679,1.90241872314317,1.85394344071378,1.85089807505817,1.90083821691685,1.89842890864501,1.9712960280185,1.84845985508707,1.84808400299667,2.03968183400637,1.84712991692102,2.05105376904945,1.84740939668055,1.84496153947636,1.84439294272421,1.84476879481461,1.84487480437858,1.84587707661966,2.02679685336858,1.9494195089102,1.93020286613402,1.93126296177363,1.84762141580847,1.89689658858412,1.84919228480171,1.85098481015596,1.98111636853452,1.9799117143986,2.00793678821663,1.97608573286292,1.9744955894035,1.90097313818007,1.97437994260645,1.97117074398837,1.9704575887399,1.96729657628725,1.96471379781984,2.08050515336441,2.00344583759792,2.08626821875065,2.07805729616022,1.95443087011563,1.95621375823679,2.08794509730785,1.87803652343216,1.95089400557257,1.94799319841328,1.87514535350596,1.94677890704427,1.9981260849337,1.94537187101352,1.99796225197121,1.94374317862175,1.943328777599,1.94046651937205,1.94355043396001,1.94162298734253,1.87086642201517,1.99030065166677,1.94431177537391,1.87253366333929,1.9910330813814,1.94788718884932,1.95060488857995,1.95198301291144,1.98819973485372,1.95737986344036,1.95862306650863,1.98354495127253,2.08368544028324,2.05034061380099,1.95585718061256,2.05808894920322,1.95393937122817,2.04383548146702,2.0390554138557,2.02079285715516,1.95000738012853,1.94955443017343,1.95000738012853,1.94856179516543,1.94758843462361,1.94758843462361,2.04178275081942,1.94819558030811,2.02536090563856,2.02785694900819,2.05727942162388,2.02734617565456,1.94701983787145,1.94790646331549,1.94572844863775,1.94403229561437,2.0334079952665,1.94384918818571,2.04192730931573,2.02339491008874,2.02427189829969,2.03057464873882,2.03501741319209,2.03788930865213,2.03121070612259,1.93792228983699,2.02767384157953,2.02511997481138,1.93732478138557,2.01434554821972,2.0139793333624,1.93368190727855,2.02429117276587,2.02000260404199,2.02739436182,1.9312822362398,2.0168705032886,1.93024141506637,1.92746589193721,2.01043283158625,2.01346856000877,2.02011825083904,2.01358420680582,2.004448109839,1.99793334027195,1.99565895326333,1.92048853518196,1.99199680469014,1.91879238215859,1.91822378540644,1.91753954185723,1.91666255364628,1.91704804296978,1.99164022706591,1.99814535939987,1.84701427012397,1.9466825347134,1.94731859209716,1.83771434019467,1.9414977033124,1.94102547889112,1.83201873544004,1.89346573360502,1.82812529327275,1.82689172743757,1.82387527348123,1.87026891356376,2.0235009196527,1.86728137130668,1.81855552081701,1.86461185774148,1.90670729186705,1.81508611690556,1.81111557687357,1.91557354630741,1.81160707576103,1.81161671299411,1.81058552905377,1.80923631642154,2.02108197414778,1.80727032087172,1.80828223034589,1.80815694631575,1.80717394854084,1.80829186757898,1.80623913693137,1.80527541362263,1.90361374004601,1.90070329565362,1.80488028706605,1.80513085512632,1.80673063581882,1.80449479774256,1.88772194268496,1.88714370869972,1.73367077178358,1.89164429655151,1.73103016991765,1.73089524865443,1.72511290880201,1.72557549599021,1.72456358651603,1.72133511343177,1.72140257406338,1.71892580515993,1.71874269773127,1.71598644906829,1.71408791415008,1.84230166314425,1.7166610553844,1.71717182873803,1.71508054915808,1.71632375222634,1.71522510765439,1.71354822909719,1.8406633335194,1.71275797598402,1.84051877502309,1.84403636509998,1.71388553225524,1.7121701047657,1.81788091450089,1.71398190458612,1.82752778482134,1.76137781690973,1.7121701047657,1.82135995564543,1.81987582174998,1.71343258230014,1.71372169929276,1.71258450578845,1.71362532696189,1.71238212389362,1.84247513333982,1.71473360876693,1.71379879715746,1.83762760509688,1.711100371893,1.7115533218481,1.71048358897541,1.71287362278107,1.71391444395451,1.71405900245082
1.95210829694158,1.94459125513344,1.92734060790707,1.8767162224992,1.92341825404052,1.97562314567472,1.98128983873009,1.87080859861665,1.92057527027975,1.98606026910833,1.91932242997839,1.86737774363755,2.06280155618294,1.86357103656804,1.96504146374481,1.86386015356067,1.86198089310863,1.98145367169257,1.97414864901236,1.85655513088045,1.85702735530173,1.91653726961615,1.91735643442857,1.85396271517995,1.8999612287059,1.8505704091332,1.85144739734415,1.84750576901142,1.8476021413423,1.84730338711659,1.84719737755263,1.84686007439457,1.8473708477482,1.96148532473557,1.89444873137993,1.84484589267931,1.89380303676308,1.89418852608657,1.84463387355139,1.84761177857538,1.84665769249974,1.89421743778583,1.9014839115337,1.84872969761352,1.85038730170454,1.85118719205079,1.98156931848962,1.97889980492442,1.98006591012799,1.97606645839674,1.90372938684305,2.00709834893803,2.00989314653336,1.8995757393824,1.96945531649882,1.89366811549985,1.9640584659699,1.96463669995514,2.09874843559877,2.08715484419468,2.00454448216988,1.95672453159042,1.88158302520831,1.95625230716914,1.95186736611439,1.95065307474539,1.9483594132706,1.94775226758609,1.99983187519016,1.94515021465251,1.94348297332839,1.94543933164513,1.94586336990097,1.99756712541463,1.94411903071216,1.9427890925461,1.86875586796904,1.94334805206517,1.86988342424026,1.94411903071216,1.94456234343418,1.94683673044279,1.95066271197847,2.07861625567929,1.95402610632596,1.95435377225093,1.95923021219313,1.98451831181435,2.08440823276479,2.07988837044682,2.06040188514419,2.02858937872283,2.0297554839264,1.9541513903561,2.03752309379481,2.03548963761337,1.95243596286655,1.94976644930135,1.94906293128597,1.9513276810615,2.02140000283966,2.02547655243561,2.03346581866503,1.94775226758609,1.94727040593172,2.02171803153154,1.94733786656334,2.02018571147065,2.03797604374991,2.04113705620256,2.03672320344856,2.03661719388459,2.03093122636305,1.94515985188559,1.94483218596062,2.03300323147684,2.02437790786365,2.02627644278186,2.01875940097373,2.03377421012382,2.02498505354816,2.0315094603483,2.02737508735382,2.02427189829969,2.03199132200266,1.93731514415249,2.0271630682259,2.0335621909959,2.01772821703338,2.02446464296144,2.01928944879353,1.93244834144337,2.01253374839929,2.01033645925538,2.03322488783785,1.92735988237325,2.01942437005675,2.01588750551369,2.01968457535011,1.92025724158787,1.92175101271641,1.92075837770841,2.02668120657153,1.91936097891074,1.99459885762373,1.92018014372317,1.91798285457925,1.9182526971057,1.92044998624961,1.91711550360139,1.91503386125452,1.99664195103824,1.89403433035717,1.84434475655877,1.84161741959505,1.83678916581828,1.8348713564339,1.88183359326858,1.94951588124108,1.82954196653659,1.82756633375369,1.82529194674507,1.8218418172998,1.93086783521705,1.87003761996966,1.8184109623207,1.86815835951763,1.89964320001402,1.90848054275512,1.81519212646952,1.8142187659277,1.86067986664184,1.85951376143827,1.89728207790761,1.81135650770075,1.80868699413556,1.94015812791326,2.02801114473759,1.93473236568508,1.80786782932313,1.80731850703715,1.80771363359373,1.85492643848869,1.80599820610419,1.80510194342706,1.80623913693137,1.93678509633268,1.93434687636158,1.93076182565308,1.80502484556236,1.80359853506543,1.88687386617327,1.88820380433932,1.73508744504743,1.73117472841396,1.82280554060853,1.77542890275109,1.77339544656966,1.82779762734778,1.76941526930458,1.72071833051418,1.79796075370933,1.71751876912918,1.71504200022573,1.71814518927986,1.71722965213656,1.83889971986442,1.7144541290074,1.8172641315833,1.71441558007505,1.71296035787886,1.84071151968484,1.71149549844958,1.7137698854582,1.71352895463101,1.71150513568267,1.94430213814082,1.84246549610674,1.71424210987948,1.71222792816422,1.83842749544314,1.71108109742682,1.71089798999816,1.71376024822511,1.71491671619559,1.71223756539731,1.84403636509998,1.71435775667652,1.84230166314425,1.84119338133921,1.84181980148988,1.8139103744689,1.71416501201478,1.71308564190899,1.71089798999816,1.70864287745572,1.71174606650985,1.71160150801354,1.71443485454122,1.71487816726324
1.87959775519232,1.94405157008055,1.99695034249704,1.87538628433314,1.92378446889784,1.92234852116782,1.98133802489553,1.98359313743797,1.99471450442077,1.99733583182053,1.97620137965996,1.91593976116473,1.86997015933805,2.05809858643631,1.8639083397261,1.95554878915376,2.05798293963926,1.86021727945365,1.97375352245578,2.06032478727949,1.85718155103113,1.91426288260753,1.85369287265351,1.91769373758663,1.85141848564489,1.85088843782509,1.85015600811045,2.04690975882189,1.84819001256063,1.84762141580847,1.84585780215349,1.8457710670557,1.84720701478572,1.93742115371645,1.89510406322987,1.89417888885348,1.84765032750773,1.9417289969065,1.89494986750047,1.95062416304612,1.84675406483061,1.84777561153787,1.93328678072197,1.9332675062558,1.89693513751647,2.01315053131688,1.98339075554313,1.9853953000253,1.97898654002221,1.97958404847363,1.90373902407614,1.97763732738998,1.90084785414993,1.97178752690596,1.97379207138813,2.08098701501878,2.00590333203519,1.96562933496314,2.00629845859177,1.9613889524047,1.95901819306521,2.08431186043392,2.00263631001858,2.00222190899582,1.88055184126796,1.9504121439182,1.99910908270861,1.99999570815264,1.94673072087883,1.9472896803979,1.87369976854285,1.99754785094846,1.94407084454672,1.94452379450183,1.94243251492187,1.94504420508855,1.94285655317772,1.99591915855669,1.94420576580995,1.94418649134377,1.94531404761499,1.94699092617219,1.94745351336038,1.87658130123597,1.95379481273186,1.88201670069724,1.88513916421755,1.96074325778785,1.96337422242069,2.07447224545173,2.05082247545536,2.0522391487192,2.02873393721914,2.04122379130035,1.95363097976938,2.02551510136796,2.03893012982556,1.95276362879152,1.95000738012853,1.95131804382841,1.95011338969249,1.94849433453382,2.038978315991,2.03374529842456,2.02927362227203,2.0314323624836,2.04291030709064,2.02750037138396,2.01688977775478,2.03416933668041,1.94762698355596,1.94619103582594,2.04072265517981,2.01508761516744,1.94511166572016,1.94396483498276,1.94323240526812,2.02849300639195,2.01356493233964,2.03441990474068,1.9404279704397,2.0218240410955,1.93728623245322,2.036993045975,1.93761389837819,2.03891085535939,2.01872085204138,2.02430080999895,2.03191422413797,2.01730417877753,2.02142891453892,1.93154244153316,1.93070400225456,2.0030025248759,1.93061726715677,1.92812122378715,1.92783210679453,1.92753335256882,2.04052991051806,2.02141927730584,2.00773440632179,1.92238707010017,1.92096075960324,1.92017050649008,1.99339420348781,1.91900440128651,1.91948626294088,1.91876347045933,1.91872492152698,1.91737570889475,2.0119940633464,1.98519291813047,1.89379339952999,1.84124156750464,1.84121265580538,1.8383793092777,1.83491954259934,1.83365706506489,1.94154588947784,1.87774740643954,1.82789399967866,1.8267953551067,1.82213093429242,1.82120575991603,1.82015530150951,1.81852660911775,1.82048296743448,1.91889839172255,1.81714848478625,1.94198920219985,1.81275390649842,1.81151070343015,1.86137374742413,1.81006511846705,1.85905117425008,1.80993983443691,1.8081183973834,1.80786782932313,1.80807021121797,1.80555489338217,1.93490583588065,1.80856171010542,1.80486101259988,2.02479230888641,1.80724140917245,1.80649934222473,1.93419268063218,1.80260590005744,1.90689039929571,1.90446181655769,1.81497047010851,1.73681250977006,1.78381329553709,1.82157197477335,1.72893889033769,1.77593967610472,1.72769568726942,1.77398331778799,1.77274011471972,1.72158568149204,1.71932093171651,1.71817410097912,1.71800063078354,1.71502272575955,1.84072115691793,1.81565471365771,1.81609802637973,1.71409755138317,1.81738941561344,1.71493599066177,1.84176197809136,1.83849495607475,1.70928857207258,1.71329766103692,1.84469169694992,1.84082716648189,1.84939466669655,1.71116783252461,1.84180052702371,1.71237248666053,1.71156295908119,1.84208000678324,1.8114721544978,1.71223756539731,1.71341330783396,1.71355786633027,1.71235321219435,1.8383793092777,1.84168488022666,1.70945240503506,1.8139874723336,1.71091726446434,1.84160778236196,1.71271942705167,1.71234357496127,1.81562580195845,1.81403565849904,1.71043540280997,1.71240139835979,1.71129311655475
1.87859548295123,1.88002179344816,1.87714989798813,2.14744537438918,1.87658130123597,1.87443219825749,1.99010790700502,1.8737383174752,1.98920200709481,1.99372186941278,1.87073150075195,1.91574701650299,1.97395590435061,1.86457330880913,1.8643709269143,1.86446729924517,1.86349393870335,1.90855764061982,2.06730214403473,2.06226187113005,1.85855967536262,1.85908972318242,1.85412654814244,1.85226656215658,2.06328341783731,2.04431734312139,1.84896099120761,2.0459845844455,1.84761177857538,1.84882606994439,1.84764069027465,1.84718774031954,1.84806472853049,1.96338385965378,1.84842130615472,1.89459328987624,1.84718774031954,1.89460292710933,1.89547027808719,1.84659986910121,2.02557292476649,1.89906496602877,1.93381682854178,1.93445288592554,1.96514747330877,1.85076315379495,1.98436411608495,1.98381479379898,1.90431725806138,1.97963223463906,1.9786106879318,2.0078789648181,1.90203323381968,1.97056359830386,1.97101654825897,1.96853977935552,1.96828921129525,1.89179849228091,2.07786455149847,2.08124722031214,1.9619960980892,1.95762079426754,1.88524517378151,2.007426014863,2.00137383248414,2.00323381847,1.95005556629397,1.94992064503075,1.94706802403689,1.94799319841328,1.94448524556948,1.94430213814082,1.94539114547969,1.87096279434605,1.94380100202028,1.94365644352397,1.9438588254188,1.94366608075705,1.9444659711033,1.99375078111204,1.87281314309882,1.99399171193922,2.07638041760302,1.94940987167712,2.07350852214299,1.9572738538764,1.98697580625163,1.89047819134794,1.96503182651172,2.07382655083487,2.04403786336186,2.03899759045717,2.03980711803651,2.05087066162079,2.04463537181327,2.02751964585013,2.02461883869084,1.95188664058057,1.95133731829459,1.95138550446003,1.95122167149754,1.9498820960984,1.94876417706026,2.04687120988954,1.94800283564636,2.04863482354453,1.94743423889421,2.03677138961399,1.94731859209716,1.94754024845817,2.03101796146084,1.94761734632287,2.05487011335204,2.02610297258629,1.94516948911868,1.94369499245632,1.94396483498276,2.03123961782185,2.02070612205737,2.03420788561276,2.03422716007893,2.01327581534702,2.0135167461742,2.01113634960163,2.02024353486918,2.01633081823571,2.01352638340729,2.02163129643376,1.93476127738434,2.01840282334949,2.02158311026832,2.01495269390422,2.01398897059548,1.93054016929208,2.01358420680582,2.0055178427117,2.01389259826461,1.92721532387694,2.00892942322462,2.00758984782548,2.01122308469941,1.92230033500239,2.03194313583723,2.02379967387841,1.91912968531665,1.91844544176745,1.91879238215859,1.91716368976683,1.91544826227728,1.9167300142779,2.0014027441834,1.98575187764953,1.84498081394254,1.84221492804647,1.83902500389455,1.88675821937622,1.89163465931842,1.88062893913266,1.94028341194339,1.82843368473155,1.82706519763314,1.82619784665528,1.82289227570632,1.82050224190065,1.82079135889327,1.82046369296831,1.81872899101258,1.81699428905686,1.94109293952273,1.94417685411068,1.81077827371551,1.80980491317369,1.86053530814553,1.86029437731834,1.81124086090371,1.80900502282744,1.80976636424134,1.8081954952481,1.81036387269276,1.93771990794216,1.89826507568252,1.80579582420935,1.80602711780345,1.80439842541168,2.02206497192269,1.80405148502054,1.80503448279545,1.89100823916775,1.90661091953617,1.90487621758045,1.73832555536478,1.78752363027573,1.7833507083489,1.73163731560215,1.72775351066795,1.77622879309734,1.72662595439673,1.8316717950489,1.72035211565686,1.72054486031861,1.83728066470574,1.84044167715839,1.84071151968484,1.71657432028662,1.71540821508305,1.8389864549622,1.8401332856996,1.71300854404429,1.71211228136717,1.83797454548803,1.71036794217836,1.71068597087024,1.71372169929276,1.84045131439148,1.7084308583278,1.71083052936655,1.84720701478572,1.84497117670945,1.70862360298955,1.70994390392252,1.711100371893,1.71054141237393,1.71107146019374,1.71074379426877,1.70909582741083,1.70951986566667,1.71153404738193,1.71173642927676,1.71142803781797,1.71431920774418,1.71027156984749,1.84381470873897,1.84106809730907,1.89605814930552,1.84523138200281,1.71129311655475,1.83667351902124,1.70930784653875,1.70906691571157,1.71141840058488
1.87970376475628,1.87873040421445,1.87678368313081,1.87713062352195,1.87882677654533,1.87443219825749,1.87466349185159,1.87445147272367,1.98835393058312,1.87043274652624,1.86854384884112,1.91752990462415,1.91713477806756,1.86720427344198,1.86611526610311,1.86376378122979,1.97054432383769,1.98177170038446,1.86044857304774,1.98170423975284,1.94399374668202,1.85866568492658,1.85510954591735,1.856063631993,1.9603963173967,1.96105164924664,1.97456305003511,1.94053398000366,2.04549308555805,1.85008854747883,1.84981870495239,1.97078525466487,1.84761177857538,2.03500777595901,1.84942357839581,1.89467038774094,1.89544136638793,1.84941394116272,1.95358279360394,2.03240572302542,2.02759674371483,1.84792980726727,1.84992471451635,1.85034875277219,1.933951749805,1.98647467013109,1.98446048841583,1.98778533383097,2.0136709419036,1.97875524642811,1.97758914122454,1.97751204335985,1.97188389923683,1.97097799932662,2.00821626797616,1.89659783435841,1.89384158569543,1.89245382413085,1.96323930115747,1.96121548220913,1.88803033414375,1.95709074644774,2.00418790454564,2.00451557047061,1.95182881718204,1.87902915844016,1.87607052788234,1.9504121439182,1.87469240355085,2.0004872070401,1.9998029634909,1.94570917417157,1.9985019370241,1.94359862012544,1.87048093269168,2.07039569585577,1.94578627203627,1.86820654568306,1.99790442857269,1.99365440878117,1.99184260896074,1.94714512190159,1.94921712701537,2.08128576924449,1.88032054767387,1.95576080828168,1.98768896150009,1.88841582346725,1.96240086187887,2.0738072763687,2.05148744453838,2.03115288272406,2.03779293632125,2.03861210113368,2.04913595966507,1.95462361477738,2.02432972169822,1.95114457363284,1.95052779071525,1.95120239703137,1.95024831095572,1.94937132274477,2.02133254220805,2.02670048103771,2.03406332711645,1.9482823154059,1.94785827715005,2.03147091141595,2.03517160892149,1.94687527937514,1.94710657296924,2.02003151574126,2.04435589205374,2.0195400168538,1.94457198066726,1.94314567017034,2.02702814696268,2.03129744122037,2.0310468731601,2.03406332711645,2.0340247781841,2.01288068879044,2.02411770257029,2.01005697949584,2.02139036560657,2.00779222972032,2.02383822281076,2.02560183646575,2.01463466521234,2.02093741565147,2.02112052308013,2.01682231712317,2.00823554244233,2.00709834893803,1.99821282003148,2.02895559358015,1.9279284791254,2.00546965654626,2.00320490677073,2.00721399573507,2.00907398172093,2.00212553666495,2.00526727465143,2.00899688385623,1.91873455876007,1.91780938438368,1.91703840573669,1.91638307388675,1.91597831009708,1.91659509301467,1.99737438075288,2.00753202442696,1.95094219173801,1.95065307474539,1.83832148587917,1.83923702302247,1.89193341354413,1.8826623953141,1.93762353561128,1.82837586133302,1.82674716894126,1.94525622421647,1.82379817561653,1.82075280996093,1.82082990782562,1.81774599323767,1.94085200869555,1.93491547311374,1.81504756797321,1.81127940983606,1.81111557687357,1.80855207287233,1.81093246944491,1.91499531232217,1.81050843118907,1.8574321190914,1.85601544582756,1.8799157838842,1.85484934062399,1.80472609133665,1.80436951371242,1.80513085512632,1.93931005140157,2.03383203352235,1.80495738493075,1.91072601806447,1.85198708239704,1.85138957394563,1.9142917943068,1.80402257332128,1.81029641206115,1.73706307783033,1.73339129202405,1.73129037521101,1.72889070417226,1.72670305226143,1.72466959607999,1.72248194416917,1.83786853592407,1.84399781616763,1.83802273165347,1.83816729014978,1.7150612746919,1.71475288323311,1.83593145207351,1.83903464112764,1.71389516948833,1.84155959619653,1.71130275378783,1.71233393772818,1.71025229538131,1.70992462945634,1.71068597087024,1.71046431450923,1.7112545676224,1.84771778813935,1.70899945507996,1.70916328804244,1.71027156984749,1.70920183697479,1.80587292207405,1.83936230705261,1.71060887300554,1.7128543483149,1.70967406139607,1.70671543083825,1.71172679204368,1.70745749778598,1.84362196407722,1.89486313240269,1.71063778470481,1.7085079561925,1.70818029026753,1.85000181238105,1.83534358085518,1.83865878903723,1.71005955071956,1.71122565592313,1.70863324022264,1.71434811944344
1.8806771252981,1.88400197071324,1.87870149251519,1.87833527765787,1.87750647561236,1.87476950141555,1.87407562063326,1.87497188331039,1.874046708934,1.92174137548332,1.96787481027249,1.9754882244115,1.86598034483988,1.91660473024776,1.97339694483154,1.91380029541934,1.91130425204971,2.05829133109806,2.06707085044064,1.85949448697209,1.98224392480574,1.98069233027867,1.85784652011416,1.9036908379107,1.96012647487026,1.96106128647973,1.85020419427588,1.97015883451419,1.97450522663659,1.84860441358338,1.84950067626051,1.847679239207,1.84807436576358,2.03663646835077,1.84675406483061,1.89431381011671,1.89481494623725,1.95501874133396,2.05743361735328,1.85033911553911,1.8468407999284,1.84758286687612,1.85047403680233,1.85115828035153,1.85185216113382,1.988671959275,1.91255709235107,1.98436411608495,1.98557840745396,2.01253374839929,1.97775297418703,2.08726085375865,1.97713619126944,2.00897760939006,1.96996608985245,2.08923648654155,2.00808134671294,1.96459815102279,1.96375971174419,2.08736686332261,2.080129301274,1.95859415480937,1.95675344328968,1.95694618795143,2.00334946526704,2.00442883537283,2.00417826731256,2.0979678197187,1.87493333437804,1.94653797621709,2.07398074656427,1.94590191883332,1.94382991371954,1.87169522406069,1.99727800842201,1.94467799023123,1.94407084454672,1.94396483498276,1.94444669663713,2.06651189092157,1.94669217194648,1.94552606674291,1.95055670241451,1.99197753022397,1.95424776268697,1.95477781050677,1.95790991126016,2.07506975390314,1.98568441701792,2.08826312599973,2.04530997812939,2.03386094522161,2.04786384489754,2.02942781800143,2.02875321168531,2.02771239051188,2.03039154131016,2.02720161715825,1.95099037790344,1.95092291727183,1.95018085032411,1.94738605272877,1.94682709320971,2.03214551773206,2.02135181667422,2.03187567520562,2.03202023370193,2.03055537427265,2.03128780398729,2.03457410047008,2.0404239009541,1.94483218596062,2.01812334358996,2.03170220501004,1.9447743625621,1.94383955095263,1.94399374668202,1.9440901190129,2.02343345902109,2.04412459845964,2.02789549794054,2.02780876284275,2.03215515496515,2.00923781468342,2.02577530666132,2.0216023847345,2.02034954443314,2.01171458358687,2.01743910004076,1.93419268063218,2.00903543278858,2.01126163363176,2.01526108536302,2.01373840253521,2.01607061294235,2.01797878509365,1.92789956742614,2.00797533714897,1.925567357019,2.00426500241034,2.02345273348727,2.01460575351308,2.00717544680272,2.00508416722277,1.91886948002329,1.91746244399253,1.91641198558601,1.91566991863829,1.91664327918011,1.91690348447347,2.0115411133913,2.01174349528613,1.95037359498585,1.84318828858829,1.84037421652678,1.838302211413,1.94740532719495,1.92358208700301,1.83039004304828,1.82828912623524,1.8258027200987,1.94439851047169,2.0312781667542,1.94548751781056,1.94699092617219,1.94459125513344,1.93992683431916,1.93397102427117,1.81502829350704,1.81479699991294,1.81150106619706,1.81285027882929,1.81119267473827,1.8091881302561,1.81044097055746,1.80927486535389,1.80603675503653,1.80495738493075,1.85571669160185,1.85428074387183,2.02748109691778,1.80485137536679,1.80357926059926,1.80383946589262,1.89573048338055,1.91058145956816,1.90852872892056,1.85203526856248,1.85326883439766,1.80381055419336,1.73489470038568,1.7328226952719,1.78044990118961,1.72981587854864,1.72864977334507,1.83819620184904,1.7241299110271,1.8367024307205,1.83703973387856,1.72035211565686,1.71748022019683,1.71641048732413,1.71588043950433,1.71413610031552,1.83808055505199,1.71236284942744,1.71255559408919,1.71066669640407,1.71182316437455,1.83432203414792,1.71072451980259,1.84101991114363,1.83812874121743,1.71056068684011,1.7079779083727,1.84768887644008,1.70951022843358,1.84121265580538,1.71057032407319,1.70702382229705,1.71135093995327,1.71050286344158,1.70715874356027,1.84001763890255,1.84059587288779,1.70907655294465,1.70844049556089,1.70879707318512,1.71030048154675,1.70857541682411,1.83765651679615,1.70949095396741,1.70809355516974,1.70739967438745,1.84753468071069,1.71037757941145,1.70970297309533,1.71044504004306,1.70937530717036,1.70944276780197
1.88360684415666,1.880445831704,1.87820999362774,1.88069639976427,1.96874216125035,1.87721735861974,1.96463669995514,1.92364954763462,1.87242765377532,1.8722156346474,2.0687766406971,1.97616283072762,1.94117003738743,1.91663364194702,1.97286689701174,1.86219291223655,1.86427455458342,1.98415209695703,2.06064281597137,1.86084369960432,1.98011409629343,1.85749957972301,2.04016369566074,1.96572570729401,1.9021681550829,1.96033849399818,1.84983797941856,1.85141848564489,1.84959704859138,1.84842130615472,1.97043831427373,1.84792017003418,1.84796835619962,1.84712991692102,1.84710100522175,1.89691586305029,1.89689658858412,1.95112529916667,1.8485947763503,1.84899954013996,1.84691789779309,2.02327926329169,1.85096553568978,1.85067641869716,1.84900917737305,1.98667705202592,2.01414316632488,1.98401717569381,2.0136709419036,1.98020083139122,2.01243737606842,1.97774333695394,2.01103997727075,1.97377279692195,1.89887222136703,1.97087198976266,1.96880962188196,1.96675689123436,1.96320075222512,2.10382725743581,2.08664407084105,2.007426014863,1.9582664888844,1.88260457191557,1.95391045952891,1.95339004894219,1.87906770737251,2.00629845859177,1.95130840659533,1.87506825564126,2.00041974640849,1.87183014532391,1.94365644352397,1.94439851047169,1.94440814770478,2.07058844051752,2.08301083396712,1.94250961278657,1.94443705940404,1.94406120731364,1.94778117928535,1.9478968260824,1.9504892417829,1.95084581940713,1.95378517549878,1.95462361477738,1.95857488034319,2.07450115715099,1.89505587706443,2.0842443998023,2.05812749813557,2.04440407821918,2.05222951148611,2.02802078197067,2.02748109691778,2.02657519700757,2.02446464296144,2.02718234269207,1.95013266415867,1.95009411522632,1.95051815348216,1.95045069285055,2.02990004242271,2.02206497192269,1.94993991949692,2.03729180020071,2.02550546413487,2.03465119833477,2.04409568676038,1.94841723666912,2.04220678907526,2.03803386714844,2.01718853198049,1.94604647732963,2.03971074570564,2.04803731509311,2.02633426618039,1.94687527937514,2.03068065830278,1.94103511612421,1.94053398000366,2.02694141186489,1.93820176959652,2.01004734226276,1.93743079094953,2.02768347881262,1.93543588370045,2.02701850972959,2.01564657468651,2.0180944318907,2.01291923772279,2.03102759869393,1.93132078517215,1.93027996399872,2.01067376241343,2.01038464542081,2.01742946280767,2.02367438984828,2.01133873149646,2.01925089986118,2.01125199639868,2.0069634276748,2.00697306490789,2.01196515164714,1.91856108856449,1.91772264928589,1.91686493554112,1.91697094510508,1.9153518899464,1.91736607166166,1.98925983049333,2.00878486472831,1.84706245628941,1.8426486035354,1.83999836443637,1.83877443583428,1.94311675847107,1.92403503695811,1.83138267805628,1.83005273989022,1.82534977014359,1.94391664881732,1.82433786066942,1.82185145453288,2.03417897391349,2.02416588873573,1.81730268051565,1.81607875191356,1.81571253705624,1.9012526179396,1.86282896962032,1.81175163425734,1.81053734288833,1.80830150481206,1.93436615082776,1.93358553494768,1.80831114204515,1.80715467407467,1.85498426188721,1.85358686308954,1.85372178435277,1.8046875424043,1.93664053783637,1.80407075948671,1.89730135237379,1.80186383310971,1.92841997801286,1.93198575425518,1.85372178435277,1.8509558984567,1.73702452889798,1.73429719193426,1.78097031177632,1.77789603442146,1.7276378638709,1.83812874121743,1.72309872708676,1.81274426926533,1.83443768094497,1.72033284119069,1.71746094573065,1.7169694468432,1.71722965213656,1.71448304070666,1.82123467161529,1.76052974039804,1.71232430049509,1.71111964635917,1.71025229538131,1.7096547869299,1.7088163476513,1.70832484876384,1.70861396575646,1.70816101580135,1.77274975195281,1.71053177514084,1.70871997532042,1.81733159221491,1.83704937111164,1.70898981784687,1.8452410192359,1.83933339535335,1.83933339535335,1.70642631384563,1.75794696193063,1.70933675823801,1.75854447038205,1.70806464347048,1.75831317678795,1.70775625201169,1.80940014938402,1.70916328804244,1.88957229143773,1.70852723065867,1.71021374644896,1.77559273571358,1.83163324611655,1.7103390304791,1.7110232740283,1.83516047342652
1.88194924006563,1.88112043802012,2.00127746015326,1.87965557859084,2.07707429838531,1.87739082881531,1.87746792668001,2.06795747588467,2.06874772899784,2.0680923971479,2.06760089826044,1.91911041085047,1.94124713525213,1.91715405253374,1.86579723741122,1.86857276054038,1.86466004390692,1.98319801088138,1.86264586219166,1.98145367169257,1.97993098886477,1.90818178852941,1.96689181249758,2.03762910335877,1.9037679357754,1.85321101099914,2.04390294209863,1.85088843782509,1.84815146362828,1.89878548626924,2.04641825993443,1.8476021413423,1.84810327746284,1.84967414645608,1.96713274332476,1.84800690513197,2.02113016031321,1.95075908430935,1.95124094596372,1.85077279102804,1.84896099120761,1.84928865713258,1.84991507728326,1.93834632809283,2.02170839429846,1.98794916679345,1.98552058405544,1.98435447885187,1.98408463632542,2.01420098972341,1.90618688128033,1.98004663566182,2.01149292722586,1.97288617147791,1.97377279692195,1.97032266747668,2.01084723260901,1.96693999866302,1.89104678810009,1.89179849228091,1.96048305249449,1.96124439390839,1.96143713857014,1.88254674851705,1.88239255278765,1.95206974800923,1.95181917994896,2.0052865491176,1.95147223955781,1.8743551003928,1.94694274000675,1.94710657296924,1.94612357519433,1.94381063925336,1.9430203861402,1.94376245308793,1.99787551687343,1.94472617639666,1.87113626454162,1.87263967290325,1.94726076869864,1.94726076869864,1.9473667782626,1.99057049419321,1.95408392972448,1.95499946686778,1.96042522909596,1.96415483830077,1.98537602555913,2.06410258264973,2.05415695810358,2.05447498679546,2.03101796146084,2.03200095923575,2.05387747834405,2.04471246967797,1.95320694151354,2.02542836627017,1.95120239703137,1.95134695552768,1.95190591504674,1.94850397176691,1.94983390993296,2.03457410047008,2.03746527039628,1.94763662078904,2.03389949415396,1.94750169952582,1.94824376647355,1.94791610054858,2.04032752862323,2.04039498925484,2.01693796392021,2.03262737938643,2.02154456133597,2.03488249192887,2.02528380777386,2.03014097324989,1.94245178938805,1.94153625224475,2.0303626296109,2.03091195189688,1.93976300135667,2.02867611382061,2.02131326774187,2.01531890876154,2.01834499995097,1.9355515304975,2.02107233691469,2.02401169300633,1.93404812213587,2.02786658624128,2.01132909426337,1.93103166817953,2.0214481890051,2.01418171525723,2.03068065830278,1.92741770577177,2.00991242099953,1.92540352405652,2.01040391988699,1.9241988699206,2.0139022354977,2.01346856000877,1.99244975464525,1.91686493554112,1.91795394287999,1.91720223869918,1.91574701650299,1.9165758185485,1.99106199308067,1.98895143903454,1.84475915758153,1.84413273743085,1.83912137622542,1.83820583908213,1.83440876924571,1.83353178103476,1.83062133664238,1.8292335750778,1.82493536912084,1.94445633387022,1.82201528749537,1.8210804758859,1.82131176947999,1.94733786656334,1.8165027901694,1.81458498078502,1.81457534355193,1.92041143731727,1.86041002411539,1.81228168207714,1.80950615894798,1.81021931419645,1.89849636927662,1.80852316117307,1.80773290805991,1.8075112516989,2.02105306244852,1.80754016339816,1.8540012641123,1.80663426348795,1.8044658860433,1.80503448279545,1.80382982865953,1.80134342252299,1.80089047256789,1.93154244153316,2.02405987917177,1.93004867040462,1.73604153112307,1.82917575167927,1.73085669972208,1.7275607660062,1.72549839812551,1.72469850777926,1.72475633117778,1.83676989135211,1.83598927547203,1.8381480156836,1.71695980961011,1.76415334003889,1.82082027059254,1.80881227816569,1.76077067122523,1.76143564030825,1.75865047994601,1.70817065303444,1.70947167950124,1.70758278181611,1.83959360064671,1.83790708485642,1.83849495607475,1.70739003715437,1.75628935783961,1.75434263675596,1.70784298710947,1.81767853260606,1.84053804948927,1.83439913201262,1.89056492644573,1.70709128292866,1.70922111144096,1.70699491059779,1.7075153211845,1.76006715320985,1.75830353955486,1.82413547877459,1.8263327679185,2.00769585738944,1.70734185098893,1.70865251468881,1.84077898031645,1.81234914270875,1.70804536900431,1.77513014852539,1.70888380828291,1.70777552647786,1.7093463954711,1.71032939324601
2.00001498261882,1.88041692000474,1.88114934971938,1.87988687218494,2.07698756328752,1.87830636595861,2.1743332547029,1.87400816000165,1.87456711952072,1.99057049419321,1.87077968691739,1.87140610706806,1.87146393046659,1.86806198718675,1.91676856321025,1.98489416390476,1.8665778532913,1.86551775765169,1.91235471045624,1.86367704613201,1.8591860955133,1.85995707416029,1.857277923362,1.90639890040825,1.85431929280418,1.90361374004601,1.92047889794888,1.9383752397921,1.85062823253173,1.8987373001038,1.85129320161475,1.89777357679507,1.85043548786998,1.85160159307355,1.96698818482845,1.8463782127402,1.84872969761352,1.84862368804956,1.96044450356214,1.84938502946346,1.85130283884784,1.85023310597515,2.02385749727694,1.85014637087736,2.02541872903709,2.01766075640177,1.98809372528976,1.98689870838693,1.98147294615875,2.01470212584395,1.98049958561693,1.9802104686243,1.97692417214152,1.97595081159969,1.97230793749267,1.97174897797361,1.96981189412305,2.08417693917069,2.0087945019614,1.89078658280674,1.9607818067202,1.8873075416622,1.8864691023836,1.95386227336348,1.95487418283765,2.0043710119743,1.95265761922756,1.95085545664022,2.00425536517726,1.87530918646844,1.94600792839728,1.94702947510454,1.94605611456272,1.99772132114403,1.94505384232163,1.94229759365865,1.99712381269261,1.94570917417157,1.87146393046659,1.94701020063837,1.94528513591573,1.87586814598751,1.95040250668511,1.87781486707116,1.95298528515253,1.99025246550133,1.88734609059455,1.96273816503693,1.9868408849884,1.98037430158679,2.04031789139014,1.95903746753139,2.04441371545226,2.03174075394239,2.02879176061766,2.04338253151192,2.03177930287474,1.95238777670111,2.02577530666132,1.95095182897109,1.95128913212915,1.95131804382841,1.95053742794834,1.95008447799323,2.0378314852536,2.03038190407708,1.94731859209716,1.94792573778166,1.94742460166112,2.03002532645284,2.02749073415087,2.04918414583051,2.03070957000205,2.03403441541718,2.01507797793436,2.0145864790469,1.94450452003565,2.03388985692087,2.03123961782185,2.03315742720623,2.02560183646575,1.9415748011771,2.0240406047056,1.93835596532592,1.93855834722076,1.93801866216786,2.03544145144794,2.02849300639195,1.93263144887203,2.02709560759429,1.93385537747413,1.93111840327732,2.01358420680582,1.93032815016415,2.02154456133597,2.00847647326952,2.00469867789927,1.92657926649317,2.00980641143557,2.00987387206718,1.9979718892043,1.922367795634,2.01454793011455,1.99515781714279,1.91867673536154,1.91748171845871,1.91520733145009,1.9169516706389,1.91571810480372,1.99070541545643,1.9889803507338,1.91460018576559,1.84376652257353,1.84370869917501,2.03047827640795,1.83836003481152,1.83710719451017,1.88070603699736,1.82856860599477,1.9507976332417,1.94803174734563,1.9483594132706,1.82203456196154,1.81921085266695,1.82047333020139,1.91405086347961,1.81470062758207,1.94482254872754,1.92222323713769,1.92018014372317,1.81095174391109,1.85955231037062,1.80917849302301,1.80837860267676,2.020224260403,1.80834005374441,1.80824368141354,1.80578618697626,1.91061037126743,1.80559344231452,1.80538142318659,1.85389525454834,1.85164977923899,1.80065917897379,1.80414785735141,1.80364672123087,1.80090010980097,1.80220113626777,1.85078242826112,1.85024274320823,1.73397916324238,1.82821202837054,1.83368597676416,1.8206949865624,1.72731983517902,1.72488161520792,1.72162423042439,1.72041957628847,1.71960041147605,1.83577725634411,1.71795244461811,1.7150612746919,1.76284267633901,1.71180388990838,1.71197736010395,1.71106182296065,1.81501865627395,1.84133793983552,1.70746713501907,1.84398817893454,1.84084644094806,1.70784298710947,1.75553765365879,1.7556822121551,1.75619298550873,1.75480522394415,1.75547019302718,1.70767915414699,1.77458082623941,1.95380444996495,1.70739967438745,1.70753459565068,1.70870070085425,1.70739003715437,1.70712019462792,1.76977184692882,1.70504818951414,1.822526060849,1.75619298550873,1.7575132864417,1.71029084431366,1.70960660076446,1.84146322386565,1.83798418272112,1.83577725634411,1.71059923577246,1.70697563613161,1.83539176702062,1.71194844840469,1.70870070085425
1.88189141666711,1.88271058147953,1.8815926624414,1.98411354802468,1.92733097067399,1.92735024514016,1.87738119158222,1.87573322472429,1.87590669491986,1.87475022694938,1.87189760595552,1.87044238375933,1.99013681870428,2.06789001525306,2.06630950902674,1.86688624475009,1.98677342435679,1.86509371939585,1.91340516886276,1.91235471045624,1.86062204324331,1.86242420583065,1.85670932660985,1.92005485969303,1.90435580699373,1.90439435592608,1.8543096555711,1.93798011323551,1.90082857968376,1.8510329963214,1.95493200623617,1.89847709481045,1.84831529659076,2.04061664561585,1.84936575499728,1.89705078431352,1.84780452323713,1.9637500745111,1.84958741135829,2.06027660111405,1.85063786976481,1.85017528257662,1.93673691016725,1.85055113466703,1.85324955993149,2.01793059892821,1.9123065242908,1.91035016597407,1.91109223292179,1.90885639484553,1.97824447307448,1.97942985274423,1.97563278290781,1.90141645090209,1.97578697863721,2.01323726641467,1.96990826645392,1.96952277713043,1.96381753514271,2.08360834241854,2.1036826989395,1.88743282569234,2.0047565012978,2.00659721281748,1.95607883697357,2.00480468746323,1.95082654494096,1.95194446397909,2.00485287362867,2.00378314075597,1.94953515570725,1.87416235573105,1.99915726887404,1.94359862012544,1.94452379450183,1.94396483498276,1.94414794241142,1.9454586061113,1.99663231380516,1.94651870175091,1.94618139859285,1.87570431302502,1.99133183560711,1.87814253299613,1.95328403937823,1.96027103336657,1.99057049419321,1.98612772973994,1.98688907115384,1.98472069370919,1.98368950976884,1.9607818067202,1.9578809995609,2.03088304019762,2.03056501150574,1.95462361477738,1.95409356695757,2.02656555977448,1.95123130873063,1.9496508025043,1.94970862590283,1.94875453982718,2.04146472212753,1.95091328003874,2.03249245812321,2.03326343677019,2.02026280933535,2.03454518877081,2.03708941830587,1.94799319841328,2.02875321168531,1.94762698355596,1.94734750379642,1.94551642950983,2.0164946511982,2.01407570569327,1.94560316460761,2.03819770011092,2.01855701907889,2.03689667364413,2.03497886425974,2.03738817253158,2.0231250675623,2.02407915363794,2.01356493233964,2.0221324325543,1.93766208454363,1.93405775936896,2.024416456796,1.93436615082776,1.93414449446675,1.93027996399872,2.02793404687289,2.02285522503585,2.01788241276278,2.01396969612931,2.0161862597394,2.00831264030703,2.00015954111513,1.99782733070799,2.01128090809794,2.01526108536302,1.99382787897674,1.92044034901653,1.99084997395274,1.99548548306776,1.91855145133141,1.99371223217969,1.99147639410342,1.91730824826314,2.01087614430827,1.91463873469794,1.93129187347289,1.8905071030472,1.83840822097696,1.83697227324694,1.83642295096097,1.83204764713931,1.83074662067251,1.82750851035516,1.87476950141555,1.82508956485024,1.87034601142846,1.94298183720785,1.81776526770385,1.8671849989758,1.86491061196719,1.86418781948564,1.86311808661294,1.938143946198,1.81066262691846,1.80877372923334,1.80904357175979,1.93670799846798,1.80708721344306,1.80714503684158,1.80753052616507,1.80540069765277,1.91000322558292,1.90789267153679,1.89484385793651,1.89324407724401,1.80211440116998,1.80107357999655,1.80436951371242,1.80069772790614,1.80061099280835,1.80165181398179,1.84939466669655,1.85034875277219,1.78254118076956,1.77977529487349,1.77793458335381,1.83396545652369,1.82160088647261,1.72377333340287,1.83580616804337,1.84050913779,1.71906072642315,1.88592941733071,1.83372452569651,1.71426138434565,1.71344221953323,1.71199663457012,1.83524720852431,1.84284134819714,1.8432557492199,1.84106809730907,1.84008509953416,1.70721656695879,1.83708792004399,1.70626248088315,1.70516383631119,1.75467030268093,1.70486508208548,1.70265815570848,1.75668448439619,1.75275249329655,1.83199946097387,1.70728402759041,1.70517347354428,1.70589626602583,1.83986344317315,1.70741894885363,1.70905727847848,1.76931889697371,1.75711815988512,1.82222730662329,1.75520035050074,1.8208491822918,1.75616407380947,1.70517347354428,1.70783334987639,1.83811910398434,1.8360181871713,1.70928857207258,1.70845977002706,1.83491954259934,1.70839230939545,1.70893199444834
1.88150592734361,1.93058835545751,1.93170627449565,1.92811158655406,1.9281597727195,1.98047067391766,1.9646656116544,1.96566788389549,1.96282490013472,1.96465597442131,1.87661985016832,1.87102061774457,1.87192651765478,2.06601075480103,1.86788851699118,1.98770823596627,1.86569122784726,1.86629837353177,1.91203668176435,1.91087057656078,1.86386015356067,1.86205799097333,1.97840830603697,1.9836413236034,1.85769232438476,1.85616964155696,1.854078361977,1.85383743114982,1.90074184458597,1.90025998293161,1.89778321402816,1.89778321402816,1.89910351496112,1.89739772470466,1.95339004894219,1.85115828035153,2.03824588627636,1.94737641549569,1.85150522074268,1.84882606994439,1.90024070846543,1.85094626122361,2.02528380777386,1.85205454302866,1.85299899187122,1.91564100693902,2.09361179036321,1.98680233605606,1.97850467836784,1.97890944215751,1.97826374754066,2.01709215964961,2.01366130467051,1.90077075628524,1.97453413833585,1.9712960280185,1.96773025177618,1.96695927312919,1.9635958787817,2.08338668605753,1.96274780227002,1.96365370218023,1.96043486632905,1.96035776846435,1.8825081995847,1.95650287522941,1.95192518951292,2.0049106970272,1.94984354716605,1.87726554478518,2.00094979422829,1.94682709320971,1.87324681858775,1.94407084454672,1.94745351336038,1.94424431474229,1.87110735284236,1.9945410342252,1.99496507248105,1.99500362141339,1.9969021563316,1.94997846842927,1.95027722265498,1.95095182897109,1.88043619447092,1.95839177291453,1.96058906205845,1.98729383494351,1.96549441369991,1.98513509473194,2.04699649391968,2.05741434288711,1.95728349110949,2.05085138715462,2.04108887003713,2.04005768609678,1.95344787234072,1.95351533297233,1.95160716082103,1.95258052136286,1.94796428671401,1.94726076869864,2.0251777982099,2.04491485157281,2.02095669011764,1.94906293128597,2.02172766876463,2.0178631382966,2.02826171279786,2.0331863389055,2.03860246390059,1.94676926981118,1.94685600490897,2.0348632174627,2.03454518877081,1.94461052959961,2.02811715430155,2.04061664561585,2.03914214895348,2.01664884692759,1.94117967462052,2.02782803730893,2.02186259002785,1.93670799846798,2.02345273348727,2.01485632157335,1.93688146866356,2.03514269722223,1.93575391239234,2.01162784848908,2.02625716831569,2.01236991543681,2.00662612451674,2.00552747994479,1.93064617885604,1.92825614505037,1.92742734300486,2.01497196837039,1.92542279852269,1.99801043813665,1.99771168391094,2.00806207224676,1.9929412535327,1.99152458026886,1.99188115789309,1.99456994592446,1.91715405253374,1.99353876198412,1.91725042486461,1.91510132188613,1.91596867286399,1.9887490571397,1.84543376389764,1.84350631728017,1.83979598254154,2.03479575683108,1.94674035811192,1.83160433441729,1.92055599581358,1.82956124100277,1.82388491071432,1.8239716458121,1.87108807837618,1.87037492312772,1.90924188416902,1.92153899358849,1.81529813603348,1.86372523229744,1.86272296005636,1.81355379684467,1.81136614493384,1.80921704195536,1.87773776920646,1.86873659350287,1.80566090294613,1.93723804628779,1.93536842306884,1.80519831575793,1.90314151562473,1.93389392640648,1.80135305975608,1.80167108844796,1.80185419587662,1.80297211491476,1.8040032988551,1.80040861091352,1.80045679707896,1.80087119810171,1.80170963738031,1.80047607154513,1.78099922347559,1.73065431782724,1.72621155337397,1.83285717471864,1.72295416859045,1.83583507974264,1.83528575745666,1.71845358073865,1.8374637721344,1.71516728425586,1.7149841768272,1.71206409520173,1.83935266981952,1.83770470296158,1.71181352714146,1.71070524533642,1.83565197231398,1.71042576557688,1.70792972220726,1.70761169351538,1.70750568395141,1.70604082452214,1.70516383631119,1.70730330205658,1.70577098199569,1.76212952109054,1.7057613447626,1.83773361466085,1.83819620184904,1.83862987733797,1.70518311077736,1.70407482897232,1.70534694373985,1.70692744996617,1.80403221055436,1.70573243306334,1.75739763964465,1.75603878977934,1.70789117327491,1.76744927375476,1.70689853826691,1.8081183973834,1.83707828281091,1.71156295908119,1.70786226157565,1.83524720852431,1.83514119896035,1.70768879138007,1.70810319240283,1.71039685387762
1.88412725474337,1.93182192129269,1.88535118334547,1.93018359166784,1.88049401786944,1.88126499651643,1.92781283232835,1.87909661907177,1.96250687144283,1.92357244976992,1.98095253557203,1.87089533371443,1.8722156346474,2.07083900857779,1.87024963909758,1.8681005361191,1.95668598265807,1.98649394459726,1.86668386285526,1.91126570311737,1.86586469804284,2.06471936556732,1.86067022940875,2.05989111179056,1.85805853924208,1.85741284462522,1.85484934062399,1.85453131193211,1.97499672552405,1.90030816909704,1.89854455544206,1.93556116773059,1.89920952452508,1.85068605593025,1.8492790198995,1.84931756883185,2.03865065006603,2.03458373770316,1.90054909992423,1.90053946269114,1.95001701736162,2.02686431400019,2.02455137805923,1.90018288506691,1.85253640468302,2.02073503375663,1.98676378712371,1.98704326688324,1.9839497150622,1.98361241190414,1.90933825649989,1.97941057827805,2.09092300233184,2.08975689712827,1.97209591836475,1.97319456293671,1.97099727379279,2.10541740089522,2.10372124787185,1.89033363285163,1.96176480449511,1.96056978759227,1.95941331962179,1.96181299066054,2.00763803399092,1.88114934971938,2.00546965654626,1.95413211588992,1.94778117928535,1.94849433453382,1.94840759943603,1.94505384232163,2.07991728214608,1.94827267817281,1.87218672294814,1.87250475164002,1.94489964659224,1.94740532719495,1.94737641549569,1.94648015281856,1.94804138457871,2.07001984376537,1.95122167149754,1.87764139687558,1.88378995158532,1.98996334850871,1.98782388276332,1.9888261550044,1.98786243169566,1.98651321906343,2.04807586402546,2.04247663160171,1.95683054115438,2.04408604952729,2.04703504285202,2.04376802083541,1.95380444996495,1.9532358532128,1.95186736611439,1.95162643528721,1.95046033008364,2.04378729530159,2.02718234269207,2.03130707845346,1.94894728448892,2.02938926906908,2.03938307978067,2.03137453908507,2.02578494389441,2.02819425216625,2.02917724994116,2.03017952218224,1.95066271197847,2.02535126840548,2.03122998058876,2.02776057667731,1.94455270620109,2.02468629932245,1.94361789459162,2.03029516897929,1.9406592640338,2.03362965162751,2.02538981733783,2.02293232290055,2.03001568921976,1.93774881964142,2.02560183646575,2.01225426863976,2.02408879087103,1.93419268063218,1.93400957320352,2.01364203020434,2.01483704710717,2.01605133847618,1.93132078517215,1.92925841729146,2.01363239297125,2.02646918744361,2.0148948705057,2.00130637185252,1.99807789876826,1.99648775530885,2.01437445991898,2.01108816343619,1.99708526376026,1.99478196505239,1.91678783767642,1.91751063015797,1.98515436919812,1.98904781136541,2.0082644541416,1.98743839343982,1.89086368067143,1.88864711706134,1.83719392960795,1.83530503192283,1.94433104984008,1.93273745843599,1.82919502614545,1.82856860599477,1.82520521164728,1.82185145453288,1.87091460818061,1.81918194096769,1.86793670315662,1.92154863082157,1.89708933324587,1.8144500595218,1.86195198140937,1.81181909488895,1.8114721544978,1.85784652011416,1.87788232770277,1.86843783927716,1.80808948568414,1.80558380508143,1.80564162847995,1.80486101259988,1.80462971900578,1.80683664538278,1.80196020544058,1.93520459010636,1.93259289993968,1.80201802883911,1.80106394276346,1.89866983947219,1.80063990450762,1.79929069187539,1.80102539383111,2.00331091633469,1.73055794549637,1.82866497832564,1.72778242236721,1.8847151259617,1.72101708473989,1.76896231934948,1.83600854993821,1.71854031583644,1.71697908407629,1.80385874035879,1.71362532696189,1.71111964635917,1.83762760509688,1.83740594873588,1.71030048154675,1.80373345632866,1.70446031829581,1.83818656461595,1.83040931751446,1.82242005128504,1.84146322386565,1.81033496099349,1.84001763890255,1.83873588690193,1.80083264916936,1.75393787296629,1.84012364846651,1.84085607818115,1.70260033230995,1.70476870975461,1.83653859775801,1.6995935155867,1.83889008263133,1.70724547865806,1.83665424455506,1.70473979805534,1.70545295330381,1.70480725868696,1.75486304734268,1.75501724307208,1.70729366482349,1.70629139258241,1.7066768819059,1.71075343150185,1.70744786055289,1.70722620419188,1.7054625905369,1.70569388413099,1.70788153604182,1.70812246686901
1.93133042240524,1.88175649540388,2.06065245320446,1.88111080078703,1.98353531403944,1.98490380113785,2.05890811401565,1.8779305138682,1.87510680457361,1.92319659767951,1.98128983873009,1.99095598351671,1.92134624892674,1.92073910324224,1.9770109072393,1.91857072579758,1.86732955747211,1.95646432629706,1.8667320490207,1.91144881054603,1.91168974137321,1.86387942802684,1.86360958550039,1.90883712037935,1.90604232278402,1.9062061557465,1.85412654814244,1.85369287265351,1.97676033917903,1.84915373586936,1.85067641869716,1.93480946354977,1.97115146952219,1.97174897797361,1.84939466669655,1.85062823253173,1.8498090677193,1.85058968359938,1.85089807505817,1.94817630584194,1.94848469730073,1.85074387932877,1.95232995330259,1.85284479614182,1.8543096555711,1.99076323885496,1.99077287608805,1.98912490923011,1.98572296595027,1.98278360985863,1.98049958561693,2.09023875878264,1.97793608161569,1.90246690930861,1.97467869683216,2.09419966158154,1.97090090146192,1.9705346866046,2.01067376241343,1.89151901252137,2.09122175655755,1.96061797375771,1.95983735787764,1.95889290903508,2.00570095014036,1.8809084188922,1.95655106139485,1.95057597688069,2.09808346651575,1.94757879739052,1.94869671642865,1.87484659928025,1.94726076869864,1.94710657296924,1.94504420508855,1.94431177537391,1.94552606674291,1.94697165170602,1.94694274000675,2.08156524900402,1.9953023756391,1.94777154205227,2.08041841826662,2.0742602263238,1.88220944535899,1.99018500486972,1.98792025509419,2.07673699522725,1.89311879321388,2.07703574945296,2.05518814204393,1.95862306650863,2.04569546745288,2.03900722769026,2.04723742474686,2.02425262383352,2.02363584091593,1.95369844040099,1.95116384809902,1.95146260232472,1.94882200045879,1.95034468328659,1.95047960454981,2.03728216296762,2.04734343431082,2.01932799772588,2.03520052062075,2.03591367586922,2.02090850395221,1.94796428671401,2.02574639496206,1.94725113146555,2.03314778997315,2.03212624326589,2.04434625482065,1.94405157008055,1.9440130211482,1.94333841483208,2.02204569745651,2.03238644855925,2.01591641721296,2.02621861938334,1.94039905874044,2.02697996079724,2.01873048927446,2.02049410292945,2.02427189829969,2.02142891453892,2.03390913138705,2.01415280355797,2.01808479465761,2.00853429666804,2.0144322833175,1.93070400225456,2.01833536271788,2.01377695146756,2.0010943527246,2.0111556240678,2.02065793589193,1.9997258656262,1.99416518213479,2.01832572548479,1.9924112057129,1.99162095259973,1.91906222468504,1.99443502466124,1.98831538165077,1.91696130787199,1.98532783939369,1.91690348447347,2.00797533714897,1.98750585407143,1.89068057324277,1.94421540304303,1.83813837845051,1.94212412346308,1.83267406728998,1.88034945937313,1.82852041982933,1.82736395185885,1.8248871829554,1.82609183709132,1.82038659510361,1.82089736845724,1.8186422559148,1.81729304328257,1.81731231774874,1.81491264670999,1.81454643185267,1.81343815004762,1.80919776748919,1.89769647893037,1.80810876015032,1.89672311838855,1.93729586968631,1.8048417381337,1.80502484556236,1.80405148502054,1.80418640628376,1.90713133012289,1.9056761079267,1.8009579331995,1.80150725548548,1.80344433933604,1.80189274480897,1.80055316940983,1.80118922679359,1.80099648213185,1.79857753662692,1.80087119810171,1.83397509375678,1.83375343739577,1.83447622987732,1.72555622152403,1.72274214946252,1.8174183273127,1.766813216371,1.71832829670851,1.71478179493237,1.7132302004053,1.83804200611964,1.71048358897541,1.70874888701968,1.83484244473464,1.71004991348648,1.70765987968081,1.70803573177122,1.7052312969428,1.70426757363406,1.82207311089389,1.83118029616144,1.7907424661269,1.83926593472174,1.83706864557782,1.70193536322692,1.84234984930969,1.84032603036134,1.70200282385854,1.70141495264021,1.70266779294156,1.70274489080626,1.70160769730195,1.83847568160857,1.70377607474661,1.79116650438275,1.70472052358917,1.83725175300648,1.70565533519864,1.70229194085116,1.75587495681685,1.70723584142497,1.70806464347048,1.7069852733647,1.80786782932313,1.83240422476354,1.70550113946925,1.92274364772441,1.70967406139607,1.70731293928967,1.70634921598093
1.93320004562419,1.93386501470721,1.93148461813464,2.05415695810358,1.88094696782455,1.92756226426808,1.92841034077977,1.87684150652933,1.87660057570215,1.92416032098825,1.92135588615983,1.8738154153399,1.92203049247594,1.87263967290325,1.97696272107387,1.91752990462415,1.91808886414321,1.8674933904346,1.95297564791944,1.97783970928482,1.97875524642811,1.86397580035771,1.86317591001146,1.86121955169473,1.90722770245376,1.85830910730235,1.90322825072251,1.85301826633739,2.05019605530468,2.05122723924502,1.85107154525375,1.97359932672638,1.8513317505471,1.96282490013472,1.8505704091332,1.85033911553911,2.043392168745,1.85044512510307,1.95506692749939,1.95804483252339,1.89943118088609,1.84842130615472,1.85061859529864,1.85334593226236,2.02405024193868,2.10435730525561,2.02033026996696,1.987679324267,2.09400691691979,1.98140548552714,2.09295645851327,2.01990623171112,2.01440337161824,1.97378243415504,1.90195613595498,1.89970102341254,2.01088578154136,1.97001427601788,1.9669496358961,2.09154942248252,1.88957229143773,1.95981808341146,1.96029030783274,1.958112293155,1.95768825489916,1.95491273177,1.95551024022141,1.95188664058057,1.95139514169311,1.94826304093972,1.9495737046396,2.0877523526461,1.87424909082883,1.94465871576505,1.94720294530011,1.94571881140466,1.94554534120909,2.08440823276479,2.0738072763687,1.94741496442803,1.94726076869864,1.87516462797213,1.94996883119618,1.87863403188358,1.88162157414066,2.07467462734656,1.96030958229892,2.07333505194742,1.98741911897365,2.07683336755813,1.96012647487026,2.0314323624836,2.0468230237241,1.95749551023741,2.02879176061766,2.02738472458691,1.95355388190468,1.95527894662732,1.95128913212915,1.95202156184379,1.95042178115129,1.95054706518142,2.03721470233601,1.94981463546679,2.02751000861704,2.02138072837349,2.03052646257339,2.0206868475912,2.02007970190669,2.01821007868775,2.05114050414724,1.94816666860885,2.03427534624437,1.94707766126998,2.03686776194487,2.03100832422775,1.94405157008055,1.9437046296894,2.03819770011092,2.02874357445222,2.03489212916196,2.03052646257339,2.0248019461195,2.02403096747251,2.0309697752954,2.02398278130707,1.9356286283622,2.02086031778677,2.01914489029722,1.93308439882714,2.01662957246142,2.01357456957273,2.01421062695649,2.02538018010474,2.01309270791836,2.01761257023633,2.01439373438515,2.01341073661024,2.02196859959181,2.01119417300015,2.00470831513236,2.00489142256102,1.99433865233037,2.00493960872646,1.91900440128651,1.91839725560201,1.91693239617273,1.91694203340582,1.91723115039844,1.91548681120963,1.91611323136031,2.0151165268667,1.96430903403017,1.9638271723758,1.94560316460761,1.83473643517068,1.88130354544878,1.87953993179379,1.87799797449982,1.82729649122724,1.88278767934423,1.92743698023795,1.92666600159096,1.82121539714912,1.81795801236559,1.81711957308699,1.81677263269585,1.81459461801811,1.94036050980809,1.89849636927662,1.94359862012544,1.80997838336926,1.80733778150333,1.8056801774123,1.80584401037479,1.80382982865953,1.93614903894892,1.80463935623887,1.80424422968229,1.80260590005744,1.93530096243723,1.80228787136555,1.80121813849286,1.93357589771459,1.80096757043259,1.79952198546948,1.80116995232742,1.79801857710785,1.79972436736432,1.8017192746134,1.90594595045315,1.72800407872822,1.8338787214259,1.72288670795883,1.72122910386781,1.71965823487457,1.81751469964357,1.71808736588133,1.83709755727708,1.71219901646496,1.83917919962395,1.71022338368205,1.70833448599693,1.83526648299048,1.83611455950217,1.70585771709348,1.83956468894744,1.83946831661657,1.70443140659655,1.75319580601857,1.80397438715584,1.70209919618941,1.83926593472174,1.8383793092777,1.70206064725706,1.70250395997908,1.7018004419637,1.8372324785403,1.70398809387453,1.70281235143787,1.70260996954304,1.70453741616051,1.70450850446125,1.83511228726108,1.70112583564759,1.83864915180414,1.83828293694682,1.70434467149876,1.83536285532136,1.70682144040221,1.70477834698769,1.83084299300339,1.80791601548857,1.80817622078193,1.70877779871895,1.70927893483949,1.70851759342559,1.70800682007196,1.75844809805117,1.77384839652477
1.88380922605149,1.8843392738713,1.88194924006563,1.93049198312664,1.87811362129686,1.87846056168801,1.87810398406378,1.88031091044078,1.87797870003364,2.06089338403164,1.92264727539353,1.87327573028701,1.9872263743119,1.87241801654224,1.97814810074361,1.86956539554838,1.86815835951763,1.87066404012034,1.91609395689413,1.94522731251721,1.86732955747211,1.86494916089954,1.86412035885402,2.05674937380408,1.86136411019104,1.85989925076176,1.90698677162658,1.8543096555711,1.85360613755572,1.85147630904341,1.97310782783892,1.85131247608093,1.85083061442656,1.95028685988807,1.89882403520159,1.85143776011106,1.84994398898252,1.95372735210025,1.85111009418609,1.95541386789054,1.95551024022141,1.85391452901451,1.94175790860576,1.94833050157133,1.85430001833801,2.10998544937863,1.98833465611694,1.99138965900564,1.98703362965015,1.98420028312247,1.9824270322344,1.98022010585739,1.90432689529447,2.09071098320392,2.01341073661024,2.01556947682181,1.9708430780634,1.96999500155171,1.96767242837766,2.01083759537592,2.01200370057949,1.88764484482026,1.96396209363902,1.95694618795143,1.88125535928334,1.95777498999694,2.00775368078797,1.9514047789262,1.95113493639975,2.07757543450585,2.07725740581397,1.94773299311992,1.87447074718984,1.94494783275767,1.947520973992,1.94689455384132,1.94738605272877,1.94574772310392,1.87514535350596,1.94626813369064,1.94672108364575,1.95097110343727,1.95133731829459,1.88106261462159,1.95436340948402,1.95757260810211,2.07420240292528,1.98764077533466,1.9870721785825,1.99052230802777,2.03148054864903,2.04343071767735,2.05538088670568,2.03441026750759,2.02805933090302,2.04843244164969,2.03306105487536,1.95021939925645,1.95144332785855,1.95063380027921,1.950720535377,2.02859901595591,2.04704468008511,2.02400205577325,2.02127471880952,2.02179512939624,1.94886054939114,2.04192730931573,2.01899069456782,2.04094431154082,2.05144889560603,1.94817630584194,2.03200095923575,1.9444659711033,2.03364892609369,2.02988076795653,1.94410939347907,2.04077084134524,2.02185295279477,2.03448736537229,2.03553782377881,2.03012169878372,2.03132635291964,2.04023115629235,2.01712107134887,2.00935346148047,2.02017607423757,2.01830645101862,2.02538981733783,2.00846683603643,2.00495888319263,2.02749073415087,2.00573949907271,1.93076182565308,2.01095324217297,2.00682850641158,1.92788993019305,1.92751407810265,1.92651180586156,2.0110785262031,2.01212898460963,2.00761875952474,2.00236646749213,1.9206909170768,1.91911041085047,1.91807922691013,1.91732752272931,1.91694203340582,1.91638307388675,1.99084997395274,1.98796844125963,1.99750930201611,1.84369906194192,1.88855074473047,1.83550741381767,1.95533677002584,1.88224799429134,1.87870149251519,1.87769922027411,1.82583163179796,1.88407906857794,1.87163740066216,1.82178399390127,2.03107578485937,1.94219158409469,1.94034123534192,1.81458498078502,1.90739153541625,1.94108330228964,1.8116263502272,1.94156516394401,1.80999765783544,1.80763653572904,1.94015812791326,1.80787746655622,1.93765244731054,1.80753052616507,1.85245930681832,1.93592738258791,1.80375273079483,1.80309739894489,1.93469381675273,1.8002736896503,1.93437578806084,1.79999420989076,1.79798966540859,1.7989726631835,2.02485013228493,2.02650773637596,1.73075069015812,1.72858231271346,1.72575860341887,1.72432265568885,1.72300235475588,1.72030392949142,1.93856798445384,1.83249095986132,1.71435775667652,1.83678916581828,1.70947167950124,1.93858725892002,1.70971261032842,1.83257769495911,1.70635885321402,1.70832484876384,1.8329631842826,1.83888044539824,1.83716501790869,1.70270634187391,1.81236841717493,1.80977600147443,1.80544888381821,1.70435430873185,1.70384353537822,1.70216665682102,1.8426486035354,1.70125111967772,1.80695229217983,1.84133793983552,1.7030243705658,1.70322675246063,1.70181007919679,1.70189681429457,1.8343413086141,1.83455332774202,1.83904427836073,1.83656750945728,1.8347942585692,1.8340329171553,1.83520865959196,1.83226930350032,1.83148868762024,1.83230785243266,1.70598300112361,1.82644841471555,1.70891271998217,1.70806464347048,1.828925183619,1.71057996130628,1.75712779711821
1.97467869683216,1.88348156012652,1.88139028054656,1.88042655723783,1.88220944535899,1.88158302520831,1.88068676253119,1.87984832325259,1.88003143068125,1.87462494291924,1.97050577490534,1.87476950141555,1.98633011163478,1.87064476565416,1.87135792090263,1.91883093109094,1.86980632637556,2.05096703395167,1.92097039683633,1.94400338391511,1.86616345226854,1.98038393881988,1.86412999608711,1.86210617713877,1.86107499319842,2.06065245320446,2.05035988826716,1.90394140597098,1.9037679357754,1.90176339129323,1.97158514501112,1.85350012799176,1.89827471291561,1.9545272424465,1.85182324943456,1.95848814524541,1.85094626122361,1.95312020641575,1.95391045952891,1.90030816909704,1.85230511108893,1.95748587300432,1.85269060041242,1.85340375566089,1.85403017581156,1.99049339632851,2.09592472630418,2.09730285063567,1.98525074152899,1.98258122796379,1.98254267903144,1.98117419193304,1.97892871662369,2.1003289418251,2.01427808758811,2.08772344094684,1.97193208540227,2.01350710894112,2.01352638340729,1.89151901252137,1.96495472864702,1.96110947264517,2.01008589119511,1.95790991126016,1.95781353892929,1.95607883697357,1.95283108942313,1.95211793417466,1.95053742794834,2.00510344168894,2.08901483018054,1.94615248689359,1.94751133675891,1.94521767528412,2.07360489447386,1.94495746999076,1.94671144641266,1.94578627203627,1.94742460166112,1.94631631985608,1.94754024845817,1.94854252069926,1.95215648310701,1.95110602470049,1.95383336166421,1.88332736439712,1.96247795974357,2.07008730439698,1.98763113810157,2.07400965826353,1.960319219532,2.06874772899784,2.03373566119147,2.03312851550697,2.05151635623765,2.02662338317301,2.02895559358015,1.95104820130197,1.95219503203936,1.95094219173801,1.94956406740651,1.95023867372263,2.02513924927755,2.02230590274987,2.02207460915578,2.02422371213426,2.05157417963617,2.0477385608674,2.02154456133597,2.03061319767117,2.03980711803651,2.03956618720933,2.04653390673148,2.03114324549098,2.04489557710663,1.94461052959961,2.04040462648792,2.03347545589812,2.03498850149283,2.03774475015581,1.94061107786836,2.03301286870992,2.03060356043808,1.93899202270969,2.02723052885751,2.02353946858505,2.02136145390731,2.01548274172402,2.0280015075045,2.02447428019453,2.01384441209917,2.00876559026214,2.0132179919485,2.01310234515145,2.01985804554568,2.00599970436607,2.02809787983537,2.01174349528613,1.92468073157496,2.01503942900201,2.00545038208009,2.01190732824862,2.0136709419036,1.9204596234827,1.91791539394764,1.91671073981172,1.91721187593226,1.91734679719549,1.9165758185485,1.91703840573669,1.98780460829714,1.98836356781621,1.89016979988914,2.02156383580215,1.83676989135211,1.95517293706336,1.92337970510817,1.8800699796136,1.87768958304102,1.93041488526194,2.01716925751431,1.8716084889629,1.8207720844271,1.82081063335945,1.81767853260606,1.94403229561437,1.81472953928133,1.81123122367062,1.81250333843815,1.80986273657221,2.00907398172093,1.8082725931128,1.80703902727762,1.93716094842309,1.93601411768569,1.85446385130049,1.85387598008217,1.85214127812644,1.80402257332128,2.00668394791527,1.80382982865953,1.80236496923025,1.89833253631413,1.79937742697317,1.79839442919826,1.92905603539662,1.80093865873332,1.93473236568508,1.80030260134956,1.80006167052237,1.82708447209932,1.72530565346376,1.72288670795883,1.83042859198063,1.71932093171651,1.71740312233213,1.88521626208224,1.71433848221035,1.711100371893,1.76096341588697,1.75814934382547,1.7569061407572,1.83786853592407,1.83512192449417,1.7060697362214,1.70419047576936,1.83599891270512,1.7057613447626,1.83568088401324,1.80391656375732,1.83139231528937,1.84067297075249,1.83739631150279,1.83705900834473,1.70130894307625,1.70199318662545,1.70059578782778,1.81048915672289,1.83920811132321,1.70022957297046,1.70264851847539,1.70132821754242,1.83491954259934,1.70231121531733,1.7024075876482,1.70160769730195,1.70251359721216,1.80006167052237,1.70457596509286,1.83475570963685,1.70388208431057,1.7052312969428,1.70474943528843,1.83238495029736,1.70872961255351,1.70672506807134,1.81148179173089,1.8281638422051,1.7107919804342,1.70947167950124
1.88468621426244,1.98694689455237,1.88438746003673,1.88298042400598,1.88039764553857,1.88102406568924,1.88040728277165,1.96506073821098,1.87741974051457,1.87752575007853,1.97894799108986,1.87327573028701,1.87293842712895,1.87047129545859,2.06470972833423,1.99086924841892,1.98833465611694,1.87022072739832,1.86743556703607,1.91460982299868,1.98559768192014,1.8651322683282,1.86464076944074,1.8649780725988,1.86147975698809,1.86029437731834,1.86004380925807,1.9611576588106,1.90402814106876,1.90195613595498,1.85223765045732,1.85266168871316,1.89861201607367,1.9544501445818,1.85031984107293,1.95737022620727,1.90022143399926,1.89915170112656,1.90071293288671,1.8521701898257,1.95824721441822,1.854078361977,1.94193137880133,1.85318209929988,1.85359650032263,1.99306653756284,1.99062831759174,2.01960747748541,2.09470079770208,1.98483634050624,1.98202226844473,1.98218610140721,1.98239812053513,1.9783119337061,1.97729038699884,1.97685671150991,1.97389808095209,2.08757888245053,1.96655450933952,1.96755678158061,1.96543659030139,1.96387535854124,1.96159133429953,1.95987590680999,2.00664539898292,1.95685945285364,1.95424776268697,1.88087950719293,1.95225285543789,1.95130840659533,1.950720535377,1.94794501224784,1.87494297161112,1.94829195263898,1.99771168391094,1.94683673044279,1.94701020063837,1.94692346554058,1.87452857058837,1.9478197282177,1.87453820782145,1.94928458764698,1.95114457363284,1.9536888031679,1.9536888031679,1.9571967560117,1.96007828870482,1.9879106178611,1.96516674777494,1.9814343972264,1.96046377802831,2.05390639004331,1.95857488034319,1.95809301868882,2.02977475839257,2.03010242431754,2.0287628489184,1.95339004894219,1.95119275979828,1.95106747576814,1.95070126091082,1.94933277381242,2.02825207556477,2.02364547814901,2.02239263784766,2.02063866142576,2.0203013582677,2.04834570655191,2.03419824837967,2.03538362804941,2.04447153885079,2.04124306576652,2.04052991051806,2.04054918498424,2.03690631087721,1.94380100202028,2.02887849571545,1.94357934565927,1.94137241928226,2.02507178864594,2.03837117030649,2.01951110515454,2.03369711225913,2.01593569167913,2.02722089162442,2.01837391165023,2.01459611627999,2.01460575351308,2.02099523904999,2.03064210937043,2.00891014875845,2.0061249883962,2.01931836049279,2.02368402708136,2.02294196013364,2.01385404933226,1.99886815188142,1.92784174402762,1.92637688459834,2.00878486472831,2.00823554244233,2.00152802821353,1.92130769999439,1.91876347045933,1.91798285457925,1.91697094510508,1.91516878251774,1.91719260146609,1.91684566107494,1.99342311518707,1.98969350598226,1.9881419114552,1.84395926723528,2.02017607423757,1.83668315625432,1.83404255438839,1.83134412912393,1.87918335416956,1.8780847095976,1.82788436244557,1.82507992761715,1.82090700569032,1.8780076117329,2.04135871256357,1.81846878571922,1.94123749801904,1.90097313818007,1.81368871810789,2.02021462316992,1.81124086090371,1.89671348115546,1.89436199628214,1.80757871233051,1.80726068363863,1.85403017581156,1.85353867692411,1.9211438670319,1.80180600971119,1.85088843782509,1.79976291629667,1.9348672869483,1.92742734300486,1.84906700077158,1.84808400299667,1.84910554970392,1.80115067786125,1.92829469398272,2.02175658046389,1.80173854907957,1.79994602372533,1.72716563944962,1.72499726200496,1.7220771803795,1.7210845453715,1.72031356672451,1.82126358331456,1.80797383888709,1.71364460142806,1.79525269121178,1.82167798433731,1.8208491822918,1.75761929600566,1.82273807997692,1.70553968840159,1.84122229303847,1.88580413330057,1.70534694373985,1.70128003137698,1.89903605432951,1.70142458987329,1.80605602950271,1.70102946331671,1.83737703703661,1.70311110566358,1.70159806006887,1.83490026813316,1.70082708142188,1.83719392960795,1.70128003137698,1.70060542506087,1.75807224596077,1.70054760166234,1.83855277947327,1.83684698921681,1.70207028449015,1.83590254037425,1.700730709091,1.70396881940836,1.70461451402521,1.83505446386256,1.70168479516665,1.70330385032533,1.83446659264423,1.83385944695973,1.83039004304828,1.82903119318296,1.82159124923953,1.70855614235794,1.82802892094188,1.70633957874785
1.97015883451419,1.97257778001912,1.88102406568924,1.88257566021631,1.88163121137375,2.07666953459564,1.8807542231628,1.87754502454471,1.88006034238051,1.87713062352195,1.87810398406378,2.07421204015837,1.97043831427373,1.87428763976118,2.07091610644249,1.87276495693338,1.86908353389401,1.87023036463141,1.86822582014924,1.868861877533,2.0597080043619,1.91554463460815,2.06829477904273,1.86466968114,1.86103644426607,1.97474615746377,1.8588777040545,1.85784652011416,1.85730683506126,1.97812882627744,1.85343266736015,1.97490035319317,1.84936575499728,1.85079206549421,1.85121610375006,1.900414178661,1.90130080410504,1.94499601892311,1.85330738333001,1.85367359818733,1.95570298488316,1.85239184618671,1.854078361977,1.85360613755572,1.85370250988659,1.99556258093246,1.99192934405853,1.98789134339493,1.9879877157258,1.987679324267,1.98572296595027,1.9041534250989,2.01798842232674,1.97635557538936,1.97748313166058,1.97664469238198,2.01236027820372,2.01335291321172,1.96803864323498,2.0869910112322,1.96512819884259,1.96448250422574,2.10409709996226,1.96014574933643,1.95900855583212,1.95680162945512,2.00550820547861,1.95398755739361,2.07996546831152,1.95095182897109,1.95006520352706,1.8766391246345,1.94816666860885,1.94735714102951,2.0814303277408,1.87437437485897,1.87375759194138,1.94831122710516,1.87379614087373,1.99666122550442,1.87684150652933,1.95434413501784,1.87775704367263,2.06432423901074,2.07363380617313,2.07395183486501,1.88679676830857,1.96260324377371,1.9880648135905,2.08144960220697,1.96105164924664,2.04584002594919,2.04264046456419,2.04715068964907,2.05395457620875,2.02888813294854,2.02879176061766,1.95273471709225,1.95250342349816,1.95066271197847,1.95026758542189,2.0312781667542,2.02253719634397,2.02310579309612,2.04466428351254,2.02772202774497,2.02697996079724,1.94807029627797,2.04187912315029,1.94834977603751,2.02683540230093,2.03755200549407,2.02379003664532,2.02246009847927,2.03116251995715,1.94585373266788,2.03473793343256,2.04018297012692,1.94117003738743,2.02414661426956,1.94231686812482,1.94326131696738,2.02454174082614,2.01900033180091,1.93732478138557,2.02140964007275,2.02590059069146,2.01735236494297,1.93451070932407,2.02078321992207,2.02000260404199,2.01391187273079,2.00409153221477,2.03026625728003,2.00729109359977,2.01829681378553,2.0090257955555,1.92723459834311,2.02309615586304,1.92500839749993,1.92263763816044,2.01106888897002,2.00253993768771,2.02234445168222,2.00145093034884,1.99444466189433,1.91699985680434,1.91612286859339,1.99284488120183,1.99409772150318,1.98994407404253,1.98824792101916,1.94261562235053,1.84020074633121,1.83703009664547,1.83619165736687,1.83378234909503,1.83218256840253,1.8280096464757,1.82699773700153,1.82431858620325,1.82156233754026,1.82090700569032,1.81964452815588,1.81786164003472,1.81712921032008,1.93724768352088,1.81335141494984,1.94133387034991,1.94097729272568,1.94060144063527,1.80981455040678,1.80721249747319,1.80634514649533,1.80695229217983,1.85248821851759,1.80226859689938,1.80239388092951,1.80054353217674,1.85177506326912,1.80063990450762,1.7974499803557,1.79782583244611,1.88073494869662,1.84858513911721,1.79941597590552,1.79769091118288,1.79826914516813,1.79795111647624,1.79833660579974,1.72720418838197,1.72481415457631,1.83374380016268,1.7181837382122,1.71899326579154,1.7169694468432,1.71372169929276,1.71121601869005,1.83388835865899,1.75887213630702,1.75733981624613,1.86830291801394,1.70780443817712,1.70322675246063,1.83862024010488,1.93335424135358,1.83794563378877,1.88878203832457,1.70184862812914,1.70182935366296,1.80480318920135,1.70077889525644,1.83559414891545,1.83410037778691,1.70017174957194,1.69858160611252,1.83420638735087,1.6976082455707,1.70065361122631,1.84008509953416,1.83416783841852,1.69919838903011,1.94366608075705,1.94205666283147,1.83378234909503,1.70130894307625,1.79804748880712,1.79642843364844,1.83053460154459,1.82990818139391,1.83047677814607,1.83316556617744,1.70560714903321,1.70597336389053,1.82792291137792,1.70735148822202,1.70627211811623,1.7082766625984,1.8290022814837,1.71062814747172
1.88207452409577,2.00341692589866,1.88218053365973,2.07692010265591,1.88086986995985,1.88149629011053,1.8812842709826,1.87757393624397,1.9342601412638,1.87917371693647,1.87492369714495,1.87581032258899,1.92310986258173,1.8742009046634,1.87390215043769,2.07070408731457,1.87077968691739,1.87057730502255,1.99015609317045,2.06061390427211,2.06044043407654,1.86668386285526,1.91414723581048,1.91448453896854,1.86395652589154,1.85930174231035,1.8590318997839,1.85812599987369,1.85513845761661,1.85541793737614,1.85439639066888,1.97727111253266,1.95283108942313,1.85063786976481,1.89958537661549,1.85227619938966,1.85166905370516,1.852093091961,2.03362001439443,2.03201059646884,1.85186179836691,1.85371214711968,1.85437711620271,1.85542757460923,1.85376033328512,1.99510963097736,1.99145711963725,1.9905801314263,2.0195400168538,1.91088985102696,1.98582897551423,2.01625372037101,1.98136693659479,1.90377757300849,2.01658138629598,2.0153478204608,1.97223083962797,1.97206700666549,2.10716174008403,1.96804828046806,1.89247309859702,1.96215993105169,1.88863747982826,1.96136967793853,2.08197001279369,1.95715820707935,2.095905451838,1.95516329983027,1.95692691348525,1.95211793417466,1.94901474512054,1.95108675023432,1.95046033008364,1.94603684009654,1.94708729850306,1.8712229996394,1.87142538153424,1.94681745597662,1.94739568996186,1.94800283564636,1.94701983787145,1.94994955673001,1.95080727047478,1.87934718713205,1.88226726875751,1.88470548872861,1.98960677088448,1.98908636029776,1.98953931025286,2.07798019829552,2.04180202528559,2.04740125770934,1.95756297086902,1.95644505183089,2.03128780398729,2.04320906131635,1.95462361477738,1.9566667081919,1.95044105561746,1.95170353315191,1.95221430650554,2.05174764983174,2.02538981733783,2.04180202528559,1.9491978525492,2.0289170446478,1.94831122710516,2.04081902751068,1.9472896803979,2.03473793343256,1.94740532719495,2.0282328010986,1.94711621020233,1.94602720286346,2.02782803730893,1.94414794241142,1.94434068707317,2.02805933090302,2.03199132200266,2.03124925505494,2.0263246289473,2.02055192632797,2.01248556223386,2.0238093111115,2.01750656067237,2.01625372037101,2.02034954443314,2.02166020813302,1.93416376893292,1.93333496688741,2.01920271369574,2.03312851550697,2.01839318611641,2.01739091387532,1.92997157253992,2.01528035982919,2.01203261227875,1.92608776760572,1.92589502294397,2.01399860782857,2.00445774707209,1.92124987659587,2.00653938941896,1.98969350598226,1.91767446312046,1.91731788549622,1.91685529830803,1.91496640062291,1.91488930275821,1.91555427184124,1.98846957738017,1.99402062363848,1.84206073231707,1.84073079415101,2.04104068387169,1.8335028693355,1.83130558019158,1.9331904083911,1.82943595697263,1.82746996142281,1.94472617639666,1.94439851047169,1.82139850457778,1.86732955747211,1.94838832496986,1.94680781874353,1.93897274824351,1.86233747073286,1.81148179173089,1.94219158409469,1.94324204250121,1.94251925001966,1.80727032087172,1.85429038110492,1.80461044453961,1.85177506326912,1.9206138192121,1.8508017027273,1.85042585063689,1.80098684489876,1.80083264916936,1.80144943208695,1.79909794721364,1.79885701638645,1.79847152706296,1.79864499725853,1.79838479196517,1.79713195166382,2.02634390341347,1.72747403090841,1.72741620750989,1.72414918549328,1.72432265568885,1.83449550434349,1.71860777646805,1.715292568286,1.71292180894651,1.83490990536625,1.7076695169139,1.70870070085425,1.75772530556962,1.75699287585498,1.70418083853628,1.70334239925768,1.83724211577339,1.70413265237084,1.70262924400921,1.70247504827982,1.83605673610365,1.7010391005498,1.83669279348741,1.83676025411902,1.69787808809715,1.69755042217218,1.70065361122631,1.70058615059469,1.69963206451905,1.7003548570006,1.69924657519555,1.70063433676013,1.70057651336161,1.82700737423462,1.70037413146677,1.69962242728596,1.83116102169527,1.70168479516665,1.70099091438436,1.70086563035423,1.82830840070141,1.70244613658055,1.70367006518265,1.83268370452307,1.70429648533333,1.82785545074631,1.82610147432441,1.87272640800103,1.70560714903321,1.70697563613161,1.70383389814513,1.81413203082991
1.90837453319116,2.00450593323753,1.88160229967449,1.88193960283254,1.97122856738689,1.88381886328458,1.88097587952381,1.87820035639465,1.87713062352195,1.92630942396673,1.9264828941623,1.97108400889058,1.9206909170768,1.87614762574704,2.06776473122293,1.87393106213695,2.06344725079979,2.06163545097937,1.99025246550133,1.87033637419537,1.91841653006818,1.91754917909032,1.86731992023903,1.93849088658914,1.86172068781527,1.8623085590336,1.98375697040045,1.85893552745303,1.85841511686631,1.85704662976791,1.85435784173653,1.85055113466703,1.9520119246107,1.9001154244353,1.90046236482644,1.85166905370516,1.85377960775129,1.85373142158586,1.96198646085612,1.96363442771405,1.8506475069979,1.85345194182632,1.85510954591735,1.85421328324022,1.85695989467012,1.99395316300687,2.02648846190978,1.91537116441258,2.09459478813812,1.9848652522055,1.98466287031066,1.98409427355851,1.98102963343673,2.01576222148356,1.98015264522578,1.97412937454618,1.89702187261425,2.01619589697249,1.97070815680017,1.96751823264826,1.96557151156461,1.89143227742359,1.96228521508182,1.9622273916833,1.88430072493895,1.9602421216673,2.081121936282,2.07808620785948,2.08524667204339,2.00629845859177,1.95135659276076,1.94731859209716,1.94599829116419,1.95059525134686,1.94821485477429,1.9474438761273,2.0836372541178,1.87528991200227,1.94551642950983,1.87660057570215,1.99478196505239,1.95035432051968,1.9500362918278,1.88074458592971,1.99017536763663,1.96011683763717,1.96174553002893,1.8908925923707,1.98807445082359,2.07240987757103,2.07485773477522,2.04725669921303,1.95738950067345,1.95737986344036,2.04100213493934,2.04033716585631,2.03000605198667,1.9546043403112,1.95152042572325,1.95046033008364,1.95314911811501,1.9516360725203,1.94864853026322,2.0223637261484,2.02198787405799,2.03176966564165,2.04505941006912,1.94882200045879,2.0305168253403,2.05501467184836,2.03032408067855,2.03469938450021,2.0347090217333,1.94740532719495,2.02370330154754,2.02906160314411,2.05077428928992,2.03019879664842,1.94151697777857,2.02344309625418,2.0193858211244,2.02774130221114,2.03415006221423,2.01901960626708,2.02018571147065,2.03066138383661,2.01263975796325,1.93513712947474,2.02788586070745,1.93467454228655,1.93417340616601,2.03282012404818,2.01821971592083,1.92871873223857,2.01671630755921,2.01143510382733,2.01013407736054,1.9250373091992,2.00905470725476,1.92342789127361,2.00308925997369,2.00497815765881,2.01749692343928,1.99433865233037,1.91868637259463,1.91884056832403,1.916190329225,1.91509168465305,1.98998262297488,1.91359791352451,1.9145905485325,1.98353531403944,1.96363442771405,1.83705900834473,1.83575798187794,1.8324331364628,1.8806000274334,1.90150318599987,1.8298407207623,1.82483899678996,2.03148054864903,1.82157197477335,1.9430203861402,1.81898919630594,2.02998677752049,1.81434404995783,1.94054361723675,1.81168417362572,1.81046024502363,1.81007475570014,1.80901466006053,2.03403441541718,1.80754980063125,1.80633550926224,1.80282755641845,1.85173651433677,1.85099444738905,1.80327086914046,1.85136066224637,1.80237460646334,1.80078446300393,2.00498779489189,1.93109912881114,1.79872209512323,1.79769091118288,1.93071363948765,1.79857753662692,1.79898230041659,1.79990747479298,1.79877028128867,1.72537311409537,1.72433229292194,1.71782716058797,1.7173452989336,1.71771151379092,1.71543712678231,1.83868770073649,1.83896718049603,1.83363779059872,1.77509159959304,1.82551360310608,1.70571315859717,1.70440249489729,1.83556523721619,1.70514456184501,1.70372788858117,1.83538212978753,1.83524720852431,1.700730709091,1.69816720508977,1.92078728940767,1.91872492152698,1.70036449423368,1.70011392617341,1.69976698578227,1.69939113369186,1.8351797478927,1.94470690193049,1.88414652920955,1.69777207853319,1.70149205050491,1.69822502848829,1.70008501447415,1.69890927203749,1.69837922421769,1.70175225579826,1.70075962079027,1.83092009086809,1.70090417928658,1.83146941315406,1.8276337943853,1.70350623222016,1.70440249489729,1.8307562579056,1.82528230951198,1.82520521164728,1.70402664280688,1.70685998933456,1.81788091450089,1.82508956485024
1.88424290154042,1.88369357925444,1.9824270322344,2.00186533137159,1.88178540710315,1.88458020469848,1.88072531146354,1.87830636595861,1.87721735861974,1.87506825564126,1.87500079500965,1.99310508649519,1.99444466189433,1.92126915106204,1.87232164421136,2.06220404773152,1.98819973485372,2.06035369897875,2.06406403371738,1.86790779145735,1.92010304585847,1.86872695626978,1.91594939839782,1.91491821445747,1.95854596864393,1.8626169504924,1.98119346639921,1.85849221473101,1.85871387109202,1.85608290645917,2.05497612291601,1.85138957394563,1.85180397496838,1.90131044133813,1.85074387932877,1.97369569905725,1.8508017027273,1.90059728608966,1.96295982139794,2.03754236826098,1.85412654814244,1.90153209769914,1.85462768426298,1.90230307634613,1.9026307422711,1.91855145133141,1.99117763987771,1.99083069948657,1.99109090477993,1.98442193948348,1.91181502540335,1.90772883857431,2.01750656067237,1.97697235830695,1.97461123620055,2.01428772482119,1.97292472041026,1.97285725977865,1.9687807101827,1.97092981316118,1.9647427095191,1.96219847998404,1.8881459809408,2.00784041588575,1.88399233348015,1.95713893261318,1.88109152632086,1.88186250496785,1.95074944707626,2.00489142256102,1.95018085032411,1.94884127492496,1.94747278782656,1.94686564214206,1.9473667782626,1.99718163609114,1.94517912635177,1.94765589525522,1.95044105561746,1.87573322472429,1.9485810696316,1.94749206229273,1.95092291727183,1.95463325201046,1.88396342178089,1.95874835053876,1.88505242911976,1.98805517635741,1.98945257515508,2.07541669429429,2.03426570901128,2.03391876862013,2.03229007622837,2.03652082155372,2.0351619716884,2.05121760201194,2.03845790540428,1.95119275979828,1.95128913212915,1.95191555227983,1.95123130873063,1.94788718884932,2.05832024279732,2.0430934145193,2.02235408891531,2.04505941006912,1.94975681206826,1.94871599089483,1.947520973992,1.94815703137576,2.02964947436244,2.03209733156662,1.94701020063837,2.03044936470869,2.03900722769026,2.0260162374885,2.02711488206046,2.03729180020071,2.0339476803194,2.02719197992516,2.02683540230093,2.03237681132616,2.01216753354197,2.02061938695958,1.93855834722076,2.04421133355743,1.93636105807684,2.01829681378553,2.01852810737963,2.02361656644975,2.01538636939315,2.0231250675623,2.02450319189379,2.0071176234042,2.01746801174002,2.01179168145157,2.01170494635378,1.92743698023795,2.01384441209917,2.02178549216315,1.9244976241463,1.92071019154297,2.00075704956655,2.01980022214716,1.91674928874407,1.9200066735276,1.91770337481972,1.91491821445747,1.91594939839782,1.99792370303886,2.00690560427628,2.01408534292636,1.96315256605969,1.83781071252554,1.92855489927608,1.83294390981643,1.88021453810991,1.90061656055584,1.82772052948308,1.82719048166328,1.8213792301116,1.82090700569032,1.82170689603657,1.81869044208023,1.8177267187715,1.92001631076068,1.86121955169473,1.86130628679252,1.90523279520468,1.81119267473827,1.81070117585081,1.80754016339816,1.80706793897688,1.80655716562325,1.80447552327638,1.85265205148007,1.80289501705006,1.80390692652423,1.8501945570428,1.93776809410759,2.01040391988699,1.80090974703406,1.79992674925915,1.89367775273294,1.79759453885201,1.79748852928805,1.79716086336308,1.79531051461031,1.79888592808572,1.87399852276856,1.88037837107239,1.72127729003325,1.72093998687519,1.7674203620555,1.82791327414483,1.71399154181921,1.71429029604491,1.71184243884072,1.71085944106581,1.71111964635917,1.77334726040423,1.8329631842826,1.80387801482497,1.80291429151623,1.70398809387453,1.70146313880564,1.83281862578629,1.83142122698863,1.80294320321549,1.83264515559072,1.83462078837363,1.69879362524045,1.69845632208239,1.79108940651805,1.70054760166234,1.83675061688594,1.69964170175213,1.94198920219985,1.69841777315004,1.79441425193318,1.70072107185792,1.6991309283985,1.69754078493909,1.6996706134514,1.83173925568051,1.70138604094094,1.80885082709804,1.79213986492457,1.70081744418879,1.82777835288161,1.8271712071971,1.8251955744142,1.70267743017465,1.83047677814607,1.92467109434188,1.70418083853628,1.70642631384563,1.70510601291266,1.70517347354428,1.82085881952489
1.95726421664331,1.99677687230147,1.88383813775075,2.00306998550751,1.8823540038553,1.93405775936896,1.93529132520414,1.87828709149244,1.8806771252981,1.8767933203639,1.87767994580793,1.87687041822859,1.87495260884421,1.87558866622798,1.87406598340017,1.8735166611142,1.92162572868627,1.8726782218356,1.86933410195428,1.86902571049549,1.91730824826314,1.91761663972193,1.86850529990877,1.8693244647212,1.86471786730544,1.86258803879313,1.86030401455143,1.86029437731834,1.85954267313753,1.85540830014306,1.8531628248337,1.9016381072631,1.85135102501328,1.90147427430061,1.85117755481771,2.1699868625805,1.97095872486044,1.90090567754846,1.90082857968376,1.85387598008217,1.85390489178143,1.90210069445129,1.90257291887257,1.90277530076741,1.85458913533063,1.99331710562311,1.99128364944168,1.99022355380207,2.02061938695958,1.98394007782911,1.91043690107185,1.90760355454417,1.90723733968685,1.9771651029687,1.9754882244115,1.97600863499822,1.90183085192484,1.89640508969666,1.97069851956708,1.96703637099389,2.01157002509056,1.96348986921774,1.88821344157241,1.8858619566991,2.08030277146958,1.88449346960069,1.95501874133396,1.88064821359884,1.9538429988973,2.00573949907271,1.95430558608549,1.9485810696316,1.94967971420356,1.94993028226383,2.00087269636359,1.99845375085867,1.87491405991186,1.9482823154059,1.94850397176691,1.99658412763972,1.9495737046396,1.9969792541963,1.87771849474028,1.95275399155843,1.9539971946267,1.99035847506529,2.07399038379736,1.98836356781621,1.98517364366429,1.98728419771042,2.03530653018471,2.03400550371792,1.95839177291453,2.03270447725113,2.03049755087412,2.03429462071054,2.03705086937352,1.9514047789262,1.95195410121218,1.95316839258119,1.94754988569126,1.94598865393111,2.04375838360232,2.04750726727331,2.03571129397438,1.95024831095572,2.02905196591102,1.95045069285055,1.94720294530011,2.04119487960109,2.02198787405799,1.94714512190159,2.03946981487845,2.03097941252849,2.04108887003713,2.0180944318907,2.01850883291345,2.01656211182981,2.02293232290055,2.02712451929355,2.01802697125909,2.02132290497496,2.02340454732183,2.02486940675111,2.01921235092883,2.02590059069146,2.02169875706537,1.93491547311374,1.93367227004547,2.01152183892512,1.93434687636158,1.93338315305285,2.01772821703338,2.02066757312502,1.9315135298339,2.02425262383352,2.00701161384024,1.92708040261372,1.92547098468813,2.01423953865576,2.01125199639868,2.00015954111513,2.0139022354977,2.01282286539191,1.92048853518196,1.9157373792699,1.98774678489862,1.91254745511798,1.91727933656388,1.91499531232217,2.00220263452965,2.01155075062438,1.92303276471703,1.83953577724818,1.83703009664547,1.93258326270659,1.88043619447092,2.03385130798852,2.03552818654572,1.87408525786635,1.87375759194138,1.87103989221075,1.82036732063743,1.86711753834419,1.9142917943068,1.81617512424443,1.86108463043151,1.86065095494258,1.80956398234651,1.85693098297086,1.81048915672289,1.80529468808881,1.80511158066015,1.94083273422937,1.80372381909557,2.00897760939006,1.80370454462939,1.80227823413247,1.80139160868843,1.80129523635756,1.79995566095841,1.93115695220967,1.79958944610109,1.80069772790614,1.80090010980097,1.79847152706296,1.79883774192028,2.01759329577016,1.84948140179433,1.84867187421499,1.77112105956105,1.81443078505562,1.71879088389671,1.83028403348432,1.82438604683486,1.82416439047385,1.83204764713931,1.71057032407319,1.7098764432909,1.80132414805682,1.94694274000675,1.70300509609962,1.70255214614451,1.83559414891545,1.83663497008889,1.83435094584718,1.69862015504487,1.69693363925459,1.83467861177215,1.69790699979641,1.8369337243146,1.69822502848829,1.74717253533897,1.81671480929732,1.69770461790157,1.69685654138989,1.6976853434354,1.83025512178506,1.69746368707439,1.83168143228199,1.69944895709039,1.69862979227796,1.69984408364697,1.82959978993512,1.69846595931548,1.70006574000798,1.69766606896923,1.82842404749846,1.70071143462483,1.82481972232379,1.82722903059563,1.82693991360301,1.70303400779888,1.70175225579826,1.70458560232595,1.82315248099968,1.70717801802644,1.703708614115,1.82071426102858,1.70543367883763
1.99775987007638,1.93328678072197,1.88092769335837,1.88073494869662,1.8831924431339,1.88142882947891,1.88080240932824,1.96698818482845,1.87931827543278,1.88001215621507,1.87826781702626,1.87642710550658,1.87697642779256,1.87701497672491,1.98710109028176,1.9212980627613,1.9225990892281,1.9891345464632,2.06568308887606,1.98553985852161,1.87192651765478,1.87103025497766,1.98431592991952,1.86612490333619,1.98015264522578,1.86444802477899,1.86208690267259,1.91141989884676,1.85698880636938,1.97620137965996,1.85440602790197,1.85132211331402,1.8525556791492,1.85244003235215,1.96394281917285,1.85165941647207,1.90153209769914,1.85207381749483,1.85337484396162,1.90074184458597,1.85417473430787,2.03390913138705,1.85352903969102,1.90416306233198,2.01366130467051,1.92110531809956,1.99060904312556,1.9911872771108,1.91425324537445,1.98808408805667,1.98659995416122,1.98670596372518,1.98180061208372,1.98168496528667,1.97430284474176,1.97723256360031,1.90128152963887,2.01404679399401,1.97391735541826,1.96747004648282,1.96824102512981,2.01084723260901,2.01142546659425,1.96081071841946,2.09474898386752,1.95775571553077,1.88408870581102,1.95421885098771,1.95372735210025,1.95485490837147,1.95105783853506,1.95016157585793,1.95000738012853,1.87470204078394,1.87382505257299,1.87397924830239,1.94409975624598,1.94646087835239,1.99669977443677,1.94830158987207,1.94982427269987,1.95078799600861,1.87758357347706,2.08741504948804,1.95687872731982,1.95808338145574,1.99039702399764,1.96375971174419,1.98965495704991,2.08300119673403,1.95980844617837,2.03300323147684,2.03289722191288,2.03091195189688,2.02875321168531,1.95513438813101,1.95436340948402,1.95306238301723,1.95641614013162,1.95345750957381,1.95094219173801,1.94749206229273,1.94360825735853,2.02724980332369,2.02167948259919,2.02035918166623,2.02163129643376,1.94954479294034,2.04076120411216,1.94756916015743,2.03952763827698,2.0209856018169,2.03794713205065,2.01849919568037,2.01737163940915,2.03517160892149,2.0168705032886,2.01731381601062,2.01195551441405,2.03178894010783,2.02511033757829,2.01869194034211,2.04344999214353,2.0245706525254,2.02111088584704,1.93778736857377,2.02215170702047,2.02502360248051,2.02820388939933,2.02553437583414,2.02430080999895,2.02424298660043,2.02007970190669,2.0222866282837,2.02080249438824,1.92781283232835,2.01082795814283,1.92616486547042,2.02363584091593,1.92427596778529,2.01834499995097,1.99095598351671,1.91846471623362,2.01038464542081,1.91750099292488,1.91722151316535,1.91473510702881,1.91289439550913,1.9158144771346,1.91469655809646,1.91366537415612,1.99650702977502,1.9219823063105,1.83961287511288,1.93333496688741,1.83191272587608,1.83256805772602,1.94715475913468,1.8277879901147,1.91643126005219,1.87285169203117,1.89082513173908,1.86837037864555,1.86746447873534,1.91420505920901,1.86301207704898,1.93075218842,1.81286955329547,1.92088366173855,1.80913030685758,1.94092910656024,1.80527541362263,1.80518867852485,1.80404184778745,1.80451407220873,1.80139160868843,1.80119886402668,2.00372531735745,1.8013337852899,1.80000384712385,2.02165057089993,1.79875100682249,1.93397102427117,1.80065917897379,1.79756562715275,1.88752919802321,1.79756562715275,1.79812458667182,1.80020622901868,1.85797180414429,1.83703973387856,1.83446659264423,1.83541104148679,1.82973471119834,1.71503236299264,1.82575453393326,1.71051250067467,1.70817065303444,1.81128904706914,1.81080718541478,1.80848461224072,1.70225339191881,1.69974771131609,1.80418640628376,1.70041268039912,1.69823466572138,1.69891890927058,1.70054760166234,1.69638431696861,1.69718420731486,1.94216267239543,1.69794554872876,1.83064061110855,1.69624939570538,1.69543023089296,1.69724203071338,1.83305955661348,1.83217293116944,1.83226930350032,1.83146941315406,1.69814793062359,1.69436049802026,1.69756005940526,1.69586390638189,1.93057871822443,1.69777207853319,1.8290022814837,1.79303612760169,1.70112583564759,1.69810938169124,1.70105837501597,1.70403628003997,1.70331348755842,1.70219556852028,1.70374716304735,1.82062752593079,1.70447959276199,1.70200282385854,1.70589626602583,1.70541440437146
1.93253507654116,1.93390356363956,1.88477294936023,1.88357793245739,1.88217089642664,1.93201466595444,1.88399233348015,2.07747906217498,2.07654425056551,1.87959775519232,2.0684682492383,1.8781618074623,1.87776668090572,1.92593357187632,1.87364194514433,1.98698544348472,2.05859008532376,1.87379614087373,2.06685883131271,1.87224454634666,1.87187833148934,1.87333355368554,1.98347749064092,1.86842820204407,1.86644293202808,1.86829328078085,1.97505454892257,1.91029234257554,1.85860786152806,1.97470760853142,1.85432893003727,1.85528301611292,1.85102335908831,1.90088640308228,1.90021179676617,1.90066474672127,1.90073220735289,1.85272914934477,1.96372116281184,1.85450240023284,2.03717615340366,1.85473369382694,1.85581306393272,1.85474333106003,1.90494367821206,2.02164093366684,2.02082176885442,1.99108126754684,1.99383751620982,1.98726492324425,1.98484597773932,1.98191625888077,1.98370878423501,2.01714998304814,2.09416111264919,1.97712655403635,1.97329093526758,1.9722886630265,2.01366130467051,1.96728693905416,1.89436199628214,1.96506073821098,1.89015052542297,2.0111556240678,2.09653187198868,1.88592941733071,1.88365503032209,1.95372735210025,1.95578008274786,1.95403574355905,1.95234922776876,1.9500362918278,2.07990764491299,1.94824376647355,1.87439364932514,1.87500079500965,1.94987245886531,1.95039286945203,1.99335565455546,1.99487833738326,1.94852324623308,1.87783414153733,1.95397792016052,1.9568883645529,1.95763043150063,2.07476136244435,1.96158169706645,1.98758295193613,1.96853014212243,2.07461680394804,2.04564728128745,1.96103237478047,2.04361382510601,2.03789894588521,1.95686909008673,2.04675556309249,1.95478744773986,1.95176135655043,1.95198301291144,1.95236850223494,1.9510963874674,1.944543068968,2.04152254552606,2.03390913138705,2.0422549752407,1.95029649712115,2.0435463644744,2.02707633312811,1.94735714102951,2.04419205909126,1.94757879739052,1.94669217194648,2.01711143411579,2.03878557132925,2.01607061294235,2.01528035982919,2.01689941498787,2.03671356621547,1.94196992773368,1.94135314481609,2.03832298414106,2.02140000283966,2.01220608247432,2.02442609402909,2.03217442943132,1.93675618463342,2.01490450773878,1.93519495287327,2.01256266009856,2.01980985938025,1.93453962102333,1.93178337236034,1.93058835545751,2.01120381023324,2.01180131868465,2.01184950485009,2.0130637962191,2.01074122304505,2.01911597859796,1.92413140928898,2.00705016277259,1.99806826153517,2.03092158912997,2.0029254270112,1.91788648224838,1.91662400471394,1.91335698269732,1.91349190396054,1.91543862504419,1.91353045289289,1.98758295193613,1.99395316300687,1.84216674188103,1.8402103835643,1.88431036217203,1.83386908419282,1.83090081640191,1.82925284954397,1.87493333437804,1.82653514981334,1.82445350746647,1.82372107775183,1.8200878408779,1.86619236396781,1.86463113220765,1.86338792913938,1.93020286613402,1.81206966294922,1.9405821661691,1.80982418763987,1.94096765549259,1.80497665939693,1.85403981304465,1.80367563293013,1.9385968961531,1.80235533199716,1.80172891184649,1.79903048658203,1.79970509289814,1.93438542529393,1.80065917897379,1.79819204730343,1.79806676327329,1.79835588026591,1.79949307377022,1.80122777572594,1.79799930264168,1.84712991692102,1.79831733133356,1.77243172326093,1.7242841067565,1.76892377041713,1.8352568457574,1.71604427246681,1.71357714079645,1.71177497820911,1.70807428070357,1.70826702536532,1.81860370698245,1.81037350992584,1.70472052358917,1.70090417928658,1.70227266638498,1.70049941549691,1.83540140425371,1.69792627426258,1.6976082455707,1.69602773934438,1.69723239348029,1.69676016905901,1.94057252893601,1.69641322866787,1.69543023089296,1.69890927203749,1.69736731474352,1.69522784899812,1.83099718873278,1.69769498066849,1.69615302337451,1.83154651101876,1.69508329050181,1.80245170432804,1.69685654138989,1.69743477537513,1.69782990193171,1.69476526180993,1.69629758187082,1.69601810211129,1.69922730072938,1.75388968680086,1.69873580184192,1.82384636178197,1.70191608876075,1.70033558253442,1.70407482897232,1.7021088334225,1.70389172154366,1.70709128292866,1.81187691828747,1.70490363101783
1.88470548872861,1.8851006152852,1.88679676830857,1.9998029634909,1.87878822761298,1.93176409789417,1.87787269046968,1.87828709149244,1.88002179344816,1.87894242334238,1.87905807013942,1.87612835128087,2.05909122144431,1.92492166240215,2.05379074324626,1.92441088904852,1.87464421738542,1.87360339621198,2.07026077459255,1.92235815840091,1.92202085524285,2.15351683123421,1.86959430724764,1.86725245960741,1.86701152878023,1.86545993425317,1.86105571873225,1.8610171697999,1.85950412420518,1.9752569308174,1.90295840819607,1.90387394533936,1.90009614996912,1.94145915438005,1.90089604031537,1.92499876026685,1.9006454722551,1.85403981304465,1.8533170205631,1.96202500978847,1.85333629502927,1.95842068461379,1.95734131450801,1.85749957972301,1.8548397033909,2.02166020813302,1.92034397668565,1.99101380691523,1.91452308790089,2.01886541053769,2.01837391165023,1.98185843548224,2.01713070858196,1.97754095505911,2.01430699928737,1.97499672552405,1.97376315968886,1.97064069616856,1.97080452913105,1.96609192215133,2.10420310952622,1.96375971174419,1.96261288100679,1.88731717889529,1.9608589045849,1.95787136232782,1.95683054115438,1.95398755739361,1.95616557207135,1.95251306073125,1.8787689531468,1.87707280012343,1.8749622460773,1.94818594307502,1.94689455384132,1.99977405179164,1.94688491660823,1.94787755161623,1.94817630584194,1.94890873555657,1.94984354716605,1.99622755001549,1.9513276810615,1.95078799600861,1.88484040999184,1.88512952698446,1.88776049161731,2.05938997567001,2.06822731841112,2.07668880906182,1.96057942482536,1.96007828870482,2.03388985692087,2.0354703631472,2.04329579641413,1.95482599667221,1.95552951468759,1.95400683185979,1.95146260232472,1.95135659276076,1.95212757140775,1.95031577158733,1.94860034409778,2.02662338317301,2.0484999022813,2.0342464345451,2.0151165268667,1.9472125825332,2.03476684513182,2.04337289427883,2.03506559935753,2.03297431977757,1.94582482096862,2.0315094603483,2.02485976951802,2.02233481444913,2.03494031532739,1.9415748011771,2.02470557378862,2.03021807111459,2.03721470233601,2.02678721613549,2.01780531489808,1.93757534944585,2.02471521102171,2.01887504777077,2.02239263784766,1.93496365927917,2.01302524728675,1.93373973067708,2.01803660849217,1.93176409789417,2.01904851796635,2.01045210605242,2.0147406747763,2.01152183892512,2.00841864987099,2.01336255044481,2.01148328999277,2.00188460583777,2.02100487628308,1.99203535362249,2.00786932758501,2.0046794034331,1.91677820044333,1.91463873469794,1.9136750113892,1.9137521092539,1.91416651027666,1.91418578474283,1.98742875620673,2.00583587140358,1.8438628949044,2.01835463718406,2.01719816921357,1.93122441284128,1.83187417694373,1.83017802392036,1.82692063913683,1.94420576580995,2.01453829288146,1.82162016093879,1.94125677248521,1.81617512424443,1.86586469804284,1.81285991606238,1.81445969675488,1.81116376303901,1.81049879395598,1.80806057398488,1.80409003395289,1.805757275277,1.80532359978807,1.85245930681832,1.89697368644882,2.02467666208936,1.8001965917856,2.02752928308322,1.93625504851288,1.79953162270257,1.80238424369643,1.79978219076284,1.7977583718145,1.80090974703406,2.02843518299343,1.80083264916936,1.93171591172873,1.80015804285325,1.92618413993659,1.92398685079267,1.77078375640299,1.76846118322894,1.71626592882782,1.83180671631212,1.71438666837579,1.71270978981859,1.71024265814822,1.70479762145387,1.70717801802644,1.7045470533936,1.7043928576642,1.70154023667034,1.70129930584316,1.69987299534623,1.69848523378165,1.83244277369589,1.69611447444216,1.69381117573428,1.69729021687882,1.69592172978041,1.83356069273402,1.83328121297449,1.69726130517956,1.69747332430748,1.69578680851719,1.83050568984533,1.82743141249046,1.82770125501691,1.6954784170584,1.83089117916882,1.69572898511867,1.69605665104364,1.6974540498413,1.69494836923859,1.82449205639882,1.6979937348942,1.69983444641388,1.6976853434354,1.74764475976025,1.74773149485804,1.69788772533023,1.82567743606856,1.70360260455104,1.70081744418879,1.70132821754242,1.69977662301536,1.70044159209838,1.70369897688191,1.70372788858117,1.70427721086715
1.83829257417991,1.88533190887929,1.88512952698446,2.0020098898679,1.93336387858667,1.99004044637341,1.93071363948765,1.87917371693647,1.99769240944477,1.8803687338393,1.88049401786944,1.92601066974102,2.05736615672167,1.92451689861248,1.9240446741912,1.97730966146501,1.87561757792724,1.87618617467939,1.87468276631777,1.8747309524832,1.92164500315245,1.8690931711271,1.86983523807483,1.98270651199393,1.86618272673472,1.86420709395181,1.86026546561908,1.90812396513089,1.85929210507726,1.90698677162658,1.85731647229435,1.96995645261936,1.85283515890873,1.8541554598417,1.89908424049495,1.90016361060073,1.85067641869716,1.90035635526248,1.96356696708244,1.97087198976266,1.85706590423408,1.85538902567688,1.95676308052277,1.85641057238414,2.05699030463126,2.0239635068409,2.02181440386242,1.99007899530576,1.91409904964505,1.91493748892365,1.98384370549824,1.983265471513,1.98357386297179,1.97916964745087,1.98008518459417,1.97776261142012,2.01533818322771,1.97271270128234,1.96994681538627,1.96834703469377,1.96860723998713,1.89051674028029,2.01041355712008,1.88777012885039,1.96086854181798,1.96013611210334,1.95552951468759,1.95474889880751,1.95594391571034,1.9571967560117,1.94985318439914,1.95093255450492,1.9516360725203,1.87513571627287,1.94724149423246,1.94711621020233,2.08446605616331,1.9482052175412,1.95138550446003,1.99663231380516,1.94839796220294,1.877246270319,1.9514047789262,1.95141441615929,1.95843995907997,1.95844959631306,1.9882190093199,1.96574498176018,1.98889361563601,2.08679826657045,1.96065652269006,2.04315123791782,2.03137453908507,2.04409568676038,2.03930598191597,2.0404239009541,1.95364061700247,2.02776057667731,1.95218539480628,1.95207938524231,1.95057597688069,1.95055670241451,2.03161546991226,2.0348632174627,2.02093741565147,1.95037359498585,2.04464500904636,1.94844614836838,2.04415351015891,1.94665362301413,2.04358491340675,2.03314778997315,2.03617388116258,2.03618351839566,2.02597768855615,2.03015061048298,2.02924471057277,1.94342514992987,2.03241536025851,2.02146746347127,2.03052646257339,2.03043009024251,1.94013885344708,2.02785694900819,2.01449974394911,2.02864720212135,2.02056156356106,1.93537806030193,2.0203784561324,1.9338746519403,2.01076049751122,2.01712107134887,2.01492378220496,2.00880413919449,1.92908494709589,2.01789204999586,1.92543243575578,2.01058702731565,1.92450726137939,1.92177028718258,1.92113422979882,2.00700197660715,2.00959439230765,1.99074396438878,1.91675892597716,1.91766482588737,1.91612286859339,1.91434961770532,1.91282693487752,1.9142146964421,1.99453139699211,1.9978176934749,1.91496640062291,1.88771230545187,1.83608564780291,1.83431239691483,1.83211510777092,1.9449285582915,1.94472617639666,1.82422221387237,1.82335486289451,1.82226585555564,1.89802414485534,1.94844614836838,1.81635823167309,1.81535595943201,1.81368871810789,1.81140469386619,1.81033496099349,1.9272442355762,1.80668244965339,1.85370250988659,1.80688483154822,1.85297008017195,1.85197744516396,1.80184455864353,1.80238424369643,1.80138197145534,1.80174818631266,1.84845985508707,1.79746925482188,1.89749409703553,1.89606778653861,1.79894375148424,1.79930996634156,1.79884737915337,1.84775633707169,1.79914613337908,1.7991268589129,1.82490645742158,1.82587018073031,1.71724892660273,1.81531741049966,1.7137698854582,1.83094900256735,1.71181352714146,1.70845977002706,1.70686962656765,1.70760205628229,1.70235940148277,1.83153687378568,1.74909034472335,1.7492059915204,1.69772389236775,1.69805155829272,1.69468816394523,1.69686617862297,1.69426412568939,1.69500619263712,1.83068879727399,1.69277999179394,1.83469788623833,1.69505437880255,1.69361843107254,1.69526639793047,1.69468816394523,1.69434122355409,1.82706519763314,1.69374371510267,1.83310774277892,1.69525676069739,1.69602773934438,1.83124775679306,1.78481556777818,1.69569043618632,1.69404246932838,1.82702664870079,1.8258027200987,1.74790496505361,1.74459939410465,1.69971879961683,1.70071143462483,1.70069216015865,1.80128559912447,1.81499938180777,1.75104670304009,1.69954532942126,1.82005892917864,1.82134068117925,1.81895064737359
2.00112326442387,1.88521626208224,2.00414935561329,1.99778878177564,1.88030127320769,1.88190105390019,1.9305208948259,1.93086783521705,1.92990411190831,2.07068481284839,2.07007766716389,1.99138002177255,1.8756464896265,1.87574286195737,1.97896726555604,1.92439161458234,1.87429727699427,1.92322550937877,1.92157754252084,1.87433582592662,1.87685114376242,1.91899476405342,1.87091460818061,1.87117481347397,2.06071027660298,2.06071991383607,1.86492988643336,1.85809708817443,1.85726828612891,1.85807781370825,1.93148461813464,1.90388358257245,1.85419400877405,1.97024556961198,1.97822519860831,1.85201599409631,1.9568883645529,1.96415483830077,1.96385608407506,1.85461804702989,1.85364468648807,1.85592871072977,1.85602508306065,1.85742248185831,1.85678642447455,1.92250271689722,2.02070612205737,2.02059047526032,1.99322073329223,1.91439780387076,1.98442193948348,1.98320764811447,1.98481706604006,1.98035502712061,1.98018155692504,1.97753131782602,1.97278016191395,2.1058896253165,1.97338730759846,2.01380586316682,2.10380798296963,1.89139372849124,1.96346095751848,1.96310437989425,1.96144677580322,1.88652692578212,1.88291296337437,1.95600173910887,1.95546205405598,1.95650287522941,1.95235886500185,1.95100001513653,1.94966043973739,1.94773299311992,1.94709693573615,1.87414308126487,1.94845578560147,1.87513571627287,1.87434546315971,1.94922676424846,1.94987245886531,1.87762212240941,1.99143784517107,2.0776910813029,1.99204499085558,1.95739913790653,1.96054087589301,1.96368261387949,1.98900926243306,1.98752512853761,1.96094563968268,1.95992409297542,2.0311239710248,2.0315094603483,2.05098630841784,2.05155490516999,1.9539971946267,2.02751964585013,1.95232995330259,1.95175171931734,1.95044105561746,1.94933277381242,2.04986838937971,2.04456791118166,2.04559909512201,2.0321166060328,2.03702195767426,2.04013478396148,2.05498576014909,2.03154800928065,2.03153837204756,2.0445389994824,2.02475375995406,2.03396695478557,2.01582968211517,2.02515852374373,2.01301561005366,1.94296256274168,1.94088092039481,2.02081213162133,2.01552129065637,2.03076739340057,2.02103378798234,2.01006661672893,2.00928600084886,2.01791132446204,1.93718022288926,2.02471521102171,2.01852810737963,2.02057120079415,2.00707907447185,2.00439028644048,2.00103652932608,2.00020772728057,1.92903676093045,2.01386368656535,2.01075086027813,1.99453139699211,2.01221571970741,2.01132909426337,2.00919926575107,2.0174101883415,2.00372531735745,2.0065104777197,1.91653726961615,1.91592048669856,1.91595903563091,1.91379065818625,1.91160300627542,1.91251854341872,1.98826719548533,1.9898187900124,1.84254259397144,1.88712443423354,1.88596796626306,1.94777154205227,1.94166153627488,1.82911792828075,1.82608219985823,1.82522448611346,1.87187833148934,1.87081823584974,1.82131176947999,1.86683805858466,1.81715812201934,1.90802759280001,1.90658200783691,2.02153492410288,1.81404529573213,1.8083496909775,1.8088797387973,1.85433856727036,1.8069812038791,1.8024035181626,1.80426350414846,1.80225895966629,1.8024035181626,1.9366212633702,1.93478055185051,1.80243242986186,1.89445836861302,1.8971375194113,1.89594250250847,1.79838479196517,1.79884737915337,1.84727447541733,1.79804748880712,1.79927141740921,1.85024274320823,1.83401364268913,1.72026538055907,1.81765925813988,1.82123467161529,1.71185207607381,1.71040649111071,1.83236567583119,1.7088163476513,1.70674434253751,1.92718641217768,1.70130894307625,1.83622056906613,1.69942968262421,1.69863942951105,1.69561333832162,1.69575789681793,1.6958542691488,1.69510256496799,1.6958542691488,1.83506410109565,1.69439904695261,1.83451477880967,1.69032249735666,1.69283781519246,1.74276831981805,1.74298033894597,1.74395369948779,1.69362806830562,1.69198973868077,1.82805783264114,1.82899264425061,1.82530158397816,1.69670234566049,1.69674089459284,1.69489054584007,1.69541095642678,1.82064680039696,1.82544614247447,1.69516038836651,1.69402319486221,1.69849487101474,1.69843704761621,1.70107764948215,1.69785881363097,1.74871449263295,1.74797242568522,1.70280271420479,1.70097163991819,1.70226302915189,1.70261960677613,1.70426757363406
1.88679676830857,1.88743282569234,1.98769859873318,1.99031992613294,1.88209379856194,2.00436137474122,1.97728074976575,1.93069436502147,1.92719604941076,1.88051329233562,2.06730214403473,2.07168708508948,1.99548548306776,1.87506825564126,1.87398888553548,1.92382301783019,1.97886125599207,1.87495260884421,1.99028137720059,1.87409489509944,2.0472856109123,1.91781902161677,1.9184068928351,1.86882332860065,1.8658165118774,1.86547920871934,2.06471936556732,2.05313541139632,1.86050639644627,1.86140265912339,1.85561068203789,1.85729719782818,1.85318209929988,1.97711691680326,1.97720365190105,1.96537876690286,1.85335556949545,1.85348085352558,1.90029853186396,1.85550467247393,1.8549168012556,1.85745139355757,1.85542757460923,1.85654549364736,1.85912827211477,2.09478753279987,2.10296954369103,1.99005008360649,1.91495676338982,1.98747694237217,2.01666812139377,1.98447012564892,1.98062486964706,1.98073087921102,1.97885161875899,1.97435103090719,1.97444740323807,1.89950827875079,1.97087198976266,1.96944567926573,2.01094360493988,1.96568715836166,1.96457887655661,1.96310437989425,1.96129258007383,1.95784245062855,1.95874835053876,1.9546814381759,1.88099515398998,1.95260943306212,1.88054220403488,1.87958811795923,2.00016917834822,1.87550193113019,2.08748251011966,1.950720535377,1.94816666860885,1.94832086433825,1.9480510218118,1.94678854427736,1.87592596938603,1.94801247287945,1.9505663396476,1.88042655723783,1.95728349110949,1.95838213568144,1.96182262789363,1.96219847998404,1.97029375577742,1.98883579223749,2.04815296189016,2.05504358354762,2.04038535202175,2.04101177217243,2.02906160314411,1.95674380605659,2.03139381355125,1.95402610632596,1.95165534698647,1.95084581940713,2.0254861896687,1.95034468328659,2.02616079598481,2.02644027574435,2.04063592008202,2.03429462071054,2.03743635869702,2.02138072837349,2.02138072837349,2.03017952218224,2.04099249770625,2.04124306576652,2.04009623502913,2.03645336092211,2.02485976951802,2.03947945211154,2.01210971014345,2.02495614184889,2.02214206978739,1.94063998956762,1.94078454806393,1.94057252893601,2.02890740741471,2.01066412518035,2.00931491254812,2.01426845035502,2.020224260403,2.01412389185871,1.93519495287327,2.02672939273697,2.00532509804995,2.00497815765881,2.00397588541772,2.00331091633469,2.01253374839929,1.92836215461433,2.00169186117602,1.99839592746014,2.01756438407089,1.99625646171475,2.00298325040972,1.91928388104605,2.00438064920739,1.9169516706389,1.91703840573669,1.91501458678835,1.91468692086338,1.91227761259154,1.91439780387076,1.91409904964505,1.99487833738326,1.98381479379898,1.89151901252137,1.83993090380476,1.88498496848815,1.93101239371336,2.03372602395839,1.83004310265714,1.82754705928751,1.87544410773167,1.82538831907594,1.87051948162403,1.82167798433731,1.81844951125305,1.86439983861356,1.90757464284491,1.81430550102549,1.93118586390893,1.81051806842215,1.80863880797012,1.80671136135265,1.80453334667491,1.85402053857848,1.80426350414846,1.80410930841906,1.80241315539569,1.80214331286924,2.02788586070745,1.93401921043661,1.85436747896962,1.89442945691376,1.80143979485387,2.01334327597863,1.79866427172471,1.85833801900161,1.84716846585337,1.80016768008634,1.79771018564906,1.79902084934894,1.82157197477335,1.71987025400249,1.71807772864824,1.82941668250646,1.71224720263039,1.83121884509379,1.83410037778691,1.83716501790869,1.7041615640701,1.70343877158855,1.70057651336161,1.6982153912552,1.69763715726996,1.83516047342652,1.69550732875766,1.93010649380314,1.6957771712841,1.69520857453195,1.6946399777798,1.69418702782469,1.9498049982337,1.69104528983821,1.83129594295849,1.83141158975554,1.7425755751563,1.69416775335852,1.69403283209529,1.8638312418614,1.69252942373366,1.69164279828963,1.69406174379455,1.82568707330165,1.82577380839944,1.82462697766204,1.69443759588496,1.69342568641079,1.69383045020046,1.69581572021645,1.82169725880349,1.81994328238159,1.69822502848829,1.69746368707439,1.82341268629304,1.69887072310514,1.69581572021645,1.90874074804848,1.70123184521155,1.70131858030933,1.69782026469862,1.81459461801811,1.70205101002397
1.99016573040354,1.99137038453946,1.93404812213587,1.93355662324842,1.88449346960069,1.88263348361483,1.97600863499822,1.93076182565308,1.9953023756391,1.98723601154499,1.8787689531468,1.87986759771876,1.87713062352195,1.92567336658296,1.99525418947367,1.99147639410342,1.87399852276856,1.87614762574704,2.06357253482993,2.06499884532685,1.87337210261788,1.87215781124888,1.86763794893091,2.06136560845292,1.86758976276547,1.86467931837309,1.86197125587554,1.98333293214461,1.86020764222056,1.96669906783583,1.96720984118946,1.97635557538936,1.97715546573561,1.93056908099134,1.85256531638229,1.85353867692411,1.85245930681832,1.85249785575067,1.85374105881894,1.95753405916976,1.85700808083556,1.85566850543641,1.85728756059509,1.85809708817443,1.85780797118181,1.99699852866248,1.99306653756284,2.09351541803234,2.09403582861906,2.01779567766499,2.01903888073326,1.98203190567781,2.01495269390422,2.01712107134887,1.97909254958617,1.9009538637139,1.97710727957018,1.9728187108463,2.09148196185091,2.08809929303725,1.97003355048406,1.96774952624235,2.08535268160735,1.96100346308121,1.96124439390839,1.95874835053876,1.96056015035919,1.95578971998095,1.95382372443113,1.95270580539299,1.8788460510115,1.94966043973739,2.00072813786728,1.94784863991697,1.94861961856395,1.94790646331549,1.87546338219784,1.94773299311992,1.94874490259409,1.9494966067749,1.9503350460535,1.99169805046443,2.07358562000769,1.87982904878641,1.88100479122307,1.958112293155,1.96041559186288,1.9671038316255,1.967489320949,1.98501944793489,2.05141998390677,1.96032885676509,2.03123961782185,2.03375493565765,2.0312781667542,2.03044936470869,2.03062283490426,2.0312781667542,2.02707633312811,2.02756783201557,1.95074944707626,1.95123130873063,2.03536435358324,2.0248790439842,2.0401155094953,2.047584365138,2.02075430822281,1.9488894610904,2.0204555539971,2.02119762094483,2.01970384981629,2.01829681378553,2.03810132778005,2.04329579641413,2.01793059892821,2.01654283736363,2.03084449126527,2.03294540807831,2.02435863339748,2.01874976374064,1.9411893118536,2.03144199971668,2.02116870924556,2.02704742142885,2.01044246881934,2.00820663074307,2.02066757312502,2.01656211182981,2.00769585738944,2.02549582690179,2.01167603465452,2.02881103508384,2.00439028644048,2.00324345570308,2.02502360248051,2.00115217612313,2.00043902087466,1.99709490099335,2.02075430822281,1.99432901509728,1.92097039683633,2.00806207224676,1.99780805624182,1.98803590189124,1.91583375160077,1.91403158901344,1.91309677740396,1.91192103496731,1.91203668176435,1.91277874871208,1.98616627867229,1.98369914700193,1.83849495607475,1.92946079918629,1.92735024514016,1.88377067711914,1.83141158975554,1.8250413786848,1.92254126582957,1.87449002165602,1.87155066556437,1.82261279594679,1.93749825158115,1.94100620442494,1.86502625876424,1.81419949146152,2.01545383002476,1.85809708817443,1.81152997789633,2.02820388939933,1.94053398000366,1.941343507583,1.94064962680071,1.94373354138867,1.93499257097843,2.03779293632125,1.80159399058326,1.93385537747413,1.80085192363554,1.85458913533063,1.8009579331995,1.80054353217674,1.92934515238924,1.84761177857538,1.80070736513923,1.79753671545349,2.00904507002167,2.00126782292018,1.80104466829728,1.71825119884382,1.71706581917407,1.71439630560887,1.8158185466202,1.83156578548494,1.8301491122211,1.70764060521464,1.70658050957503,1.7030243705658,1.82712302103167,1.80110249169581,1.69786845086406,1.8106337152192,1.83581580527646,1.83739631150279,1.83645186266023,1.84085607818115,1.69428340015556,1.69423521399013,1.69155606319184,1.94795464948093,1.69453396821583,1.69379190126811,1.69192227804916,1.69157533765802,1.81468135311589,1.81461389248428,1.74152511674978,1.75391859850012,1.69077544731177,1.74063849130574,1.69060197711619,1.82759524545295,1.69471707564449,1.69285708965864,1.69266434499689,1.69337750024535,1.69422557675704,1.69516038836651,1.82062752593079,1.69511220220108,1.69521821176504,1.69657706163035,1.69756969663835,1.69751187323983,1.70205101002397,1.69926584966173,1.79079065229234,1.70220520575337,1.81870007931332,1.70335203649077
1.98929837942568,1.99105235584758,2.00007280601734,1.99433865233037,1.93104130541262,1.9313593341045,1.88251783681778,1.95143369062546,1.98628192546934,1.98743839343982,1.92670455052331,1.87711134905578,2.05494721121674,1.92483492730436,1.87466349185159,1.87423945359575,2.06682991961345,2.07104139047263,2.06141379461836,1.98862377310957,1.87136755813571,1.98695653178545,1.98770823596627,1.87105916667692,1.86347466423717,1.91110187015488,1.91727933656388,2.05527487714171,2.06457480707101,1.90753609391256,1.90635071424281,1.85501317358647,1.90139717643591,1.97138276311629,1.85253640468302,1.85081133996039,1.85203526856248,1.8540012641123,1.85277733551021,1.95670525712425,1.94765589525522,1.91410868687814,1.8549938991203,1.95161679805412,1.95353460743851,1.99277742057022,1.92050780964814,1.99039702399764,1.99066686652408,1.98671560095827,1.98773714766553,1.98612772973994,1.907584280078,1.98061523241397,1.98125128979774,1.90387394533936,1.97531475421593,1.89854455544206,1.89776393956198,1.96776880070853,1.96753750711443,2.08762706861597,1.96327785008982,2.08463952635889,2.00839937540482,2.00798497438206,2.00706943723876,1.88198778899798,2.08026422253723,1.95096146620418,1.87803652343216,2.00128709738635,1.94877381429335,1.94806065904489,1.94894728448892,1.94977608653444,1.9491207546845,1.94611393796124,1.9483594132706,1.94823412924046,1.87643674273966,1.87680295759698,1.88169867200536,1.95529822109349,1.95480672220604,1.95802555805721,1.96392354470667,1.96467524888749,1.97078525466487,2.07190874145049,2.04733379707773,2.04847099058204,2.04328615918104,2.05443643786311,2.05047553506421,2.02963019989626,2.03092158912997,2.03015061048298,2.02184331556168,2.02257574527632,2.026401726812,2.02447428019453,2.03129744122037,1.95092291727183,2.03802422991535,2.03758091719333,1.94893764725584,2.04410532399347,2.02295159736672,2.02194932512564,2.03278157511583,2.03869883623146,1.94724149423246,2.01965566365085,2.02840627129417,1.94391664881732,2.03418861114658,1.94179645753811,1.94224940749321,2.03832298414106,2.03102759869393,2.03469938450021,2.03089267743071,2.01722708091284,2.01089541877444,2.010625576248,2.03416933668041,2.02468629932245,2.00908361895402,2.02147710070436,2.01414316632488,2.00319526953765,2.02081213162133,2.00309889720677,2.02466702485627,2.02360692921666,2.02227699105061,2.02179512939624,1.99669013720368,1.9963721085118,2.00096906869447,1.91772264928589,2.01069303687961,1.99428082893184,1.9170287685036,1.9141375985774,1.91247035725328,1.91220051472684,1.91217160302758,1.91117896801958,1.98436411608495,1.91024415641011,1.89069984770895,1.83742522320205,1.88496569402197,1.88405015687867,1.83271261622233,1.94298183720785,1.92400612525885,1.82675680617435,1.87228309527901,1.94493819552458,1.81897955907285,1.91907186191812,1.91757809078958,1.86369632059818,1.80996874613618,1.81200220231761,1.94400338391511,1.80870626860173,1.80906284622596,1.90721806522068,1.9417289969065,1.94413830517833,1.80421531798302,1.80358889783235,1.93399029873735,2.01415280355797,1.85642984685031,1.85748030525684,1.85608290645917,1.7995123482364,1.79824987070195,1.8001965917856,1.80058208110909,2.01759329577016,1.80002312159002,1.79917504507834,1.79810531220564,1.7711596084934,1.71564914591023,1.71389516948833,1.71229538879583,1.83529539468974,1.83244277369589,1.83407146608765,1.83196091204152,1.70157878560269,1.75178876998781,1.70038376869986,1.74758693636173,1.69880326247353,1.80385874035879,1.69444723311805,1.83728066470574,1.6925776098991,1.83674097965285,1.83560378614854,1.83419675011779,1.69142114192862,1.69224994397413,1.83546886488532,1.6916620727558,1.69087181964264,1.81418021699535,1.6908236334772,1.69086218240955,1.69251978650058,1.74034937431312,1.82649660088099,1.82434749790251,1.74344292613416,1.69126694619922,1.69233667907192,1.82230440448799,1.69267398222998,1.69491945753933,1.69127658343231,1.69403283209529,1.69411956719308,1.69744441260822,1.69741550090895,1.69758897110453,1.69637467973552,1.81035423545967,1.81450788292032,1.78908486203588,1.78496976350758,1.77486994323203,1.70155951113652
1.932959114797,1.88736536506072,1.93399029873735,1.88489823339036,1.93195684255592,1.88354902075813,1.96119620774295,1.88139991777965,1.88192996559946,1.88030127320769,1.99559149263172,1.87599343001765,1.87385396427225,1.92461327094335,1.96454032762426,1.99066686652408,1.87317935795614,1.87317935795614,2.06229078282931,2.06027660111405,1.98643612119874,1.95733167727492,2.06695520364359,1.97756022952528,1.97856250176637,1.9765579572842,1.96841449532538,1.98001772396256,1.86041966134848,1.85809708817443,1.85810672540751,1.90359446557983,1.85413618537552,1.97358968949329,1.8515630441412,1.85198708239704,1.85093662399052,1.8529315312396,1.852093091961,1.93394211257191,1.90281384969976,1.85502281081956,1.91381956988551,1.9504121439182,1.85746103079066,2.02374185047989,1.99378933004439,2.10846276655083,2.09526939445424,1.98807445082359,1.91355936459216,1.98670596372518,1.98335220661078,1.90617724404724,1.97923710808248,2.0155791140549,1.97595081159969,1.97466905959908,1.97127675355233,1.89467038774094,1.89442945691376,1.9677880751747,1.89041073071633,2.08257715847819,1.95980844617837,1.96122511944221,1.88412725474337,1.88246965065235,1.95435377225093,2.08490936888533,1.94968935143665,1.94879308875953,2.08102556395113,1.94929422488007,2.00079559849889,1.99763458604624,1.94831122710516,1.94791610054858,2.08100628948495,1.94759807185669,1.94764625802213,1.87767994580793,2.08047624166515,1.95332258831058,1.95634867950001,1.95794846019251,1.95921093772696,1.89053601474646,2.0846298891258,2.07656352503168,2.04576292808449,2.04706395455129,2.05006113404145,2.04759400237109,2.04242844543627,2.03922888405127,2.03101796146084,2.0311239710248,2.03229007622837,2.030593923205,2.0231250675623,2.02442609402909,2.02481158335258,2.0244935546607,2.02343345902109,2.03261774215334,2.02271066653954,2.02165057089993,2.02185295279477,2.02034954443314,1.9469041910744,2.02665229487227,2.01805588295835,2.02808824260228,2.04369092297071,2.02649809914287,2.03271411448422,2.0272401660906,1.94180609477119,1.94046651937205,2.02735581288765,2.02279740163733,2.02434899616439,2.03370674949221,2.02588131622528,2.02501396524742,2.02591022792454,2.03078666786674,2.00867885516435,2.02381894834459,2.0071176234042,2.00112326442387,1.93084856075087,2.02734617565456,2.0155020161902,2.03040117854325,1.92578901338001,2.01427808758811,1.92341825404052,2.01030754755611,2.00831264030703,1.91805031521086,1.9911101792461,1.98547239789,1.99082106225348,1.91506277295378,1.91342444332893,1.91363646245685,1.91216196579449,1.91160300627542,2.01023044969142,2.00812953287837,1.8916539337846,1.83592181484042,1.88596796626306,1.83684698921681,1.83161397165038,1.83023584731888,1.82686281573831,1.82731576569341,1.8721385367827,1.94507311678781,1.81750506241049,1.91830088327113,1.91675892597716,1.86411072162094,1.86164358995057,1.8609400719352,1.81044097055746,1.80942906108328,1.85854040089645,1.94112185122199,1.80642224436003,1.80621986246519,1.94072672466541,1.79947379930405,1.80459117007343,1.80399366162202,1.80332869253899,1.85559140757171,1.85303754080357,1.80037969921426,1.8008037374701,1.79989783755989,1.80306848724563,1.80003275882311,1.79879919298793,1.79830769410048,1.79929069187539,1.93675618463342,1.71784643505415,1.71203518350247,1.88148665287744,1.70841158386163,1.83503518939639,1.83331976190684,1.75228990610835,1.7008078069557,1.70191608876075,1.69879362524045,1.74546674508251,1.69645177760022,1.79794147924316,1.80189274480897,1.83713610620943,1.83673134241976,1.83782998699172,1.6908236334772,1.68875162836342,1.69095855474043,1.69080435901103,1.83439913201262,1.68920457831853,1.69083327071029,1.73828700643243,1.69131513236466,1.73992533605728,1.69145969086097,1.68985991016847,1.82641950301629,1.8242800372709,1.69171989615433,1.69161388659037,1.74166967524609,1.69329076514757,1.69221139504178,1.69023576225887,1.694331586321,1.69458215438127,1.69444723311805,1.81531741049966,1.86766686063017,1.86608635440384,1.74530291212002,1.80581509867553,1.8038491031257,1.81827604105748,1.81448860845414,1.74781822995582,1.70135712924168
1.91122715418502,1.93527205073797,1.88501388018741,1.88628599495494,1.88504279188667,1.93064617885604,1.93751752604732,1.88216125919355,1.881438466712,1.88255638575013,1.87883641377842,1.87771849474028,1.8755693917618,1.87464421738542,1.87410453233252,1.87510680457361,2.06399657308577,2.07001984376537,1.95726421664331,2.06758162379427,1.98764077533466,1.98782388276332,1.86765722339708,1.91619996645809,1.86342647807173,2.12730355723661,1.86397580035771,1.97978643036846,1.90359446557983,1.90434616976064,1.90456782612165,1.90221634124834,1.90435580699373,1.85372178435277,1.85427110663875,1.97545931271224,1.85190998453235,2.0575685386165,1.85417473430787,1.85371214711968,1.85456986086445,1.94499601892311,1.85470478212768,1.90584957812227,1.94357934565927,1.99512890544353,1.99367368324734,2.09556814867995,2.09742813466581,2.0962138432968,1.98526037876208,1.98553985852161,1.98373769593428,1.90742044711551,1.97749276889367,2.01564657468651,1.97412937454618,1.9752569308174,1.97039012810829,1.97029375577742,1.96824102512981,2.01060630178182,2.01017262629289,1.88733645336146,1.96110947264517,1.95897000689977,1.88511025251828,1.9570425602823,1.95448869351415,2.00413008114712,1.95472962434134,1.95327440214515,2.00079559849889,1.9482052175412,1.94883163769188,1.94989173333148,1.94855215793234,1.99599625642139,1.94831122710516,1.95070126091082,1.87588742045368,1.87686078099551,1.87603197895,1.99369295771351,1.95764006873372,1.99124510050933,1.95904710476447,1.96396209363902,1.96720984118946,2.08283736377155,1.95950969195267,1.96028067059965,2.04460646011401,2.05355944965216,2.04428843142213,1.95514402536409,1.95506692749939,2.03021807111459,2.02972657222714,2.03042045300942,2.03055537427265,2.02625716831569,2.02429117276587,2.02494650461581,2.04742053217552,2.04182129975177,2.0211397975463,2.02100487628308,2.03247318365703,2.03126852952111,1.9478968260824,1.94771371865374,2.01644646503276,2.03116251995715,2.02535126840548,2.02403096747251,2.03095050082923,2.02140000283966,2.04509795900147,1.94150734054549,2.02742327351926,1.93985937368755,2.02362620368284,1.93756571221276,2.00781150418649,2.02547655243561,1.93807648556639,2.02887849571545,2.00883305089375,2.02742327351926,2.00390842478611,2.03420788561276,2.01586823104752,1.92776464616292,2.02164093366684,2.01671630755921,1.9247289177404,2.01796914786056,2.01560802575416,1.92059454474593,2.01726562984518,2.02081213162133,1.99083069948657,1.91680711214259,1.91574701650299,1.91391594221639,1.91376174648699,1.98437375331804,1.91084166486152,1.91152590841072,1.99756712541463,1.98527001599517,1.89032399561854,1.8397477963761,1.88574630990205,1.83480389580229,1.94442742217095,1.83103573766513,1.82719048166328,1.82461734042896,1.82311393206733,1.94239396598952,1.81871935377949,1.86713681281037,1.81807365916264,1.86227964733434,1.9040763272342,1.81368871810789,1.80846533777455,1.86041966134848,1.85999562309264,1.90709278119054,2.02704742142885,2.03216479219824,1.80483210090061,1.80449479774256,1.90807577896545,1.80259626282435,1.80196020544058,1.80276973301992,1.80157471611709,1.93357589771459,1.80167108844796,1.80001348435694,1.80010985668781,1.80041824814661,1.84919228480171,1.9312051383751,1.80139160868843,1.83468824900524,1.7148299810978,1.71440594284196,1.71463723643606,1.83489063090008,1.70739003715437,1.83271261622233,1.83529539468974,1.70039340593295,1.70024884743664,1.69687581585606,1.69810938169124,1.69646141483331,1.69393645976442,1.69320403004978,1.68981172400303,1.83821547631521,1.78784165896761,1.83321375234288,1.83055387601077,1.69008156652948,1.83101646319896,1.68862634433329,1.83211510777092,1.68751806252824,1.73808462453759,1.86458294604222,1.73999279668889,1.7383833787633,1.69104528983821,1.82386563624814,1.69079472177794,1.69123803449996,1.69415811612543,1.74166967524609,1.69109347600365,1.69093928027425,1.69455324268201,1.69154642595875,1.69192227804916,1.81450788292032,1.81717739648552,1.81774599323767,1.81514394030408,1.69266434499689,1.69832140081917,1.69592172978041,1.80877372923334,1.69762752003688,1.79703557933294,1.74735564276763
1.9412664097183,1.9337204562109,1.88522589931533,1.88696060127106,1.88655583748139,1.88619925985715,1.97830229647301,1.88185286773476,1.88176613263697,1.88122644758408,1.98424846928791,1.92788993019305,1.95347678403998,1.99396280023996,1.92199194354359,1.92436270288308,1.87560794069415,1.91965973313645,1.95060488857995,1.87110735284236,2.06068136490372,2.0652686878533,1.86821618291615,2.05704812802979,1.86367704613201,1.86270368559018,1.86061240601023,1.86053530814553,2.06470972833423,1.9041534250989,1.90473165908414,1.90391249427171,1.8540012641123,1.85469514489459,1.97490035319317,1.97714582850253,1.85195817069778,2.15555992464873,1.94706802403689,1.96475234675219,1.85349049075867,1.85410727367626,1.94506347955472,2.01546346725785,1.86083406237124,2.02016643700448,1.99295089076579,1.99263286207391,1.91803104074469,1.91467728363029,2.01631154376954,1.91190176050113,1.98271614922702,1.98066341857941,1.98098144727129,1.97490999042626,1.97967078357141,2.09366961376174,2.08839804726295,2.09867133773407,1.89452582924463,2.00916071681872,1.96360551601479,1.96393318193976,2.10402963933064,1.95842068461379,2.00713689787037,1.95587645507873,1.95675344328968,1.88105297738851,1.87934718713205,1.95134695552768,1.87758357347706,1.9505663396476,1.99908017100935,1.94764625802213,2.08711629526234,1.94800283564636,1.94863889303013,1.9483594132706,1.99328819392385,1.9511734853321,1.95235886500185,1.9914956685696,1.95699437411687,1.95842068461379,1.88642091621816,1.99343275242016,1.96887708251357,2.07980163534903,2.05180547323027,2.0509381222524,1.95830503781675,2.0526920986743,1.95721603047787,1.95463325201046,2.03240572302542,1.95392973399509,1.95317802981427,2.02773166497805,1.95151078849016,2.04383548146702,2.02302869523142,2.02187222726094,2.03848681710354,1.94946769507564,2.06193420520508,2.04771928640123,1.94793537501475,2.04395112826407,2.03069993276896,1.9469041910744,2.03956618720933,2.01143510382733,2.02359729198358,2.03113360825789,2.03011206155063,2.02450319189379,1.94131459588374,1.94029304917648,1.93800902493478,1.93857762168693,2.03254064428864,2.02203606022343,2.02730762672221,1.93672727293416,1.93666944953563,2.03100832422775,1.93465526782038,1.93406739660205,2.0214481890051,2.04129125193196,2.0182486276201,1.92862235990769,1.92843925247903,2.01575258425047,2.01561766298725,1.92464218264261,2.01396005889622,2.00971967633779,2.00426500241034,2.0161862597394,1.99125473774241,1.99758639988081,1.91499531232217,1.91229688705771,1.91243180832094,1.91134280098206,1.90970447135721,1.9109380371924,2.00126782292018,1.90890458101096,1.92778392062909,1.83855277947327,1.83766615402923,1.94543933164513,1.83157542271803,1.83152723655259,1.83044786644681,1.82534977014359,1.82457879149661,1.82151415137483,1.92970173001348,1.86686697028392,1.81756288580901,1.81706174968847,1.81333214048366,1.81115412580592,1.90406669000111,1.89817834058474,1.86098825810063,1.80532359978807,2.01572367255121,1.89449691754537,1.80506339449471,1.80356962336617,1.80505375726162,1.8039262009904,1.80334796700516,1.92666600159096,1.8043887881786,1.80150725548548,1.80101575659802,1.80250952772656,1.79962799503344,1.84989580281709,1.80028332688338,1.80066881620688,1.80166145121488,1.71499381406029,1.93371081897782,1.93132078517215,1.83249095986132,1.75604842701242,1.70560714903321,1.7036315162503,1.70083671865497,1.69911165393233,1.83495809153169,1.83359924166637,1.83968997297758,1.69506401603564,1.69428340015556,1.69239450247044,1.83405219162148,1.8367795285852,1.8024035181626,1.78707068032062,1.69032249735666,1.83102610043205,1.83012983775492,1.6878553656863,1.83331012467375,1.69101637813895,1.68806738481422,1.73546329713783,1.73716908739429,1.68794210078408,1.82768198055073,1.82666043384347,1.82429931173707,1.82180326836745,1.7959272975279,1.69133440683083,1.69221139504178,1.6903706835221,1.81716775925243,1.81863261868171,1.81691719119216,1.81381400213803,1.81873862824567,1.69549769152457,1.69186445465064,1.6924234141697,1.81439223612327,1.81339960111527,1.81080718541478,1.74488851109727,1.80752088893199,1.74510053022519
1.91149699671146,2.06386165182255,1.93618758788127,1.88462839086392,2.06736960466634,1.93356626048151,1.97806136564582,2.00278086851489,1.88086023272676,1.92778392062909,1.92696475581667,1.92682983455344,1.92390975292798,1.87791123940203,1.92413140928898,1.92454581031174,1.92048853518196,1.8746538546185,2.05099594565093,1.98704326688324,2.0672539578693,2.06696484087668,1.86473714177161,1.86439020138047,1.86266513665783,1.86011126988968,1.86108463043151,1.85845366579866,1.8574321190914,1.94415757964451,1.96292127246559,1.85309536420209,1.85369287265351,1.95762079426754,1.8482863848915,1.85046439956924,1.94610430072815,1.96067579715624,1.85429038110492,1.85228583662275,1.90362337727909,1.8571237276326,2.01666812139377,1.9066687429347,1.90669765463396,1.99755748818154,1.99426155446567,2.02001224127508,1.99054158249395,1.99029101443368,1.99009826977193,1.98521219259664,2.01630190653645,1.90757464284491,1.98033575265444,1.90250545824096,1.97408118838075,1.97436066814028,1.97345476823007,1.97090090146192,1.96986971752157,1.96478125845145,1.96564860942931,1.88783758948201,2.00730073083286,1.95912420262917,1.96010720040408,2.00488178532793,2.00186533137159,1.95359243083703,2.00172077287528,2.09401655415288,2.09167470651265,1.95070126091082,1.94876417706026,1.94908220575215,1.9500362918278,1.94731859209716,1.87521281413757,1.94779081651844,1.94800283564636,1.94886054939114,1.95173244485117,1.95270580539299,1.8830382474045,1.95951932918575,1.88742318845925,1.96711346885859,1.89076730834056,1.9836413236034,1.95980844617837,2.04059737114967,2.03901686492335,2.05321250926102,2.02757746924866,2.04005768609678,2.0318853124387,1.95390082229582,1.9511734853321,1.9513276810615,1.95159752358795,1.951934826746,2.04474138137723,2.03789894588521,2.03896867875791,2.03189494967179,2.03064210937043,2.0336392888606,2.02819425216625,1.94728004316481,1.94732822933025,2.03779293632125,1.94688491660823,1.94605611456272,2.03393804308631,2.03796640651682,2.03422716007893,2.02176621769698,1.93878964081485,2.01754510960472,1.93844270042371,1.94014849068017,2.03549927484646,1.93782591750612,2.02772202774497,1.93740187925027,1.93602375491878,1.93488656141447,2.02920616164042,2.02062902419267,2.01599351507765,2.02165057089993,2.02112052308013,2.01934727219205,1.93012576826932,2.01352638340729,2.02043627953093,1.9237362827324,1.9240446741912,1.92150044465614,2.00550820547861,1.91785757054912,1.91663364194702,1.91552536014198,1.91372319755464,1.91152590841072,1.91151627117764,1.9115451828769,1.9089527671764,1.90955027562782,2.00747420102843,1.9837184214681,1.8435641406787,1.84078861754954,1.84124156750464,1.93880891528103,1.93946424713097,1.82890590915283,1.82668934554274,1.82486790848923,1.82332595119525,1.92994266084066,1.92822723335111,1.8671079011111,1.93839451425827,2.02736545012073,1.81232023100949,1.8122334959117,1.80944833554946,1.81057589182068,2.02348164518653,1.9385968961531,1.80694265494675,1.91879238215859,1.91600722179634,1.8541554598417,1.80488992429914,1.85173651433677,1.80358889783235,1.85144739734415,1.80365635846396,1.80389728929114,2.01512616409979,2.01430699928737,1.92514331876316,1.8017963724781,1.80166145121488,1.80344433933604,1.92143298402453,1.71601536076755,1.76120434671416,1.71172679204368,1.70900909231304,1.80574763804391,1.81824712935821,1.70166552070048,1.70074034632409,1.94701983787145,1.83682771475063,1.69687581585606,1.83734812533735,1.8335799672002,1.69183554295138,1.69232704183883,1.93749825158115,1.69059233988311,1.83728066470574,1.68768189549073,1.68689164237756,1.83114174722909,1.83103573766513,1.78409277529663,1.83054423877768,1.82754705928751,1.8272483050618,1.68799028694952,1.82407765537606,1.68799992418261,1.82569671053474,1.6887709028296,1.82432822343633,1.78121124260351,1.68771080718999,1.69199937591386,1.6909778292066,1.8152114009357,1.68916602938618,1.68790355185173,1.9302896012318,1.78130761493438,1.6900622920633,1.68965752827363,1.69224994397413,1.69235595353809,1.6941002927269,1.69403283209529,1.69487127137389,1.82485827125614,1.80455262114108,1.69570971065249
1.88840618623416,1.93889565037881,1.88721116933133,1.88813634370771,1.93189901915739,1.88404051964559,1.88270094424644,2.07764289513747,1.88079277209515,2.14392778431229,1.87855693401888,1.87869185528211,1.87604161618308,1.92415068375516,1.92353390083757,1.87418163019722,1.99344238965324,1.99111981647919,1.87120372517323,2.06071027660298,1.91765518865428,1.86572977677961,1.91650835791689,1.91152590841072,1.91135243821515,1.91122715418502,1.98375697040045,1.8581163626406,1.85715263933187,1.85554322140628,1.97773369972085,1.97743494549515,1.85270023764551,1.90019252229999,1.85355795139028,1.96495472864702,1.96510892437642,1.95400683185979,1.8531628248337,1.90359446557983,1.9624586852774,1.95792918572634,1.90549300049804,1.86106535596533,1.99678650953456,1.99784660517416,1.99320145882606,2.09400691691979,1.99057049419321,1.98853703801178,1.91380993265243,1.98464359584449,1.98435447885187,1.90716024182215,1.90654345890456,2.01319871748232,1.974881078727,2.0115411133913,2.01093396770679,1.97043831427373,1.96613047108368,1.96757605604678,1.96354769261627,1.96387535854124,1.96220811721712,2.00992205823262,2.00462158003458,1.95800628359104,1.95537531895819,1.95263834476138,1.95128913212915,1.95151078849016,1.95059525134686,1.95110602470049,1.95020012479028,1.94831122710516,1.94894728448892,1.94731859209716,1.9483594132706,1.95002665459471,2.0847069869905,1.95333222554367,1.95105783853506,1.88116862418556,1.99180406002839,1.9586423409748,1.96239122464578,1.88762557035408,1.97178752690596,1.98640720949947,1.95977953447911,2.04740125770934,1.95857488034319,2.04024079352544,2.04791203106297,2.02830026173021,2.02727871502295,1.95210829694158,1.95324549044588,1.95248414903198,1.95231067883641,1.95135659276076,2.04190803484955,2.04120451683418,2.03814951394548,2.03713760447131,2.04953108622165,1.94934241104551,2.03169256777696,2.03266592831878,2.03228043899528,1.94775226758609,1.94768480695448,1.94633559432225,2.02729798948912,2.02612224705246,2.02968802329479,1.94352152226074,2.03580766630526,2.027616018181,2.02009897637287,1.94040869597353,2.02096632735073,2.02444536849526,2.01859556801124,1.93667908676872,1.93534914860267,2.02023389763609,2.02307688139686,2.02058083802723,2.02187222726094,2.01025936139068,2.0194629189891,2.01184950485009,1.92882474180253,2.02802078197067,2.03574984290673,2.01074122304505,2.00788860205119,2.02362620368284,2.01132909426337,1.91862854919611,1.99670941166986,1.99511926821044,1.91407013794579,1.91225833812536,1.91125606588428,1.91247035725328,1.91031161704172,1.90917442353741,1.91101513505709,1.84543376389764,1.84387253213749,1.84153068449726,1.83882262199972,2.02025317210227,1.83105501213131,1.82850114536316,1.8272483050618,2.02178549216315,1.82355724478935,1.82106120141972,1.9272442355762,1.81631968274074,1.81807365916264,1.81704247522229,1.81549088069523,1.81380436490494,2.02437790786365,1.80869663136864,1.80835932821059,1.80815694631575,1.80588255930714,1.917182964233,1.91470619532955,1.80612349013432,1.80359853506543,1.85425183217257,1.80498629663001,1.80418640628376,1.80451407220873,1.80462971900578,1.80434060201316,1.80105430553037,1.92867054607313,1.90196577318807,1.80237460646334,1.80117958956051,1.80090974703406,1.7162081054293,1.71210264413408,1.82560997543695,1.77564092187902,1.80570908911156,1.80680773368352,1.70286053760331,1.74841573840724,1.83889008263133,1.69706856051781,1.69395573423059,1.83702045941238,1.79019314384092,1.69137295576318,1.83354141826785,1.6896864399729,1.68824085500979,1.68684345621213,1.83201873544004,1.68595683076809,1.68536895954976,1.68787464015247,1.68543642018137,1.68640014349011,1.82697846253536,1.68715184767092,1.68720967106945,1.68750842529515,1.82558106373769,1.82535940737668,1.82614002325676,1.82508956485024,1.68807702204731,1.68738314126502,1.68744096466354,1.86864985840508,1.68878054006268,1.7781658769479,1.81812184532808,1.68871307943107,1.68999483143169,1.6915849748911,1.69276071732776,1.69215357164326,1.80602711780345,1.81179982042277,1.6935702449071,1.69450505651657,1.82430894897016,1.81020967696336,1.80927486535389
1.886623298113,1.88765448205335,1.88737500229381,1.88774121715113,2.15474075983631,1.98776605936479,1.88203597516342,1.88134209438113,1.88060966466649,1.99944638586667,1.8776317596425,1.87751611284545,1.87720772138665,1.87682223206316,1.94937132274477,1.92334115617582,1.86956539554838,1.87080859861665,1.96706528269315,1.86918954345797,1.91599758456326,1.97417756071162,1.86395652589154,2.04392221656481,1.91027306810937,1.86028474008526,1.85973541779928,1.86079551343889,1.85663222874515,1.85508063421808,2.04876974480775,1.85715263933187,1.85155340690811,1.85314355036753,1.90023107123234,1.90165738172927,1.96379826067654,1.89948900428462,1.90185012639102,1.85068605593025,1.9615431481341,1.95790991126016,2.03086376573144,2.02992895412197,1.85981251566398,1.99483015121782,2.09319738934046,1.99351948751794,1.99079215055422,2.01832572548479,1.91364609968994,1.98401717569381,2.01431663652045,1.98087543770733,1.9789961772553,2.10012655993027,2.01346856000877,1.90029853186396,1.96752786988134,2.01264939519634,2.10153359596102,1.96412592660151,1.96400064257137,2.00946910827751,1.96013611210334,1.95950969195267,1.88500424295432,1.95684017838747,2.0052865491176,1.95454651691268,1.95306238301723,2.00482396192941,2.00086305913051,2.07459752948186,1.95394900846126,1.94815703137576,1.94753061122508,1.94653797621709,1.87673549696537,1.94914966638376,2.08702956016455,2.08786799944315,2.08039914380045,1.95462361477738,1.99090779735127,1.95755333363593,2.06330269230348,2.06102830529486,1.97063105893547,2.08082318205629,1.95804483252339,2.04906849903346,1.95836286121527,2.03636662582432,2.05453281019399,1.95405501802522,2.02829062449712,1.95313948088192,1.95363097976938,1.95089400557257,1.95039286945203,1.95020012479028,1.95143369062546,1.95029649712115,2.05097667118475,1.95046996731673,2.02379003664532,2.02656555977448,2.05440752616385,2.03326343677019,2.03414042498114,1.94822449200737,1.94684636767588,2.02802078197067,2.03045900194177,1.94363716905779,2.02466702485627,2.02440681956292,2.03425607177819,1.94077491083085,1.94127604695139,1.94055325446984,2.02748109691778,2.02496577908198,2.02394423237472,1.9364670676408,1.93493474757991,2.01698615008565,2.02924471057277,1.9344046997601,1.93316149669184,2.02085068055368,2.01676449372464,2.01150256445895,1.92773573446366,2.02198787405799,1.9257986506131,1.92462290817644,1.92270509879206,1.98739984450747,1.92007413415921,2.00814880734455,1.91654690684924,1.99425191723258,1.91361718799068,1.91178611370408,1.91221978919301,1.91206559346362,1.91098622335783,1.90915514907123,2.00430355134269,1.99274850887095,1.8450097256418,1.93767172177672,1.83784926145789,1.88376103988605,1.83237531306428,1.93496365927917,1.82805783264114,1.82723866782872,1.82711338379858,1.82141777904395,1.81807365916264,2.0278473117751,1.93693929206208,1.81587637001872,1.81507647967247,1.81096138114417,1.89923843622435,1.93919440460452,1.81049879395598,1.80872554306791,1.92758153873426,1.80626804863063,1.80746306553346,1.80656680285634,1.85414582260861,1.85249785575067,2.02057120079415,1.80547779551747,1.92781283232835,1.80395511268967,1.80479355196827,1.80639333266077,1.80517904129176,1.90122370624034,1.92575046444766,1.80452370944182,1.8535483141572,1.71339403336779,1.70929820930566,1.83503518939639,1.83208619607166,1.70680216593604,1.80445624881021,1.7009620026851,1.74751947573011,1.69609519997599,1.6949387320055,1.69494836923859,1.83768542849541,1.69039959522136,1.83775288912702,1.94076527359776,1.69064052604854,1.68801919864878,1.83400400545604,1.68727713170106,1.83208619607166,1.73467304402467,1.73357439945271,1.82686281573831,1.68727713170106,1.82764343161838,1.68466544153438,1.82476189892527,1.68240069175885,1.82774944118235,1.68580263503869,1.68478108833143,1.82098410355502,1.6876240720922,1.685947193535,1.68744096466354,1.81735086668109,1.68747951359589,1.78018969589625,1.68858779540094,1.68828904117523,1.68880945176195,1.68940696021336,1.69087181964264,1.69053451648458,1.80692338048057,1.69338713747844,1.69384008743355,1.69141150469553,1.69418702782469,1.69426412568939,1.8101807652641
1.83721320407413,2.17367792285296,1.88604506412776,1.88602578966158,2.00014026664895,1.88488859615727,1.88446455790143,1.93170627449565,1.88369357925444,1.87770885750719,1.8809855167569,1.87701497672491,2.06496029639451,2.06711903660607,1.92090293620472,1.92216541373916,1.87083751031591,1.87055803055638,1.87019181569906,1.9821957386403,1.98503872240107,1.86561412998256,1.91209450516288,1.91187284880187,1.86122918892782,1.98259086519688,1.8584247540994,1.85700808083556,1.85728756059509,1.85708517870025,1.85694062020394,1.85227619938966,1.8517943377353,1.8515630441412,1.85094626122361,1.8510329963214,1.89895895646481,1.85389525454834,1.85325919716457,1.85271951211168,1.85437711620271,1.85518664378205,1.95572225934933,1.95695582518452,1.99715272439187,1.99830919236236,1.99611190321844,1.99097525798288,1.99059940589247,1.98860449864339,2.01707288518344,1.9840268129269,1.98428701822026,1.98170423975284,1.97931420594718,1.97789753268334,1.97720365190105,2.09678244004895,2.09467188600282,2.09164579481339,2.09263842982139,1.96389463300741,1.96505110097789,2.09456587643886,1.95877726223803,2.00707907447185,1.95771716659842,1.95684017838747,1.95411284142375,1.95408392972448,1.95126985766298,2.00103652932608,1.8765620267698,1.99810681046752,1.94739568996186,1.94784863991697,1.9464512411193,1.94695237723984,1.94780045375153,1.94824376647355,2.07703574945296,1.95058561411377,1.95049887901599,2.07895355883735,1.95395864569435,1.98929837942568,1.99089816011818,1.99060904312556,1.98788170616184,1.98782388276332,2.05007077127454,2.03248282089012,2.03313815274006,2.02881103508384,2.03082521679909,2.03169256777696,2.02515852374373,1.95206974800923,1.95229140437024,1.95107711300123,1.95146260232472,1.94908220575215,2.0414936338268,2.04348854107588,2.04805658955929,2.0213710911404,2.02215170702047,1.94799319841328,2.04033716585631,2.04409568676038,2.0389012181263,1.94654761345017,1.94678854427736,2.03379348459,2.03275266341656,2.0373785352985,2.0510923179818,2.01444192055059,1.94083273422937,2.02340454732183,2.02576566942823,2.01164712295526,2.01779567766499,2.01685122882243,2.01772821703338,2.02065793589193,2.01514543856597,2.02547655243561,2.01803660849217,2.01424917588884,2.01602242677692,2.01162784848908,2.02621861938334,2.01396005889622,1.92815013548641,1.92675273668875,2.01240846436916,1.92392902739415,2.01857629354507,1.92044998624961,1.91975610546733,2.0081102584122,1.98753476577069,1.91436889217149,1.9141375985774,1.91236434768932,1.91292330720839,1.91043690107185,1.91099586059092,1.91074529253065,2.00948838274369,1.99791406580578,1.84448931505508,1.84156923342961,1.8385335050071,1.88242146448691,1.88117826141864,1.93452034655715,1.82893482085209,1.9296053576826,1.92775500892983,1.82386563624814,1.94095801825951,1.81939396009561,1.81664734866571,1.81687864225981,1.93433723912849,1.81159743852794,1.81112521410666,2.02809787983537,1.81020003973027,1.80737633043568,1.80740524213494,1.93328678072197,2.02768347881262,1.80619095076593,1.80615240183358,1.80637405819459,2.03480539406417,1.80599820610419,1.88213234749429,1.88041692000474,1.91387739328404,1.80594038270566,1.80500557109619,1.80448516050947,1.80449479774256,1.80510194342706,1.8514088484118,1.71147622398341,1.7108690782989,1.70829593706458,1.832124745004,1.7040844662054,1.70214738235485,1.70034521976751,1.79088702462321,1.83579653081029,1.69458215438127,1.69407138102764,1.83803236888655,1.69115129940217,1.68820230607744,1.68746023912972,1.68766262102455,1.68590864460265,1.68715184767092,1.6842703149778,1.68454979473734,1.73475014188937,1.68507020532405,1.68481000003069,1.828925183619,1.68422212881236,1.82574489670018,1.68370171822565,1.68516657765493,1.8239716458121,1.68486782342922,1.68481000003069,1.68591828183574,1.68603392863279,1.68546533188063,1.68551351804607,1.81928795053165,1.68671817218199,1.90352700494822,1.68909856875457,1.68868416773181,1.81359234577702,1.68833722734067,1.6878553656863,1.79596584646025,1.74042647217782,1.69170062168815,1.69187409188372,1.81177090872351,1.8115492523625,1.81436332442401,1.92090293620472
2.19269218373431,1.88683531724092,1.88841582346725,1.88347192289343,1.99867540721968,1.88351047182578,1.88490787062345,1.9315135298339,1.87922190310191,1.87947247116218,1.8780847095976,1.87913516800412,2.0742602263238,1.87558866622798,1.95711002091391,1.92054635858049,1.87174341022612,1.87087605924826,1.86683805858466,1.86599961930606,1.86487206303484,2.06634805795909,1.86507444492967,1.86178814844688,1.86029437731834,1.8609400719352,1.96824102512981,1.90379684747467,1.96544622753448,2.06128851058822,1.85379888221747,1.85136066224637,1.85404945027774,1.97369569905725,1.85147630904341,1.85061859529864,1.85221837599114,1.85250749298376,1.85359650032263,1.85306645250283,1.85408799921009,1.85536011397762,1.95726421664331,2.02925434780586,1.95759188256828,1.99726837118892,1.99435792679654,1.993856790676,1.99276778333713,1.98907672306467,1.98444121394965,2.01400824506166,1.98695653178545,1.9815885929558,2.01419135249032,1.97745421996132,1.97559423397546,1.97542076377989,2.01102070280458,1.89795668422373,1.96655450933952,1.96608228491824,1.89137445402506,2.00799461161515,1.9606276109908,2.08445641893023,1.88449346960069,1.95771716659842,1.9571967560117,1.88107225185468,2.00198097816864,1.95249378626507,1.95004592906088,1.95104820130197,1.95020976202337,1.87553084282945,1.94743423889421,1.94780045375153,1.94928458764698,1.94862925579704,1.94962189080504,2.08333849989209,1.94874490259409,1.9530816574834,1.95713893261318,1.95838213568144,1.96420302446621,2.06367854439389,1.97392699265135,2.07905956840131,2.03076739340057,2.03109505932554,2.03054573703956,1.95751478470358,2.02847373192578,1.9537659010326,2.02682576506784,1.95327440214515,1.9524745117989,1.95154933742251,1.95130840659533,1.95100001513653,1.95306238301723,2.04160928062384,2.05162236580161,2.02099523904999,2.02141927730584,2.02147710070436,2.02047482846327,2.04021188182618,2.03847717987045,1.94848469730073,2.02652701084213,2.03364892609369,2.02737508735382,2.04064555731511,2.02963983712935,1.94138205651535,2.02085068055368,1.94152661501166,2.0278473117751,2.01741982557458,2.01454793011455,2.01635009270189,2.00728145636669,2.02146746347127,2.02135181667422,2.01952074238763,2.02675830443623,1.93207248935297,2.02052301462871,1.93393247533882,1.99985114965633,2.01671630755921,1.92700330474902,1.9257215527484,2.02043627953093,2.00464085450075,1.92144262125761,2.00085342189742,1.99518672884205,2.00942092211208,1.9893562028242,2.00160512607823,1.9137521092539,1.91259564128342,1.9107067435983,1.90941535436459,1.9074300843486,1.90992612771822,1.90878893421392,1.84554941069469,1.84499045117562,1.89004451585901,1.88708588530119,1.83744449766822,1.83331012467375,1.93431796466232,1.93401921043661,1.92835251738125,1.92675273668875,1.87045202099242,1.82029022277273,1.82029986000582,1.8142187659277,1.81442114782253,1.81260934800211,1.81410311913065,1.81282136713003,1.8097181780759,2.03033371791164,1.80969890360973,1.81037350992584,2.01916416476339,1.8069812038791,1.93559971666294,1.93394211257191,2.01157002509056,1.80789674102239,1.8060656667358,1.80587292207405,1.87956884349305,1.85503244805265,1.80619095076593,1.92529751449255,1.80501520832927,2.00456375663605,1.92424705608603,1.804764640269,1.71083052936655,1.70770806584625,1.83938158151878,1.70448922999507,1.79866427172471,1.83735776257044,1.69914056563159,1.74613171416553,1.74410789521719,1.69668307119432,1.78735979731324,1.69290527582407,1.8373866742697,1.6870169264077,1.6883083156414,1.68731568063341,1.68705547534005,1.68562916484312,1.83256805772602,1.8306791600409,1.82879989958887,1.83070807174016,1.82879026235578,1.83302100768113,1.78841989295285,1.681754997142,1.68356679696242,1.82578344563253,1.68462689260203,1.68444378517337,1.68341260123303,1.78139435003217,1.68403902138371,1.68643869242246,1.68438596177485,1.68534968508359,1.68774935612234,1.68772044442307,1.68858779540094,1.68858779540094,1.69083327071029,1.8149801073416,1.81396819786743,1.79505994655004,1.69163316105654,1.69213429717708,1.69036104628901,1.68907929428839,1.81144324279854,1.6908236334772,1.69207647377856
1.88349119735961,1.99937892523505,1.88825199050476,2.00139310695031,1.94387809988498,1.93365299557929,1.97916001021778,1.88107225185468,1.92980773957744,1.98510618303268,1.87803652343216,1.87768958304102,1.87712098628887,1.8764078310404,1.8742009046634,1.92735988237325,1.91821414817335,1.86905462219475,1.87047129545859,1.9878335199964,2.06805384821555,2.06443988580779,1.86461185774148,1.86065095494258,1.86333010574086,1.96691108696375,1.96768206561074,1.96506073821098,1.94911111745141,1.85305681526974,1.85511918315043,1.85261350254772,1.85165941647207,1.85270023764551,1.85128356438167,1.85184252390073,2.06442061134161,1.96806755493424,1.96871324955109,1.90343063261735,1.85394344071378,1.85703699253482,1.85599617136138,1.85818382327221,1.86356139933496,1.92186665951346,1.92089329897163,2.01658138629598,1.99383751620982,1.98731310940969,1.98750585407143,1.98468214477684,1.98473033094227,2.01082795814283,2.0112327219325,2.01078940921048,2.09587654013874,1.97465942236599,1.97177788967287,2.00807170947985,1.96798081983645,2.09431530837859,1.96322966392438,2.09085554170023,1.96479089568454,1.96077216948711,1.9589507324336,2.00763803399092,1.95519221152953,1.95393937122817,1.95351533297233,1.9514818767909,1.87603197895,1.95135659276076,1.99844411362558,2.07534923366267,1.87418163019722,1.9478968260824,1.87670658526611,1.947742630353,1.94945805784255,1.94887982385731,1.95103856406888,1.95351533297233,1.95672453159042,1.95968316214824,2.07979199811595,1.98812263698902,1.96747004648282,2.07483846030904,2.0933901340022,1.95828576335057,2.04833606931882,2.0542147815021,2.02895559358015,2.02884958401619,2.02817497770007,1.95168425868573,1.95296601068635,1.95153006295634,1.95360206807012,1.94915930361685,2.04174420188707,2.05034061380099,2.04189839761646,2.04761327683727,1.94844614836838,1.9491978525492,2.04182129975177,2.03223225282985,1.94714512190159,2.03825552350944,2.02416588873573,1.94490928382532,2.03167329331078,2.05085138715462,2.02764492988027,2.02239263784766,2.01978094768098,1.94408048177981,2.02875321168531,2.02367438984828,2.01880758713916,2.0078018669534,2.00776331802105,2.01423953865576,1.93497329651226,1.93462635612111,1.93385537747413,2.02222880488517,2.02209388362195,1.93083892351778,1.99874286785129,1.92812122378715,2.01102070280458,2.01284213985809,2.03141308801742,2.00650084048661,2.00394697371846,1.92067164261062,2.00519017678673,1.91824305987261,1.98916345816246,1.9145905485325,1.91380993265243,1.91216196579449,1.91258600405033,1.91352081565981,1.91128497758354,1.9083456214919,1.90857691508599,1.99192934405853,1.93070400225456,1.84202218338472,1.83948759108274,1.83734812533735,1.83544959041914,1.83158505995111,1.93072327672074,1.92730205897472,1.92500839749993,1.87037492312772,1.86920881792415,1.8188639122758,1.81740869007961,1.8658165118774,1.86422636841798,1.81466207864972,1.86012090712277,1.86000526032572,1.93821140682961,2.03017952218224,1.81068190138464,1.80887010156422,1.80829186757898,1.90302586882768,1.93386501470721,1.80666317518721,1.80469717963739,1.85500353635339,1.92740806853869,1.80806057398488,1.85379888221747,1.80567054017921,1.8065957145556,1.80539106041968,1.80515976682558,1.92180883611493,1.7112545676224,1.71042576557688,1.80501520832927,1.70472052358917,1.70297618440036,1.70108728671524,1.83423529905014,1.69756969663835,1.74515835362371,1.69525676069739,1.69358951937327,1.69229813013957,1.6912862206654,1.68775899335542,1.83553632551693,1.83420638735087,1.68757588592676,1.68608211479822,1.83399436822295,1.68548460634681,1.68449197133881,1.6816778992773,1.67846870065921,1.68194774180375,1.68378845332343,1.6829018278794,1.82773980394926,1.82643877748247,1.6841161192484,1.68128277272072,1.87456711952072,1.68365353206021,1.82432822343633,1.68311384700732,1.68451124580499,1.68444378517337,1.73443211319749,1.68447269687264,1.68761443485911,1.73475977912246,1.81723521988404,1.8174183273127,1.81559689025919,1.81349597344615,1.79557071990367,1.69024539949196,1.80643188159312,1.69039959522136,1.69079472177794,1.68866489326564,1.69159461212419,1.69076581007868
1.88392487284854,1.88666184704535,1.88704733636884,1.88415616644264,1.93427941572997,1.8845609302323,1.93240015527794,1.9944639363605,1.87947247116218,1.92948007365247,1.92921986835911,1.87813289576304,1.87500079500965,1.87495260884421,1.99368332048043,1.91994885012907,1.91764555142119,1.8700087082704,1.86849566267568,2.06688774301198,1.86689588198318,1.98823828378607,1.98832501888386,1.86200980480789,1.85924391891182,1.96659305827187,1.85696953190321,1.95178063101661,1.85456986086445,1.85321101099914,2.06488319852981,1.85389525454834,1.85165941647207,1.8537699705182,1.85142812287798,1.85116791758462,1.85236293448745,1.85469514489459,1.85367359818733,1.96410665213533,1.96667979336966,1.90557009836274,1.85754776588845,1.86140265912339,1.86181706014615,2.09690772407909,1.99719127332422,1.99021391656898,2.01479849817482,1.98667705202592,1.98795880402654,1.98483634050624,1.98367023530266,1.9820415429109,2.01106888897002,1.9772422008334,1.97703981893856,1.97437994260645,1.97196099710153,1.89481494623725,1.96802900600189,2.00732964253212,2.08375290091485,1.96415483830077,1.88742318845925,1.95737986344036,1.9571967560117,1.95481635943912,1.95472962434134,1.95020976202337,1.95196373844527,1.95057597688069,1.87692824162712,1.94999774289545,1.9491207546845,1.99977405179164,1.87377686640755,1.94768480695448,1.94727040593172,1.95010375245941,1.87522245137066,1.87705352565725,1.877246270319,1.99323037052532,1.95505729026631,1.98970314321535,1.96160097153262,2.06163545097937,1.98820937208681,1.99031028889985,2.03117215719024,1.95752442193667,2.05762636201503,2.03054573703956,2.02829062449712,2.02846409469269,2.0290712403772,1.95159752358795,1.95177099378352,1.95188664058057,1.95113493639975,1.95012302692558,2.03931561914905,2.04108887003713,2.03044936470869,2.03507523659062,2.03939271701375,1.94684636767588,2.03786039695286,2.03787967141904,2.03161546991226,1.94439851047169,1.9439359232835,2.03780257355434,2.03004460091902,2.02671975550388,2.05453281019399,2.02912906377572,2.0384386309381,2.02798223303832,2.0279244096398,2.0357016567413,1.93805721110021,2.01808479465761,1.93715131119,2.02370330154754,2.02033026996696,1.93465526782038,1.93358553494768,2.02043627953093,1.93284346799995,2.00918962851798,2.00654902665205,1.9286127226746,2.01202297504566,2.00753202442696,1.92455544754483,2.01069303687961,1.92120169043043,1.92048853518196,1.9182526971057,1.98861413587648,2.007647671224,2.00151839098045,1.99686360739925,1.9142146964421,1.91044653830494,1.91052363616964,1.90898167887566,1.90958882456017,1.90954063839473,2.00549856824552,1.84456641291978,1.84108737177525,1.83928520918791,1.93757534944585,1.83437022031336,1.83193200034226,1.83056351324385,1.89474748560564,1.82492573188775,1.92239670733326,1.87065440288725,1.86805234995366,1.86771504679561,1.8642167311849,1.8171870337186,1.8155101551614,1.81274426926533,1.81106739070813,1.81072045031699,1.81041205885819,1.80855207287233,2.02096632735073,1.80831114204515,1.93420231786527,1.93312294775949,1.85731647229435,1.85603472029373,1.85579378946655,1.80661498902178,1.80781000592461,1.80592110823949,1.80527541362263,1.8046875424043,1.92553844531974,1.99805862430209,1.80672099858574,1.91034052874098,1.70763096798155,1.70503855228105,1.75158638809298,1.70141495264021,1.80916885578992,1.78813077596023,1.79745961758879,1.69539168196061,1.83894790602985,1.81148179173089,1.69237522800427,1.69055379095076,1.6882312177767,1.837309576405,1.83364742783181,1.68191883010449,1.68448233410572,1.830910453635,1.68400047245136,1.68301747467645,1.68363425759404,1.82681462957287,1.68189955563831,1.82849150813007,1.73463449509232,1.68075272490092,1.77190167544112,1.77426279754752,1.68168753651039,1.82544614247447,1.68405829584988,1.68322949380437,1.68369208099256,1.82124430884838,1.81979872388528,1.68291146511248,1.68689164237756,1.68598574246735,1.68296928851101,1.68718075937018,1.68501238192553,1.68412575648149,1.73469231849084,1.68755661146059,1.69014902716109,1.68952260701041,1.68965752827363,1.73800752667289,1.73812317346994,1.68972498890525,1.69059233988311
1.93358553494768,1.88531263441312,1.93483837524904,1.88406943134485,2.00250138875536,1.88495605678889,1.8837995888184,1.88147701564435,1.97471724576451,1.99749966478302,1.8764849289051,1.87767994580793,2.06507594319155,1.87345883771567,1.87307334839218,2.07133050746525,1.8712229996394,1.98742875620673,1.98171387698593,1.86471786730544,1.86598998207297,1.86412999608711,1.8637541439967,2.06063317873828,2.0573468822555,1.96433794572943,1.8584247540994,1.94993028226383,1.85521555548131,1.85380851945055,2.05609404195414,1.85406872474391,1.85228583662275,1.85155340690811,1.85403017581156,1.85540830014306,1.85351940245793,1.85366396095424,1.9502579481888,1.96563897219622,1.85571669160185,1.90531953030247,1.90603268555093,1.85928246784417,2.01577185871664,2.01763184470251,1.92131733722748,1.99331710562311,1.99331710562311,1.9885948614103,1.98420992035556,1.98732274664277,2.01369021636978,1.98457613521288,1.98121274086539,2.00914144235254,1.97674106471286,1.97400409051605,1.97105509719132,1.96904091547606,1.9672580273549,1.96480053291762,1.965504050933,1.88931208614437,1.88877240109148,1.95997227914086,1.95770752936533,2.08652842404401,1.95362134253629,1.95334186277676,1.95402610632596,1.95031577158733,1.95065307474539,1.95073980984317,1.94857143239852,1.94826304093972,1.99750930201611,1.99731655735436,1.99540838520306,1.94907256851906,1.94801247287945,1.95065307474539,1.94860998133087,1.95137586722694,1.95431522331858,1.95592464124417,1.96208283318699,1.9637500745111,1.89375485059764,2.07977272364977,2.05562181753286,2.03608714606479,2.03926743298362,2.05379074324626,2.02794368410597,2.02799187027141,1.953920096762,2.02478267165332,1.95054706518142,1.95212757140775,1.95019048755719,2.03441026750759,2.02596805132307,2.03197204753649,1.94742460166112,2.01974239874864,1.94771371865374,2.02206497192269,2.02746182245161,1.94739568996186,2.02824243833168,2.02895559358015,1.9444659711033,2.03407296434953,2.04122379130035,2.0386699245322,2.0395854616755,1.94205666283147,2.02826171279786,2.03132635291964,2.02337563562257,2.0135167461742,1.93771990794216,2.01776676596573,2.02059047526032,2.02216134425356,2.02072539652355,2.02467666208936,1.93497329651226,1.93188938192431,2.03353327929664,1.93096420754792,2.00776331802105,1.92704185368137,2.0157333097843,2.01386368656535,2.00837046370556,2.02458992699157,2.01192660271479,1.92206904140829,2.02379967387841,1.91821414817335,1.9911101792461,1.91393521668256,1.98415209695703,1.90852872892056,1.91180538817026,1.90970447135721,1.90917442353741,1.91120787971884,1.90818178852941,1.99164022706591,2.02414661426956,1.84151141003109,1.84035494206061,1.93795120153625,1.93529132520414,1.831903088643,1.82886736022048,1.8934850080712,1.87339137708406,1.8717626846923,1.87057730502255,1.8189410101405,1.81714848478625,2.01847992121419,2.03043009024251,1.81354415961158,1.81342851281454,1.81389110000273,1.86069914110801,1.81075899924934,1.93658271443785,1.93564790282837,1.81402602126595,1.81067226415155,1.81070117585081,1.80886046433113,1.85737429569288,1.85661295427897,1.80840751437602,1.80787746655622,1.8094194238502,1.80831114204515,2.00172077287528,1.80717394854084,1.8546084097968,1.85348085352558,1.80454298390799,1.70575170752952,1.70430612256641,1.70330385032533,1.69932367306025,1.70102946331671,1.69786845086406,1.69559406385544,1.69376298956885,1.69137295576318,1.81061444075303,1.83481353303538,1.83372452569651,1.68752769976133,1.68690127961065,1.68514730318875,1.68412575648149,1.68401010968444,1.68272835768383,1.8310646493644,1.6812249493222,1.83134412912393,1.83074662067251,1.68105147912663,1.68004920688554,1.73247575488075,1.82744104972355,1.82705556040006,1.67887346444888,1.68420285434619,1.68250670132282,1.77395440608873,1.68169717374348,1.67956734523117,1.68053106853991,1.81820858042586,1.77491812939746,1.7753518048864,1.68383663948887,1.81309120965648,1.73423936853574,1.6845787064366,1.68255488748825,1.68615921266292,1.68772044442307,1.69020685055961,1.68751806252824,1.80921704195536,1.68924312725088,1.68854924646859,1.81174199702425,1.80927486535389
1.9929412535327,1.93679473356577,1.93464563058729,1.88345264842726,1.88522589931533,1.88565957480426,1.88405015687867,1.88428145047277,1.87992542111729,1.88082168379441,1.8771691724543,1.87769922027411,1.87567540132576,1.87651384060436,1.87362267067816,1.87115553900779,1.99470486718769,1.8672620968405,1.98055740901545,1.86547920871934,1.86420709395181,1.86297352811663,1.86419745671872,1.86118100276238,1.98401717569381,1.85862713599423,1.92147153295687,1.97080452913105,1.97397517881679,1.85429038110492,1.95363097976938,1.8532399226984,1.85184252390073,1.85167869093825,1.85406872474391,1.85458913533063,1.90258255610566,1.90408596446729,1.85401090134539,1.85745139355757,1.85490716402251,1.85574560330111,1.85833801900161,1.85878133172363,1.91008996068071,1.99246902911142,1.91908149915121,2.01468285137777,1.98797807849271,1.98830574441768,1.98481706604006,1.98473996817536,1.91021524471084,1.98042248775223,1.98148258339184,1.98072124197793,2.01044246881934,1.97193208540227,1.96937821863412,1.96886744528049,1.96906018994223,1.96393318193976,1.96492581694776,1.96354769261627,2.00714653510346,1.95914347709535,2.00484323639558,1.88366466755518,1.95470071264208,1.95422848822079,1.9524745117989,1.95226249267097,1.94979536100061,1.94728004316481,1.87538628433314,1.94879308875953,1.99641065744415,1.94687527937514,1.94887018662423,1.94923640148154,1.95000738012853,1.9503350460535,1.95066271197847,1.88068676253119,1.8806771252981,1.99071505268952,1.96134076623926,1.88873385215913,2.07730559197941,2.07052097988591,2.04714105241599,2.02858937872283,2.02857974148974,2.04877938204084,2.02782803730893,1.95395864569435,1.95242632563346,1.94898583342127,1.95105783853506,1.95030613435424,1.94834977603751,1.94931349934624,2.0343235324098,1.94727040593172,2.02091814118529,2.04405713782803,1.9469041910744,2.02348164518653,2.03043009024251,2.0171788947474,2.02963019989626,2.03802422991535,1.94837868773677,1.94413830517833,2.03084449126527,2.04221642630835,2.03142272525051,2.0344006302745,1.94130495865065,2.02657519700757,2.0314323624836,2.03509451105679,2.02619934491716,2.03415969944732,2.02192041342638,2.01841246058258,1.93456853272259,1.93385537747413,2.01553092788946,1.93327714348888,2.01759329577016,1.93107985434497,1.93076182565308,1.92850671311064,1.92835251738125,2.0102400869245,2.01090505600753,2.00542147038083,2.00652975218587,2.02070612205737,2.00248211428918,2.006433379855,2.00165331224367,1.9910330813814,1.98433520438569,1.98398826399455,1.98331365767843,1.91067783189904,1.91060073403434,1.91004177451527,1.99217027488571,1.99760567434698,1.84237876100895,2.02313470479538,1.8376179678638,1.93454925825642,1.83371488846342,1.83333903637301,1.82825057730289,1.82795182307718,1.82680499233978,1.82388491071432,1.82150451414174,1.93787410367155,1.93439506252702,1.81795801236559,1.81496083287543,1.81401638403286,1.93426977849688,1.93161953939786,1.8601787305213,1.85931137954343,1.85888734128759,1.85810672540751,1.81245515227271,1.80975672700825,1.80871590583482,1.85978360396471,1.85714300209878,1.85611181815843,1.93051125759281,2.01555983958872,1.80889901326348,1.85650694471501,1.85755740312154,1.85599617136138,1.80861953350395,1.85596725966212,1.80440806264477,1.70601191282288,1.75224171994292,1.70083671865497,1.80455262114108,1.69563261278779,1.6973769519766,1.84054768672235,1.69354133320784,1.69101637813895,1.68842396243845,1.68870344219798,1.6876240720922,1.68548460634681,1.68401010968444,1.68456906920351,1.68397156075209,1.92464218264261,1.68005884411863,1.68133095888616,1.68087800893105,1.67972154096057,1.68133095888616,1.8291564772131,1.68025158878037,1.67738933055343,1.8248871829554,1.82636167961777,1.92277255942367,1.82806746987423,1.68153334078099,1.67949988459956,1.72769568726942,1.68152370354791,1.68086837169797,1.81795801236559,1.67963480586278,1.82065643763005,1.68472326493291,1.81333214048366,1.68769153272381,1.81120231197136,1.68741205296428,1.68819266884436,1.68512802872258,1.68491600959465,1.68425104051163,1.68454015750425,1.91088021379387,1.68808665928039,1.68757588592676,1.80515976682558
1.88187214220093,1.88500424295432,1.93337351581976,1.88496569402197,1.88431036217203,1.99692143079778,2.06758162379427,1.97178752690596,1.8806771252981,1.87956884349305,1.98458577244596,1.87570431302502,1.99725873395584,1.87347811218185,1.87242765377532,1.87063512842108,1.86937265088663,2.06814058331333,1.86732955747211,1.86759939999856,1.86552739488478,1.97189353646992,1.8610171697999,2.06098011912943,1.90725661415303,1.90741080988242,1.96867470061874,1.96971552179217,1.97055396107077,1.96601482428663,1.90354627941439,1.85367359818733,1.85441566513506,1.85335556949545,1.91295221890765,1.85132211331402,1.90386430810628,1.90386430810628,1.95402610632596,1.8552251927144,1.91743353229327,1.8559865341283,1.96297909586411,1.90860582678526,1.9087214735823,2.09429603391242,1.92116314149808,1.99209317702101,1.98834429335003,1.99079215055422,1.98476887987462,1.98382443103206,1.98254267903144,1.9838726171975,1.97978643036846,1.90391249427171,1.97658686898346,1.9713731258832,2.08735722608952,1.9686265144533,1.96751823264826,1.89406324205644,1.96233340124726,1.962304489548,1.88538009504473,1.95861342927554,1.9571967560117,1.95756297086902,1.95243596286655,1.95471998710825,1.95501874133396,1.87849911062036,1.95150115125707,1.87658130123597,1.94866780472939,1.8741238067987,2.0776139834382,1.99449284805977,1.94818594307502,1.94850397176691,2.07872226524325,1.94906293128597,1.9915727664343,1.95366952870173,1.95409356695757,1.95345750957381,2.07448188268481,1.96368261387949,2.07379763913561,2.08161343516946,2.04650499503222,2.03041081577634,2.03072884446822,1.95589572954491,2.02861829042209,1.95256124689668,1.95230104160332,1.95298528515253,1.94925567594772,1.95382372443113,1.94766553248831,2.04342108044427,2.03426570901128,2.03752309379481,2.02055192632797,2.01782458936425,2.03011206155063,2.02133254220805,2.01797878509365,2.034786119598,2.01370949083595,2.0354703631472,2.03241536025851,2.03212624326589,2.02654628530831,2.02497541631507,2.03077703063366,1.94337696376443,2.03131671568655,1.94024486301104,2.01989659447803,2.02090850395221,1.93810539726565,2.02864720212135,1.93766208454363,2.02012788807213,1.93362408388003,1.93394211257191,2.01762220746942,2.02302869523142,2.00968112740544,2.00026555067909,2.01740055110841,2.01014371459363,1.92743698023795,2.01220608247432,1.92189557121272,2.01506834070127,2.00484323639558,2.01418171525723,2.01432627375354,1.91776119821824,2.00061249107024,1.91478329319425,1.9125378178849,1.91089948826005,1.91075492976374,1.90912623737197,1.91044653830494,1.90952136392855,1.99718163609114,1.97842758050314,1.89406324205644,1.84234984930969,1.83827329971374,1.83465933730598,1.88533190887929,1.83160433441729,2.03128780398729,1.82764343161838,1.82616893495602,1.91998739906142,1.82431858620325,2.03141308801742,1.82037695787052,1.91680711214259,1.81543305729671,1.81510539137174,1.81366944364172,1.86407217268859,1.9214522584907,1.86124846339399,1.81331286601749,2.01341073661024,1.81024822589571,1.80967962914355,1.85747066802375,1.8110192045427,1.80801238781944,1.80868699413556,1.80658607732251,1.80821476971428,1.80793528995474,1.80869663136864,1.85691170850468,1.85703699253482,1.80694265494675,1.80693301771366,1.85576487776729,1.70499036611562,1.70143422710638,1.70037413146677,1.88928317444511,1.69731912857808,1.83903464112764,1.69367625447106,1.69171989615433,1.74730745660219,1.68742169019737,1.687932463551,1.68536895954976,1.68490637236157,1.68427995221089,1.68500274469244,1.88557283970648,1.78052699905431,1.72915090946562,1.68078163660018,1.68106111635971,1.67948061013339,1.68036723557742,1.67819885813277,1.67736041885417,1.67474872868749,1.67880600381727,1.82074317272784,1.67876745488492,1.67782300604236,1.67961553139661,1.67570281476314,1.67889273891506,1.67919149314077,1.67810248580189,1.81897955907285,1.68110930252515,1.67987573668997,1.68403902138371,1.68519548935419,1.6833547778345,1.68466544153438,1.68773008165616,1.68460761813586,1.80378164249409,1.68397156075209,1.68403902138371,1.89003487862592,1.68751806252824,1.68713257320475,1.68893473579208,1.69053451648458
1.90785412260444,1.88428145047277,1.88435854833747,1.88356829522431,1.88455129299922,2.00018845281439,1.88245037618617,1.99669977443677,1.99778878177564,1.87689932992786,1.9273213334409,1.87414308126487,1.87464421738542,1.92052708411431,1.92032470221948,1.86976777744321,1.87127118580484,1.86499734706497,1.86668386285526,1.86729100853976,1.91048508723729,1.86203871650716,2.07064626391605,2.06045007130962,1.85759595205388,1.8576634126855,1.85748030525684,1.97023593237889,1.96664124443731,1.9028523986321,1.90312224115855,1.90353664218131,1.85201599409631,1.85515773208278,1.85745139355757,1.85387598008217,1.96734476245269,1.90335353475265,1.9032378879556,2.02519707267608,1.85192925899852,1.85673823830911,1.85825128390382,1.90738189818316,1.85928246784417,2.09814128991427,1.92050780964814,2.01462502797925,1.98876833160588,1.98887434116984,1.9857036914841,1.91168010414012,1.98308236408434,1.97791680714951,1.97746385719441,2.09338049676912,1.97269342681617,1.97226938856032,2.08673080593884,1.9699275409201,2.00805243501367,2.10014583439644,1.9627574395031,2.00811989564528,1.96369225111258,1.95797737189178,1.95755333363593,1.9570425602823,1.95413211588992,1.95258052136286,1.95198301291144,1.95128913212915,1.95007484076014,2.08356979348619,1.94782936545079,1.94525622421647,1.94463944129888,1.94804138457871,1.99423264276641,1.94882200045879,1.94936168551168,1.94946769507564,1.95218539480628,1.95206011077614,1.95232995330259,1.95511511366483,1.95883508563655,1.96438613189487,2.07567689958764,2.06653116538774,2.06518195275552,2.0510152201171,1.9586423409748,2.04995512447749,2.04582075148302,2.03792785758447,1.95264798199447,1.95015193862484,1.95012302692558,1.95055670241451,1.94802211011254,1.94868707919557,1.94769444418757,2.03375493565765,1.94803174734563,2.03374529842456,2.02411770257029,2.04058773391658,1.94696201447293,2.04934797879299,1.94514057741942,2.04098286047317,2.02172766876463,2.03176966564165,2.03684848747869,2.02851228085813,2.03983602973577,2.02174694323081,1.94062071510145,2.02062902419267,2.03054573703956,2.04119487960109,2.02115907201248,1.93671763570107,1.93613940171583,2.0211397975463,1.93407703383514,2.01309270791836,1.93346025091754,2.02423334936734,2.01501051730274,2.01863411694359,2.01490450773878,2.01841246058258,1.92680092285418,2.00834155200629,2.00096906869447,2.00740674039682,1.98746730513908,2.02446464296144,2.01196515164714,1.91708659190213,1.99780805624182,1.99729728288819,1.98896107626762,1.91293294444148,1.90898167887566,1.91018633301158,1.90796976940149,1.99227628444967,1.99169805046443,1.98083688877498,1.84656132016886,1.84466278525065,1.83820583908213,1.83633621586318,1.9271671377115,1.83156578548494,1.8293877708072,2.01848955844728,1.82753742205442,1.82518593718111,2.01924126262809,1.82174544496892,1.9411893118536,1.81784236556854,1.81565471365771,1.81687864225981,1.86495879813262,1.91547717397654,1.88525481101459,1.8607087783411,2.01051956668404,1.91766482588737,2.00178823350689,1.80958325681268,1.85888734128759,1.8090339345267,1.80736669320259,1.81172272255807,1.81048915672289,1.92878619287018,1.81087464604639,1.80897611112818,1.80778109422535,1.85698880636938,1.97735784763045,1.85748994248992,1.80778109422535,1.70331348755842,1.70160769730195,1.69907310499998,1.69786845086406,1.6954784170584,1.69264507053071,1.84102954837672,1.73712090122886,1.74595824396996,1.82899264425061,1.68666998601655,1.68153334078099,1.7783200726773,1.73044229869932,1.68129240995381,1.83432203414792,1.83386908419282,1.67974081542674,1.72714636498345,1.83484244473464,1.83306919384657,1.83453405327584,1.67953843353191,1.82725794229489,1.6800010207201,1.68028050047964,1.79476119232433,1.79270846167672,1.72653921929894,1.67851688682465,1.67828559323055,1.67537514883817,1.92082583834002,1.87395997383621,1.67982755052453,1.67659907744027,1.68019376538185,1.77681666431567,1.81359234577702,1.81191546721982,1.68196701626992,1.68692055407682,1.85754776588845,1.68606284033205,1.68666998601655,1.85755740312154,1.68727713170106,1.78156782022774,1.8548397033909,1.80761726126286,1.68601465416661
1.99837665299397,1.88355865799122,1.88551501630795,1.88751956079012,1.88339482502873,1.88412725474337,1.99661303933898,1.88016635194447,1.87828709149244,1.9289211141334,1.95883508563655,1.92346644020596,1.92425669331912,1.87169522406069,1.91824305987261,1.91859000026376,1.91849362793288,1.86753193936695,1.86442875031282,1.86677059795305,1.86405289822241,1.98252340456527,1.86097862086755,1.90730480031846,1.85561068203789,1.98170423975284,1.85741284462522,1.97563278290781,1.85704662976791,1.90254400717331,1.90261146780492,1.96114802157752,1.85214127812644,1.85382779391673,1.90511714840763,1.85391452901451,1.85397235241304,1.85201599409631,1.90409560170037,1.96454996485735,2.03892049259247,1.85683461063998,1.85581306393272,1.85762486375315,1.86116172829621,2.08856188022544,1.91815632477482,1.99187152066,2.01393114719696,1.98686979668767,1.98527001599517,1.98391116612985,1.91087057656078,1.9811260057676,1.97978643036846,1.97857213899945,2.08434077213318,2.00828372860777,2.00817771904381,2.08236513935027,2.08261570741054,1.96711346885859,1.9639042702405,2.00714653510346,1.96006865147173,1.95980844617837,2.00375422905671,1.95749551023741,1.95734131450801,2.08446605616331,1.99892597527995,2.09100973742963,1.94847506006764,1.94796428671401,1.94755952292434,1.87282278033191,1.99725873395584,1.94569953693849,1.94921712701537,1.94819558030811,1.94768480695448,1.87540555879932,1.99420373106714,1.99035847506529,1.88097587952381,1.95555842638685,1.88485968445801,1.98695653178545,1.88928317444511,1.98419064588938,2.06438206240926,2.05354981241908,2.03490176639504,2.0514007094406,2.03681957577943,2.03668465451621,1.95217575757319,1.95023867372263,1.94866780472939,1.9494195089102,1.94826304093972,1.94864853026322,2.03521979508693,1.94719330806703,1.94783900268388,1.95042178115129,2.0445389994824,2.03392840585322,1.94710657296924,1.94702947510454,2.03709905553896,2.03065174660352,1.94544896887821,2.03818806287783,2.04097322324008,2.02127471880952,1.94200847666603,2.02368402708136,2.02130363050879,2.03383203352235,2.03532580465089,2.01865339140976,2.02089886671912,2.01653320013055,2.01921235092883,1.93479982631669,2.0165717490629,2.02437790786365,1.93299766372935,2.02454174082614,2.02112052308013,2.00255921215388,2.00301216210899,2.01714034581505,1.92711895154606,1.92674309945566,1.9240446741912,1.92082583834002,1.92195339461124,1.92019941818934,1.91892730342181,2.00493960872646,1.99828991789618,2.0046794034331,1.98877796883896,1.91126570311737,1.91028270534246,1.90850945445438,1.90745899604786,1.91042726383877,1.90930934480063,1.97916964745087,1.8443254820926,1.84200290891854,1.83866842627032,1.93851016105532,1.83466897453907,1.94001356941695,1.82879989958887,1.82879989958887,1.82668934554274,2.02158311026832,1.82172617050275,1.82218875769094,1.8683318297132,1.86745484150225,1.86699225431406,1.89796632145682,1.89685803965177,1.81739905284653,1.88435854833747,1.8825081995847,1.81368871810789,1.81180945765586,1.86128701232634,1.86092079746902,1.8113179587684,1.81387182553655,1.81169381085881,1.81171308532499,1.80874481753408,1.80540069765277,1.80796420165401,1.92585647401162,1.80887010156422,1.86024619115291,1.85814527433986,1.81105775347505,1.85905117425008,1.76491468145279,1.70072107185792,1.69825394018755,1.84807436576358,1.8472166520188,1.69072726114633,1.68828904117523,1.68644832965554,1.68578336057252,1.68580263503869,1.684954558527,1.88888804788853,1.68249706408973,1.68108039082589,1.68115748869059,1.68113821422441,1.67892165061432,1.6780253879372,1.67615576471825,1.67738933055343,1.83463042560672,1.83370525123033,1.67782300604236,1.67679182210201,1.82869389002491,1.67737969332034,1.72387934296683,1.7251996438998,1.67690746889906,1.67591483389106,1.67758207521518,1.6779482900725,1.67616540195134,1.67874818041875,1.67726404652329,1.68078163660018,1.81907593140373,1.68022267708111,1.81278281819768,1.68159116417952,1.68204411413462,1.68393301181974,1.8110192045427,1.68385591395505,1.73279378357264,1.79435642853466,1.68795173801717,1.80675954751809,1.80685591984896,1.6880095614157,1.68555206697842
1.87977122538789,1.88249856235161,1.88444528343526,1.88407906857794,1.9944639363605,1.88367430478827,2.00120999952165,1.88002179344816,1.88091805612528,1.92662745265861,1.95747623577123,1.92358208700301,1.92155826805466,1.87115553900779,1.8703845603608,1.87097243157913,1.87121336240632,1.98836356781621,1.98761186363539,1.990657229291,1.86376378122979,2.05827205663188,1.90744935881477,1.86040038688231,1.8601016326566,2.06090302126473,2.06003567028687,1.85578415223346,1.85453131193211,1.90357519111366,1.90355591664748,1.85539866290997,1.85601544582756,1.95465252647664,1.85485897785708,1.85680569894072,2.04417278462508,1.85629492558709,1.95119275979828,1.8555239469401,1.85469514489459,2.03472829619947,1.96082999288563,1.85869459662584,2.13743228921142,1.9953794735038,1.99679614676764,2.01385404933226,1.98900926243306,1.91467728363029,1.98585788721349,2.01089541877444,2.01436482268589,2.00861139453274,1.97828302200683,1.97743494549515,2.00821626797616,2.08978580882753,2.00705980000568,2.00716580956964,1.96879034741579,1.96409701490225,1.88975539886639,2.00432282580887,1.96086854181798,1.88496569402197,1.95732204004184,1.95562588701846,1.95525967216114,2.07758507173894,1.95234922776876,1.87757393624397,2.07139796809686,2.07125340960055,1.99935965076888,1.99928255290418,1.94664398578105,1.94676926981118,1.94219158409469,1.94814739414267,1.94759807185669,1.87532846093462,1.87610907681469,1.87786305323659,1.95534640725893,1.95523076046188,1.96057942482536,1.88809779477536,1.96395245640594,2.07119558620202,2.05352090071982,1.95687872731982,2.02736545012073,1.95545241682289,2.04043353818719,1.9516360725203,1.95161679805412,1.95053742794834,1.95128913212915,1.94798356118019,1.94717403360085,1.94823412924046,1.94767516972139,1.94682709320971,1.94782936545079,1.94792573778166,1.94763662078904,2.03802422991535,2.03111433379171,2.04495340050516,1.94628740815681,2.02499469078124,2.03350436759738,2.0265559225414,2.02968802329479,2.03271411448422,1.94262525958362,1.94191210433516,2.03815915117857,2.02447428019453,1.94015812791326,1.93821140682961,2.0344006302745,1.93710312502456,2.02851228085813,2.03128780398729,2.01111707513545,2.0378314852536,2.02529344500695,2.02040736783166,2.00522872571908,2.0159549661453,2.00831264030703,1.92698403028284,2.00797533714897,1.92442052628161,1.92315804874716,1.921375160626,2.00524800018525,2.00297361317664,1.91758772802267,2.00995096993188,2.00800424884824,1.98755404023687,1.91073565529756,1.91057182233508,1.91003213728218,1.91044653830494,1.90832634702572,1.90825888639411,1.98703362965015,1.97816737520979,1.84349668004708,1.84240767270821,2.030593923205,1.83824438801448,1.83475570963685,1.9369971154606,1.94100620442494,2.02483085781876,1.82616893495602,1.82441495853412,1.82453060533117,1.93731514415249,1.8206178886977,1.82029986000582,2.00829336584086,1.81571253705624,1.81512466583791,2.00883305089375,1.81399710956669,1.86151830592044,1.86115209106312,1.8622314611689,1.86036183794996,1.81335141494984,1.81137578216693,1.81220458421244,1.92813086102024,1.87797870003364,1.81152997789633,1.81052770565524,1.80992055997074,1.92466145710879,1.80772327082682,1.85945593803974,1.8114721544978,1.81080718541478,1.81128904706914,1.76577239519756,1.6967698062921,1.69525676069739,1.69436049802026,1.69165243552272,1.68938768574719,1.73761240011631,1.68620739882836,1.74043610941091,1.68479072556452,1.68338368953377,1.68386555118813,1.68296928851101,1.6829018278794,1.68089728339723,1.68089728339723,1.83904427836073,1.67998174625393,1.95359243083703,1.77060064897433,1.83200909820696,1.67386210324346,1.67625213704912,1.67393920110816,1.82806746987423,1.83203800990622,1.67462344465736,1.72473705671161,1.67300438949868,1.72537311409537,1.67648343064322,1.67691710613215,1.67450779786031,1.82003965471246,1.82056006529918,1.67730259545564,1.67761098691444,1.81491264670999,1.67799647623793,1.6810707535928,1.68295965127792,1.73026882850375,1.80950615894798,1.68707474980622,1.68370171822565,1.79264100104511,1.73302507716673,1.68500274469244,1.68675672111434,1.68289219064631,1.68683381897904
1.907805936439,1.88352974629196,1.88419471537498,1.99193898129162,1.8812071731179,1.88079277209515,1.87845092445492,1.88082168379441,1.87757393624397,1.87867258081593,1.87738119158222,1.87474058971629,1.92202085524285,1.86974850297704,1.99262322484082,1.87247583994076,1.99320145882606,1.97014919728111,1.9872263743119,1.86329155680851,1.86461185774148,1.96850123042317,1.96971552179217,1.90864437571761,1.85800071584355,1.85506135975191,1.90673620356631,1.85657440534662,2.06034406174566,1.90352700494822,1.90335353475265,1.96112874711134,1.95699437411687,1.90230307634613,1.9017152051278,1.85412654814244,1.85439639066888,1.85412654814244,1.96037704293053,1.85685388510616,1.85401090134539,1.85801999030973,1.85801999030973,1.85886806682142,1.99667086273751,1.9976634977455,1.99508071927809,2.01361311850508,2.01097251663914,1.98911527199702,2.01198442611331,1.91115005632032,1.9104754500042,1.9799117143986,2.00840901263791,2.00793678821663,1.97520874465197,2.00740674039682,1.97375352245578,1.9689349059121,1.96732548798651,1.89243454966467,1.9637500745111,1.96282490013472,1.88556320247339,1.95894109520051,2.00222190899582,1.95500910410087,1.95385263613039,1.95138550446003,1.87794978833438,1.87582959705516,1.95067234921156,1.94897619618819,1.87697642779256,1.94762698355596,1.87414308126487,1.94801247287945,1.87379614087373,1.94666326024722,1.94722221976629,1.87437437485897,1.99256540144229,1.88035909660622,1.8795302945607,1.95479708497295,1.95755333363593,1.98875869437279,2.0661842249966,2.06461335600336,1.9072758886192,2.04806622679237,2.04174420188707,2.03973002017181,2.05024424147011,2.04100213493934,1.95020976202337,1.94899547065436,1.94918821531611,1.95061452581304,1.94718367083394,1.94757879739052,2.0482011480556,1.94714512190159,2.01734272770988,2.02422371213426,1.94768480695448,2.03680030131325,2.03663646835077,1.94578627203627,2.036000410967,1.94463944129888,2.0385928266675,2.02932180843747,1.94307820953873,1.94334805206517,2.04378729530159,1.94128568418448,1.94098692995877,1.94024486301104,2.02368402708136,1.93820176959652,2.02438754509674,1.9369200175959,1.9353973347681,1.93529132520414,2.01919307646266,2.02786658624128,2.01229281757211,1.93109912881114,2.00430355134269,1.93119550114202,2.02033026996696,2.01766075640177,1.99350985028485,1.92444943798087,2.01457684181381,1.92231960946856,2.01653320013055,2.01503942900201,2.00683814364467,1.98866232204192,1.98755404023687,1.99421336830023,1.98696616901854,1.98762150086848,1.91067783189904,1.90973338305648,1.90793122046914,1.90790230876988,1.90762282901035,1.98895143903454,1.84275461309936,1.8423402120766,1.84140540046713,1.83752159553292,1.83611455950217,1.83280898855321,1.83063097387546,2.02473448548789,1.93695856652825,1.82368252881948,1.93947388436405,1.87068331458651,1.86919918069106,1.820540790833,1.82118648544986,1.81872899101258,2.04504013560294,1.81791946343324,1.81599201681577,1.93591774535482,1.81356343407776,1.93736333031792,1.81501865627395,1.8130719351903,1.92090293620472,1.81320685645353,1.81367908087481,1.811934741686,1.81312975858883,1.81133723323458,1.92445907521395,1.81089392051256,1.80757871233051,1.81113485133975,1.9940109864054,1.80962180574503,1.81116376303901,1.69889963480441,1.69678908075828,1.69510256496799,1.84591562555201,1.69104528983821,1.6893009506494,1.73646556937892,1.73577168859663,1.82531122121124,1.68271872045074,1.83894790602985,1.6787096314864,1.68196701626992,1.67816030920042,1.73306362609908,1.67816994643351,1.67753388904974,1.83344504593697,1.6759630200565,1.83394618205751,1.8313634035901,1.67416085746917,1.67304293843103,1.83017802392036,1.67458489572501,1.67369827028097,1.82590872966266,1.6719250193929,1.67481618931911,1.67267672357371,1.67425722980004,1.67482582655219,1.76742999928859,1.7670445099651,1.81958670475736,1.81610766361282,1.81684973056055,1.81375617873951,1.67489328718381,1.81392001170199,1.81062407798612,1.68135023335233,1.6811478514575,1.80419604351685,1.80106394276346,1.68207302583388,1.68615921266292,1.68255488748825,1.68241032899194,1.68299820021027,1.68700728917461
1.90864437571761,1.88147701564435,1.94746315059347,1.98405572462616,1.99426155446567,1.87958811795923,1.87828709149244,1.87948210839527,1.88003143068125,1.87619581191248,1.87498152054347,1.87548265666402,1.92050780964814,1.87117481347397,1.99322073329223,1.99238229401363,1.86762831169782,1.86751266490077,1.86598998207297,1.86473714177161,1.97162369394347,1.96828921129525,1.90861546401834,1.86098825810063,1.85745139355757,1.90434616976064,1.90496295267824,1.90467383568561,2.06009349368539,1.85495535018795,1.90396068043715,1.90320897625634,1.85666114044441,1.85702735530173,1.85444457683432,2.14098842822065,1.85696953190321,1.85557213310554,1.85782724564798,1.85630456282018,1.85222801322423,1.85814527433986,1.85831874453544,1.85867532215967,1.99708526376026,1.99590952132361,1.99365440878117,2.08577671986319,2.0105484783833,2.00968112740544,2.01058702731565,1.98252340456527,1.98261977689614,1.90723733968685,1.90696749716041,2.097890721854,2.08721266759321,2.00740674039682,1.96842413255847,1.96983116858922,2.00664539898292,1.96454996485735,1.96397173087211,1.9620731959539,2.0020098898679,1.95798700912486,2.08585381772789,2.00110398995769,1.95517293706336,1.9507976332417,1.87784377877042,1.8776317596425,1.95051815348216,1.95021939925645,1.94762698355596,1.99722018502349,1.99871395615203,1.94738605272877,1.94699092617219,1.94682709320971,1.94757879739052,1.94869671642865,1.95214684587393,1.95177099378352,1.95424776268697,1.95700401134995,1.95738950067345,1.96371152557875,2.05675901103717,2.06311958487482,2.06234860622783,2.03140345078434,2.04367164850454,2.04244771990244,2.04078047857833,2.04252481776714,1.94920748978228,1.94868707919557,1.94860034409778,1.94720294530011,1.94738605272877,2.02179512939624,2.05072610312448,2.03499813872592,2.04426915695595,2.02750037138396,1.9469041910744,1.94675963257809,2.03847717987045,2.03778329908816,2.03134562738581,2.05071646589139,1.94415757964451,2.02588131622528,2.02665229487227,2.03680993854634,1.94131459588374,1.94117003738743,2.02645955021052,2.01143510382733,2.02660410870683,2.02486940675111,2.02237336338148,1.93754643774658,1.93653452827241,2.02229626551678,1.93423122956453,1.93337351581976,1.93118586390893,1.93020286613402,1.93063654162295,2.03552818654572,2.01071231134578,2.02374185047989,2.01918343922957,2.01102070280458,2.01077013474431,2.00728145636669,2.00746456379534,1.91836834390275,1.9179443056469,2.00519981401982,1.91462909746485,1.9838726171975,1.98781424553023,1.91333770823115,1.90930934480063,1.90684221313027,1.90797940663458,1.90764210347652,2.00480468746323,1.98074051644411,1.99815499663296,1.8423402120766,1.84098136221128,1.83756978169836,2.02505251417977,1.93121477560819,1.93072327672074,1.82875171342343,1.82736395185885,1.82423185110546,1.93712239949074,1.87099170604531,1.82135031841234,1.82064680039696,1.82071426102858,1.86785960529192,1.81836277615526,1.8174183273127,1.93276637013526,1.93398066150426,2.02707633312811,1.93172554896182,1.93264108610512,1.91023451917702,2.02569820879662,1.93033778739724,1.81224313314479,1.8674162925699,1.86593215867445,1.86466004390692,2.01918343922957,1.81418021699535,1.81124086090371,2.01358420680582,1.81258043630285,1.81095174391109,1.81153961512941,1.75731090454687,1.69727094241264,1.69446650758422,1.69092964304116,1.73902907338015,1.73786296817658,1.8281638422051,1.73407553557325,1.68467507876747,1.84701427012397,1.84060551012088,1.67869999425331,1.7308374252559,1.67719658589168,1.73151203157202,1.67585701049254,1.67690746889906,1.83270297898925,1.67356334901775,1.67270563527298,1.78064264585135,1.67265744910754,1.67250325337814,1.67403557343903,1.7741278762843,1.82828912623524,1.82589909242957,1.67462344465736,1.82082990782562,1.67280200760385,1.67486437548454,1.67250325337814,1.67345733945379,1.67167445133263,1.67526913927421,1.81800619853103,1.675355874372,1.81905665693755,1.81520176370261,1.81262862246829,1.67943242396795,1.67866144532096,1.80081337470319,1.80122777572594,1.68302711190953,1.68222722156328,1.76664938340851,1.68475217663217,1.68426067774471,1.68489673512848,1.68583154673795
1.90554118666348,1.88423326430733,1.94271199468141,1.88269130701336,1.88354902075813,1.99395316300687,1.87936646159822,1.87826781702626,1.87801724896599,1.87847983615418,1.99405917257083,1.87467312908468,1.87463458015233,1.92047889794888,1.99206426532175,1.99252685250994,1.86654894159204,1.86613454056928,1.86359994826731,1.86427455458342,1.96720020395637,1.96927220907016,1.96934930693486,1.85986070182941,1.97473652023069,1.85764413821932,1.85905117425008,1.85413618537552,1.85448312576667,1.85645875854958,1.85775978501637,1.85702735530173,1.90338244645191,1.85684424787307,1.85482042892473,1.85744175632449,1.85494571295486,1.85305681526974,1.85713336486569,1.85521555548131,1.85528301611292,1.8567478755422,1.95375626379951,1.95763043150063,1.99505180757883,1.99747075308376,1.99257503867538,1.99053194526086,1.91788648224838,2.01051956668404,2.00925708914959,1.98548203512309,1.98139584829405,1.9815885929558,1.90564719622744,2.00683814364467,1.90022143399926,1.97085271529648,1.97203809496623,2.00527691188452,1.89228999116836,1.96103237478047,1.88903260638484,1.88764484482026,2.00240501642448,1.95821830271896,1.88415616644264,1.9523974139342,2.00037156024305,2.08578635709628,1.87713062352195,1.95028685988807,1.94951588124108,1.94682709320971,1.99745147861758,2.08391673387733,1.94642232942004,1.94724149423246,1.94515985188559,1.87476950141555,2.06480610066511,2.0676298099597,1.9514818767909,1.87744865221384,1.88095660505763,1.95481635943912,1.88491750785654,1.96067579715624,2.08131468094375,2.05746252905254,2.04858663737909,2.02979403285875,2.02917724994116,1.95182881718204,2.02782803730893,1.95167462145265,2.03064210937043,1.94819558030811,1.94934241104551,1.94560316460761,1.94684636767588,2.02245046124618,2.03637626305741,1.94436959877243,2.03645336092211,2.04100213493934,1.94507311678781,2.04677483755867,2.02911942654263,2.02181440386242,2.02711488206046,2.03154800928065,2.02481158335258,1.94177718307193,1.94197956496677,1.94153625224475,1.94063035233454,2.03417897391349,2.03657864495224,2.02866647658753,1.93835596532592,2.02751964585013,2.02214206978739,2.01510688963362,1.93612012724965,2.02025317210227,2.02175658046389,1.93252543930807,2.0344006302745,2.01738127664223,1.93099311924718,1.92830433121581,2.00083414743124,2.00090160806286,2.00379277798906,1.92467109434188,2.01787277552969,1.92166427761862,2.01043283158625,2.0026941334171,2.00068958893493,1.916190329225,1.91458091129942,2.0073489169983,1.91088021379387,1.91010923514688,1.90940571713151,1.90829743532646,1.90802759280001,1.90734334925081,1.981280201497,1.90531953030247,1.84667696696591,1.93499257097843,1.83764687956306,1.83786853592407,1.93765244731054,1.83233676413193,1.82932031017558,1.87722699585283,1.87494297161112,1.87497188331039,1.87323718135466,1.87150247939894,1.87033637419537,1.81923976436621,1.82022276214112,1.86727173407359,1.93373973067708,1.81652206463558,1.87135792090263,1.81308157242339,2.02440681956292,1.91134280098206,1.91095731165857,1.9313593341045,1.81354415961158,1.81447897122106,1.81245515227271,1.86706935217875,1.81077827371551,1.86728137130668,1.86417818225255,1.86331083127469,2.00009208048352,1.81182873212203,1.81331286601749,1.81232023100949,1.81080718541478,1.79208204152604,1.69389791083207,1.8422631142119,1.68959006764202,1.73718836186047,1.82631349345233,1.68710366150548,1.68244887792429,1.68234286836033,1.67856507299009,1.68066598980313,1.73172405069994,1.78604913361336,1.67698456676376,1.6761943136506,1.67203102895686,1.67560644243227,1.74320199530698,1.83951650278201,1.67312967352882,1.67219486191935,1.6744403372287,1.67097093331725,1.67048907166288,1.67123113861061,1.8274795986559,1.67087456098638,1.67221413638552,1.67005539617395,1.67180937259585,1.67129859924222,1.6719250193929,1.67171300026498,1.67423795533387,1.6751245807779,1.821533425841,1.67605939238738,1.81751469964357,1.67785191774162,1.67864217085479,1.67842051449378,1.67958661969735,1.72997007427804,1.7274836681415,1.73008572107509,1.68118640038985,1.68306566084188,1.68535932231667,1.77812732801555,1.68261271088678,1.68240069175885
1.88154447627596,1.88457056746539,1.94265417128288,1.88383813775075,1.88162157414066,1.87912553077104,1.87667767356685,1.87520317690448,1.87523208860374,1.87798833726673,1.87490442267877,1.87322754412157,1.87374795470829,1.86973886574395,1.99472414165386,1.86495879813262,1.86683805858466,1.86489133750101,1.8618556090785,1.86242420583065,1.86387942802684,1.96790372197175,1.9678651730394,1.96844340702464,1.85860786152806,1.85595762242903,1.85417473430787,1.85342303012706,1.856063631993,1.85482042892473,1.85656476811354,1.85562031927098,1.85563959373715,1.85765377545241,1.85494571295486,2.04063592008202,1.85563959373715,1.85186179836691,1.85699844360247,1.85788506904651,2.03739780976467,1.96233340124726,1.8549168012556,1.85618891602313,1.99504217034574,1.99481087675165,1.9927099599386,2.01022081245833,1.98947184962125,1.99033920059911,2.00936309871355,1.98406536185925,1.90770956410813,1.9799117143986,2.07961852792037,1.97358968949329,1.9732042001698,2.0838685477119,1.96880962188196,1.9680964666335,1.96773025177618,1.96428012233091,1.96348986921774,1.95979880894529,1.96012647487026,1.95797737189178,1.88351047182578,1.95441159564945,1.95298528515253,2.00103652932608,2.08111229904891,1.95050851624908,1.95000738012853,1.94818594307502,1.9490436568198,1.9461428496605,1.9453044103819,1.94494783275767,1.94754024845817,1.94693310277367,1.9914185707049,1.94860998133087,1.947520973992,1.95179026824969,1.87939537329748,1.99058976865939,2.0651915899886,1.95891218350125,1.98597353401054,1.9846339586114,2.03092158912997,2.04078047857833,2.0437776580685,2.04439444098609,2.02598732578924,2.03186603797253,1.94773299311992,1.95006520352706,1.9457669975701,1.94596937946493,1.94626813369064,2.02171803153154,2.06730214403473,1.9416518990418,2.05009004574072,1.94427322644156,2.04947326282313,1.94632595708916,2.03671356621547,2.04433661758757,2.0140564312271,2.02780876284275,2.02822316386551,2.02245046124618,1.94183500647046,2.03537399081633,1.94138205651535,1.94128568418448,1.94101584165803,2.02702814696268,2.02629571724804,1.93766208454363,1.93682364526503,2.02692213739871,2.01528035982919,2.03080594233292,1.93374936791017,2.02069648482428,1.93081001181852,2.01667775862686,2.02401169300633,2.0153478204608,2.01182059315083,2.02168911983228,2.01991586894421,2.01194587718097,1.92295566685233,2.01434554821972,1.99544693413541,1.9177901099175,1.91789611948147,2.00953656890913,2.00029446237835,1.99987042412251,1.90932861926681,1.90930934480063,1.91033089150789,1.908798571447,1.90804686726619,1.90775775027357,1.90644708657369,1.97844685496932,1.84574215535644,1.84415201189702,1.88849292133195,1.83684698921681,1.83439913201262,1.88149629011053,1.82875171342343,1.91012850961306,1.82600510199353,1.82599546476045,1.82410656707533,1.8707700496843,1.87036528589463,1.92083547557311,1.82081063335945,1.81754361134284,1.93406739660205,2.01396005889622,1.81745687624505,1.93373973067708,1.81537523389818,1.93351807431607,1.93325786902271,1.93203394042062,2.02461883869084,1.81285991606238,1.9154289878111,1.91476401872808,1.81117340027209,1.86590324697518,1.86379269292905,1.81283100436312,1.81090355774565,1.81446933398797,1.81266717140063,1.81371762980716,1.69624939570538,1.69430267462174,1.84876824654587,1.79151344477389,1.68954188147659,1.73524164077682,1.8274025007912,1.82691100190375,1.73054830826328,1.68120567485602,1.84507718627341,1.67777481987692,1.67642560724469,1.67575100092858,1.67582809879328,1.67478727761984,1.67433432766474,1.67389101494272,1.67232978318257,1.67249361614505,1.67120222691135,1.67209848958847,1.67221413638552,1.67167445133263,1.82868425279182,1.66752080387198,1.67102875671578,1.66921695689535,1.67043124826436,1.67054689506141,1.67064326739228,1.82433786066942,1.8238174500827,1.67136605987383,1.66913985903065,1.82109975035207,1.67387174047655,1.67541369777052,1.67613649025207,1.67554861903375,1.80849424947381,1.67715803695933,1.78592384958322,1.67926859100546,1.72862086164581,1.72750294260768,1.68274763215,1.68147551738247,1.6846558043013,1.68027086324655,1.75809152042694,1.73177223686538
1.90486658034736,1.8828840516751,1.88134209438113,1.88233472938913,1.87944355946292,1.87888459994385,1.87812325852995,1.87727518201826,1.87719808415356,1.87442256102441,1.87487551097951,1.87291915266278,1.87390215043769,1.99547584583468,1.86869804457052,1.98690834562002,1.91463873469794,1.91420505920901,2.0439318537979,1.86167250164984,1.99509999374427,1.86354212486878,1.95903746753139,1.96859760275404,1.85535047674453,1.85877169449054,1.85695989467012,2.05674937380408,1.85495535018795,1.8556010448048,1.85458913533063,1.85435784173653,1.97490999042626,1.97098763655971,1.90356555388057,1.90396068043715,1.91793466841382,1.85686352233925,1.8566707776775,1.85622746495548,2.03306105487536,1.85480115445855,1.8555239469401,1.90593631322006,1.90728552585229,1.99222809828424,2.00923781468342,1.99085961118583,1.98924055602716,2.01071231134578,1.98281252155789,1.9840268129269,1.98071160474485,1.90714096735598,2.1017745267882,1.90421124849742,1.97353186609477,1.97382098308739,2.00725254466742,1.96773025177618,1.96676652846744,1.96454996485735,1.88891695958779,2.00394697371846,2.08225912978631,1.95687872731982,2.00213517389804,1.9570425602823,2.08981472052679,1.99796225197121,2.07830786422049,1.94862925579704,1.87387323873843,1.87342992601641,1.94685600490897,1.94636450602151,1.94486109765989,1.94546824334439,1.87382505257299,1.94757879739052,1.94575736033701,1.99094634628362,1.94682709320971,1.95083618217405,1.95073017261009,1.98709145304868,1.98752512853761,1.95799664635795,1.88940845847524,2.0613848829191,2.06088374679855,2.03412115051497,2.041185242368,2.04405713782803,2.03365856332678,2.02402133023942,1.94848469730073,1.94867744196248,1.94796428671401,1.94856179516543,1.94636450602151,1.94719330806703,2.04800840339385,2.04671701416014,2.04290066985755,2.05783838114295,1.94666326024722,2.04287175815829,2.0302855317462,2.02393459514163,2.02710524482737,2.01739091387532,1.94486109765989,2.03713760447131,2.04265010179728,1.94108330228964,2.03047827640795,1.94117967462052,2.02791477240671,2.02501396524742,2.02723052885751,1.93718986012235,2.03096013806232,2.02169875706537,2.01613807357396,2.01999296680891,2.03544145144794,2.02140000283966,2.0280015075045,1.93046307142738,2.00830300307394,2.02051337739562,2.01675485649156,2.00701161384024,2.03038190407708,2.00632737029104,1.99490724908252,1.99437720126272,2.00886196259301,1.91767446312046,2.01659102352907,1.91483147935969,2.00280014298106,1.99509999374427,1.91001286281601,1.90783484813827,1.9071987907545,1.90752645667947,1.9073529864839,1.9071987907545,2.00523836295217,1.97730002423192,2.00660685005057,1.84323647475373,1.83872624966884,1.84075006861719,1.88390559838236,1.88758702142173,1.87898097227473,1.87722699585283,1.82524376057963,1.93559971666294,2.02039773059858,1.82430894897016,1.9402737747103,1.93596593152026,1.81944214626105,1.93209176381914,2.01815225528922,2.01030754755611,1.81785200280163,1.8655081204186,1.81685936779363,1.93430832742923,1.81447897122106,1.81242624057345,1.81386218830347,2.02806896813611,1.92795739082466,1.91436889217149,1.90725661415303,1.81435368719092,1.81385255107038,1.81259007353594,1.81288882776164,1.81270572033298,1.81105775347505,1.91850326516597,1.8143729616571,1.84777561153787,1.69124767173305,1.69043814415371,1.6843474128425,1.6843474128425,1.73390206537768,1.68112857699132,1.67936496333634,1.67777481987692,1.84244622164056,1.84070188245175,1.67495111058233,1.82789399967866,1.72684761075774,1.67246470444579,1.67203102895686,1.67188647046055,1.67151061837014,1.67378500537876,1.66969881854972,1.67103839394886,1.66957353451959,1.67160699070102,1.82805783264114,1.83013947498801,1.66851343887998,1.66761717620285,1.87779559260498,1.82853969429551,1.76385458581318,1.8240487436768,1.66903384946669,1.78971128218655,1.90909732567271,1.90757464284491,1.67471981698823,1.67457525849192,1.67424759256695,1.67475836592058,1.67713876249316,1.67624249981604,1.68056961747226,1.72602844594531,1.7591130671342,1.80396474992275,1.68095510679575,1.77807914185012,1.67957698246426,1.80443697434403,1.73239865701605,1.73176259963229
1.90482803141501,2.1518495899101,1.88338518779565,1.88139028054656,1.99275814610404,1.99431937786419,1.99334601732237,1.875039343942,1.87547301943093,1.87577177365664,1.87567540132576,1.9203054277533,1.8716855868276,1.87173377299303,1.87025927633067,1.86927627855576,1.97644231048715,1.8645925832753,1.91628670155588,1.91276911147899,1.86412035885402,1.86376378122979,1.97029375577742,1.97057323553695,1.86008235819042,2.0617607350095,1.85536011397762,1.85618891602313,1.85672860107602,1.85528301611292,2.05286556886987,1.85479151722546,1.85741284462522,1.85315318760061,1.85541793737614,1.90345954431661,1.8556010448048,1.90358482834674,1.85807781370825,1.90493404097897,1.85658404257971,1.9680193687688,1.94335768929826,1.90589776428771,1.99360622261573,2.10734484751269,2.08746323565348,1.99110054201302,1.99039702399764,2.00831264030703,1.98510618303268,1.98349676510709,1.97864923686415,1.90568574515979,1.9764037615548,1.97215374176328,1.97437994260645,2.00469867789927,1.97319456293671,2.00506489275659,1.96598591258737,1.96791335920484,2.0909519140311,1.96102273754738,1.8860161524285,1.8857077609697,1.88363575585592,2.00171113564219,1.88073494869662,1.9504892417829,2.00397588541772,1.95128913212915,1.99830919236236,2.08114121074818,1.94750169952582,1.94880272599261,2.08097737778569,1.99108126754684,1.94520803805103,1.94868707919557,1.94482254872754,1.94768480695448,1.87414308126487,1.9494966067749,1.95081690770787,1.9573509517411,1.98809372528976,1.96122511944221,1.98325583427991,2.07025113735946,1.95709074644774,1.95457542861194,2.03595222480157,2.03749418209554,2.04950217452239,2.03909396278804,1.94917857808302,1.9479739239471,1.94796428671401,1.9454586061113,1.94630668262299,1.94906293128597,2.0302855317462,2.04958890962017,2.04204295611278,2.03831334690797,1.94636450602151,1.94379136478719,2.03999986269826,2.01796914786056,2.0147406747763,2.01603206401,2.0146635769116,1.94221085856086,2.03778329908816,2.03177930287474,2.02722089162442,1.94116040015434,2.02751964585013,2.02906160314411,2.0254861896687,2.01868230310903,2.03167329331078,2.02955310203156,1.93438542529393,1.93385537747413,1.93445288592554,2.01540564385933,2.01360348127199,2.01333363874554,2.01983877107951,2.00205807603334,1.92743698023795,2.01516471303214,2.02088922948603,2.00398552265081,1.92132697446056,2.00482396192941,2.02090850395221,2.01826790208627,2.00675140854688,2.00735855423138,2.00386023862067,1.91159336904234,1.91068746913212,1.90835525872498,1.97945876444349,1.90801795556693,1.90783484813827,1.98202226844473,1.98186807271533,1.98048994838384,1.84792017003418,1.84375688534044,1.83824438801448,1.83886117093207,1.83546886488532,1.88122644758408,1.87922190310191,1.87647529167201,1.93946424713097,2.01757402130398,1.93001012147227,1.93179300959343,1.93058835545751,1.82360543095478,1.82088773122415,1.8178038166362,1.82357651925552,2.0173330904768,1.81715812201934,1.81739905284653,1.86392761419228,1.82118648544986,1.86366740889892,1.81508611690556,2.02031099550079,1.81464280418354,1.81369835534098,1.81444042228871,1.92746589193721,1.81563543919154,1.81435368719092,1.81381400213803,1.81408384466448,1.8606316804764,1.81443078505562,1.8139874723336,1.69467852671215,1.69365698000489,1.6893780485141,1.68870344219798,1.68747951359589,1.68397156075209,1.74076377533588,1.68036723557742,1.84363160131031,1.67813139750116,1.67654125404174,1.84162705682814,1.67557753073301,1.67173227473115,1.67438251383018,1.67259962570901,1.66851343887998,1.6710094822496,1.67051798336215,1.67011321957248,1.67037342486584,1.6696409951512,1.83405219162148,1.83150796208641,1.67081673758785,1.66979519088059,1.66815686125574,1.66705821668379,1.66594993487874,1.66927478029388,1.8239716458121,1.82529194674507,1.82368252881948,1.66921695689535,1.6695638972865,1.67049870889597,1.67086492375329,1.67157807900175,1.67293692886707,1.67279237037076,1.67725440929021,1.67701347846302,1.67661835190644,1.67843978895995,1.67825668153129,1.67894092508049,1.67694601783141,1.67842051449378,1.80750161446581,1.68196701626992,1.68376917885726,1.68064671533696
1.89414997715422,1.88305752187068,1.87998324451581,1.99142820793799,2.06480610066511,1.87918335416956,1.87680295759698,2.06735033020017,1.99640102021106,1.87667767356685,1.97530511698284,1.92110531809956,1.87098206881222,1.87161812619599,1.86973886574395,1.86797525208897,1.86798488932205,1.86547920871934,1.98586752444658,1.91191139773422,1.8633782919063,1.86274223452253,1.86205799097333,1.97086235252957,1.8599474369272,1.86071841557419,1.85420364600714,1.85529265334601,1.85586125009816,1.85666114044441,1.8569020712716,1.85761522652006,2.0438547559332,1.96743149755047,1.85701771806864,1.85711409039952,1.9038450336401,1.85717191379804,2.02218061871974,2.02344309625418,1.96452105315809,1.85426146940566,2.01703433625109,1.95119275979828,1.9523203160695,1.99605407981992,1.99085961118583,1.99030065166677,1.91513987081848,1.98737093280821,2.00695379044171,1.91038871490642,1.90852872892056,1.9812031036323,1.9772422008334,1.97603754669748,1.97498708829096,2.00534437251613,1.97089126422883,1.97039976534138,2.00412044391403,1.96308510542807,1.96481017015071,1.95935549622327,1.95765934319989,1.95708110921465,2.00188460583777,2.07166781062331,1.99947529756593,1.99863685828733,1.95026758542189,1.95031577158733,1.94997846842927,1.94799319841328,1.87376722917447,1.99703707759483,1.94679818151044,1.87147356769968,1.87104952944383,2.0656541771768,1.99155349196812,1.87431655146045,1.8748851482126,1.94955443017343,1.95173244485117,1.98687943392075,1.98677342435679,1.95861342927554,2.07148470319465,1.9846339586114,1.90701568332584,2.04416314739199,2.05164164026778,2.03459337493625,2.03589440140304,2.04744944387478,1.94924603871463,1.94799319841328,1.9470583868038,2.01779567766499,1.94540078271278,1.9470583868038,1.94435032430626,1.94411903071216,2.0344006302745,1.94301074890711,2.04869264694305,2.04012514672839,1.94367571799014,2.03814951394548,2.02914833824189,2.01774749149955,2.0344006302745,1.94216267239543,1.94243251492187,1.94175790860576,2.02196859959181,1.94003284388312,2.0245706525254,1.93737296755101,2.02392495790855,1.93665017506946,2.03459337493625,2.02795332133906,2.01416244079106,2.02151564963671,2.02349128241962,1.93096420754792,2.01477922370865,2.01504906623509,1.92992338637449,2.00438064920739,2.00449629600444,2.01576222148356,2.02166020813302,2.01101106557149,1.92178956164876,1.91967900760263,1.91906222468504,1.91993921289599,1.99485906291708,1.9997258656262,1.99989933582177,1.99834774129471,1.90929970756755,1.90849017998821,1.90673620356631,1.91045617553803,1.90679402696483,1.9074300843486,2.00004389431808,1.90653382167147,2.01442264608442,1.84237876100895,2.00825481690851,2.01009552842819,1.83703009664547,1.83188381417682,1.87940501053057,1.83108392383057,1.82966725056673,1.82524376057963,1.92916204496058,1.93147498090155,1.93058835545751,1.9299908470061,1.92842961524595,1.91120787971884,1.9340288476697,1.81704247522229,1.82094555462267,1.81743760177888,1.82036732063743,1.81705211245538,1.81546196899597,1.81479699991294,1.91880201939168,1.9164216228191,1.81696537735759,1.86430346628268,1.81733159221491,2.00886196259301,1.81540414559744,1.81335141494984,1.81435368719092,2.01422026418958,1.81257079906976,1.81430550102549,1.69098746643969,1.69227885567339,1.8456168713263,1.68554242974533,1.68729640616723,1.84562650855939,1.68209230030006,1.68005884411863,1.8421089184825,1.89255019646172,1.84138612600095,1.6730718501303,1.67185755876129,1.67150098113706,1.84118374410612,1.72143148576264,1.72103635920606,1.6713949715731,1.7419684294718,1.66810867509031,1.66966990685046,1.83439913201262,1.66721241241318,1.76849973216129,1.83057315047694,1.66768463683446,1.6671256773154,1.66687510925513,1.66583428808169,1.66714495178157,1.66564154341994,1.66543916152511,1.66647998269854,1.66541988705894,1.82475226169218,1.82096482908885,1.66817613572192,1.78463246034952,1.67194429385907,1.81737014114726,1.67175154919733,1.67595338282341,1.8135345223785,1.80826295587971,1.67769772201223,1.6779482900725,1.68047324514138,1.67871926871949,1.80505375726162,1.68145624291629,1.68031904941199,1.67973117819366
1.83421602458396,1.99419409383406,1.87927008926735,1.88177576987006,1.88218053365973,1.99071505268952,1.88101442845616,1.87794978833438,1.87665839910067,1.87754502454471,1.92112459256573,1.92001631076068,1.87209035061727,1.87007616890201,1.86827400631467,1.86838965311172,1.86734883193829,1.86498770983189,2.05506285801379,1.96819283896437,1.862462754763,1.86310844937985,1.86140265912339,1.90708314395745,1.90584957812227,1.90530025583629,1.85791398074577,1.85663222874515,1.85599617136138,1.85482042892473,2.05332815605807,2.0484228044166,1.85419400877405,1.85478187999238,1.85775014778328,1.85726828612891,1.85756704035462,1.90396068043715,1.85700808083556,1.9283910663136,1.85706590423408,1.85707554146717,1.85576487776729,1.95011338969249,1.95050851624908,2.08598873899111,1.91753954185723,1.99003080914032,1.99080178778731,1.98765041256774,2.0073489169983,1.98208009184325,1.98248485563292,1.90524243243777,1.97723256360031,1.90120443177417,2.08039914380045,2.08404201790747,1.96875179848344,1.96799045706954,1.89152864975446,1.96395245640594,1.96244904804431,1.88699915020341,1.95787136232782,1.95560661255229,1.95366952870173,1.95451760521342,1.95214684587393,1.95050851624908,1.87792087663512,1.94787755161623,1.9491207546845,1.94720294530011,1.87230236974519,1.94516948911868,1.94509239125398,1.87270713353486,1.87175304745921,2.08679826657045,1.9920257163894,1.94914966638376,1.87567540132576,1.98827683271842,1.95684981562056,1.95565479871772,2.07175454572109,1.95724494217714,2.07706466115222,1.98381479379898,2.04755545343874,2.04508832176838,1.95391045952891,2.03494995256048,1.94907256851906,2.03947945211154,1.94791610054858,1.94615248689359,1.94703911233763,1.94524658698338,1.94646087835239,1.94493819552458,1.94520803805103,1.94327095420047,1.94352152226074,2.04088648814229,1.94483218596062,2.03161546991226,2.0173330904768,2.04360418787293,2.03323452507093,2.03011206155063,2.0318853124387,1.94223013302704,1.94066890126689,2.0281557032339,2.02770275327879,2.02893631911397,2.02476339718715,2.02151564963671,2.02759674371483,1.93627432297905,2.01593569167913,2.02724980332369,2.0351619716884,2.0253319939393,2.02423334936734,2.01840282334949,2.02170839429846,2.02058083802723,1.92788029295997,1.92721532387694,2.0099413326988,2.01886541053769,2.01125199639868,1.99866576998659,2.01085686984209,2.00684778087775,1.9180985013763,2.00082451019816,2.0143551854528,2.0071947212689,1.99965840499459,1.99726837118892,1.91015742131232,1.90899131610875,1.90700604609275,1.90566647069361,1.90485694311427,1.90382575917393,2.00172077287528,1.84734193604894,1.8467637020637,1.84167524299357,1.9333446041205,1.83708792004399,1.83557487444928,1.92438197734926,1.8302262100858,1.87718844692048,1.87526100030301,1.93792228983699,1.93569608899381,1.92795739082466,1.92558663148518,1.82383672454888,1.93373009344399,1.93749825158115,1.82223694385638,1.82076244719401,1.93355662324842,1.82034804617126,1.81822785489204,1.8165027901694,1.93358553494768,1.93368190727855,1.8167340837635,1.91486039105895,1.9146676463972,1.86488170026792,1.8639083397261,1.86460222050839,1.81562580195845,1.81434404995783,1.81730268051565,1.81394892340125,1.81227204484405,1.81387182553655,1.77080303086916,1.69104528983821,1.68438596177485,1.68582190950487,1.68568698824164,1.84393035553601,1.68189955563831,1.77083194256843,1.67732186992182,1.67578954986093,1.67361153518319,1.7794669034147,1.84445076612273,1.67053725782832,1.6680412144587,1.67019031743718,1.66667272736029,1.83767579126232,1.71710436810642,1.66608485614196,1.66748225493963,1.83394618205751,1.83392690759134,1.66466818287812,1.66621977740519,1.76951164163546,1.66455253608107,1.6668943837213,1.66256726606508,1.71404936521773,1.72406245039549,1.72241448353755,1.66578610191625,1.6676557251352,1.66680764862351,1.66779064639842,1.80359853506543,1.78669482823021,1.6709323843849,1.8175725230421,1.72095926134136,1.72201935698097,1.67266708634063,1.77179566587716,1.6780253879372,1.67757243798209,1.67807357410263,1.80576691251009,1.67833377939599,1.68031904941199,1.67911439527607,1.68147551738247
1.9921799121188,1.88077349762897,1.99711417545953,1.99106199308067,1.88096624229072,1.87883641377842,1.87795942556747,1.87602234171691,1.87654275230362,1.87415271849796,1.87198434105331,2.05831060556423,2.00418790454564,1.86784996805883,1.91790575671455,1.91891766618873,1.86627909906559,1.86405289822241,1.99518672884205,1.96731585075342,1.97087198976266,1.98075979091028,1.93001012147227,1.93075218842,1.96700745929463,1.85612145539152,1.90416306233198,2.06047898300889,1.85422292047331,1.97828302200683,1.85382779391673,1.8540012641123,1.90324752518869,1.85519628101513,1.96781698687397,1.9641355638346,1.85642020961723,1.94717403360085,1.90461601228709,1.92717677494459,1.85640093515105,1.95827612611748,1.85662259151206,1.85528301611292,1.91486039105895,1.99399171193922,1.99163058983282,1.98831538165077,1.91354009012598,1.9112367914181,2.08080390759012,2.08090991715408,2.08052442783058,2.00422645347799,1.97839866880388,2.00529618635069,1.97445704047115,2.08736686332261,1.96760496774604,2.08528522097574,1.96990826645392,2.00114253889004,1.88858929366282,1.95872907607259,1.96027103336657,1.95813156762117,1.95416102758918,2.00011135494969,2.09491281683001,1.94678854427736,1.94707766126998,1.87475022694938,1.94679818151044,1.94669217194648,1.94568026247231,1.99817427109913,1.94464907853196,1.94442742217095,1.99269068547243,1.94723185699938,1.94683673044279,1.94709693573615,2.07201475101445,1.98865268480883,1.95226249267097,1.95326476491206,1.98709145304868,1.887615933121,1.88868566599369,2.06822731841112,2.04544489939261,2.04307414005312,1.9546043403112,2.03049755087412,2.04029861692396,1.95027722265498,1.94719330806703,1.94799319841328,1.94573808587083,1.94465871576505,1.94432141260699,1.94198920219985,2.0231250675623,2.03934453084832,1.9437046296894,2.04763255130344,1.94318421910269,2.01548274172402,2.01772821703338,1.94468762746431,2.02881103508384,2.01598387784457,2.03763874059185,2.03290685914596,2.02075430822281,2.02638245234582,1.93935823756701,2.03427534624437,2.02041700506475,2.03813023947931,2.0206868475912,2.01868230310903,1.93442397422628,1.933951749805,2.02401169300633,2.02550546413487,2.01082795814283,1.93126296177363,2.01506834070127,2.00763803399092,2.02096632735073,2.01541528109241,1.99747075308376,2.0167934054239,2.01746801174002,2.0110785262031,2.00348438653027,2.00905470725476,1.91716368976683,2.00166294947676,2.02007970190669,2.01688977775478,2.002241183462,1.98195480781312,1.90743972158169,1.90861546401834,1.90746863328095,1.90625434191194,1.90510751117455,1.90395104320406,1.99423264276641,1.89703150984734,1.89446800584611,1.84367015024266,1.8389093570975,1.93553225603133,1.8341871128847,1.92434342841691,1.83142122698863,1.82726757952798,1.933951749805,1.82607256262515,1.9369200175959,2.0255632875334,1.92200158077668,1.92034397668565,1.82022276214112,1.82030949723891,1.82134068117925,1.81943250902796,1.81946142072722,1.86700189154714,1.86652002989278,1.86557558105021,1.81732195498183,1.93130151070598,1.81846878571922,1.81556797855993,1.86426491735033,1.91274019977973,1.86446729924517,1.86227964733434,1.81552942962758,1.81502829350704,1.81501865627395,1.81422840316079,1.8149801073416,1.90016361060073,1.81123122367062,1.68832759010758,1.68516657765493,1.68454015750425,1.74191060607327,1.76964656289868,1.67977936435909,1.67820849536586,1.67546188393596,1.84821892425989,1.84673479036444,1.67043124826436,1.66814722402266,1.66837851761675,1.84078861754954,1.66626796357062,1.84056696118853,1.66588247424713,1.6661330423074,1.66401285102818,1.66395502762966,1.66550662215672,1.83407146608765,1.83432203414792,1.75931544902904,1.66456217331416,1.66242270756877,1.66162281722252,1.66441761481785,1.82729649122724,1.7226072281993,1.80391656375732,1.66627760080371,1.82157197477335,1.66481274137443,1.66520786793101,1.66528496579571,1.66499584880309,1.66865799737629,1.66881219310568,1.66732805921023,1.67143352050544,1.674363239364,1.80881227816569,1.76886594701861,1.80542960935203,1.80689446878131,1.67546188393596,1.80662462625486,1.80574763804391,1.80498629663001,1.67774590817766
1.99262322484082,1.99536019903763,1.88131318268187,1.87868221804902,1.97171042904126,1.87933754989896,1.87652347783745,1.87628254701027,1.87756429901088,1.87561757792724,1.87322754412157,1.87142538153424,1.87238910484298,1.91734679719549,1.86814872228454,1.91643126005219,1.95322621597971,1.95465252647664,1.86410108438785,1.98648430736417,2.05412804640432,1.98147294615875,1.905599010062,1.90703495779202,2.03703159490735,1.85539866290997,1.90328607412104,1.856063631993,1.85549503524084,1.85509027145117,1.85429038110492,1.90461601228709,1.85430001833801,1.85396271517995,2.04426915695595,2.04426915695595,1.85463732149607,1.96241049911196,2.03086376573144,1.94718367083394,1.95420921375462,1.8555239469401,1.85700808083556,1.8572008254973,1.85786579458033,1.99342311518707,2.00846683603643,1.98920200709481,2.08530449544191,2.08185436599664,1.98529892769443,2.08115084798126,2.08054370229676,1.97510273508801,1.97489071596008,2.00364821949275,1.9738113458543,2.00184605690542,1.89498841643282,1.96681471463288,2.00206771326643,1.96727730182107,1.96140822687087,1.96370188834566,2.00000534538573,2.08182545429738,1.95597282740961,1.95465252647664,1.95225285543789,1.94894728448892,1.94902438235362,1.94880272599261,1.99542765966924,1.94586336990097,1.9453044103819,2.09378526055879,1.9957649628273,1.94600792839728,2.08395528280968,2.06414113158208,1.99068614099026,1.9471354846685,1.94838832496986,1.95077835877552,1.9505663396476,1.95019048755719,1.98313055024977,1.98355458850562,1.96750859541517,1.97338730759846,1.95433449778476,1.95451760521342,2.03488249192887,2.02994822858814,1.95032540882042,2.03670392898238,1.94714512190159,1.94522731251721,1.94552606674291,1.94525622421647,1.94363716905779,1.94293365104241,1.94341551269678,1.94336732653135,1.94404193284746,1.94356007119309,2.03711833000514,2.02875321168531,2.01288068879044,2.02554401306722,2.02591022792454,2.03359110269516,2.02773166497805,2.04460646011401,2.01996405510964,2.01793059892821,1.93866435678472,2.020224260403,2.01849919568037,2.02071575929046,2.0107026741127,2.01061593901491,2.00836082647247,2.02917724994116,2.01006661672893,2.00773440632179,1.93101239371336,2.01007625396202,2.00145093034884,2.0085632083673,2.01127127086485,2.01506834070127,2.01427808758811,2.01475994924247,2.01316980578306,1.99837665299397,1.92060418197901,1.91972719376806,2.01940509559058,1.91596867286399,2.01343001107642,2.01065448794726,1.9981260849337,2.00083414743124,1.90921297246976,1.90691931099497,1.90605196001711,1.90168629342853,1.90509787394146,1.90438471869299,1.99383751620982,1.98548203512309,1.84468205971683,1.84331357261842,1.93756571221276,1.93687183143047,1.93769099624289,1.83345468317006,1.82963833886747,1.92230033500239,1.82690136467066,1.8261111115575,1.93011613103623,1.82417402770694,1.82370180328566,1.94055325446984,1.87230236974519,1.89068057324277,1.86934373918737,1.8198565472838,1.90380648470775,1.82014566427642,1.86769577232943,1.82109975035207,1.82018421320877,2.00085342189742,2.00059321660406,1.81708102415464,1.86509371939585,1.81423804039387,1.86346502700408,1.90362337727909,1.81738941561344,1.81534632219892,1.81409348189756,1.81427658932622,1.81629077104148,1.81569326259006,1.8144500595218,1.68736386679884,1.84247513333982,1.68147551738247,1.67969262926131,1.6776398986137,1.67717731142551,1.67709057632772,1.67469090528897,1.67023850360261,1.84153068449726,1.67016140573791,1.7182608360769,1.66790629319547,1.66511149560014,1.83748304660057,1.66470673181047,1.83713610620943,1.66443688928402,1.7575132864417,1.83649041159258,1.71318201423987,1.71100399956212,1.66144934702694,1.66250944266655,1.66241307033568,1.66090002474097,1.75765784493801,1.82809638157349,1.66402248826127,1.66286602029079,1.66112168110197,1.82505101591789,1.66169991508722,1.66249016820038,1.66290456922314,1.82151415137483,1.81778454217002,1.66740515707493,1.66822432188736,1.66724132411245,1.67049870889597,1.81253225013741,1.7708512170346,1.80810876015032,1.80473572856974,1.67457525849192,1.67530768820656,1.80433096478007,1.80502484556236,1.80405148502054,1.6761943136506
1.88027236150843,1.88101442845616,2.01388296103152,1.99059940589247,1.99445429912742,1.87868221804902,1.8780847095976,1.8748080503479,1.87429727699427,1.87288060373043,1.98819973485372,1.96389463300741,1.91942843954236,1.87079896138356,1.87156030279746,1.91594939839782,1.86684769581775,1.98540493725839,1.98697580625163,1.86247239199609,1.86399507482389,1.98153076955727,1.85788506904651,1.86001489755881,2.03665574281694,1.85524446718057,1.85617927879004,1.92569264104914,1.85685388510616,1.96948422819808,2.05374255708082,1.90412451339964,1.85338448119471,1.85445421406741,1.85396271517995,1.85444457683432,1.85459877256372,1.96072398332167,2.03550891207955,1.85662259151206,1.8551480948497,1.94504420508855,1.85685388510616,1.96351878091701,1.99355803645029,1.99497470971413,1.99115836541154,1.9170287685036,2.08661515914179,2.00525763741834,1.91089948826005,1.98323655981373,1.97889016769134,1.97787825821716,1.97806136564582,2.00306998550751,1.97393662988444,2.09691736131218,2.00016917834822,1.96575461899327,1.96396209363902,1.96190936299142,1.96040595462979,1.95934585899018,1.95815084208735,1.95545241682289,1.95538495619128,1.95391045952891,1.95120239703137,1.94924603871463,1.94927495041389,1.99770204667785,1.87271677076794,1.94479363702827,1.9439359232835,1.99557221816555,1.9436275318247,1.94283727871154,1.94135314481609,1.94467799023123,1.8715313910982,1.990657229291,1.99009826977193,1.95012302692558,1.9504892417829,2.07725740581397,1.95675344328968,1.98368950976884,1.98504835963416,2.06083556063312,1.90587848982153,1.95517293706336,2.03126852952111,2.0289170446478,2.0269317746318,2.01836427441714,2.01843173504875,1.94672108364575,1.94612357519433,1.94541041994587,1.94360825735853,1.94201811389912,1.94427322644156,2.04328615918104,2.04782529596519,1.94326131696738,2.03550891207955,2.02862792765518,2.01157002509056,2.02725944055677,2.03710869277205,2.02438754509674,2.02779912560966,2.03639553752358,2.02513924927755,2.01754510960472,2.0211397975463,2.01758365853707,2.01326617811393,2.03138417631816,2.01837391165023,2.01006661672893,2.00831264030703,2.02027244656844,1.93321932009036,2.00503598105733,2.00432282580887,2.00105580379225,2.02153492410288,2.01789204999586,2.00698270214098,2.00508416722277,2.00619244902781,2.00367713119201,2.01048101775169,1.9198524777982,1.92011268309156,2.0060478905315,1.91701913127052,2.00091124529594,1.99510963097736,1.91297149337383,1.98444121394965,1.91033089150789,1.90904913950727,1.90737226095007,1.90582066642301,1.90703495779202,1.90612905788181,1.90447145379078,2.01410461739253,1.84811291469593,1.84765032750773,1.8415788706627,1.88894587128705,1.83714574344252,1.83457260220819,1.83369561399724,2.02333708669022,1.83062133664238,1.82699773700153,1.82699773700153,1.92998120977301,1.82468480106057,1.92825614505037,1.82326812779673,1.82380781284962,1.87019181569906,1.86916063175871,1.81898919630594,1.81760143474136,1.82167798433731,1.82003001747937,1.8673391947052,1.82082990782562,1.92832360568198,1.91722151316535,1.92779355786218,1.81798692406485,1.86436128968121,2.00439992367357,1.8152114009357,1.92413140928898,1.81420912869461,1.81455606908576,2.02000260404199,1.81533668496583,1.81623294764296,1.68946478361189,1.84478806928079,1.68441487347411,1.68177427160818,1.79786438137846,1.67831450492982,1.84341958218239,1.67421868086769,1.67183828429511,1.67458489572501,1.71770187655784,1.71713327980568,1.71575515547419,1.66555480832216,1.66682692308969,1.66504403496853,1.66371409680247,1.66222996290702,1.76329562629411,1.83827329971374,1.83681807751755,1.66028324182337,1.6619408459144,1.66379119466717,1.66116023003432,1.65931951851464,1.66115059280124,1.65981101740209,1.82764343161838,1.82453060533117,1.82382708731579,1.82453060533117,1.66101567153801,1.82472334999292,1.66148789595929,1.66147825872621,1.66540061259276,1.6634635287422,1.66735697090949,1.814141668063,1.66768463683446,1.67084564928712,1.66786774426312,1.66961208345193,1.67073963972315,1.67416085746917,1.80589219654022,1.8033190553059,1.67683037103436,1.80225895966629,1.80228787136555,1.77628661649587
1.90377757300849,1.88100479122307,2.00898724662315,1.99014645593737,1.87819071916156,1.87728481925135,1.87804616066525,1.87626327254409,1.87767030857485,1.87422981636266,1.87208071338418,1.87310226009144,1.92027651605404,1.91755881632341,1.87025927633067,1.86779214466031,1.86775359572796,1.86562376721565,2.15608033523545,1.98751549130452,1.8622314611689,2.05726014715771,1.86192306971011,1.90815287683015,1.90703495779202,1.90747827051403,1.90714096735598,2.04765182576962,1.94496710722385,2.05035025103408,1.85453131193211,1.90508823670837,1.95502837856705,1.85459877256372,1.85528301611292,1.85391452901451,1.85457949809754,1.85456986086445,1.85794289244503,2.03492104086122,1.86094970916828,1.85601544582756,1.95202156184379,1.8568249734069,1.91470619532955,1.99412663320245,1.98772751043244,2.00743565209608,1.91465800916411,1.91156445734307,1.91178611370408,1.983265471513,2.00466012896692,1.97627847752466,1.97734821039736,2.09221439156555,1.9736571501249,1.9731271023051,1.97097799932662,1.96551368816609,1.96598591258737,1.9625357831421,1.96292127246559,1.95792918572634,1.88596796626306,1.95551024022141,1.95386227336348,1.95403574355905,1.95060488857995,1.94999774289545,1.87282278033191,1.99698889142939,1.94706802403689,1.94681745597662,1.94382027648645,1.94383955095263,1.9430974840049,1.94384918818571,1.94320349356886,1.94337696376443,1.94410939347907,1.87377686640755,2.08442750723096,1.87397924830239,1.8771691724543,1.87912553077104,1.9860024457098,1.95787136232782,1.98434484161878,2.07315194451876,1.90494367821206,2.04266937626345,2.05363654751686,2.02387677174311,2.02591022792454,1.94758843462361,1.94761734632287,1.94571881140466,1.94449488280257,1.94420576580995,1.9437046296894,1.94346369886222,2.03855427773515,1.94141096821461,1.94074599913158,2.02450319189379,1.94298183720785,1.94188319263589,2.04441371545226,2.03006387538519,2.02757746924866,2.01090505600753,2.04363309957219,2.03362965162751,2.02445500572835,2.01795951062747,2.0231250675623,2.01473103754321,2.01818116698848,2.02998677752049,2.01771857980029,2.00893906045771,2.00748383826152,2.0180944318907,2.03094086359614,2.01446119501676,2.00516126508747,2.00118108782239,2.01451901841529,2.01017262629289,2.01497196837039,2.01448046948294,2.01423953865576,2.00359039609423,1.9994945720321,2.00082451019816,2.00249175152227,1.91728897379696,2.00236646749213,2.01109780066928,1.99805862430209,2.00019809004748,1.99076323885496,1.99133183560711,1.90841308212351,1.90761319177726,1.90598449938549,1.90372938684305,1.90280421246667,1.90383539640701,1.97773369972085,2.00479505023015,1.84738048498129,2.00470831513236,1.88775085438422,1.88689314063944,1.83701082217929,1.83393654482443,1.8316717950489,1.92063309367827,1.82914683998001,2.02135181667422,1.82716156996402,1.8242800372709,1.82558106373769,1.82452096809808,1.8232103043982,1.88610288752628,1.86974850297704,1.86836074141246,1.82268989381148,1.82068534932931,1.82080099612636,1.82107083865281,1.81888318674198,1.81953851859192,1.8180254729972,1.91968864483571,1.92035361391874,1.81807365916264,1.81847842295231,1.81636786890618,1.81577999768785,1.81439223612327,1.91778047268442,2.01318908024923,1.9075071822133,1.9164216228191,1.84790089556801,1.68456906920351,1.77244136049401,1.67820849536586,1.84345813111473,1.84390144383675,1.67429577873239,1.76700596103275,1.67089383545255,1.67045052273053,1.6684941644138,1.66587283701404,1.83520865959196,1.66554517108907,1.66515968176558,1.75746510027626,1.83897681772911,1.6622492373732,1.83540140425371,1.66056272158291,1.65907858768746,1.65941589084551,1.78140398726525,1.66091929920714,1.6609482109064,1.65730533679938,1.65999412483075,1.82873243895726,1.75758074707331,1.66145898426003,1.82102265248737,1.65887620579262,1.66031215352264,1.66297202985475,1.82407765537606,1.65969537060505,1.86885224029992,1.8174954251774,1.76905869168035,1.6638490180657,1.66770391130064,1.67075891418933,1.66931332922623,1.6710865801143,1.76404733047493,1.67140460880618,1.80884118986495,1.80627768586372,1.77175711694481,1.8033961531706,1.80335760423825,1.77783821102293
1.90526170690394,1.87937609883131,1.88031091044078,1.87874967868063,1.99142820793799,1.87806543513143,1.87688969269477,1.9843255671526,1.87424909082883,1.87504898117508,1.98708181581559,1.87179159639156,1.87071222628577,1.95484527113839,1.91742389506019,1.91664327918011,1.8672620968405,1.86209653990568,1.8615472176197,1.8601787305213,1.86159540378514,1.86008235819042,1.85932101677652,1.85911863488169,1.90426907189595,1.90457746335474,1.85490716402251,1.85724901166274,1.85571669160185,1.94444669663713,1.85359650032263,1.90290058479754,1.90371011237688,1.90364265174527,1.85585161286507,1.85186179836691,1.94683673044279,1.96426084786473,1.85976432949854,1.85731647229435,1.90767101517578,1.85689243403851,1.95094219173801,1.85711409039952,1.85700808083556,1.99201607915631,1.99213172595336,1.99107163031375,1.98847921461326,1.91109223292179,2.00404334604933,1.91053327340273,1.98019119415813,1.98076942814337,1.97466905959908,1.9741197373131,2.08068826079307,2.00183641967233,1.89515224939531,1.96604373598589,1.96431867126326,1.9616202459988,1.96189008852524,1.95832431228292,1.95747623577123,1.95246487456581,1.95245523733272,2.07781636533304,1.95075908430935,1.94894728448892,1.99696961696322,1.95027722265498,1.94414794241142,1.94445633387022,1.94542005717895,1.94725113146555,1.94336732653135,1.94329022866665,1.87109771560927,1.94369499245632,1.94437923600552,1.94604647732963,2.06860317050153,1.95040250668511,1.95068198644465,1.87889423717694,1.88095660505763,1.88442600896908,1.96529203180508,2.06990419696832,2.07200511378136,2.04466428351254,2.03397659201866,2.03862173836676,2.04157073169149,2.04294885602299,2.03656900771916,1.94697165170602,1.94674999534501,1.94372390415558,1.94463944129888,1.94095801825951,2.04196585824808,1.94171935967341,1.94231686812482,1.94086164592863,2.01133873149646,2.02091814118529,2.02826171279786,2.02825207556477,2.02932180843747,2.013825137633,2.02900377974558,2.02547655243561,2.01492378220496,2.01423953865576,2.02411770257029,2.01038464542081,2.00892942322462,2.0114640155266,2.00976786250322,2.02387677174311,2.03011206155063,1.93260253717277,2.02180476662933,2.0047565012978,2.02627644278186,2.0114640155266,2.01026899862377,1.9999571592203,2.01800769679291,2.01262048349708,2.01144474106042,2.0095558433753,2.01091469324062,1.92172210101715,2.00157621437897,1.99380860451056,1.99956203266371,1.91533261548023,1.993856790676,1.98515436919812,2.00892942322462,1.98967423151609,1.90756500561182,1.90763246624343,1.97572915523868,1.90422088573051,1.90515569733998,2.00086305913051,2.00058357937097,1.97651940835185,2.02639208957891,2.00347474929718,1.88856038196356,1.93819213236344,1.93731514415249,1.88072531146354,1.83253914602676,1.82833731240067,1.82776871564852,1.82700737423462,1.82639059131703,1.82722903059563,1.82727721676107,1.82395237134593,1.871839782557,1.87068331458651,1.8243571351356,1.82134068117925,1.93025105229946,1.92553844531974,1.86949793491677,1.86728137130668,1.82138886734469,1.82025167384038,1.86734883193829,1.94380100202028,1.94123749801904,1.81893137290742,2.00085342189742,1.81768816983915,2.01607061294235,1.81347669897997,1.92034397668565,1.8164256923047,2.00458303110223,1.81468135311589,1.68691091684374,1.68454015750425,1.84511573520576,1.84587707661966,1.67751461458357,1.78535525283107,1.67437287659709,1.67157807900175,1.67048907166288,1.66819541018809,1.66647998269854,1.66654744333016,1.66498621157,1.66441761481785,1.65940625361243,1.75528708559852,1.8383793092777,1.83651932329184,1.66051453541747,1.6588954802588,1.65636088795682,1.6582786973412,1.7809124883778,1.66080365241009,1.65778719845375,1.65687166131045,1.65757517932583,1.65875092176249,1.66129515129755,1.65914604831907,1.82146596520939,1.66030251628955,1.66020614395868,1.65986884080062,1.82205383642772,1.66396466486274,1.81935541116326,1.81524031263496,1.76720834292758,1.663771920201,1.81389110000273,1.66465854564503,1.66594029764565,1.66709676561613,1.78378438383783,1.81123122367062,1.7681046056047,1.76532908247555,1.67257071400975,1.8008037374701,1.67547152116905,1.80357926059926
1.9026307422711,1.88106261462159,1.88100479122307,1.88102406568924,1.97382098308739,1.87413344403179,1.87501043224274,1.87474058971629,1.87294806436204,1.8747309524832,1.92006449692612,1.87129046027102,1.87019181569906,1.95381408719804,1.95476817327369,1.91463873469794,1.9155060856758,1.86466968114,1.86519972895981,1.98840211674856,1.9782348358414,1.98351603957327,1.9787648836612,1.8564394840834,1.85754776588845,1.8573550212267,1.85513845761661,1.85638166068488,1.97330057250067,1.85416509707479,1.85424219493948,1.96928184630324,2.05087066162079,1.85565886820333,1.85520591824822,2.0478156587321,1.85637202345179,1.85525410441366,1.85738393292596,1.85787543181342,1.85490716402251,1.85498426188721,1.90690967376188,1.85877169449054,1.92131733722748,1.99371223217969,1.98769859873318,1.98789134339493,2.00423609071108,1.91106332122253,1.98458577244596,1.98241739500131,1.97841794327006,1.9753340286821,1.97456305003511,2.08060152569528,1.97344513099698,2.07673699522725,1.9674122230843,1.96449214145883,1.8873075416622,2.09322630103972,1.96086854181798,1.96103237478047,1.95797737189178,1.95416102758918,1.99776950730947,1.87954956902688,1.87794015110129,2.08864861532322,1.94811848244341,1.94737641549569,1.99743220415141,1.94507311678781,1.94565135077305,1.94320349356886,1.9932496449915,1.94262525958362,1.94192174156824,1.94694274000675,1.94336732653135,1.8713000975041,1.94481291149445,1.94989173333148,1.9862337393039,1.8790773446056,2.0734988849099,2.0779994727617,1.98176206315137,1.96447286699265,1.90478948248266,1.95254197243051,1.95097110343727,2.03353327929664,1.95051815348216,2.0293699946029,2.01791132446204,1.94373354138867,1.94382991371954,1.94212412346308,1.94197956496677,1.94101584165803,1.94170972244032,1.94127604695139,1.94119894908669,1.94030268640957,2.04053954775115,2.01055811561639,2.0310468731601,2.02781840007584,2.03431389517672,2.03327307400328,2.02741363628617,1.93721877182161,1.93803793663404,1.93768135900981,2.02107233691469,2.00837046370556,2.03065174660352,2.01067376241343,2.02715343099281,2.03391876862013,1.93188938192431,2.02092777841838,2.02235408891531,2.00457339386914,2.02139036560657,1.92812122378715,2.00079559849889,1.92825614505037,1.9273213334409,1.99907053377626,2.01218680800815,2.00455411940296,2.0047565012978,1.92138479785909,2.01416244079106,2.00209662496569,2.00670322238144,1.91422433367518,1.9845568607467,1.98431592991952,1.98341003000931,2.00095943146138,1.90791194600297,1.90690967376188,1.90444254209152,1.90373902407614,1.90378721024158,2.00535400974921,1.97598936053204,1.97520874465197,1.84273533863318,1.8903529073178,1.83758905616454,1.93718986012235,1.91866709812845,1.83335831083919,1.83047677814607,1.93476127738434,1.83036113134902,1.82736395185885,2.01829681378553,1.82708447209932,1.82543650524138,1.82407765537606,1.92538424959034,1.924574722011,1.82335486289451,1.93016431720167,1.87126154857175,1.92461327094335,1.86863058393891,1.86751266490077,1.93513712947474,1.87425872806192,1.81910484310299,1.94164226180871,1.94039905874044,1.82152378860791,1.91900440128651,2.02507178864594,2.00338801419939,1.8165027901694,1.81724485711713,1.91286548380987,1.9174913556918,1.81456570631884,1.68420285434619,1.68396192351901,1.84541448943147,1.67919149314077,1.84360268961104,1.78451681355247,1.67133714817457,1.67043124826436,1.84403636509998,1.66614267954049,1.66488020200604,1.66342497980985,1.84703354459014,1.66070728007922,1.66115059280124,1.66053380988365,1.65956044934182,1.65953153764256,1.75539309516248,1.65864491219852,1.65616814329507,1.65585011460319,1.65867382389779,1.70441213213037,1.65776792398758,1.6566789166487,1.65699694534059,1.65491530299372,1.65465509770036,1.70508673844649,1.65733424849864,1.82722903059563,1.82545577970756,1.65786429631845,1.65724751340086,1.81817003149351,1.65824014840886,1.81845914848614,1.81483554884529,1.66294311815548,1.8129948373256,1.81338996388219,1.81179018318969,1.66594029764565,1.66761717620285,1.80920740472227,1.67051798336215,1.66854235057924,1.80174818631266,1.80058208110909,1.79967618119888,1.6735248000854
1.98685052222149,1.88095660505763,1.87936646159822,1.87776668090572,1.88002179344816,1.87609943958161,1.87332391645245,1.87415271849796,1.98461468414523,1.87216744848197,1.91991030119672,1.87090497094752,1.8707700496843,1.9532358532128,1.91609395689413,1.98160786742197,1.86199053034172,1.92432415395073,1.86247239199609,1.86483351410249,1.97391735541826,1.86128701232634,2.05012859467307,2.0502538787032,1.98088507494042,1.85973541779928,2.12686988174768,1.85412654814244,1.97184535030448,1.85284479614182,1.85158231860737,1.97033230470977,1.85373142158586,1.85555285863937,1.85658404257971,1.85370250988659,1.85576487776729,1.85586125009816,1.85721046273039,1.92360136146918,1.95000738012853,1.86016909328821,1.85791398074577,1.90740117264934,2.00716580956964,1.99441575019507,2.07754652280659,2.00345547483101,2.00363858225966,1.98207045461016,2.00128709738635,1.98006591012799,1.98122237809848,2.0020098898679,1.90188867532337,1.97354150332785,2.09285044894931,2.08525630927648,1.97112255782293,2.08801255793946,1.96441504359413,2.07327722854889,1.95962533874971,1.95817975378661,1.95758224533519,2.08631640491608,1.95149151402399,1.99714308715879,1.99539874796998,1.99534092457145,1.94773299311992,2.0805147905975,1.94437923600552,1.94499601892311,1.9434058754637,1.94369499245632,1.94247106385422,1.94179645753811,1.94209521176381,1.94297219997476,1.87156994003055,1.94448524556948,1.94413830517833,1.98549167235617,2.07757543450585,1.87693787886021,1.95509583919866,1.95679199222203,2.06811167161407,1.98105854513599,1.95298528515253,2.03816878841166,2.03313815274006,2.03056501150574,1.94866780472939,2.02204569745651,2.01781495213116,1.94408048177981,1.94741496442803,1.9421048489969,1.94326131696738,1.94300111167403,1.94010994174782,2.02993859135506,1.94135314481609,2.01797878509365,2.04440407821918,2.04027934245779,2.03312851550697,2.03957582444241,2.02737508735382,2.03379348459,1.93777773134068,1.93840415149136,1.93888601314573,1.93776809410759,2.02156383580215,2.01394078443005,2.02448391742761,2.02354910581814,2.02107233691469,2.02208424638886,2.02060011249341,2.02009897637287,2.02319252819391,2.02793404687289,2.01457684181381,2.01500088006966,1.92730205897472,2.0188557733046,1.99723945948966,1.99880069124981,2.01753547237163,2.00209662496569,2.00084378466433,2.01986768277877,2.02147710070436,2.00392769925229,1.91433998047223,1.91357863905833,1.91303895400544,2.00446738430518,1.98223428757265,1.98625301377008,1.90420161126433,1.90764210347652,1.90681330143101,1.90615796958107,1.9051460601069,2.0021640855973,1.97734821039736,1.84463387355139,1.8440941884985,1.89016016265606,1.83828293694682,1.88543791844325,1.93388428917339,1.83137304082319,1.93437578806084,1.91454236236707,1.82786508797939,1.82562924990313,1.82695918806918,2.0287628489184,1.82432822343633,1.82398128304519,1.82366325435331,1.82471371275983,1.82281517784162,1.82223694385638,1.82217912045785,1.93352771154916,1.9309063841494,1.82111902481825,1.82315248099968,1.81881572611037,1.82037695787052,1.8184880601854,1.93428905296306,1.81849769741848,1.81818930595969,1.92482529007127,1.81891209844124,1.81788091450089,1.81672444653041,1.86393725142536,1.81732195498183,1.81675335822967,1.84654204570269,1.8440170906338,1.67856507299009,1.84526993093516,1.84536630326603,1.77461937517176,1.66903384946669,1.6704023365651,1.66748225493963,1.66451398714872,1.66494766263765,1.66292384368931,1.84435439379186,1.84044167715839,1.89006379032518,1.65604285926494,1.65848107923604,1.65784502185227,1.65803776651402,1.65735352296482,1.65800885481476,1.76473157402413,1.65600431033259,1.656380162423,1.65746916976187,1.65871237283014,1.65494421469298,1.65463582323418,1.70533730650676,1.70407482897232,1.65718969000233,1.65765227719053,1.65816305054416,1.65822087394268,1.65409613818129,1.6542406966776,1.65872201006322,1.81645460400397,1.65940625361243,1.66382974359952,1.66243234480185,1.66449471268255,1.81034459822658,1.90816251406324,1.80433096478007,1.66881219310568,1.7176536903924,1.80359853506543,1.67143352050544,1.67495111058233,1.67225268531787,1.79847152706296
1.90193686148881,1.87877859037989,1.92670455052331,1.92775500892983,1.98400753846072,1.87761248517632,1.87570431302502,1.98658067969505,1.99091743458436,1.87374795470829,1.92083547557311,1.87246620270767,1.98263905136232,1.8705387560902,1.86744520426916,1.98148258339184,1.86378305569597,1.91233543599006,1.91470619532955,1.97073706849943,1.86329155680851,1.90792158323605,1.86265549942475,1.97732893593118,1.97867814856342,1.85647803301575,2.04751690450639,1.85412654814244,1.85371214711968,1.85417473430787,2.04356563894058,2.05010932020689,1.85252676744994,2.04077084134524,1.90068402118745,1.90259219333875,1.85464695872915,1.90435580699373,1.96134076623926,1.85611181815843,1.85685388510616,1.8588777040545,1.85829947006926,1.85990888799485,1.99398207470614,2.00400479711698,1.99097525798288,1.9866192286274,2.07798983552861,1.98655176799578,1.98191625888077,1.9773192986981,1.98047067391766,1.99810681046752,2.09112538422668,1.97478470639612,1.99750930201611,1.9685494165886,1.97139240034937,1.96730621352034,1.9641355638346,1.96178407896128,1.96348023198466,1.96075289502093,1.88142882947891,2.08229767871866,1.95552951468759,1.95470071264208,2.06704193874137,1.94743423889421,1.94740532719495,1.87202288998566,1.94471653916358,1.94430213814082,2.07138833086377,1.94222049579395,1.87025927633067,1.94082309699628,1.94349261056148,1.94262525958362,1.99079215055422,1.94410939347907,1.94352152226074,2.06469045386806,1.87525136306992,1.87661985016832,1.95420921375462,1.95540423065745,1.8873075416622,1.98053813454927,1.95348642127307,2.03820733734401,1.95037359498585,2.02607406088703,2.02249864741162,2.02995786582123,1.94510202848707,1.94331914036591,1.94409975624598,1.94397447221585,1.94211448622999,1.94411903071216,1.94090983209407,2.03797604374991,1.94108330228964,1.9405821661691,2.04425951972287,1.94034123534192,1.94023522577796,2.04717960134834,2.02703778419576,2.02628608001495,1.93891492484499,2.02200714852416,2.0271630682259,1.93721877182161,2.03908432555496,2.02150601240362,2.02470557378862,2.02870502551988,2.02307688139686,2.01672594479229,2.04165746678928,2.02772202774497,2.0302855317462,2.01585859381443,2.01414316632488,2.01010516566128,1.92705149091445,2.02029172103461,2.01693796392021,2.02231553998296,2.00794642544971,2.00501670659116,1.99970659116002,1.91949590017397,2.01747764897311,2.00159548884515,2.00508416722277,1.91381956988551,1.99495543524796,1.99602516812065,2.0073489169983,1.90717951628833,1.90520388350542,1.90673620356631,1.90400886660259,1.90455818888857,1.9038450336401,1.90334389751956,1.90286203586519,1.99539874796998,1.84367978747574,1.84108737177525,1.83857205393945,1.8367024307205,1.83463042560672,1.9305208948259,1.83198018650769,1.83097791426661,1.83034185688284,1.82751814758825,1.82620748388837,1.82688209020448,1.82669898277582,1.82450169363191,1.82457879149661,1.82432822343633,1.82190927793141,1.82461734042896,1.92857417374226,1.94130495865065,1.93061726715677,1.87029782526302,1.82263207041296,1.92998120977301,1.81963489092279,1.81892173567433,1.81919157820077,1.81712921032008,1.92444943798087,1.92324478384495,1.81744723901196,1.81735086668109,1.81837241338835,1.86401434929006,1.81496083287543,1.81610766361282,1.68207302583388,1.6809165578634,1.67745679118504,1.84464351078448,1.67370790751406,1.72082434007814,1.71783679782106,1.66654744333016,1.78105704687411,1.77930307045221,1.71249777069066,1.66203721824527,1.65966645890578,1.65890511749188,1.65794139418315,1.65589830076863,1.83678916581828,1.83443768094497,1.83198982374078,1.65755590485965,1.65562845824218,1.65440452964009,1.83222111733488,1.83013947498801,1.65491530299372,1.65527188061795,1.65428888284304,1.65488639129446,1.65463582323418,1.65425997114378,1.65579229120467,1.82148523967556,1.65397085415116,1.81890246120815,1.75756147260714,1.82023239937421,1.82036732063743,1.77060064897433,1.76874066298847,1.65944480254477,1.81301411179178,1.81280209266386,1.66389720423113,1.66516931899866,1.80909175792523,1.80798347612018,1.71827047330999,1.67072036525698,1.66926514306079,1.67078782588859,1.8017963724781,1.67677254763584
1.83155614825185,1.879231540335,1.87767994580793,1.98628192546934,1.87849911062036,1.87844128722183,1.9322748712478,1.93406739660205,1.95782317616238,1.9209222106709,1.92073910324224,1.87077968691739,1.87233128144445,1.86898716156314,1.86795597762279,1.86586469804284,1.97999844949638,1.86333974297395,1.91198849559892,1.96983116858922,1.86341684083865,1.91488930275821,1.85975469226545,1.8605545826117,1.85721046273039,2.04497267497133,1.85258459084846,1.85405908751083,1.85505172251882,1.85157268137429,1.94258671065127,1.85174615156986,1.85334593226236,1.85200635686322,1.94765589525522,1.85379888221747,1.85410727367626,1.97034194194285,1.97103582272514,1.90473165908414,1.90711205565672,1.8590318997839,1.85756704035462,1.945535703976,2.00054503043862,1.99867540721968,1.9885177635456,2.07573472298617,1.98756367746996,1.9847881543408,1.91178611370408,1.99851157425719,1.99956203266371,1.98078870260955,1.97582552756956,1.97182607583831,1.99853084872337,1.97115146952219,1.89197196247648,1.96472343505292,1.99755748818154,1.96273816503693,1.96007828870482,1.95899891859904,1.95669561989116,1.99727800842201,1.95154933742251,1.95092291727183,1.9510963874674,1.87581995982207,1.94659579961561,1.94620067305903,1.8714542932335,1.86836074141246,2.07720921964853,1.94097729272568,1.94476472532901,1.94207593729764,2.08247114891423,1.94238432875644,1.98823828378607,1.98729383494351,1.98604099464215,1.94843651113529,1.87419126743031,2.07728631751323,1.95360206807012,1.95426703715314,1.98345821617474,1.98253304179836,1.95346714680689,2.02461883869084,2.03491140362813,2.03763874059185,2.02347200795344,2.02086995501986,2.02064829865885,2.01968457535011,1.94387809988498,1.94223013302704,1.94092910656024,1.94036050980809,2.02639208957891,2.0302084338815,2.03179857734092,1.94088092039481,2.02787622347436,2.03752309379481,2.02865683935444,2.02086031778677,2.02399241854016,2.02654628530831,2.02379003664532,2.03140345078434,1.93769099624289,2.02122653264409,2.02435863339748,2.02313470479538,1.93357589771459,2.02431044723204,2.0231250675623,2.02328890052478,2.01528999706228,2.01459611627999,2.00854393390113,2.01764148193559,2.02706669589503,2.01368057913669,2.02161202196758,2.01477922370865,2.01485632157335,2.01518398749832,2.0269317746318,2.01791132446204,2.00504561829042,1.91849362793288,1.91684566107494,1.91692275893964,2.01025936139068,1.99604444258683,1.99883924018216,1.99836701576088,1.99936928800197,1.99056085696012,1.90707350672437,1.90540626540025,1.90398959213641,1.90436544422682,1.90204287105277,1.90457746335474,1.90132007857121,2.0010172548599,2.00720435850199,1.83994054103785,2.03160583267917,2.0411081445033,1.93161953939786,1.92824650781729,2.02073503375663,1.88081204656132,1.82995636755935,2.00379277798906,1.93042452249503,2.02958201373083,2.019009969034,1.93276637013526,1.82387527348123,1.8240487436768,1.8241258415415,1.82129249501382,1.82125394608147,1.93108949157805,1.92953789705099,1.81957706752427,1.82189964069832,1.82337413736069,2.01174349528613,1.82056970253227,1.86739701810372,1.81890246120815,1.81602092851503,1.81935541116326,1.81803511023029,1.81771708153841,1.8176496209068,1.81854588358392,1.81412239359683,1.81464280418354,1.68078163660018,1.78940289072776,1.67552934456757,1.67409339683755,1.67228159701713,1.7177307882571,1.76404733047493,1.66775209746607,1.78028606822712,1.66417668399067,1.71067633363715,1.66157463105708,1.65915568555215,1.83892863156368,1.65716077830307,1.65472255833197,1.65533934124956,1.75075758604746,1.65356609036149,1.65490566576063,1.65207231923295,1.65175429054107,1.83259696942529,1.65427924560995,1.82800000924262,1.65427924560995,1.65379738395558,1.70200282385854,1.70053796442926,1.65432743177539,1.64968228542728,1.65174465330798,1.75672303332854,1.75760002153949,1.82095519185576,1.82029022277273,1.65671746558105,1.65590793800172,1.6617095523203,1.65958936104109,1.81418985422844,1.66143007256077,1.66378155743408,1.66387792976496,1.80841715160911,1.66218177674158,1.66304912771945,1.80192165650823,1.67052762059523,1.80051462047748,1.79886665361954,1.67270563527298
1.83076589513869,1.87767030857485,1.98682161052223,1.98930801665877,1.88008925407977,2.12461476920523,1.93114731497658,1.8737383174752,1.95499946686778,1.87356484727963,1.97187426200374,1.87200361551948,1.87048093269168,1.98713963921411,2.14432291086888,1.86436128968121,1.97717474020179,1.978080640112,1.9115451828769,1.98411354802468,1.96887708251357,1.85957158483679,1.91046581277112,1.86044857304774,1.86095934640137,2.04470283244489,1.90188867532337,1.85366396095424,2.04451008778314,2.0469772194535,1.85158231860737,1.96734476245269,1.90108878497712,1.90444254209152,1.85381815668364,1.94969898866974,1.85111973141918,1.95845923354614,1.85741284462522,1.85782724564798,1.9055219121973,1.94047615660514,1.85521555548131,1.85828983283617,2.00116181335621,1.99289306736726,1.99881996571599,1.99862722105424,1.98564586808557,1.98382443103206,1.98116455469995,1.98048994838384,1.97681816257756,1.98081761430881,1.99714308715879,1.97451486386968,1.97040940257446,1.96861687722022,1.99790442857269,1.89098896470157,1.88786650118127,1.88712443423354,1.88718225763206,1.95737022620727,1.95745696130506,1.95327440214515,1.95130840659533,1.95120239703137,1.95074944707626,1.87485623651334,1.950720535377,1.87259148673781,1.87009544336818,1.87129046027102,1.94034123534192,1.94094838102642,1.86800416378823,1.94006175558238,1.94435032430626,1.94381063925336,1.86910280836019,2.06629023456056,1.94647051558547,2.05690356953348,1.98476887987462,1.95062416304612,1.98225356203882,1.8851777131499,1.95801592082413,2.0472856109123,2.05379074324626,2.02469593655554,2.0373014374338,2.02471521102171,2.04216824014291,1.94572844863775,2.02079285715516,2.01654283736363,1.9430203861402,1.94235541705717,1.94041833320661,1.94187355540281,1.93923295353687,1.94046651937205,2.02830989896329,2.02392495790855,2.02469593655554,2.01131945703029,2.02995786582123,2.02863756488826,1.93841378872444,2.03528725571854,1.93690074312973,2.02166984536611,2.01799805955982,1.93607194108422,2.02405987917177,2.02766420434644,1.93239051804485,1.93203394042062,2.02027244656844,2.02904232867793,2.02736545012073,2.01195551441405,2.01546346725785,2.01208079844419,2.01068339964652,2.01453829288146,2.01729454154445,2.01997369234273,1.92398685079267,1.92323514661186,1.92276292219058,2.01415280355797,2.00799461161515,2.00749347549461,2.00484323639558,1.91700949403743,2.00519017678673,2.00981604866866,2.00861139453274,1.99458922039064,1.90681330143101,1.90792158323605,1.90537735370099,1.90497258991132,1.9029294964968,1.90708314395745,1.90440399315917,2.00778259248723,1.99499398418031,1.90078039351832,1.83856241670636,2.01779567766499,1.8409717249782,1.83623984353231,1.83825402524756,1.83428348521557,1.88009889131286,1.83140195252245,1.82960942716821,1.82746032418972,1.82672789447509,1.91934170444457,1.87446110995676,1.82502210421862,1.82454987979734,1.82375962668418,1.82363434265404,1.82152378860791,1.92858381097534,1.82114793651751,1.82179363113436,1.92230033500239,1.92086438727237,1.82284408954088,1.82266098211222,1.82057933976535,1.82152378860791,1.93115695220967,1.86772468402869,1.86694406814862,1.81829531552365,1.81720630818478,1.81664734866571,1.81717739648552,1.81487409777764,1.81400674679978,1.68096474402884,1.67511494354481,1.67630032321456,1.67364044688245,1.67064326739228,1.7171236425726,1.66782919533077,1.84164633129431,1.6619408459144,1.65810522714563,1.65824014840886,1.77280757535133,1.6552333316856,1.83713610620943,1.65582120290393,1.65373956055706,1.65220724049617,1.8352568457574,1.65254454365423,1.65186993733811,1.6539419424519,1.65125315442052,1.65336370846665,1.65230361282704,1.65236143622557,1.77200768500508,1.65205304476677,1.65129170335287,1.65372028609089,1.82725794229489,1.65159045757858,1.65269873938363,1.65362391376001,1.82055042806609,1.6542406966776,1.65444307857244,1.81922048990004,1.65461654876801,1.65411541264747,1.65832688350664,1.81171308532499,1.65884729409336,1.6616324544556,1.81046024502363,1.66357917553925,1.80451407220873,1.66394539039657,1.80201802883911,1.66714495178157,1.66976627918133,1.66813758678957,1.7204003018223
1.90558937282891,2.06512412935699,1.88048438063635,1.87797870003364,1.92585647401162,1.87734264264988,1.87975195092171,1.9807501536772,1.87403707170091,1.87318899518923,1.97044795150681,1.93068472778839,1.93369154451164,1.86859203500656,1.86905462219475,1.97733857316427,1.91392557944948,1.91362682522377,1.911776476471,1.97456305003511,1.97694344660769,1.95346714680689,1.86061240601023,1.85820309773839,1.85833801900161,1.8579621669112,1.90150318599987,1.85658404257971,1.85504208528574,1.85024274320823,1.96751823264826,2.04690975882189,1.8507246048626,1.85409763644317,1.85288334507417,1.94816666860885,1.85208345472792,1.85446385130049,1.902399448677,1.90350773048204,1.90447145379078,1.85680569894072,1.85848257749792,2.12412327031778,2.00123891122091,2.00074741233346,1.9873805700413,1.98854667524487,1.98536638832604,1.98302454068581,1.997056352061,1.97904436342073,1.98047067391766,1.9020139593535,1.89976848404415,1.89997086593899,1.99435792679654,1.96506073821098,1.89274294112347,1.96462706272205,1.96752786988134,1.95889290903508,1.95913383986226,1.96004937700556,1.95196373844527,1.99383751620982,1.99673832336912,1.87700533949182,1.99247866634451,1.94707766126998,1.8721385367827,1.94411903071216,1.99343275242016,1.94266380851597,1.9408134597632,1.94087128316172,1.93992683431916,2.06145234355071,1.9437046296894,2.08024494807105,1.94151697777857,1.94355043396001,1.9447743625621,1.94647051558547,1.94762698355596,1.94772335588683,1.98102963343673,1.95595355294343,1.9604734152614,1.98079833984263,1.95106747576814,1.94869671642865,2.04961782131944,2.0214481890051,2.01935690942514,2.03669429174929,1.94438887323861,1.94261562235053,1.94191210433516,1.94031232364265,1.93971481519124,1.93914621843908,2.02818461493316,2.03457410047008,2.02166984536611,2.02764492988027,2.03016988494915,2.03409223881571,2.02082176885442,1.93828850469431,2.00723327020125,1.93746933988188,2.01699578731874,2.02015679977139,2.03492104086122,2.02008933913978,2.02379003664532,1.93313258499257,1.93261217440586,2.01539600662624,2.02405987917177,2.02245046124618,1.92878619287018,2.02692213739871,2.02115907201248,2.01427808758811,2.01329508981319,2.00478541299706,2.01418171525723,1.92410249758972,2.00760912229166,2.0285315553243,2.00142201864957,2.00808134671294,1.91935134167766,2.00878486472831,2.01096287940605,1.91524588038244,1.91355936459216,1.91211377962905,1.99754785094846,2.00519017678673,1.99142820793799,1.99273887163787,1.90739153541625,1.90465456121944,1.90349809324896,1.90363301451218,1.90283312416593,1.90105023604477,1.99584206069199,1.84225347697882,1.8914997380552,1.84084644094806,1.83872624966884,1.83712646897634,1.83512192449417,1.88118789865173,1.87899060950781,1.83024548455197,1.82877098788961,1.82745068695664,1.82746032418972,1.87528027476918,1.87392142490386,1.87342992601641,1.82357651925552,1.82139850457778,1.82154306307409,1.8232874022629,2.02412733980338,1.82268989381148,1.82170689603657,1.82263207041296,1.82405838090989,1.82210202259316,1.82165870987114,1.81906629417064,1.82009747811099,1.92993302360757,1.82075280996093,1.86707898941184,1.86692479368244,1.8174183273127,1.81766889537297,1.81859406974936,1.81720630818478,1.81667626036497,1.67865180808787,1.84692753502618,1.67404521067212,1.8414246749333,1.75775421726889,1.6645332616149,1.66328042131354,1.66435015418624,1.66081328964318,1.65724751340086,1.84129939090317,1.65912677385289,1.65526224338486,1.65309386594021,1.6539419424519,1.6525638181204,1.65273728831598,1.65132061505213,1.65291075851155,1.70443140659655,1.65089657679629,1.64953772693097,1.6505881853375,1.64786084837377,1.65074238106689,1.65095440019482,1.71305673020973,1.71044504004306,1.65173501607489,1.64948954076554,1.76450028043003,1.82206347366081,1.65019305878091,1.75478594947798,1.6568331123781,1.65292039574464,1.65541643911426,1.7690972406127,1.65472255833197,1.65585011460319,1.79110868098422,1.75535454623013,1.66080365241009,1.66063018221452,1.80584401037479,1.80746306553346,1.8543867534358,1.80031223858265,1.66518859346484,1.6694097015571,1.79479974125668,1.72091107517593
1.83020693561962,1.87902915844016,1.98399790122763,1.97565205737399,1.97683743704373,1.87557902899489,1.87515499073905,1.97794571884878,1.87463458015233,1.97582552756956,1.9773192986981,1.9704575887399,1.9182526971057,1.86785960529192,1.91463873469794,1.91508204741996,1.92405431142429,1.86468895560618,1.91481220489351,1.97400409051605,1.95798700912486,1.97192244816918,1.86052567091244,1.85741284462522,1.85687315957233,1.85440602790197,1.85569741713568,1.95426703715314,1.8533941184278,1.85062823253173,2.03787003418595,1.8507246048626,2.03728216296762,1.85305681526974,1.85391452901451,1.85388561731525,1.85299899187122,1.85421328324022,1.90254400717331,1.90429798359521,2.02443573126218,2.02569820879662,1.85730683506126,1.85991852522794,1.99128364944168,2.10702681882081,2.07336396364668,1.98742875620673,2.07715139625001,1.98479779157389,1.98024901755665,1.98159823018888,1.9966034021059,1.9783119337061,1.97214410453019,1.96984080582231,1.97162369394347,1.99538911073689,1.9647427095191,1.89002524139283,1.99507108204501,1.9587965367042,1.96012647487026,1.9607047088555,1.95449833074724,1.99353876198412,1.95150115125707,1.95092291727183,1.99191970682544,1.94585373266788,1.99368332048043,1.94483218596062,2.06680100791419,1.99068614099026,1.9411122139889,1.94219158409469,1.94063998956762,1.86837037864555,1.94162298734253,1.94164226180871,1.86854384884112,1.94190246710207,1.98703362965015,1.87324681858775,1.98423883205482,2.0552845143748,1.95226249267097,1.95746659853815,2.07028004905873,1.97685671150991,1.90334389751956,2.038978315991,2.02399241854016,2.01998332957582,2.01795951062747,2.01669703309303,1.94383955095263,1.94391664881732,1.94464907853196,1.94078454806393,1.93871254295015,1.94053398000366,1.93945460989788,2.03451627707155,2.02468629932245,2.01126163363176,2.03507523659062,2.03167329331078,2.01156038785747,2.0144322833175,1.93766208454363,2.03396695478557,2.01612843634088,2.01712107134887,2.01785350106351,2.02073503375663,2.01562730022033,2.02659447147374,1.93236160634559,2.02318289096082,2.01431663652045,2.01438409715207,1.92887292796796,1.92801521422319,1.92924878005837,2.00421681624491,2.01354565787347,1.92432415395073,1.92424705608603,2.001248548454,1.92199194354359,1.92110531809956,2.00996060716497,2.00580695970432,2.00755129889313,2.00346511206409,2.00068958893493,2.02071575929046,2.00123891122091,2.00443847260592,2.00433246304195,1.90804686726619,1.90736262371699,2.0206868475912,1.90663019400235,1.90700604609275,1.90223561571451,1.90272711460197,1.90265001673727,1.90177302852632,2.00120999952165,1.89800487038916,1.89062274984425,1.88839654900107,1.94204702559838,1.94097729272568,1.92537461235725,1.88144810394509,1.83203800990622,2.00420717901182,1.83054423877768,2.02818461493316,1.82765306885147,1.82736395185885,1.87452857058837,1.87395033660313,1.8250413786848,1.82373071498492,1.82424148833855,1.82189000346523,1.82256460978135,1.92820795888494,1.82413547877459,1.8208491822918,1.82140814181087,1.82199601302919,1.8683318297132,1.82044441850213,1.82170689603657,1.82064680039696,1.86885224029992,1.86713681281037,1.81782309110237,1.81700392628994,1.81758216027519,1.81631968274074,1.81451752015341,1.8136116202432,1.67696529229759,1.84482661821314,1.67214667575391,1.84192581105385,1.66782919533077,1.84666732973282,1.84458568738595,1.65952190040947,1.6619408459144,1.65856781433383,1.84023929526356,1.65529115508412,1.65629342732521,1.75205861251426,1.65252526918805,1.65179283947341,1.6996706134514,1.81621367317678,1.69881289970662,1.64946062906627,1.65011596091621,1.65044362684119,1.74625699819567,1.74858920860281,1.64916187484057,1.76095377865389,1.65145553631536,1.64853545468989,1.6487571110509,1.82218875769094,1.6492871588707,1.65000031411917,1.64848726852445,1.76619643345341,1.65151335971388,1.69992118151167,1.65282402341376,1.7669674121004,1.65668855388179,1.65372028609089,1.65775828675449,1.85136066224637,1.66044707478586,1.81177090872351,1.80746306553346,1.8040803967198,1.66601739551035,1.66595957211183,1.66795447936091,1.66811831232339,1.71410718861625,1.66817613572192
1.87913516800412,1.8806771252981,1.87830636595861,1.97577734140412,1.98365096083649,1.97919855915013,1.8741238067987,1.87576213642355,1.97071779403326,1.97477506916304,1.9761724679607,1.97825411030757,1.86818727121689,1.86790779145735,1.91389666775021,1.96179371619437,1.92323514661186,1.92451689861248,1.95067234921156,1.97786862098408,1.86239529413139,1.97013956004802,1.85828019560309,1.85859822429497,1.85450240023284,1.97064069616856,1.85479151722546,1.90008651273603,2.045377438761,1.85099444738905,1.85109081971992,1.85297008017195,1.85328810886384,1.85145703457724,1.90048163929262,1.93637069530993,1.93747897711497,1.85221837599114,1.91993921289599,1.90713133012289,1.85589979903051,1.85804890200899,1.85791398074577,1.95100965236962,1.99151494303577,2.00018845281439,1.9855494957547,2.00099798039373,1.9973647435198,1.98292816835494,1.9807501536772,1.97866851133033,1.97793608161569,1.97787825821716,1.97172006627434,1.99512890544353,1.97572915523868,1.99485906291708,1.99436756402963,1.96708455715933,1.9646656116544,1.96104201201356,1.95792918572634,1.95761115703446,1.95231067883641,1.95034468328659,1.95180954271587,1.95428631161932,1.9473667782626,1.94683673044279,1.94488037212606,1.94696201447293,1.94418649134377,1.86875586796904,1.94072672466541,1.86957503278147,1.94001356941695,1.94099656719186,1.94104475335729,1.940350872575,1.9402737747103,1.9414206054477,1.94090983209407,1.98365096083649,1.87410453233252,2.06114395209191,1.95334186277676,1.95430558608549,1.97650013388567,1.96212138211934,2.04075156687907,2.02238300061457,2.03833262137414,2.02390568344237,2.0510923179818,2.0348632174627,1.94701020063837,1.94169044797415,1.94088092039481,1.94071708743232,1.93864508231854,2.01350710894112,2.03703159490735,1.93864508231854,1.93904984610821,1.93874145464942,2.00715617233655,2.02370330154754,2.02165057089993,2.01712107134887,2.02504287694668,2.02712451929355,2.01502015453583,2.01342037384333,2.02347200795344,1.93441433699319,1.93208212658605,2.0339476803194,2.02303833246451,2.02091814118529,1.93049198312664,2.01714034581505,1.9279284791254,2.00698270214098,1.92807303762171,2.01426845035502,2.01313125685071,1.92528787725947,1.92450726137939,2.02452246635996,1.92107640640029,2.01058702731565,2.00963294124,1.99064759205791,2.00351329822953,1.91779974715059,2.00745492656226,1.91395449114874,2.00713689787037,1.99453139699211,2.01112671236854,2.01487559603952,1.90679402696483,1.9878335199964,1.90597486215241,1.90556046112965,1.90383539640701,1.90096350094698,1.90205250828585,1.90127189240578,2.0010943527246,1.89067093600969,1.88944700740759,1.88750028632395,1.88498496848815,1.83581580527646,1.8338016235612,1.92813086102024,1.83034185688284,1.83131521742467,1.83010092605566,1.82752778482134,1.82739286355811,1.82981180906304,1.82450169363191,1.82388491071432,1.89199123694266,1.82414511600767,1.8242029394062,1.8218418172998,1.82067571209623,1.82242005128504,1.82189964069832,1.82425112557164,1.82111902481825,1.8208491822918,1.82076244719401,1.81911448033608,2.01074122304505,1.86713681281037,1.81922048990004,1.90159955833075,1.86602853100532,1.81701356352303,1.8158956444849,1.8152114009357,1.91064892019977,1.9979718892043,1.72385043126757,1.67113476627974,1.67072036525698,1.66884110480495,1.66746298047345,1.66482237860752,1.66200830654601,1.66036033968807,1.74792423951978,1.6570644059722,1.84076934308336,1.65459727430184,1.65403831478277,1.83760833063071,1.69924657519555,1.69972843684992,1.65015450984856,1.69785881363097,1.65079056723233,1.74906143302409,1.6505110874728,1.64522988374093,1.64788012283995,1.83050568984533,1.64569247092912,1.64724406545618,1.64911368867513,1.64781266220834,1.64903659081043,1.82103228972046,1.64979793222433,1.82012638981025,1.81839168785452,1.81906629417064,1.81484518607838,1.70118365904611,1.79533942630957,1.7015691483696,1.71821264991147,1.65450090197096,1.65624524115977,1.65693912194206,1.70785262434256,1.66063981944761,1.65925205788303,1.66116023003432,1.66273109902756,1.79584056243011,1.66645107099928,1.66345389150911,1.66486092753987,1.67004575894087
1.89760974383258,1.8801470774783,1.87765103410867,2.00078596126581,2.00267485895093,1.95760151980137,1.92209795310755,1.97695308384078,1.97729038699884,1.8739696110693,1.8706929518196,1.87015326676671,1.86682842135157,1.87077968691739,1.86529610129068,1.86595143314062,1.86494916089954,1.86464076944074,1.86378305569597,1.98066341857941,1.86270368559018,1.90928043310137,1.8574321190914,1.85691170850468,1.85642984685031,1.85504208528574,1.8512546526824,1.85450240023284,1.85419400877405,1.85314355036753,1.90062619778893,2.02796295857215,1.9488123632257,1.89902641709642,1.95799664635795,1.85097517292287,1.8521701898257,1.85132211331402,1.93501184544461,1.85569741713568,1.8558323383989,1.85702735530173,1.85739357015905,1.85835729346779,2.00212553666495,1.98926946772642,1.98746730513908,1.99723945948966,1.90791194600297,1.90786375983753,1.98075979091028,1.99447357359359,1.97914073575161,1.97694344660769,1.97148877268025,1.99419409383406,2.08181581706429,1.96723875288872,1.96560042326387,1.96364406494714,1.88780867778274,1.9582664888844,1.95683054115438,1.88268166978027,1.95729312834257,2.07392292316575,1.9504892417829,1.99380860451056,1.99369295771351,1.9924112057129,1.94674999534501,1.99110054201302,1.94209521176381,1.94121822355287,1.98878760607205,1.94539114547969,1.86729100853976,1.86692479368244,1.94043760767279,1.94069781296615,1.9416518990418,1.94308784677181,1.94399374668202,1.94361789459162,1.98502908516798,2.05496648568292,1.95234922776876,2.05763599924812,1.97740603379588,2.06094157019708,2.02175658046389,2.02103378798234,2.04007696056295,2.03492104086122,2.03462228663551,2.02745218521852,1.94356970842618,1.9404279704397,1.93995574601842,1.93998465771768,1.93847161212297,1.93720913458853,2.03831334690797,1.93805721110021,1.93758498667893,1.93782591750612,2.05145853283912,1.93868363125089,2.00987387206718,2.03493067809431,2.02381894834459,1.93748861434806,2.00785969035193,2.00707907447185,2.02366475261519,1.93307476159405,1.93351807431607,2.0219011389602,2.02095669011764,2.0331092410408,2.0154249183255,2.00737782869756,2.00783077865266,1.92703221644828,2.02031099550079,2.00881377642757,1.92392902739415,1.92346644020596,2.00938237317973,2.00490105979411,2.00773440632179,1.92183774781419,2.00402407158316,1.99513854267662,2.01057739008256,2.01210971014345,2.00428427687652,1.99767313497859,1.99851157425719,2.0094787455106,1.99184260896074,1.99159204090047,1.98710109028176,2.00565276397492,1.98388225443059,1.90371974960997,1.90252473270713,1.90378721024158,1.90332462305338,1.90391249427171,1.99091743458436,1.98978024108005,1.8414246749333,1.83895754326294,2.02375148771298,1.83508337556182,1.83385944695973,1.83316556617744,1.83139231528937,1.83084299300339,1.93416376893292,1.93294947756391,1.87506825564126,1.87382505257299,1.91371356032155,1.82566779883548,1.89088295513761,1.82440532130103,1.82439568406795,1.82296937357102,1.82507992761715,1.82204419919463,1.87187833148934,1.87031709972919,1.82373071498492,1.82186109176597,1.82053115359992,1.82261279594679,1.82039623233669,1.88035909660622,1.86687660751701,1.99442538742815,1.86553703211787,1.86456367157604,1.81703283798921,1.81613657531208,1.815134303071,1.81708102415464,1.72258795373313,1.67037342486584,1.6699397493769,1.66575719021699,1.6635406266069,1.6612566023652,1.75488232180885,1.65974355677048,1.65764263995744,1.65618741776125,1.83869733796958,1.65421178497834,1.65428888284304,1.88279731657732,1.65060745980367,1.65016414708165,1.64853545468989,1.64843908235902,1.6970010998862,1.64792830900539,1.74624736096258,1.64427579766528,1.64730188885471,1.82441495853412,1.64443963062776,1.75899742033715,1.75708924818586,1.64808250473478,1.69716493284868,1.64739826118558,1.64899804187808,1.64867037595311,1.81926867606547,1.8175725230421,1.65078092999924,1.69894782096984,1.64763919201276,1.7186463254004,1.69961279005287,1.70086563035423,1.70365079071647,1.70393027047601,1.75175022105546,1.65943516531169,1.65857745156691,1.80037006198117,1.7980571260402,1.66196012038057,1.76467375062561,1.66722204964627,1.66669200182647,1.77074520747064
1.89807233102078,1.88078313486206,1.87537664710006,1.99974514009237,2.00093051976212,1.95642577736471,1.87532846093462,1.87697642779256,1.97430284474176,1.86945938598442,1.980287566489,1.86818727121689,1.86984487530791,1.86891006369844,1.86567195338109,1.9571967560117,1.97511237232109,1.86739701810372,1.8639083397261,1.97064069616856,1.95124094596372,1.85894516468611,1.85849221473101,1.9690891016415,1.85428074387183,1.91436889217149,2.03852536603589,1.95355388190468,1.95513438813101,1.90133935303739,2.02349128241962,1.89911315219421,1.8992769851567,1.96216956828478,1.96321038945821,1.95911456539608,1.95424776268697,1.9334217019852,1.93413485723366,1.85433856727036,1.85486861509016,1.85749957972301,1.85967759440075,1.85808745094134,1.99670941166986,1.9901946421028,1.99176551109604,1.99498434694722,2.07715139625001,1.90649527273912,1.99322073329223,1.97839866880388,1.97783970928482,1.97419683517779,1.9737342479896,1.97208628113166,1.9669496358961,1.96964806116056,1.96465597442131,1.96379826067654,2.07497338157227,1.99165950153208,1.96121548220913,1.95471998710825,1.99176551109604,1.95604992527431,1.87792087663512,1.98947184962125,1.9472125825332,1.99335565455546,1.87250475164002,1.94388773711806,1.86858239777347,2.07487700924139,1.86826436908159,1.94342514992987,1.9439359232835,1.93986901092064,1.93998465771768,1.86576832571196,1.94063035233454,1.94124713525213,1.87037492312772,1.94283727871154,1.94457198066726,1.94751133675891,1.95221430650554,1.97776261142012,1.95522112322879,1.97390771818517,2.02902305421176,2.0209856018169,2.03823624904327,2.0187786754399,2.03388021968779,2.02884958401619,1.94280836701228,2.014817772641,1.94088092039481,1.94008103004856,1.93900165994277,1.9382210440627,2.03720506510292,1.93701638992678,1.94045688213896,2.01814261805613,1.93603339215187,2.0186244797105,2.02747145968469,2.03414042498114,2.00860175729965,2.04336325704574,2.01737163940915,1.93482873801595,2.0280786053692,2.02408879087103,2.02383822281076,2.02783767454201,2.00959439230765,2.02990004242271,2.02990004242271,1.92713822601224,2.01440337161824,2.00702125107333,2.01011480289437,2.01113634960163,2.01362275573817,2.00412044391403,1.92310022534864,1.92073910324224,1.9205367213474,2.00351329822953,2.00676104577997,2.02806896813611,2.0104713805186,1.99997643368647,2.00348438653027,1.99427119169876,1.9914185707049,2.00465049173384,1.99830919236236,1.98740948174056,1.99053194526086,2.00361930779349,1.9058303036561,1.90226452741378,1.90260183057183,1.90129116687195,1.89934444578831,1.90223561571451,1.90127189240578,1.84184871318915,1.84035494206061,1.83878407306737,1.83581580527646,2.02814606600081,1.83378234909503,1.92947043641938,1.82956124100277,1.83025512178506,1.93208212658605,1.87736191711605,1.8759548810853,1.87498152054347,1.8738925132046,1.87316008348996,1.82502210421862,1.87201325275257,1.82457879149661,1.8213792301116,1.82431858620325,2.01331436427937,1.90823961192794,1.868861877533,1.86900643602931,1.91984284056511,1.81919157820077,1.82076244719401,1.93173518619491,1.81928795053165,1.82079135889327,1.81816039426043,1.86596107037371,1.81788091450089,2.01192660271479,1.81729304328257,1.99569750219568,1.81471026481515,1.77386767099094,1.77361710293067,1.66897602606817,1.66483201584061,1.66431160525389,1.66326114684737,1.65896294089041,1.65819196224342,1.65575374227232,1.83679880305137,1.65167719267637,1.6519566724359,1.88416580367572,1.65118569378891,1.72096889857445,1.71886798176141,1.64821742599801,1.64535516777106,1.81099993007652,1.69355097044092,1.82868425279182,1.82969616226599,1.64443963062776,1.64749463351645,1.64454564019172,1.75802405979533,1.6471573303584,1.64657909637316,1.64393849450722,1.82366325435331,1.82283445230779,1.75367766767293,1.64575993156073,1.647003134629,1.65001958858534,1.65095440019482,1.65102186082643,1.81373690427333,1.70098127715128,1.70104873778289,1.71824156161073,1.71581297887272,1.76165729666926,1.65481893066284,1.65747880699495,1.65875092176249,1.79810531220564,1.79761381331819,1.7980571260402,1.66165172892178,1.66358881277234,1.78866082378003
1.978080640112,1.97836011987153,1.97026484407815,1.87379614087373,1.96770134007692,1.87375759194138,1.87371904300903,1.87528991200227,1.97064069616856,1.97781079758555,1.97874560919503,1.86762831169782,1.86709826387802,1.98519291813047,1.98001772396256,1.87054839332329,1.86386015356067,1.86422636841798,1.86352285040261,1.86051603367935,1.9481281196765,1.96837594639303,1.97034194194285,1.85592871072977,1.85618891602313,1.85707554146717,1.85485897785708,1.95248414903198,1.95339968617528,2.02496577908198,1.90042381589409,1.89840963417883,1.92544207298887,1.89943118088609,1.90060692332275,1.93414449446675,1.85083061442656,1.90037562972865,1.90099241264624,1.85314355036753,1.95264798199447,1.95046996731673,1.85781760841489,1.85717191379804,1.99439647572889,1.98782388276332,1.9869179828531,1.98713963921411,1.99138965900564,1.97920819638322,1.99137038453946,1.99352912475103,1.97439921707263,1.97391735541826,1.9735800522602,1.97126711631924,1.89601960037317,1.99208353978793,1.9681735644982,1.96189972575833,1.99059940589247,1.95819902825279,1.959104928163,1.96003973977247,1.87846056168801,1.99263286207391,1.87678368313081,1.95062416304612,1.94522731251721,2.07001984376537,1.9437046296894,1.94201811389912,1.94200847666603,1.98824792101916,1.86778250742722,1.94084237146246,1.93897274824351,1.98765041256774,1.93776809410759,1.9841039107916,1.86695370538171,1.94022558854487,2.06490247299598,1.87071222628577,1.98110673130143,1.95089400557257,1.95161679805412,1.97703018170548,1.97658686898346,1.9730500044404,1.9004912765257,2.01978094768098,1.9462199475252,2.02497541631507,2.02831953619638,2.03071920723513,1.94162298734253,1.94371426692249,1.94070745019924,1.93787410367155,1.93803793663404,1.93927150246922,2.02780876284275,2.02031099550079,2.0311239710248,2.02813642876772,2.04221642630835,2.01874976374064,2.02565002263118,2.0251007003452,2.02799187027141,2.02817497770007,2.02976512115948,2.0184702839811,2.02826171279786,1.93213031275149,2.01484668434026,2.02084104332059,2.00736819146447,2.01067376241343,2.02660410870683,1.92678164838801,1.92516259322933,2.02348164518653,1.92401576249194,2.02156383580215,2.01473103754321,1.99415554490171,2.0177860404319,1.99441575019507,2.00451557047061,1.92044998624961,2.00516126508747,1.9174913556918,1.99782733070799,2.00182678243924,1.99439647572889,1.98473996817536,1.98220537587339,1.99329783115693,1.99802971260282,1.90822997469485,1.90769028964196,1.9047605707834,1.90516533457307,1.90372938684305,1.90082857968376,1.98109709406834,1.90068402118745,1.90082857968376,1.97389808095209,1.8998841308412,1.83935266981952,1.83953577724818,1.83798418272112,1.83451477880967,1.83116102169527,1.88137100608039,1.87906770737251,1.92858381097534,1.92766827383204,1.91461946023176,1.927774283396,1.82509920208332,1.82222730662329,1.82723866782872,1.82715193273093,1.82468480106057,1.82382708731579,1.82434749790251,1.91141026161368,1.82003965471246,1.82409692984224,1.87024000186449,1.82265134487913,1.82060825146462,1.8209262801565,1.82120575991603,1.81923012713312,1.81777490493693,1.82120575991603,1.81885427504272,1.81694610289142,1.81524994986805,2.00878486472831,1.81483554884529,1.81644496677088,1.81210821188157,1.66958317175267,1.6688796537373,1.66547771045746,1.66286602029079,1.6618637480497,1.84459532461904,1.65856781433383,1.70543367883763,1.75777349173506,1.65305531700786,1.75846737251735,1.65158082034549,1.6512724288867,1.64877638551707,1.6483716217274,1.64801504410317,1.81266717140063,1.69429303738865,1.64685857613269,1.64516242310931,1.74989987230269,1.64317715309332,1.64396740620648,1.64424688596602,1.64371683814621,1.64275311483748,1.64201104788975,1.64422761149984,1.64240617444633,1.64449745402629,1.64450709125937,1.64588521559087,1.81819894319278,1.64438180722924,1.64732116332088,1.81350561067923,1.81259971076902,1.65050145023971,1.81255152460359,1.64964373649493,1.65145553631536,1.65307459147403,1.65452017643714,1.6544719902717,1.80021586625177,1.65880874516101,1.80013876838707,1.65896294089041,1.66182519911735,1.66139152362842,1.66444652651711,1.66643179653311
1.82773980394926,1.87761248517632,1.87742937774766,1.87096279434605,1.97780116035247,1.97782043481864,1.87374795470829,1.87119408794014,1.87067367735343,1.87047129545859,1.86798488932205,1.96278635120237,1.86545993425317,1.86572977677961,1.86557558105021,1.97163333117656,1.86301207704898,2.15407579075328,1.94992064503075,1.85929210507726,1.85859822429497,1.86087261130359,1.94301074890711,1.85800071584355,1.85733574676053,1.90288131033137,1.85218946429188,2.03827479797562,2.03735926083232,1.85162086753972,1.89780248849433,1.85059932083246,1.92248344243105,1.90066474672127,1.89922879899126,1.89941190641992,1.95050851624908,1.95228176713715,1.9003370807963,1.90027925739778,1.85355795139028,1.85377960775129,1.85700808083556,1.94067853849997,2.07320013068419,1.98552058405544,1.98375697040045,1.98505799686724,2.07695865158826,1.97993098886477,1.97475579469686,1.97661578068272,1.90075148181906,1.90006723826986,1.97062142170239,2.07339287534594,1.97071779403326,1.96475234675219,1.99112945371228,1.991649864299,1.9585652431101,1.95858451757628,1.88655583748139,1.95762079426754,1.87500079500965,1.95073017261009,1.95028685988807,1.94782936545079,1.94666326024722,1.94475508809592,1.94263489681671,1.9405050683044,1.94136278204918,1.94063998956762,1.94057252893601,1.94049543107131,1.93681400803194,1.86574905124579,1.94106402782347,2.07307484665406,1.94025450024413,1.94029304917648,1.94009066728164,1.94217230962851,1.94512130295324,1.9446201668327,1.87372868024212,1.88071567423045,1.97530511698284,2.0647386400335,1.90130080410504,1.9466054368487,2.03578839183908,2.03083485403218,2.03404405265027,2.03058428597191,1.94075563636467,1.94012921621399,1.94099656719186,1.93790301537082,1.93743079094953,2.02087959225294,2.02439718232983,2.02302869523142,2.02169875706537,2.02953382756539,2.03644372368902,2.02470557378862,1.93595629428717,2.0292928967382,2.02499469078124,1.93417340616601,2.0206868475912,1.93248689037572,2.01865339140976,2.02278776440424,2.01712107134887,2.01086650707518,2.00378314075597,2.01205188674493,1.92812122378715,2.00405298328242,2.00797533714897,2.02026280933535,2.00324345570308,1.92285929452145,1.92429524225147,1.99549512030085,1.99959094436298,1.99164022706591,2.0078789648181,2.00695379044171,2.01084723260901,2.00675140854688,2.00698270214098,2.00317599507147,1.99814535939987,1.98366059806958,1.99754785094846,2.0023182813267,1.99925364120492,1.99151494303577,1.99253648974303,1.90453891442239,1.90427870912903,1.90252473270713,1.90233198804539,1.90020215953308,1.90106951051094,1.9005683743904,1.99796225197121,1.84079825478262,1.84044167715839,2.02458992699157,1.83724211577339,2.02465738762319,1.83100682596587,1.88033982214004,1.87931827543278,1.87760284794323,1.92752371533573,1.82714229549784,1.82562924990313,2.0201471625383,2.02454174082614,1.82521484888037,1.82419330217311,1.92728278450855,1.92161609145319,1.82449205639882,1.82369216605257,1.82376926391727,1.82277662890927,1.87194579212096,1.82106120141972,1.82091664292341,1.8207720844271,1.82051187913374,2.00840901263791,1.82045405573522,2.00681886917849,1.8178038166362,2.0080331605475,1.86432274074886,1.81570289982315,1.99991861028795,1.90722770245376,1.90730480031846,1.67107694288121,1.89593286527538,1.66409958612597,1.66251907989964,1.66142043532768,1.84452786398743,1.65791248248389,1.65620669222742,1.75527744836543,1.65397085415116,1.65109895869113,1.65069419490146,1.65056891087132,1.64771628987746,1.64760064308042,1.64466128698877,1.64379393601091,1.73820990856773,1.64521060927475,1.75182731892016,1.75025644992692,1.82781690181396,1.64326388819111,1.64079675652074,1.8249642808201,1.87685114376242,1.64283984993526,1.64336989775507,1.64148100006994,1.64742717288484,1.64409269023662,1.64440108169541,1.8181025708619,1.64374574984547,1.64780302497525,1.81218530974627,1.64621288151584,1.64937389396849,1.81222385867862,1.65072310660072,1.65080020446542,1.80732814427024,1.80608494120197,1.65558027207675,1.80032187581573,1.65488639129446,1.79602366985877,1.79514668164782,1.65932915574773,1.78917159713366,1.78760072814042,1.66450434991564
1.89765792999802,1.87606089064926,1.87682223206316,1.8728998781966,1.87471167801703,1.87376722917447,1.87134828366954,1.87032673696228,1.87024000186449,1.86855348607421,1.8700858061351,1.91603613349561,1.86731992023903,1.86412035885402,1.968703612318,1.96902164100989,1.86178814844688,1.86244348029682,1.86128701232634,1.86245311752991,1.97241394705663,1.85983179013015,1.95391045952891,1.90731443755155,1.90227416464686,1.90139717643591,1.85132211331402,2.03886266919395,1.85190034729926,1.85112936865227,1.89792777252447,1.89710860771204,1.94824376647355,1.84689862332692,1.8973688130054,1.89819761505091,1.89884330966776,1.85161123030664,1.93947388436405,1.94061107786836,1.85427110663875,2.03041081577634,1.90364265174527,1.90398959213641,1.9962950106471,1.99396280023996,1.98647467013109,1.98475924264154,1.98421955758864,1.98181024931681,1.99070541545643,1.99088852288509,1.97504491168948,1.99085961118583,1.97249104492133,2.08129540647757,1.97027448131124,2.08717411866086,1.96320075222512,1.96242013634505,1.96344168305231,1.95723530494405,1.95604992527431,1.95549096575524,1.99228592168276,1.95160716082103,1.95026758542189,1.95037359498585,1.94516948911868,1.87222527188049,1.94170008520723,1.99059940589247,1.94141096821461,2.06740815359869,1.94090019486098,1.93830777916048,1.93702602715987,1.93760426114511,1.86795597762279,1.94040869597353,1.9387510918825,1.93879927804794,1.94010030451473,1.94140133098152,1.87019181569906,1.94811848244341,2.06567345164297,1.97490999042626,1.95414175312301,1.97368606182416,2.03933489361523,2.02852191809122,2.02857010425665,2.03183712627327,2.0172559926121,2.02377076217915,1.94377209032101,1.94119894908669,1.94020631407869,1.93800902493478,1.93689110589664,1.93694892929517,2.02728835225603,1.93668872400181,1.9363899697761,2.02972657222714,1.93484801248212,2.01905815519943,2.01727526707827,2.02816534046698,2.01608025017544,2.0151165268667,2.01845100951493,1.93262181163894,2.02797259580524,2.00022700174674,1.92942225025394,2.01485632157335,2.01416244079106,2.01076049751122,2.01800769679291,2.02198787405799,1.9248831134698,2.02192041342638,2.01229281757211,1.92272437325823,1.92261836369427,2.01806552019144,2.01385404933226,1.92051744688123,1.9987332306182,1.99153421750195,1.99778878177564,2.01423953865576,1.99678650953456,1.914976037856,1.9985790348888,1.9115451828769,2.000255913446,2.00113290165695,1.90840344489042,1.99379896727747,1.99089816011818,1.90424016019668,1.90338244645191,1.90185976362411,1.9003370807963,1.97775297418703,1.98089471217351,1.9755653222762,1.89891077029938,1.99356767368338,2.01794987339439,1.83831184864609,1.83437985754645,1.83390763312517,1.92790920465923,1.87994469558346,1.8309875514997,1.91422433367518,1.82955160376968,1.8249642808201,1.82575453393326,1.82507029038406,1.82494500635393,1.82480044785761,1.92592393464323,1.82295973633793,1.82326812779673,1.8241258415415,1.82298864803719,1.82352833309008,1.87059657948873,1.90649527273912,1.82197673856302,1.86829328078085,1.82029022277273,1.82136959287852,1.82044441850213,1.82055042806609,1.81853624635083,2.00409153221477,1.81829531552365,1.81491264670999,1.99489761184943,1.99961985606224,1.90671692910013,1.67013249403865,1.66568009235229,1.84489407884475,1.66449471268255,1.66192157144822,1.83580616804337,1.6563030645583,1.65619705499434,1.83528575745666,1.70110656118141,1.6519566724359,1.64966301096111,1.64909441420896,1.8306791600409,1.64465164975568,1.64557682413207,1.7432598187055,1.64134607880672,1.64134607880672,1.64262783080734,1.64089312885162,1.64129789264128,1.64343735838668,1.64253145847647,1.64178939152874,1.64071002142296,1.64100877564866,1.64010287573845,1.64149063730303,1.64176047982948,1.73716908739429,1.6417412053633,1.64151954900229,1.64495040398139,1.64336989775507,1.81747615071123,1.8135345223785,1.64676220380182,1.69536277026135,1.64717660482457,1.64841017065975,1.65019305878091,1.64969192266037,1.80219149903468,1.65330588506813,1.80457189560726,1.79799930264168,1.65662109325018,1.79756562715275,1.79269882444363,1.78931615562997,1.78879574504326,1.7872345132831
1.89691586305029,1.97750240612676,1.9805959579478,1.8717626846923,1.87421054189648,1.87296733882822,1.87107844114309,1.8717626846923,1.86994124763879,1.86793670315662,1.86707898941184,1.91555427184124,1.86670313732144,1.96045414079523,1.86717536174272,1.96688217526449,1.97138276311629,1.91091876272622,1.92407358589046,1.86096898363446,1.90774811304048,1.85767304991858,1.90494367821206,1.90186940085719,1.85430001833801,1.90035635526248,1.85172687710369,1.95837249844836,1.85234366002128,1.85111009418609,1.89617379610257,1.84991507728326,1.85003072408031,1.85068605593025,1.84824783595915,1.96048305249449,1.89742663640392,1.84971269538843,1.93800902493478,1.85124501544932,1.85238220895363,1.85273878657786,1.85482042892473,1.90414378786581,1.99419409383406,1.98840211674856,1.98674451265753,1.99343275242016,1.98032611542135,1.99066686652408,1.97678925087829,1.99148603133651,1.90128152963887,1.97282834807939,1.97091053869501,1.98926946772642,1.89399578142482,1.96473307228601,1.9646656116544,1.96352841815009,1.96073362055476,1.95722566771096,1.98883579223749,1.88011816577903,1.95199265014453,1.87666803633376,1.98754440300378,1.94546824334439,1.9469041910744,1.8713000975041,1.94438887323861,2.08303974566638,1.9408134597632,1.94033159810883,1.93841378872444,1.93727659522014,1.86503589599732,1.86424564288416,1.93757534944585,1.93723804628779,1.93686219419738,1.93828850469431,2.06121141272352,1.97715546573561,1.87015326676671,1.94776190481918,1.94764625802213,1.95006520352706,1.97325238633523,1.97455341280203,1.89934444578831,2.03703159490735,2.03870847346455,2.01665848416068,2.01720780644666,2.0143551854528,2.01596460337839,2.01170494635378,2.01352638340729,1.93760426114511,1.9373826047841,1.93687183143047,1.93560935389602,2.01802697125909,2.01454793011455,2.01768003086794,1.93475164015125,1.93453962102333,1.93407703383514,2.00768622015635,2.01739091387532,1.93285310523304,2.0409539487739,1.93057871822443,2.01856665631198,2.02826171279786,2.03071920723513,2.00722363296816,2.00819699350998,2.02314434202847,2.01369021636978,2.01157966232365,2.02323107712626,1.92430487948456,1.92170282655097,2.00343620036483,2.00673213408071,2.00543110761391,2.0015569399128,1.91884056832403,2.0024724770561,2.00333982803396,1.98792989232728,2.00130637185252,1.9147447442619,1.99791406580578,1.9999571592203,2.00455411940296,2.00351329822953,1.99008863253884,1.98864304757574,1.99087888565201,1.9049147665128,1.90338244645191,1.90368120067762,1.90178266575941,1.89974920957798,1.90130080410504,1.97676033917903,1.89916133835965,2.00529618635069,2.0206097497265,1.83802273165347,1.83781071252554,1.83712646897634,1.88352010905887,1.99643956914341,1.88747137462469,1.83039968028137,1.82752778482134,1.93027996399872,1.82798073477644,1.82530158397816,1.82667007107656,1.82698809976844,1.82612074879058,1.82415475324076,2.01086650707518,1.8232103043982,2.00162440054441,1.82369216605257,1.82409692984224,1.82393309687975,1.91029234257554,1.82212129705933,1.82075280996093,1.82000110578011,1.81823749212513,1.91395449114874,1.81733159221491,1.81717739648552,1.81621367317678,2.00169186117602,1.81684009332746,1.81562580195845,1.90737226095007,1.98961640811756,1.66710640284922,1.84714919138719,1.84357377791178,1.66136261192916,1.65801849204785,1.71212191860026,1.65504058702385,1.65385520735411,1.83208619607166,1.65106040975878,1.64887275784795,1.64796685793773,1.64740789841867,1.64367828921386,1.64770665264438,1.64408305300353,1.74259484962248,1.64338917222124,1.64098950118249,1.64165447026552,1.64302295736392,1.64082566822,1.63887894713636,1.6402956204002,1.7308374252559,1.64087385438544,1.64129789264128,1.75093105624304,1.64073893312222,1.64188576385961,1.64179902876183,1.81830495275674,1.81767853260606,1.81392964893508,1.64342772115359,1.6447191103873,1.64421797426675,1.64359155411608,1.64424688596602,1.69602773934438,1.64765846647894,1.65033761727722,1.69807083275889,1.65161936927784,1.65167719267637,1.64946062906627,1.75067085094968,1.79707412826529,1.79576346456541,1.65741134636334,1.787774198336,1.78936434179541,1.6620950416438
1.88348156012652,1.87764139687558,1.87406598340017,1.87105916667692,1.8724469282415,1.87065440288725,2.14990286882645,1.87224454634666,1.87282278033191,1.86983523807483,1.8683318297132,1.91380029541934,1.91520733145009,1.91351117842672,1.91333770823115,1.86328191957542,1.86451548541061,1.91050436170346,1.92427596778529,1.92607813037263,1.92778392062909,1.85745139355757,1.90359446557983,1.90673620356631,1.85457949809754,1.95349605850616,1.85206418026174,1.95700401134995,1.850878800592,1.85139921117871,1.84799726789888,1.9622273916833,1.96177444172819,1.84722628925189,1.95870016437333,1.84818037532754,1.8472166520188,2.03535471635015,1.89827471291561,1.8988914958332,1.85055113466703,2.03070957000205,1.95037359498585,1.95085545664022,1.9937796928113,1.98547239789,1.98406536185925,1.98347749064092,1.98536638832604,1.90477020801649,1.98529892769443,1.97817701244287,1.97371497352343,1.97191281093609,1.97162369394347,1.96898309207754,1.96745077201665,1.96488726801541,1.96737367415195,1.99071505268952,1.96136967793853,2.07297847432319,1.95435377225093,1.95269616815991,1.99096562074979,1.87594524385221,1.94870635366174,1.95047960454981,1.94476472532901,1.87312153455761,1.94209521176381,1.94245178938805,1.93902093440895,1.93745006541571,1.98651321906343,1.98449903734818,1.98273542369319,1.98781424553023,1.93895347377734,1.93718022288926,1.93724768352088,1.93873181741633,1.94030268640957,1.94319385633577,1.97879379536046,1.87106880391001,2.06012240538465,1.94989173333148,2.05776128327825,2.05744325458637,2.03919997235201,1.94495746999076,1.94489000935915,2.01463466521234,2.01460575351308,2.02225771658444,2.0119169654817,2.00812953287837,2.0068863298101,1.93684291973121,1.93726695798705,2.01092433047371,1.93600448045261,2.01750656067237,2.0147406747763,2.01605133847618,2.02267211760719,2.03116251995715,1.93341206475211,1.93377827960943,2.00661648728366,2.005440744847,2.01512616409979,1.9338746519403,1.92888256520105,2.02699923526341,2.01711143411579,2.02844482022652,2.02427189829969,1.92682983455344,2.01049065498477,1.92394830186032,2.02274921547189,2.02400205577325,2.00824517967542,2.00966185293926,2.01087614430827,1.92127878829513,2.00841864987099,1.98790098062801,2.00297361317664,1.91745280675945,2.00270377065019,1.98466287031066,2.0026941334171,2.00755129889313,1.91140062438059,2.00469867789927,1.98101035897055,1.99852121149028,1.98968386874917,1.98850812631252,1.99140893347181,1.90344026985043,1.90149354876679,1.90018288506691,1.90034671802939,1.900414178661,1.89866983947219,1.98341966724239,1.96952277713043,1.9945410342252,2.01515507579905,1.91102477229018,1.8838766866831,1.88327917823169,1.83171034398125,1.83191272587608,1.83051532707842,1.82798073477644,1.82939740804028,2.0029254270112,2.01145437829351,1.9273213334409,1.82570634776783,1.82553287757225,1.82524376057963,2.00614426286238,1.92408322312355,1.92257017752883,2.00753202442696,1.82216948322477,1.82162979817188,1.90722770245376,1.99874286785129,2.00217372283039,1.81950960689266,1.81723521988404,1.99929219013727,1.81805438469647,1.81753397410975,1.81671480929732,1.81395856063434,1.816126938079,1.81710029862082,1.81385255107038,1.98807445082359,1.66471636904356,1.84366051300957,1.8408946271135,1.65892439195806,1.65940625361243,1.65740170913026,1.65564773270836,1.65157118311241,1.6512724288867,1.65163864374402,1.64839089619358,1.64831379832888,1.83063097387546,1.64626106768127,1.64445890509394,1.64268565420586,1.7457751365413,1.64185685216035,1.63911024073046,1.82289227570632,1.63847418334669,1.63979448427966,1.63997759170832,1.64022815976859,1.63867656524152,1.82411620430841,1.63448436884852,1.63949573005395,1.81727376881639,1.6385416439783,1.72027501779216,1.63889822160253,1.64064256079134,1.64434325829689,1.64513351141005,1.64361082858225,1.64379393601091,1.64504677631227,1.64412160193588,1.83739631150279,1.64415051363514,1.64480584548508,1.7867044654633,1.64622251874892,1.65122424272126,1.6483716217274,1.65336370846665,1.7516442114915,1.65650544645313,1.6578257473861,1.78767782600512,1.65822087394268,1.65912677385289
1.82725794229489,1.87265894736942,1.8745767567538,1.87130973473719,1.87142538153424,1.87114590177471,1.97127675355233,1.86859203500656,1.87050020715785,1.86751266490077,1.86820654568306,1.86681878411848,1.86460222050839,1.86678987241922,1.91273056254664,1.86256876432696,1.86455403434295,1.86080515067197,1.91037907767333,1.85859822429497,1.96693036142993,1.85458913533063,1.90089604031537,1.9015610093984,1.90165738172927,1.85402053857848,1.91555427184124,1.85001144961414,1.84739975944746,2.03725325126836,1.96446322975957,1.84819964979371,2.11395598941062,1.8447784320477,1.96414520106768,1.84817073809445,1.845693969191,1.89694477474956,1.89786031189285,1.8982843501487,1.84829602212459,1.85217982705879,1.85376033328512,1.94945805784255,1.98493271283711,1.9857807893488,1.98999226020797,2.0677840056891,1.97744458272823,1.99077287608805,1.97550749887768,1.97521838188505,1.90039490419483,1.99003080914032,1.98645539566491,1.97086235252957,1.96601482428663,1.89092150406996,1.96086854181798,1.96409701490225,1.9885948614103,2.06785146632071,2.06078737446768,1.99036811229838,1.95052779071525,1.98840211674856,1.874046708934,1.94926531318081,2.05909122144431,1.98770823596627,1.94144951714696,1.98569405425101,2.06820804394494,1.9870721785825,1.86423600565107,1.86387942802684,1.86467931837309,1.98408463632542,1.98190662164768,1.93561899112911,1.93798011323551,1.94071708743232,1.94121822355287,1.94161335010945,1.94337696376443,1.97490035319317,1.94507311678781,1.97405227668148,1.95482599667221,1.97734821039736,1.94583445820171,2.02621861938334,1.94376245308793,2.03155764651373,1.94235541705717,2.02596805132307,2.01162784848908,2.01502015453583,1.93752716328041,1.93659235167093,1.93605266661804,1.93871254295015,2.01782458936425,2.0259391396238,2.01299633558749,2.0182486276201,2.03327307400328,1.93412522000057,2.00673213408071,1.93321932009036,2.01750656067237,1.93228450848089,1.9328049190676,1.9311280405104,2.01927017432735,2.00793678821663,2.00966185293926,2.01763184470251,2.01682231712317,2.01424917588884,2.01360348127199,2.0121482590758,1.92079692664076,2.02416588873573,2.00630809582486,2.02411770257029,1.92011268309156,1.91904295021886,2.00789823928428,2.00057394213789,2.03733034913306,1.91639271111984,1.91648908345071,2.00096906869447,2.01025936139068,1.91401231454726,2.00592260650137,1.99845375085867,1.91000322558292,1.90800831833384,1.98999226020797,1.98979951554622,1.98944293792199,1.90245727207552,1.90181157745867,1.90083821691685,1.8997299351118,1.89814942888548,1.89840963417883,1.97303072997422,1.99785624240725,1.97323311186906,2.03299359424375,1.83714574344252,1.83491954259934,1.83391727035825,1.92783210679453,1.83191272587608,1.82963833886747,1.82859751769403,1.87769922027411,1.87430691422736,1.82430894897016,2.02116870924556,2.01025936139068,1.82590872966266,1.82716156996402,1.82563888713621,2.01021117522524,1.92098003406942,1.89406324205644,1.82106120141972,1.91149699671146,1.81880608887728,1.91120787971884,1.82086845675797,1.81710029862082,1.81715812201934,1.81728340604948,1.81740869007961,1.81683045609437,1.81874826547876,1.81155888959559,1.86465040667383,1.81392001170199,1.81367908087481,1.81189619275365,1.80723177193937,1.66053380988365,1.65977246846975,1.65815341331107,1.78519141986859,1.65589830076863,1.65311314040638,1.64793794623847,1.64943171736701,1.64854509192298,1.83129594295849,1.82787472521248,1.64752354521572,1.74198770393797,1.64289767333379,1.6443336210638,1.64152918623538,1.64177975429565,1.63958246515174,1.63794413552689,1.64047872782886,1.68695910300917,1.63737553877473,1.63692258881963,1.6383103503842,1.63768393023353,1.63740445047399,1.63675875585714,1.63848382057978,1.6387729375724,1.63848382057978,1.64072929588913,1.74588114610526,1.64099913841558,1.63977520981348,1.72366732383891,1.69104528983821,1.79231333512014,1.79099303418717,1.69226921844031,1.78725378774928,1.6950158298702,1.64584666665852,1.64623215598201,1.69735767751043,1.64840053342667,1.79177365006725,1.65056891087132,1.65126279165361,1.65826906010812,1.78730197391472,1.65732461126556,1.66004231099619
1.87194579212096,1.87291915266278,1.92021869265552,1.87140610706806,1.87439364932514,1.87073150075195,1.87111699007544,1.86731028300594,1.86730064577285,1.8671849989758,1.95823757718513,1.86365777166583,1.86716572450963,1.97055396107077,1.86251094092844,1.98697580625163,1.86021727945365,1.85854040089645,1.8574321190914,1.85837656793396,2.13046456968926,1.85478187999238,2.12455694580671,1.8531628248337,1.85350976522485,1.85079206549421,1.96134076623926,1.9548356339053,1.84458568738595,1.96173589279584,1.8468407999284,1.96081071841946,1.84520247030355,1.84686007439457,1.89447764307919,1.89476676007181,1.85088843782509,1.84711064245484,1.84773706260552,1.89792777252447,1.85182324943456,1.85069569316334,1.8504162134038,2.02378039941224,1.98683124775532,1.99116800264463,1.99053194526086,2.0671768600046,1.98145367169257,1.9782348358414,1.97736748486353,1.99137038453946,1.97526656805049,1.97089126422883,1.9703804908752,1.96849159319008,1.98813227422211,1.96475234675219,1.96243941081122,1.88747137462469,1.88442600896908,1.95417066482227,1.95358279360394,1.95286963835548,1.95186736611439,1.98715891368029,1.9514818767909,1.87220599741432,1.94489964659224,1.94391664881732,1.94345406162913,1.94180609477119,1.94014849068017,1.93710312502456,1.86352285040261,1.93720913458853,1.93752716328041,1.93807648556639,1.86124846339399,1.93506003161005,1.93937751203318,1.93841378872444,2.06432423901074,1.94243251492187,1.86931482748811,1.97401372774913,1.94700056340528,1.97482325532847,2.06795747588467,2.04803731509311,1.94550679227674,1.94476472532901,1.94303966060638,2.02142891453892,2.03761946612568,2.01728490431136,2.01553092788946,1.93902093440895,1.93789337813773,1.93630323467831,1.9350985805424,1.93449143485789,1.93454925825642,1.93609121555039,2.01993514341038,1.93516604117401,2.03040117854325,2.02071575929046,2.03502705042518,2.01810406912379,1.93040524802885,2.01773785426647,1.93129187347289,2.01380586316682,1.92789956742614,2.01586823104752,2.0052865491176,1.92694548135049,1.92526860279329,1.92510476983081,2.01036537095464,2.00736819146447,2.00749347549461,2.00835118923938,2.01295778665514,2.00736819146447,1.99437720126272,1.91697094510508,1.91842616730127,2.00016917834822,1.91663364194702,2.01063521348108,1.91614214305957,1.99321109605915,1.97791680714951,1.99061868035865,2.00523836295217,1.98852740077869,1.99754785094846,1.99077287608805,1.90622543021268,1.98686979668767,1.90335353475265,1.90120443177417,1.90057801162349,1.90114660837564,1.90115624560873,1.89803378208843,1.89867947670528,1.8970604215466,1.99594807025596,1.97072743126635,1.83795527102185,1.93026068953254,2.01376731423448,1.83446659264423,1.83035149411593,1.83045750367989,1.83065024834164,1.8292335750778,1.82811565603966,1.92573118998149,1.9247289177404,1.82562924990313,1.82535940737668,1.87245656547459,1.87150247939894,1.87088569648135,1.92066200537754,1.91856108856449,2.02173730599772,1.91752026739106,1.82162016093879,1.82044441850213,1.91703840573669,1.82079135889327,1.81827604105748,1.90987794155279,1.98718782537955,1.81768816983915,1.99447357359359,1.86351321316952,1.87043274652624,1.86248202922917,1.86077623897271,1.85989925076176,1.81053734288833,1.66497657433692,1.84233057484351,1.66054344711673,1.65834615797282,1.70440249489729,1.65335407123357,1.64981720669051,1.64633816554597,1.83078516960486,1.6486029153215,1.82959978993512,1.64514314864314,1.64439144446233,1.64253145847647,1.64122079477659,1.64160628410008,1.639611376851,1.63972702364805,1.82350905862391,1.63739481324091,1.63825252698568,1.6371731568799,1.73102053268456,1.63573720914988,1.63593959104472,1.6371731568799,1.6369418632858,1.63562156235283,1.81493192117616,1.73238901978297,1.81568362535698,1.81371762980716,1.64026670870094,1.63921625029442,1.64124970647585,1.64017997360315,1.69927548689481,1.63809833125628,1.64301332013083,1.64277238930365,1.6446420125226,1.78359163917608,1.64565392199677,1.64760064308042,1.64575029432764,1.79734397079174,1.65108932145804,1.65046290130736,1.65082911616468,1.65158082034549,1.65381665842176,1.65747880699495,1.65678492621266
1.99017536763663,1.87431655146045,1.87217708571505,1.87040383482698,1.87327573028701,1.96361515324788,1.96521493394038,1.8700858061351,1.86643329479499,1.91319314973484,1.91513987081848,1.91469655809646,1.86545029702008,1.97020702067963,1.86423600565107,1.86378305569597,1.86096898363446,1.85864641046041,1.85825128390382,1.85713336486569,2.12487497449859,1.85675751277528,1.85462768426298,1.96714238055785,1.8517943377353,1.85128356438167,1.96204428425464,1.95457542861194,2.03673284068164,1.84704318182323,1.84692753502618,1.84798763066579,1.8474479456129,1.89410179098879,1.89332117510871,1.8482863848915,1.84743830837981,1.84849840401942,1.89651109926062,1.85039693893763,1.89799523315608,1.90397995490332,1.85424219493948,1.85409763644317,1.98503872240107,1.98796844125963,1.99106199308067,1.98060559518089,1.97976715590229,1.97675070194594,1.97459196173438,1.97470760853142,1.9889032528691,1.89762901829876,1.9707659801987,2.07131123299907,2.07163889892404,1.96246832251048,1.96056015035919,1.96360551601479,1.88419471537498,1.98450867458127,1.94942914614329,1.95453687967959,1.95073017261009,2.07083900857779,1.94703911233763,1.9471354846685,1.94064962680071,1.94064962680071,1.94170008520723,1.86462149497457,1.86456367157604,1.93703566439295,1.86469859283927,1.86402398652315,1.93560935389602,1.93499257097843,1.93542624646737,1.93686219419738,1.86323373340999,1.93712239949074,1.86436128968121,1.94010994174782,1.9431745818696,1.94377209032101,1.94701983787145,1.94833050157133,1.97378243415504,1.97175861520669,2.04310305175238,1.94403229561437,2.03374529842456,2.03266592831878,2.02411770257029,2.02246009847927,2.03125889228803,1.93719949735544,1.93714167395691,1.93834632809283,1.93656343997167,1.93476127738434,2.02063866142576,2.02039773059858,2.0236551153821,2.02317325372773,1.93127259900671,2.01273613029413,1.93254471377425,2.02021462316992,2.00355184716188,1.93063654162295,1.93039561079577,2.01249519946694,1.93025105229946,2.01361311850508,2.01129054533103,1.92510476983081,1.92517223046242,2.0056720384411,2.00768622015635,2.00785005311884,2.01099179110532,2.01017262629289,1.91938025337692,1.9985790348888,2.00099798039373,1.99970659116002,2.00730073083286,2.0164946511982,2.00665503621601,2.00094015699521,2.00485287362867,2.00052575597245,2.00637555645647,1.91111150738797,1.91063928296669,1.99717199885805,1.99403989810466,1.90676511526557,1.98550130958926,1.98540493725839,1.98447012564892,1.97679888811138,1.9715273216126,1.8987373001038,1.89859274160749,1.89824580121635,1.89654964819297,1.89740736193775,1.970688882334,1.84146322386565,1.83842749544314,1.99861758382115,1.83466897453907,1.83370525123033,1.82957087823586,1.830910453635,1.83039004304828,1.8300720143564,1.92101858300177,1.82708447209932,1.82680499233978,1.82409692984224,1.87285169203117,1.87173377299303,1.87114590177471,1.87088569648135,1.9200066735276,1.91646980898454,1.82358615648861,1.91133316374898,1.91335698269732,1.82091664292341,1.90905877674036,1.81861334421553,1.81760143474136,1.90587848982153,1.81890246120815,1.81785200280163,1.90857691508599,1.81380436490494,1.8616243154844,1.86089188576976,1.89452582924463,1.80829186757898,1.89632799183197,1.81040242162511,1.75695432692263,1.65604285926494,1.83816729014978,1.65266982768436,1.65081947893159,1.83381126079429,1.64841017065975,1.64816923983257,1.73592588432603,1.64545154010193,1.64375538707856,1.69107420153747,1.64079675652074,1.63982339597892,1.64150027453612,1.64016069913698,1.6348120347735,1.68938768574719,1.68765298379146,1.63352064553979,1.63724061751151,1.63580466978149,1.81842059955379,1.81888318674198,1.68409684478223,1.81938432286252,1.81808329639573,1.63447473161544,1.63778993979749,1.81624258487604,1.81221422144553,1.81320685645353,1.63563119958592,1.63531317089404,1.63959210238482,1.69108383877056,1.68781681675395,1.64157737240082,1.64013178743772,1.78469992098113,1.69130549513157,1.6441794253344,1.69385936189972,1.69442795865187,1.64981720669051,1.7938649296472,1.74956256914463,1.79359508712076,1.65182175117268,1.65198558413516,1.65611995712964,1.65330588506813
1.97024556961198,1.87128082303793,1.87287096649734,1.86913172005945,1.86838001587863,1.87140610706806,1.91674928874407,1.91549644844271,1.91593976116473,1.92478674113892,1.91422433367518,1.86386979079375,1.86286751855267,1.96673761676818,1.86175923674762,1.86229892180051,1.85996671139337,1.85785615734724,1.85846330303175,1.85830910730235,1.85578415223346,1.85683461063998,1.85386634284908,1.85136066224637,2.03684848747869,1.84953922519286,1.96155278536718,1.95827612611748,2.0344006302745,1.84747685731216,1.96564860942931,1.89361992933442,1.845693969191,1.8444025799573,1.93851016105532,1.84633002657477,1.84743830837981,1.89515224939531,1.89730135237379,2.00819699350998,1.89693513751647,1.93718986012235,1.84990544005018,1.85369287265351,1.98725528601116,1.98978987831314,1.98431592991952,1.98527965322825,1.98653249352961,2.06508558042464,1.98743839343982,1.97416792347853,1.97366678735799,1.89717606834365,1.98721673707881,1.96810610386659,1.96693999866302,1.96449214145883,1.96104201201356,2.07024150012638,1.95923984942622,1.98438339055113,1.94885091215805,1.95296601068635,1.9496508025043,1.94624885922446,1.87403707170091,1.94010994174782,1.98473033094227,1.94079418529702,1.94112185122199,1.93891492484499,1.86510335662893,1.86430346628268,1.98058632071471,1.93465526782038,1.93794156430316,1.9806730558125,1.97945876444349,1.9364670676408,1.86106535596533,1.86233747073286,1.93782591750612,1.93720913458853,1.94329986589973,1.94432141260699,1.94501529338928,1.94900510788745,1.87714989798813,2.06668536111714,1.944543068968,1.94408048177981,2.03193349860414,2.03215515496515,2.01216753354197,2.01644646503276,2.01130018256411,1.93743079094953,1.93728623245322,1.93755607497967,1.93732478138557,1.93354698601533,1.93390356363956,1.93411558276748,2.00809098394602,2.00690560427628,2.00568167567418,2.01588750551369,2.01444192055059,2.01898105733473,2.00059321660406,2.00971967633779,2.01459611627999,2.01414316632488,2.00009208048352,1.92711895154606,2.01424917588884,2.00842828710408,1.99657449040663,1.99673832336912,2.0047565012978,2.00387951308685,2.02061938695958,1.92025724158787,2.01356493233964,1.91744316952636,1.91750099292488,2.00473722683162,2.0152707225961,1.91540007611184,1.91434961770532,2.02005079020743,2.00013062941587,1.9141375985774,2.00395661095155,1.99839592746014,1.98864304757574,2.01111707513545,2.00690560427628,2.00405298328242,1.98458577244596,1.97688562320917,1.97715546573561,1.97592189990043,1.97625920305849,1.89777357679507,1.89605814930552,1.8984385458781,1.89582685571142,1.89695441198264,1.98883579223749,1.9698504430554,1.83637476479553,1.92735988237325,2.01787277552969,1.83308846831274,1.82946486867189,1.83002382819096,1.93416376893292,1.82837586133302,1.87487551097951,1.82452096809808,1.82427040003781,1.8272483050618,1.88140955501274,1.87047129545859,1.87068331458651,1.87031709972919,1.8207720844271,1.81951924412574,1.82152378860791,1.82055042806609,1.8200107430132,1.81947105796031,1.82026131107347,2.00685741811084,1.81732195498183,1.81754361134284,1.90591703875388,1.81455606908576,1.81451752015341,1.99764422327933,1.9903488378322,1.81133723323458,2.00010171771661,1.85836693070087,1.85773087331711,1.65831724627355,1.65603322203185,1.65541643911426,1.83705900834473,1.65149408524771,1.65126279165361,1.64762955477968,1.64788012283995,1.82570634776783,1.64553827519972,1.64123043200967,1.64423724873293,1.69057306541693,1.68956115594276,1.64056546292665,1.6377032046997,1.63580466978149,1.63732735260929,1.6912862206654,1.63655637396231,1.63724061751151,1.63502405390142,1.63476384860806,1.63382903699858,1.81846878571922,1.68172608544274,1.63286531368985,1.63568902298444,1.63478312307423,1.81400674679978,1.63385794869785,1.63475421137497,1.73447066212983,1.80779073145843,1.69334858854609,1.80976636424134,1.63950536728704,1.6374719111056,1.7881500504264,1.8847151259617,1.88110116355394,1.78702249415518,1.69114166216909,1.78170274149096,1.64566355922986,1.79515631888091,1.75041064565632,1.78870900994547,1.79014495767549,1.78698394522283,1.65473219556506,1.6509640374279,1.6536335509931
1.88062893913266,1.87300588776057,1.92071019154297,2.04071301794672,1.87231200697828,1.86740665533681,1.91527479208171,1.91372319755464,1.91447490173545,1.86500698429806,1.86435165244812,1.91127534035045,1.8609400719352,1.86147975698809,1.86147975698809,1.86085333683741,1.85930174231035,1.96783626134014,1.9053677164679,1.8555239469401,1.85421328324022,1.85457949809754,1.85279660997638,1.8518714356,1.85137993671254,1.85385670561599,1.96034813123127,1.95881581117038,1.84858513911721,1.84557832239395,1.96515711054186,1.8451639213712,1.84487480437858,1.96058906205845,1.84503863734106,1.84641676167255,1.84594453725127,1.84369906194192,1.84680225099605,1.89601960037317,1.89647255032828,1.89777357679507,1.8537699705182,1.94441778493787,1.9849423500702,2.06421822944678,2.08517921141178,1.90640853764134,1.98773714766553,1.99128364944168,1.97392699265135,1.9796804208045,1.97112255782293,1.97314637677127,1.98327510874608,1.9658124423918,1.96745077201665,2.06042115961036,1.96053123865993,1.98655176799578,1.95697509965069,1.98431592991952,1.95513438813101,1.95398755739361,2.0577998322106,2.05815640983483,2.05889847678256,1.871839782557,1.86780178189339,1.86777287019413,1.86689588198318,1.8648238768694,1.9388281897472,1.93684291973121,1.93744042818262,1.93560935389602,1.93432760189541,1.97806136564582,1.97748313166058,1.8613159240256,1.86231819626669,2.06326414337113,1.93561899112911,1.86251094092844,1.94163262457562,1.94388773711806,1.87075077521812,1.96840485809229,1.96911801334076,2.06102830529486,2.02737508735382,2.02191077619329,2.03002532645284,2.03097941252849,2.02473448548789,1.93813430896491,1.93678509633268,1.93709348779148,1.93584064749012,1.93752716328041,2.00836082647247,1.93394211257191,2.02330817499096,2.0097871369694,2.00649120325352,2.00481432469632,2.00451557047061,1.92966318108113,1.93116658944275,2.03397659201866,2.02444536849526,2.01914489029722,2.0173330904768,2.01437445991898,2.01582004488208,2.03410187604879,2.01569476085195,2.00392769925229,1.92359172423609,1.92331224447656,2.00346511206409,1.92042107455035,1.92022832988861,2.01009552842819,1.91885020555711,2.00548893101244,2.01386368656535,1.99738401798597,2.00535400974921,2.00647192878735,1.91486039105895,2.00217372283039,2.00172077287528,1.91373283478773,2.00776331802105,1.91077420422991,1.91043690107185,1.90900095334184,1.9899729857418,1.99122582604315,1.90458710058783,1.99080178778731,1.97461123620055,1.97284762254557,1.89815906611856,1.89967211171328,1.89574012061364,1.89627016843344,1.89505587706443,1.89611597270404,1.9821186407756,1.98228247373809,2.02103378798234,1.83770470296158,1.83408110332074,2.01459611627999,1.82837586133302,1.9039221315048,1.93293984033083,1.93183155852578,1.87415271849796,1.82553287757225,1.82455951703043,1.87337210261788,1.82427040003781,1.82239113958578,1.87066404012034,1.8238174500827,1.82087809399106,1.81878681441111,1.81870971654641,1.82112866205133,1.82066607486314,1.81783272833546,1.81870971654641,2.00457339386914,1.81684973056055,1.81334177771675,1.81514394030408,1.8123876916411,1.86076660173962,1.99793334027195,1.81059516628685,1.81102884177578,1.80739560490185,1.80767508466138,1.88786650118127,1.657594453792,1.83415820118544,1.83720356684104,1.65100258636025,1.8338787214259,1.64878602275016,1.64623215598201,1.64510459971079,1.69438940971952,1.69174880785359,1.82400055751136,1.72885215523991,1.81446933398797,1.81369835534098,1.63794413552689,1.63857055567756,1.6378574004291,1.63547700385652,1.63598777721015,1.63384831146476,1.63403141889342,1.81698465182377,1.6321425212083,1.8219189151645,1.82040586956978,1.63439763375074,1.63406996782577,1.81524994986805,1.63232562863696,1.63369411573536,1.63283640199059,1.7978354696792,1.63243163820092,1.73050975933093,1.63475421137497,1.80908212069214,1.6369418632858,1.68569662547473,1.6877011699569,1.64096058948323,1.63954391621939,1.78284957222836,1.78102813517485,1.70379534921278,1.796158591122,1.79361436158693,1.64872819935164,1.64873783658472,1.64808250473478,1.64983648115668,1.65156154587932,1.65155190864623,1.65464546046727
1.99156312920121,1.99222809828424,1.91885020555711,1.87086642201517,1.87042310929315,1.86640438309573,1.91383884435169,1.91285584657678,1.91395449114874,1.86417818225255,1.86426491735033,1.91201740729818,1.85775978501637,1.8601016326566,1.86006308372425,1.86120027722856,1.85847294026483,1.85800071584355,1.90494367821206,1.90502077607676,1.85307608973592,1.85181361220147,1.85226656215658,1.85074387932877,1.96392354470667,1.84875860931278,1.84946212732816,1.89532571959088,1.89543172915484,1.89575939507981,1.84662878080047,1.96044450356214,1.8449326277771,1.84571324365718,1.84540485219838,1.8454626755969,1.84641676167255,1.84652277123651,1.84439294272421,1.84809364022975,1.84933684329802,1.84770815090626,1.85107154525375,1.85282552167564,1.99097525798288,1.9873805700413,1.98807445082359,1.97695308384078,1.98512545749886,2.05931287780532,1.90142608813518,1.97455341280203,1.97187426200374,1.89479567177108,1.9879106178611,1.96632321574543,1.8903529073178,1.96096491414886,1.96173589279584,1.98596389677746,1.95427667438623,2.07026077459255,1.98370878423501,1.98418100865629,1.94870635366174,1.98333293214461,1.94626813369064,1.94428286367464,1.94330950313282,2.05775164604516,1.93862580785237,1.93752716328041,1.93612012724965,1.93612976448274,1.9373055069194,1.93497329651226,1.93736333031792,1.97971896973685,1.97820592414213,1.93346025091754,1.93360480941386,1.86197125587554,1.86431310351577,1.93754643774658,1.94207593729764,1.86844747651025,1.96799045706954,1.94838832496986,1.97041903980755,2.0576456364812,1.94174827137267,2.03339835803342,2.034786119598,2.02586204175911,2.03415006221423,2.02169875706537,1.93716094842309,1.93529132520414,1.93594665705408,1.93412522000057,1.93414449446675,1.93324823178962,2.01791132446204,2.00700197660715,2.0385157288028,2.00221227176274,2.03682921301252,2.01869194034211,2.02139036560657,2.04086721367612,2.01829681378553,2.02583313005984,2.01745837450693,2.00135455801796,2.01522253643067,2.01502979176892,1.92506622089846,2.00748383826152,2.00167258670984,1.92119205319734,2.00566240120801,2.0010172548599,1.99722018502349,1.91900440128651,1.91746244399253,1.91724078763153,1.99978368902472,1.91632525048823,1.9997258656262,1.91506277295378,2.00699233937406,2.00297361317664,2.00194242923629,2.000255913446,1.99773095837712,1.9955336692332,2.00073777510037,2.00170149840911,1.98013337075961,1.97932384318027,1.90358482834674,1.90213924338364,1.99237265678055,2.00073777510037,1.89807233102078,1.89960465108167,1.89944081811918,1.89314770491314,1.89537390575632,1.89448728031228,1.89475712283873,1.83597963823895,1.83591217760734,1.83476534686994,2.01213862184271,2.01713070858196,1.87700533949182,1.82699773700153,1.8758777832206,1.82612074879058,1.88439709726982,1.82418366494002,1.82306574590189,1.87106880391001,1.87011471783436,1.87104952944383,1.86910280836019,1.91765518865428,1.81999146854702,1.81951924412574,1.82002038024629,1.92981737681052,1.81738941561344,1.81870971654641,1.99574568836112,1.81751469964357,1.91092839995931,1.81410311913065,1.9104754500042,1.90714096735598,1.81136614493384,1.81060480351994,1.80825331864663,1.80900502282744,1.90487621758045,1.99702744036174,1.80482246366753,1.66006158546237,1.65293003297772,1.65160973204476,1.83488099366699,1.6508098416985,1.64941244290084,1.64589485282395,1.64242544891251,1.64444926786085,1.64137499050598,1.82343196075921,1.64110514797954,1.69373407786958,1.81190582998673,1.63555410172122,1.63740445047399,1.63446509438235,1.63783812596292,1.63520716133008,1.73948202333526,1.73730400865752,1.63408924229194,1.63162211062158,1.63196905101273,1.63086076920768,1.63361701787066,1.63252801053179,1.63112097450104,1.6937244406365,1.79785474414537,1.72413954826019,1.72122910386781,1.80878336646643,1.81033496099349,1.63187267868185,1.63113061173413,1.63300987218616,1.63699004945124,1.63654673672922,1.63539990599182,1.68654470198642,1.69184518018446,1.69414847889234,1.6908236334772,1.64292658503305,1.64173156813022,1.64484439441743,1.64848726852445,1.64678147826799,1.76998386605674,1.64561537306442,1.76357510605365,1.76174403176705
1.870847147549,1.87204216445183,1.86922809239032,1.86929555302193,1.86860167223964,1.87013399230053,1.86836074141246,1.91370392308847,1.91365573692303,1.91327988483262,1.91014778407923,1.86274223452253,1.86158576655205,1.95886399733581,1.96422229893238,1.85845366579866,1.85841511686631,1.96109019817899,1.85574560330111,1.85601544582756,1.9004912765257,1.90074184458597,1.85055113466703,1.85129320161475,1.85050294850159,1.89548955255337,1.89670384392237,1.89396686972556,1.89390904632704,1.89467038774094,1.84707209352249,1.84770815090626,1.89380303676308,1.84219565358029,1.84239803547513,1.84328466091916,1.84354486621252,1.84492299054401,1.84472060864918,1.84682152546222,1.84930793159876,1.84774669983861,1.8505704091332,1.85099444738905,1.9812031036323,1.9873034721766,1.98333293214461,1.90739153541625,1.97867814856342,1.90190794978954,1.98438339055113,1.98056704624854,1.97360896395947,1.98238848330205,1.96614974554985,1.96480053291762,1.89055528921264,1.96136967793853,1.96354769261627,1.96135040347235,1.98421955758864,1.95337077447602,1.87975195092171,1.98435447885187,1.94951588124108,1.94775226758609,1.87207107615109,1.94343478716296,1.87011471783436,1.94140133098152,1.93918476737143,1.86460222050839,1.86227001010125,2.05497612291601,1.97990207716551,1.93426977849688,2.06602039203411,1.93733441861866,1.97775297418703,1.93573463792616,1.97463051066673,1.93687183143047,2.0626762721528,2.06049825747506,1.94122786078595,1.94156516394401,2.06055608087358,1.94466835299814,2.07066553838222,2.07717067071618,1.93994610878533,1.94113148845508,1.93889565037881,2.02443573126218,2.01795951062747,2.02283595056968,1.93551298156515,1.93490583588065,1.93404812213587,1.93228450848089,1.93245797867646,1.93240979251102,1.93183155852578,1.93107985434497,2.01883649883842,2.01593569167913,2.03764837782494,2.01798842232674,1.93029923846489,1.93056908099134,2.02978439562566,2.02082176885442,2.00977749973631,2.01126163363176,2.01347819724185,1.92528787725947,1.92453617307865,2.00849574773569,2.0070405255395,2.01057739008256,2.01055811561639,2.01430699928737,1.91727933656388,1.91737570889475,1.99467595548842,1.99101380691523,2.00386023862067,2.01372876530213,1.99487833738326,1.91430143153988,1.91372319755464,1.98123201533156,1.99523491500749,2.00548893101244,2.00455411940296,1.99129328667476,1.99719127332422,1.90707350672437,1.99592879578978,1.90338244645191,1.9755653222762,1.98692762008619,1.99634319681254,1.89815906611856,1.89745554810319,1.89613524717022,1.89597141420773,1.89402469312409,1.89786994912594,1.89405360482335,1.97775297418703,1.9744184915388,1.83699154771312,1.83489063090008,1.8306791600409,1.82857824322786,1.82777835288161,1.87522245137066,1.87433582592662,1.87395033660313,1.88286477720893,1.82462697766204,1.8239716458121,1.82311393206733,1.81843987401996,1.82020348767495,1.82029022277273,1.91577592820225,1.91527479208171,1.82066607486314,1.8177267187715,1.86625018736633,1.86562376721565,1.86480460240323,1.81479699991294,1.81546196899597,1.91033089150789,1.90880820868009,1.81419949146152,1.81084573434712,1.81180945765586,1.81060480351994,1.80879300369952,1.80830150481206,1.80604639226962,1.80626804863063,1.80419604351685,1.65802812928093,1.83669279348741,1.83557487444928,1.83153687378568,1.64886312061486,1.64618396981657,1.6435722796499,1.64213633191989,1.64061364909208,1.63739481324091,1.64081603098692,1.72473705671161,1.63920661306133,1.81108666517431,1.73473086742319,1.70129930584316,1.73466340679158,1.63288458815602,1.63496623050289,1.74153475398287,1.63156428722306,1.81433441272475,1.68094546956266,1.62859601943215,1.62913570448504,1.63050419158345,1.63163174785467,1.81282136713003,1.6311498862003,1.62932844914679,1.62964647783867,1.62982958526733,1.62910679278578,1.80725104640554,1.63302914665233,1.80350216273456,1.74433918881129,1.80724140917245,1.80182528417736,1.63575648361606,1.63799232169232,1.63530353366095,1.64041126719725,1.63911987796354,1.64046909059577,1.64385175940943,1.6425025467772,1.64576956879382,1.69445687035114,1.64756209414807,1.64857400362224,1.77788639718837,1.70048977826382
1.98742875620673,1.87103025497766,1.87082787308282,1.87161812619599,1.87098206881222,1.86921845515724,1.86775359572796,1.91206559346362,1.91254745511798,1.91399304008109,1.86149903145426,1.90978156922191,1.91040798937259,1.91122715418502,1.94958334187269,1.95024831095572,1.95094219173801,1.85793325521194,1.85579378946655,1.94707766126998,1.85345194182632,1.8512546526824,1.96052160142684,1.84974160708769,1.85070533039643,1.96172625556276,1.84513500967193,1.89504623983135,1.84602163511597,1.89434272181597,1.84451822675434,1.89108533703244,1.84383398320514,1.843487042814,2.12483642556624,2.0312781667542,2.03021807111459,1.95364061700247,1.84627220317624,2.02743291075234,1.84728411265041,1.847679239207,1.84870078591426,1.85033911553911,1.99028137720059,2.06014167985083,1.98093326110586,2.06471936556732,1.97696272107387,1.97415828624545,1.98243666946748,1.97154659607877,1.97326202356832,1.89492095580121,1.96486799354924,2.05802148857161,1.96401027980446,1.96122511944221,2.07469390181273,1.88257566021631,1.95309129471649,1.95287927558857,1.98138621106096,1.95006520352706,1.95012302692558,1.87392142490386,1.94718367083394,1.94373354138867,1.93994610878533,1.94098692995877,1.93698747822752,1.93761389837819,1.93797047600243,1.93732478138557,1.93473236568508,1.93492511034682,1.93665981230255,1.93687183143047,1.93350843708298,1.93271818396982,1.93244834144337,1.97442812877189,1.86232783349978,1.8632240961769,1.93797047600243,2.0609993935956,1.97216337899636,1.87339137708406,1.94846542283456,1.96765315391148,2.06335087846892,2.01343001107642,1.93807648556639,1.93880891528103,2.01559838852107,2.02767384157953,1.93693929206208,1.93414449446675,1.93324823178962,1.93177373512726,1.93109912881114,1.93107021711188,2.00428427687652,2.03789894588521,2.00486251086176,2.01164712295526,1.93019322890093,2.01776676596573,2.01858593077815,2.01451901841529,2.02505251417977,2.01483704710717,1.92840070354668,2.02973620946022,1.92439161458234,1.92386156676254,2.00917999128489,2.01727526707827,2.00439028644048,2.00777295525414,2.01420098972341,1.99148603133651,2.00893906045771,2.00092088252903,1.91574701650299,1.98701435518398,2.00507452998968,1.9157373792699,1.91548681120963,2.0137480397683,1.91340516886276,2.00866921793126,1.99802007536974,1.9976634977455,1.99413627043553,1.99212208872028,1.90633143977664,2.00447702153827,1.90548336326495,1.99331710562311,1.99726837118892,1.98459540967905,1.97721328913414,1.89737845023849,1.89689658858412,1.8955377387188,1.89463183880859,1.89428489841745,1.89404396759026,1.89437163351523,1.96086854181798,2.01795951062747,1.83482317026846,1.83368597676416,1.83100682596587,1.8787689531468,1.82850114536316,1.82497391805319,1.8244342330003,1.87314080902379,1.87152175386511,1.8700087082704,1.91143917331294,1.82402946921063,1.81923012713312,1.81776526770385,2.00485287362867,1.9109380371924,1.81921085266695,1.81728340604948,1.81563543919154,1.81742796454579,1.81609802637973,1.81426695209314,1.90871183634922,1.9087214735823,1.81266717140063,1.81047951948981,1.86008235819042,1.81064335245229,1.80917849302301,1.80917849302301,1.80763653572904,1.80793528995474,1.80719322300702,1.80462971900578,1.80292392874932,1.654394892407,1.65201449583442,1.649210061006,1.64586594112469,1.82427040003781,1.64440108169541,1.73276487187337,1.64216524361915,1.64085457991927,1.63492768157054,1.81870971654641,1.63764538130118,1.6358721304131,1.63745263663943,1.81466207864972,1.63256655946414,1.63452291778087,1.63239308926857,1.63315443068247,1.63239308926857,1.62869239176302,1.81152997789633,1.62823944180792,1.62964647783867,1.63048491711727,1.63063911284667,1.81376581597259,1.7328997931366,1.80737633043568,1.80738596766876,1.80726068363863,1.62752628655945,1.63083185750842,1.6308414947415,1.63148718935836,1.63069693624519,1.80435987647933,1.80470681687048,1.8016421767487,1.6322967169377,1.63194013931346,1.73405626110708,1.7915809054055,1.6383103503842,1.73820990856773,1.78849699081755,1.64208814575445,1.64414087640205,1.7835049040783,1.64686821336578,1.64673329210255,1.77853209180522,1.77714433024064
1.9857036914841,1.8681776339838,1.96865542615257,1.87074113798504,1.8684089275779,1.86731028300594,1.86469859283927,1.86758976276547,1.91088985102696,1.91408941241196,1.86089188576976,1.95050851624908,1.90751681944638,1.908798571447,1.94799319841328,1.94837868773677,1.94926531318081,1.90362337727909,1.85433856727036,1.85166905370516,2.11391744047827,1.85111009418609,1.84855622741795,1.84890316780909,1.96059869929154,1.84543376389764,1.89459328987624,1.8435641406787,1.89230926563454,1.84543376389764,1.89010233925753,1.89080585727291,1.84449895228817,1.84354486621252,1.89100823916775,1.953920096762,1.95473926157442,1.84373761087427,1.8450097256418,1.84593490001818,1.84689862332692,2.01775712873264,1.94372390415558,2.0189328711693,2.06367854439389,2.06040188514419,2.05992966072291,1.9039992293695,1.98168496528667,1.98349676510709,1.98407499909233,1.98427738098717,1.97089126422883,1.98077906537646,2.06442061134161,2.06103794252795,1.96236231294652,2.05743361735328,2.06398693585268,2.06858389603535,1.95474889880751,1.95131804382841,1.98105854513599,1.95039286945203,1.94992064503075,1.9453044103819,1.94542005717895,1.94377209032101,1.94214339792925,1.98203190567781,1.9402737747103,1.86183633461232,1.93612012724965,1.97886125599207,1.97874560919503,2.05078392652301,1.93393247533882,1.9340288476697,1.93527205073797,1.93347952538372,1.97359932672638,1.86116172829621,1.9347130912189,1.8631469983122,2.06032478727949,1.93710312502456,1.86819690844998,1.96967697285983,1.97123820461998,2.0701451277955,1.89263693155951,2.01219644524124,2.01156038785747,2.01021117522524,2.02451282912688,1.9355515304975,1.93508894330931,1.93371081897782,1.93415413169983,1.93182192129269,1.93148461813464,2.00935346148047,2.00619244902781,2.00439992367357,2.00358075886114,2.0211397975463,2.01636936716806,1.93033778739724,1.92851635034373,2.02368402708136,2.0180944318907,2.02717270545899,2.01516471303214,2.03732071189997,2.01765111916868,2.00298325040972,2.01380586316682,1.92072946600915,1.92054635858049,1.9953794735038,2.00253993768771,2.00125818568709,2.01561766298725,1.91810813860939,2.02462847592392,2.01430699928737,2.00659721281748,1.91400267731417,2.00549856824552,1.91231616152389,2.00209662496569,1.99562040433099,1.99856939765572,1.91043690107185,1.99100416968214,1.99801043813665,1.99715272439187,2.00805243501367,1.90359446557983,1.99624682448166,1.99791406580578,1.98597353401054,1.98480742880697,1.96788444750558,1.89636654076431,1.89464147604168,1.89551846425263,1.89439090798141,1.89352355700354,1.89455474094389,1.97157550777803,1.83590254037425,1.83485208196773,1.832124745004,1.87885568824459,1.87760284794323,1.88199742623107,1.82406801814298,1.92291711791998,1.82370180328566,1.82261279594679,1.91798285457925,1.86999907103731,1.81922048990004,1.8201649387426,1.81895064737359,1.82031913447199,2.00760912229166,1.81472953928133,1.90894312994331,1.81746651347814,1.81552942962758,1.9072758886192,1.90108878497712,1.90923224693593,1.81402602126595,1.81046988225672,1.81146251726472,1.80742451660111,2.00821626797616,1.8107108130839,1.80621986246519,1.80688483154822,1.80596929440492,1.98497126176946,1.80386837759188,1.99745147861758,1.65449126473787,1.74484032493183,1.74195879223871,1.82555215203843,1.64453600295864,1.64495040398139,1.6377803025644,1.63904278009884,1.63899459393341,1.63452291778087,1.63722134304533,1.63551555278887,1.82019385044186,1.63417597738973,1.63193050208038,1.91175720200482,1.8174183273127,1.71897399132537,1.63086076920768,1.63176666911789,1.81869044208023,1.63088004367385,1.73359367391889,1.62892368535712,1.73031701466918,1.6279503248153,1.63017652565848,1.62719862063448,1.62799851098073,1.63076439687681,1.62739136529623,1.62689986640878,1.81034459822658,1.62906824385343,1.8027119096214,1.63371339020154,1.63062947561358,1.62833581413879,1.63141009149366,1.79491538805373,1.63353992000596,1.79436606576775,1.74590042057144,1.74274904535187,1.63582394424767,1.78750435580955,1.64358191688299,1.63876330033931,1.6443336210638,1.77821406311334,1.64522988374093,1.64718624205766,1.77215224350139
1.878238905327,1.87088569648135,1.86827400631467,1.86795597762279,1.86702116601332,1.86425528011725,1.86266513665783,1.86397580035771,1.86205799097333,2.12444129900966,2.11798435284113,1.90759391731108,1.90694822269423,1.90687112482953,1.90759391731108,1.93903057164204,1.94907256851906,1.85364468648807,1.85425183217257,1.84928865713258,1.85104263355448,2.11047694826608,1.96427048509782,1.96440540636104,1.84581925322114,1.84706245628941,1.8446242363183,1.84438330549112,1.84503863734106,1.96067579715624,1.84322683752064,1.88904224361792,1.89102751363392,1.90607123448328,1.88905188085101,1.89052637751338,1.90351736771513,1.89090222960378,1.89341754743958,1.8442483842279,1.89698332368191,1.95342859787454,1.95615593483827,1.89829398738179,1.98780460829714,1.98207045461016,1.98625301377008,1.9752569308174,1.9857036914841,1.98331365767843,1.97193208540227,1.98098144727129,1.96847231872391,1.9686265144533,1.96396209363902,2.05699994186435,1.95965425044898,1.95933622175709,1.96048305249449,1.95551024022141,2.07465535288039,1.95445978181489,1.98024901755665,1.9481281196765,1.94650906451782,1.94710657296924,1.94357934565927,1.94396483498276,1.93994610878533,1.94088092039481,1.93787410367155,1.9382210440627,1.86089188576976,1.93407703383514,1.9333446041205,1.93267963503747,1.93211103828531,1.93337351581976,1.9311280405104,1.97456305003511,1.85827055837,1.93413485723366,1.93729586968631,1.93728623245322,1.93601411768569,1.86556594381713,1.94420576580995,1.96973479625835,1.96732548798651,1.96576425622636,1.89225144223601,2.02069648482428,2.02756783201557,2.03723397680218,2.02777985114349,2.02602587472159,1.93278564460143,1.9325061648419,1.93149425536772,2.00259776108623,2.00220263452965,2.00215444836421,2.00344583759792,2.02170839429846,2.0307481189344,2.02985185625727,2.00686705534393,1.92807303762171,2.00789823928428,2.00537328421539,1.92513368153007,2.01515507579905,2.00402407158316,2.02122653264409,2.01488523327261,1.99388570237526,2.00302179934207,1.92033433945257,2.01046174328551,2.004448109839,2.01347819724185,1.91675892597716,2.00077632403272,1.91545789951037,1.91441707833693,2.00040047194231,1.91363646245685,2.01185914208318,2.01028827308994,2.01063521348108,1.9116993786063,1.91042726383877,1.98754440300378,2.00485287362867,2.00434210027504,1.99135111007329,1.90550263773113,1.90366192621144,1.90244763484244,1.99137038453946,1.99323037052532,1.98723601154499,1.9889803507338,1.98499053623563,1.89746518533627,1.89507515153061,1.89691586305029,1.89246346136394,1.8938608601616,1.89123953276184,1.98548203512309,1.83497736599786,1.8344184064788,1.83233676413193,1.83120920786071,1.87644637997275,1.82703628593388,1.82563888713621,1.8240487436768,1.82343196075921,2.02088922948603,1.86847638820951,1.86782105635957,1.82081063335945,1.8175725230421,1.8165798880341,1.81756288580901,1.81477772544677,1.81416094252917,1.81713884755317,1.81550051792832,1.81453679461958,1.99133183560711,1.81355379684467,1.81365016917555,1.81227204484405,1.8093423259855,1.8073570559695,1.80770399636065,1.80699084111218,1.81001693230161,1.80562235401378,1.80288537981697,1.80250952772656,1.80160362781635,1.84837311998929,1.80023514071795,1.65139771291683,1.82904083041605,1.64641526341067,1.73513563121286,1.64367828921386,1.64138462773907,1.64071965865604,1.63941863218925,1.63957282791865,1.71157259631428,1.63494695603672,1.63380976253241,1.6310727883356,1.68116712592367,1.6309956904709,1.62867311729685,1.63026326075626,1.63037890755331,1.62890441089095,1.63077403410989,1.62906824385343,1.6275648354918,1.62872130346229,1.69903455606763,1.62901042045491,1.62761302165724,1.62527117401701,1.80734741873641,1.67560644243227,1.62541573251332,1.62770939398811,1.62708297383744,1.6278732269506,1.62902969492108,1.62808524607852,1.62722753233375,1.79751744098731,1.62938627254531,1.63075475964372,1.79430824236922,1.6316799340201,1.63432053588604,1.7900582225777,1.7853359783649,1.63542881769109,1.78691648459122,1.78416987316133,1.63818506635407,1.64162555856626,1.64329279989037,1.64190503832579,1.77326052530644,1.64770665264438
1.8766391246345,1.8705387560902,1.96730621352034,1.96865542615257,1.9690120037768,1.86420709395181,1.86446729924517,1.86324337064307,2.13353884704413,1.86378305569597,1.96703637099389,1.96743149755047,1.8581163626406,1.85899335085155,1.85642020961723,1.93711276225765,1.85432893003727,1.95090364280566,1.85132211331402,1.90099241264624,1.85054149743394,1.84846949232016,1.84871042314734,1.96090709075033,1.96602446151972,1.84479770651388,1.84457605015287,1.95759188256828,1.84111628347451,1.84190653658767,1.84166560576049,1.88844473516651,1.88945664464068,1.88973612440021,1.84367978747574,1.84244622164056,1.88972648716713,1.88944700740759,1.89077694557365,1.84239803547513,1.84696608395853,1.95103856406888,1.84664805526665,1.89732062683996,1.98201263121164,1.98742875620673,2.06018022878318,1.97514128402036,1.97515092125344,1.89885294690085,1.98108745683525,1.98056704624854,1.96909873887458,1.96662196997113,1.9655811487977,1.96302728202955,1.97981534206772,2.05732760778932,1.95768825489916,1.95539459342436,1.88030127320769,1.98180061208372,1.94867744196248,1.94687527937514,1.94575736033701,1.87150247939894,1.94328059143356,1.86755121383312,2.05755890138342,1.93900165994277,1.93573463792616,1.93759462391202,1.93373009344399,1.97679888811138,1.9314364319692,1.9315906276986,1.97694344660769,1.93148461813464,1.93176409789417,1.85893552745303,1.97218265346254,1.93339279028593,1.93472272845199,2.05148744453838,2.05317396032867,1.9408134597632,1.94140133098152,1.94363716905779,1.96508001267716,1.96719056672329,2.04937689049225,2.01514543856597,1.93774881964142,2.03505596212444,2.00805243501367,2.00718508403581,2.0065104777197,2.007647671224,2.00851502220187,2.00476613853089,2.00749347549461,1.93040524802885,2.00022700174674,2.00041974640849,2.0174101883415,2.0236551153821,1.92745625470412,1.9281597727195,2.0161862597394,2.00561421504257,2.02128435604261,2.00948838274369,2.01333363874554,2.01389259826461,2.00872704132979,2.00883305089375,2.0180944318907,1.99764422327933,1.99960058159606,2.00504561829042,1.99235338231437,1.91698058233817,2.0069634276748,1.9175684535565,1.91479293042734,2.00380241522215,2.02432972169822,1.99350021305177,1.99524455224058,1.91105368398944,2.00126782292018,2.00565276397492,1.9973647435198,2.00112326442387,1.99409772150318,1.99694070526395,1.90451963995622,1.99144748240416,1.98856594971104,1.99450248529285,1.98491343837093,1.99335565455546,1.9776951507885,1.96582207962488,1.89362956656751,1.89459328987624,1.96628466681308,1.89341754743958,1.891808129514,1.89055528921264,1.89186595291252,1.83390763312517,1.83354141826785,2.01279395369265,1.83086226746956,1.82787472521248,1.82599546476045,1.82451133086499,1.82323921609746,1.82228513002182,1.82083954505871,1.81877717717802,1.86685733305083,1.86674168625378,1.81766889537297,1.81656061356793,1.81542342006362,1.81619439871061,1.92218468820534,1.81448860845414,1.81422840316079,1.81266717140063,1.81146251726472,1.99527346393984,1.9932496449915,1.89703150984734,2.0014027441834,1.99999570815264,1.8049188359984,1.80467790517122,1.80197947990676,1.9972105477904,1.80485137536679,1.80205657777146,1.8040032988551,1.79957980886801,1.89316697937931,1.64881493444942,1.6460875974857,1.82426076280472,1.64261819357425,1.64167374473169,1.63870547694079,1.63672984415788,1.63684549095493,1.63537099429256,1.63318334238173,1.6816778992773,1.70904764124539,1.63222925630608,1.63117879789956,1.62805633437926,1.62880803856007,1.81278281819768,1.62715043446905,1.62861529389833,1.86052567091244,1.62773830568738,1.62845146093584,1.67508603184555,1.67457525849192,1.62755519825872,1.62530008571628,1.62671675898012,1.80773290805991,1.62734317913079,1.62426890177593,1.80848461224072,1.62788286418369,1.62775758015355,1.68720003383636,1.62578194737064,1.80118922679359,1.79879919298793,1.79765236225054,1.6246736655656,1.79623568898669,1.79291084357156,1.78740798347868,1.63210397227595,1.63508187729994,1.7850275869061,1.78430479442455,1.78093176284397,1.64150991176921,1.78210750528063,1.75046846905484,1.76794077264222,1.74746165233159,1.64282057546909
1.86724282237433,1.86831255524702,1.96590881472267,1.96723875288872,1.86580687464431,1.86501662153115,1.96456923932353,1.86350357593643,1.86120991446164,1.86418781948564,1.85864641046041,1.85932101677652,1.85837656793396,2.04168637848854,1.85794289244503,1.85443493960123,1.85511918315043,1.85032947830602,1.90057801162349,1.89858310437441,1.89866020223911,1.85026201767441,1.84975124432078,1.84788162110183,1.96464633718823,1.8457710670557,1.84475915758153,1.84458568738595,1.95441159564945,1.84267751523466,1.93408667106822,1.83919847409012,1.83874552413502,1.8407404313841,1.84130902813625,1.88773157991804,1.84036457929369,1.84271606416701,1.90142608813518,1.84391108106984,1.84359305237796,1.94671144641266,1.84728411265041,1.98155968125653,1.98340039277622,1.98004663566182,2.05828169386497,1.97780116035247,1.9739655415837,1.90044309036027,1.89669420668928,1.96891563144592,1.96871324955109,1.96720020395637,1.96494509141393,1.96273816503693,1.96403919150372,2.05461954529177,1.95737986344036,1.88391523561545,1.95436340948402,1.94834013880442,1.94859070686469,1.9499591939631,1.94615248689359,1.94478399979519,1.94220122132778,1.93857762168693,1.93851979828841,1.93784519197229,1.93414449446675,1.93397102427117,1.93366263281238,1.93054016929208,1.86016909328821,1.93108949157805,1.97511237232109,1.93081001181852,1.93173518619491,1.85707554146717,1.97035157917594,1.93339279028593,1.93447216039172,1.96788444750558,1.93847161212297,1.93996538325151,1.94019667684561,1.94231686812482,1.94852324623308,2.04765182576962,2.02414661426956,2.01802697125909,2.03763874059185,2.02702814696268,2.04359455063984,2.0311239710248,2.00466012896692,2.01006661672893,1.92866090884004,1.92796702805775,2.00253993768771,2.00422645347799,1.92807303762171,1.92684910901962,1.92740806853869,2.01793059892821,2.01421062695649,1.99768277221168,2.01065448794726,2.01720780644666,2.01568512361886,1.92496984856758,2.00492033426028,2.0006414027695,2.00144129311575,2.01135800596264,2.00295433871046,2.00299288764281,2.00201952710099,1.9174142578271,1.99346166411942,1.99811644770061,2.00042938364158,2.01079904644357,1.91347262949437,2.0062791841256,2.00051611873936,1.91221015195993,1.91405086347961,1.91262455298268,2.00054503043862,1.90905877674036,1.90759391731108,1.90724697691994,2.00085342189742,2.00090160806286,1.90443290485843,1.99244975464525,1.99143784517107,1.99695997973013,1.98986697617783,1.9828799821895,1.97465942236599,1.9847110564761,1.89392832079321,1.89363920380059,1.89292604855213,1.89100823916775,1.8907383966413,1.89074803387439,1.97773369972085,1.83536285532136,1.83105501213131,1.83044786644681,1.82826021453598,1.82658333597878,1.82432822343633,1.82363434265404,1.82078172166019,1.82073353549475,1.82046369296831,1.89866983947219,1.81744723901196,1.86455403434295,1.81473917651442,1.81434404995783,1.81224313314479,1.90437508145991,1.92054635858049,1.81072045031699,1.81210821188157,1.90430762082829,1.90985866708661,1.90748790774712,1.80898574836127,2.00110398995769,1.80498629663001,1.80781000592461,1.80590183377331,1.80222041073394,1.80396474992275,1.80163253951561,1.85055113466703,1.79819204730343,1.79927141740921,1.89887222136703,1.79770054841597,1.65089657679629,1.64572138262838,1.8221405715255,1.64059437462591,1.82063716316388,1.82180326836745,1.63736590154164,1.63505296560068,1.6343494475853,1.72002444973189,1.68094546956266,1.68864561879946,1.71288326001416,1.63036927032022,1.63052346604962,1.62968502677102,1.62937663531223,1.62766120782268,1.62710224830361,1.62785395248442,1.67575100092858,1.79094484802174,1.67441142552944,1.67553898180066,1.6736018979501,1.62464475386634,1.80455262114108,1.80516940405867,1.62570484950594,1.62234145515846,1.62614816222796,1.73399843770855,1.79934851527391,1.68413539371458,1.62498205702439,1.62743955146167,1.62667821004777,1.62653365155146,1.62544464421259,1.63026326075626,1.79153271924006,1.79123396501436,1.78503722413919,1.78453608801864,1.63559265065357,1.78307122858937,1.63665274629318,1.64098950118249,1.77738526106783,1.76875030022156,1.7668903142357,1.64190503832579,1.64439144446233
1.86663567668982,1.86879441690139,1.86944974875133,1.97679888811138,2.11341630435773,1.86411072162094,1.86211581437185,1.96396209363902,1.86227001010125,1.95569334765007,1.85695025743703,1.85856931259571,1.85908972318242,1.85504208528574,1.95505729026631,1.85429038110492,1.95396828292744,1.85327847163075,1.90002868933751,1.85062823253173,1.8500403613134,1.89786031189285,1.95888327180199,1.95797737189178,1.84374724810736,1.95942295685488,1.84480734374696,1.89002524139283,1.84216674188103,1.84144394939948,1.84208964401633,2.13514826496971,1.84107773454216,1.95183845441513,1.96673761676818,1.83956468894744,1.9504121439182,1.88876276385839,1.84190653658767,1.84779488600404,1.84719737755263,2.02254683357706,2.01421062695649,2.01683195435625,1.9869950807178,1.97951658784201,1.97653868281802,1.98244630670057,1.97334875866611,1.98161750465506,1.98414245972395,1.98235957160278,1.96703637099389,1.96740258585121,1.98090434940659,1.96327785008982,2.06757198656118,1.95925912389239,1.97880343259355,1.95426703715314,1.95349605850616,1.95071089814391,1.94819558030811,1.9472125825332,1.94506347955472,1.94200847666603,1.94083273422937,2.0504851722973,1.93731514415249,1.93751752604732,1.8615472176197,1.93257362547351,1.93114731497658,1.93197611702209,1.85815491157295,1.93091602138248,2.0639772986196,1.85411691090935,1.8556010448048,1.92804412592245,2.06170291161098,1.85739357015905,1.9677880751747,1.86381196739523,1.93683328249812,1.93729586968631,1.86578760017814,1.9441672168776,1.94512130295324,2.05114050414724,2.04390294209863,2.01171458358687,2.01002806779658,2.00732964253212,2.01171458358687,2.00496852042572,2.00502634382424,2.00809098394602,2.00439992367357,2.00371568012436,2.00039083470923,1.92797666529084,2.00250138875536,2.02366475261519,2.00004389431808,2.00445774707209,2.02192041342638,1.92651180586156,1.99832846682853,1.92461327094335,1.92379410613093,2.008640306232,1.99366404601425,2.01242773883533,2.01002806779658,2.01650428843128,2.00586478310284,2.00090160806286,1.91766482588737,1.91700949403743,1.99750930201611,2.01469248861086,1.99567822772951,2.00701161384024,2.0049106970272,1.91206559346362,2.00461194280149,1.99818390833222,1.99755748818154,1.99124510050933,1.9978947913396,1.90806614173236,1.99792370303886,1.97397517881679,1.90779629920592,1.90500150161058,1.98586752444658,1.98740948174056,1.98225356203882,1.98453758628053,1.98103927066982,1.97597008606587,1.98451831181435,1.984479762882,1.96698818482845,1.89404396759026,1.89224180500293,1.89236708903306,1.89061311261116,1.89042036794942,1.89056492644573,1.88828090220402,1.90545445156569,2.00412044391403,1.82741213802429,1.98888397840292,1.82269953104457,1.82199601302919,1.91678783767642,1.82094555462267,1.818333864456,2.00950765720986,2.00767658292327,1.93066545332221,1.914976037856,1.91210414239597,1.81214676081392,1.81146251726472,1.91082239039535,1.81029641206115,2.00082451019816,1.80769435912756,1.80745342830038,1.99691179356469,1.99763458604624,1.80702939004453,1.90443290485843,1.90482803141501,1.80188310757588,1.79873173235632,1.80106394276346,1.8002736896503,1.79933887804082,1.7988955653188,1.89865056500602,1.79658262937784,1.79342161692519,1.64748499628337,1.64377466154474,1.82093591738959,1.82151415137483,1.63699004945124,1.63575648361606,1.63588176764619,1.63359774340449,1.63068729901211,1.63149682659144,1.63008979056069,1.67786155497471,1.70978007096003,1.62575303567138,1.62843218646967,1.62622526009266,1.86083406237124,1.8132261309197,1.62740100252932,1.62422071561049,1.67465235635662,1.67389101494272,1.87865330634976,1.67410303407064,1.62408579434727,1.80003275882311,1.62433636240754,1.61947919693151,1.62166684884234,1.62380631458774,1.62350756036203,1.62131027121811,1.7977583718145,1.62211979879745,1.62174394670704,1.6242110783774,1.79538761247501,1.7934890775568,1.79136888627758,1.6272660812661,1.78814041319332,1.7868586611927,1.63113061173413,1.63190159038111,1.78217496591224,1.78000658846759,1.63398323272798,1.77305814341161,1.638618741843,1.63924516199368,1.63727916644386,1.76217770725598,1.64384212217635
1.89268511772494,1.86633692246412,1.86692479368244,1.96188045129216,1.86338792913938,1.9600204653063,1.86233747073286,1.86155685485279,1.86092079746902,1.86068950387493,1.96391390747359,1.857277923362,1.85649730748193,1.85609254369226,1.96093600244959,1.85505172251882,1.85297971740504,1.95990481850925,1.89771575339654,1.89783140019359,1.89578830677907,1.89727244067453,1.95857488034319,1.8472166520188,1.95549096575524,1.95571262211625,1.84473988311535,1.84358341514487,1.84054768672235,1.84107773454216,1.83915992515777,1.95493200623617,1.84109700900833,1.83949722831583,1.965504050933,1.95031577158733,1.94731859209716,1.84196435998619,1.94680781874353,1.84451822675434,1.84408455126541,1.84452786398743,2.10846276655083,2.11075642802562,1.98375697040045,1.97855286453328,1.90082857968376,1.97549786164459,1.97437030537337,1.9818873471815,1.9698504430554,1.98092362387277,1.98344857894166,1.97011064834876,1.96262251823988,1.96040595462979,1.8867003959777,1.8842621760066,1.95613666037209,1.87905807013942,1.98122237809848,1.95406465525831,1.94771371865374,1.97895762832295,1.97954549954128,2.05561218029977,1.94351188502766,1.93743079094953,1.93721877182161,1.93495402204608,1.93748861434806,1.93267963503747,1.93211103828531,1.97482325532847,1.97435103090719,2.0472085130476,1.97728074976575,1.93103166817953,1.92726351004238,1.92980773957744,1.93042452249503,1.85716227656495,1.93224595954854,1.86128701232634,1.96659305827187,1.86094970916828,1.93852943552149,1.94353115949383,1.94458161790035,1.96375971174419,2.01693796392021,1.93389392640648,2.00739710316373,2.00798497438206,2.00634664475721,1.93119550114202,2.00572986183962,1.92741770577177,1.92842961524595,2.00383132692141,1.92782246956144,2.00726218190051,2.03367783779295,2.00800424884824,2.01340109937716,1.92469036880805,2.02195896235873,1.92423741885295,1.99483978845091,2.00990278376645,2.00499743212498,1.92274364772441,2.0135938440389,2.00212553666495,2.00378314075597,1.92024760435478,2.0135167461742,2.00175932180763,1.91731788549622,1.99745147861758,1.91685529830803,1.99880069124981,1.91457127406633,2.00925708914959,2.0036867684251,1.91212341686214,2.01022081245833,1.99760567434698,1.99836701576088,1.98708181581559,1.90997431388366,1.97751204335985,2.00013062941587,1.90744935881477,1.90527134413703,1.90439435592608,1.98768896150009,1.9844026650173,1.98338111831004,1.98807445082359,1.98563623085249,1.97173934074052,1.98043212498531,1.97593153713352,1.89182740398017,1.89171175718312,1.89140336572433,1.88946628187377,1.88931208614437,1.88957229143773,1.97871669749576,1.83103573766513,1.90478948248266,1.82983108352921,1.87492369714495,1.82669898277582,1.82442459576721,1.86871731903669,1.82007820364481,1.81686900502672,2.00995096993188,1.81628113380839,1.81501865627395,1.81416094252917,1.81152034066324,1.81076863648243,1.90598449938549,1.93192793085665,1.93118586390893,1.8059885688711,1.99085961118583,1.80679809645044,1.80650897945781,1.98526037876208,1.90771920134122,1.80526577638955,1.80406112225363,1.80249989049348,1.80127596189138,1.98949112408743,1.79852935046148,1.79860644832618,1.79724759846087,1.79550325927206,1.79410586047439,1.79398057644425,1.79149417030772,1.73781478201115,1.64227125318311,1.64091240331779,1.63833926208347,1.63751046003795,1.63457110394631,1.63382903699858,1.63141009149366,1.8086580824363,1.72110381983767,1.73176259963229,1.62860565666524,1.62662038664924,1.62395087308405,1.67418013193534,1.62698660150656,1.62327626676793,1.62439418580606,1.62493387085896,1.62435563687371,1.62487604746043,1.67190574492672,1.67258998847593,1.6217728584063,1.73496216101729,1.62141628078207,1.62083804679683,1.79791256754389,1.6220812498651,1.72238557183829,1.70679252870295,1.62350756036203,1.74411753245028,1.62264020938417,1.62113680102254,1.62133918291737,1.79320959779726,1.72430338122268,1.62182104457174,1.78585638895161,1.78638643677142,1.78496976350758,1.62813343224396,1.78112450750572,1.78024751929477,1.63172812018554,1.77426279754752,1.63426271248752,1.77035971814715,1.6370960590152,1.63648891333069,1.63811760572246,1.76200423706041
1.88927353721202,1.86518045449363,1.86707898941184,1.86536356192229,1.86179778567997,1.95758224533519,1.86157612931896,1.86020764222056,1.86395652589154,1.85706590423408,1.96232376401417,1.95929767282474,1.96209247042008,1.96153351090101,1.85616964155696,1.8542325577064,1.85096553568978,1.95738950067345,1.89685803965177,1.89727244067453,1.94228795642556,1.84583852768731,1.94313603293725,1.94196992773368,1.84503863734106,1.84454713845361,1.84454713845361,1.93411558276748,1.9347130912189,1.8400561878349,2.1251737287243,1.83821547631521,1.94455270620109,1.95382372443113,1.83784926145789,1.94811848244341,1.8373866742697,1.91260527851651,1.94578627203627,1.94718367083394,1.84344849388165,2.01707288518344,1.84537594049912,1.84834420829002,1.97825411030757,1.97751204335985,1.98277397262554,1.98459540967905,1.97119965568763,1.89742663640392,1.97879379536046,1.9708430780634,1.96706528269315,1.96764351667839,1.96417411276695,2.0536847336823,1.9594807802534,2.05244153061403,1.95796773465869,2.05049480953039,1.95391045952891,1.95197337567835,1.94718367083394,2.04874083310849,1.94449488280257,1.94187355540281,1.94011957898091,1.93918476737143,1.93969554072506,1.93719949735544,1.86067022940875,1.9748039808623,1.86048712198009,1.97660614344963,1.93137860857068,1.85571669160185,2.06096084466325,1.92858381097534,1.92868018330622,1.9279284791254,1.93140752026994,1.9313593341045,2.05416659533667,1.96813501556585,1.93528168797105,1.93818249513035,1.93904020887512,1.96505110097789,1.94471653916358,2.03446809090611,2.03053609980647,2.01768003086794,1.93113767774349,2.02393459514163,2.01093396770679,2.00522872571908,2.00432282580887,2.00792715098354,1.92815013548641,2.00070886340111,1.99722982225657,1.99792370303886,2.01177240698539,2.02469593655554,2.01233136650446,2.00740674039682,1.92482529007127,1.9244976241463,1.92394830186032,2.01424917588884,2.01401788229475,2.00888123705919,1.99123546327624,2.00332055356778,1.92113422979882,2.01639827886732,2.00537328421539,1.91699021957125,2.02134217944114,1.91667219087937,2.01419135249032,2.00037156024305,2.00426500241034,2.00251102598844,1.91204631899744,1.99314363542753,1.9106296457336,1.99746111585067,2.00784041588575,1.90817215129632,1.98924055602716,1.97390771818517,1.97371497352343,1.90597486215241,1.98658067969505,1.99388570237526,1.99092707181744,1.98484597773932,1.97956477400745,1.98868159650809,1.89705078431352,1.97006246218332,1.96724839012181,1.96685326356523,1.8914997380552,1.89062274984425,1.89048782858103,1.88891695958779,1.88853147026429,1.88779904054966,1.97379207138813,1.88162157414066,1.88005070514742,1.87537664710006,1.87582959705516,1.8238174500827,1.82135031841234,1.86684769581775,1.81751469964357,1.81550051792832,1.81392964893508,1.81455606908576,1.81252261290432,1.81192510445291,1.81019040249718,1.80976636424134,1.81160707576103,1.93150389260081,1.9049147665128,1.90702532055893,1.90578211749066,1.80622949969828,1.90446181655769,1.90792158323605,1.80099648213185,1.85046439956924,1.80155544165091,1.98190662164768,1.97436066814028,1.90110805944329,1.90104059881168,1.89615452163639,1.79547434757279,1.79450098703097,1.7936432732862,1.84059587288779,1.79043407466811,1.7354151109724,1.8214563279763,1.63895604500106,1.63720206857916,1.6360263261425,1.63369411573536,1.63188231591494,1.63092822983929,1.62896223428947,1.62739136529623,1.81097101837726,1.81066262691846,1.62489532192661,1.62088623296227,1.62406651988109,1.71711400533951,1.62304497317383,1.62246673918859,1.74974567657329,1.62099224252623,1.61876604168305,1.62419180391123,1.67086492375329,1.67522095310878,1.62135845738355,1.61907443314184,1.62015380324763,1.6211657127218,1.6197201277587,1.61971049052561,1.61819744493089,1.62292932637679,1.62152229034603,1.62090550742844,1.79726687292704,1.79368182221855,1.79180256176651,1.62446164643768,1.78886320567487,1.78362055087535,1.62536754634789,1.78686829842578,1.89072875940821,1.78077756711458,1.77741417276709,1.77737562383474,1.77432062094605,1.63512042623229,1.73014354447361,1.63659492289466,1.6371731568799,1.63563119958592,1.76460628999399
1.87487551097951,1.86612490333619,1.86535392468921,1.8639854375908,1.96095527691577,1.86192306971011,1.86029437731834,1.86052567091244,1.96068543438932,1.85545648630849,1.96355732984935,1.96247795974357,1.85410727367626,2.11765668691616,1.85363504925498,1.85338448119471,1.96013611210334,1.85042585063689,1.95013266415867,1.84714919138719,1.84834420829002,1.84531811710059,1.91686493554112,1.94124713525213,1.94706802403689,1.84473988311535,1.84399781616763,1.84037421652678,1.84269678970083,1.84034530482752,1.84204145785089,1.95370807763408,1.83711683174325,1.95341896064146,1.83634585309627,1.83624948076539,1.93827886746122,1.93896311101042,1.943328777599,1.84201254615163,1.84461459908522,1.84665769249974,1.84557832239395,2.09004601412089,1.97825411030757,1.98182952378298,1.97491962765935,1.9739655415837,1.9720573694324,1.97175861520669,1.97770478802159,1.97841794327006,1.97963223463906,1.9638271723758,1.96186117682598,2.05492793675057,2.05297157843384,2.08102556395113,1.95389118506274,1.95386227336348,1.95164570975338,1.97843721773623,1.94336732653135,1.94724149423246,1.94542969441204,1.94046651937205,1.94086164592863,1.93824995576196,1.97450522663659,1.97619174242688,2.05293302950149,1.93558044219676,1.93331569242123,1.93076182565308,1.92832360568198,1.92854526204299,1.85437711620271,2.0571926865261,1.92567336658296,1.92901748646427,1.93066545332221,1.93117622667584,1.93162917663095,1.93264108610512,1.93407703383514,1.96534021797052,2.04868300970996,1.94136278204918,1.9424903383204,2.05288484333605,2.05408949747197,2.00647192878735,2.0240406047056,2.01822935315392,2.00090160806286,2.00344583759792,2.00378314075597,2.0036096705604,2.0016340377775,1.92702257921519,1.92483492730436,1.92376519443167,2.01081832090974,2.00904507002167,1.99328819392385,2.02047482846327,2.02279740163733,2.0104713805186,2.01754510960472,1.923360430642,2.0214481890051,2.00266522171784,2.02758710648174,2.00741637762991,2.00097870592755,2.02743291075234,1.91892730342181,2.00769585738944,1.99738401798597,2.0024724770561,1.91353045289289,2.00359039609423,2.0011714505893,1.91135243821515,2.00416863007947,2.00515162785438,2.01363239297125,1.99770204667785,2.00712726063729,2.00961366677382,1.99719127332422,1.99686360739925,1.90659164507,1.90692894822806,1.90426907189595,1.99142820793799,1.89892040753246,1.98466287031066,2.00508416722277,1.98003699842873,1.89680985348633,1.9819644450462,1.9649740031132,1.96506073821098,1.89212615820588,1.89067093600969,1.88897478298631,1.96311401712734,1.88795323627905,1.88725935549676,1.97112255782293,1.83192236310917,1.87811362129686,1.82691100190375,1.82563888713621,1.82023239937421,2.00686705534393,1.81782309110237,1.81593419341725,2.00484323639558,1.81510539137174,1.81113485133975,1.81033496099349,1.8110963024074,1.8069812038791,1.80838823990985,1.80809912291723,1.80707757620997,1.80407075948671,1.80249025326039,2.00675140854688,1.90665910570161,1.80349252550147,1.90701568332584,1.80104466829728,1.86564304168183,1.8475250434776,1.84757322964303,1.79705485379912,1.89908424049495,1.90096350094698,1.79428896790305,1.79403839984278,1.98725528601116,1.98518328089738,1.78872828441164,1.98182952378298,1.64127861817511,1.63943790665543,1.86751266490077,1.63430126141987,1.63408924229194,1.63125589576426,1.62842254923658,1.62815270671013,1.62763229612342,1.62422071561049,1.62472185173103,1.62568557503977,1.73388279091151,1.73102053268456,1.6722334108517,1.62305461040692,1.62448092090385,1.61926717780359,1.62051038087186,1.62173430947395,1.80003275882311,1.80037969921426,1.79946416207096,1.67044088549745,1.66644143376619,1.62037545960864,1.61858293425439,1.61957556926239,1.71158223354737,1.61750356414861,1.61808179813385,1.61907443314184,1.61890096294627,1.61923826610433,1.61907443314184,1.6187274927507,1.61884313954775,1.61946955969843,1.72140257406338,1.62466402833251,1.62348828589585,1.62457729323472,1.77934161938456,1.89193341354413,1.63098605323782,1.77434953264531,1.7710825106287,1.62927062574827,1.63483130923967,1.63462892734484,1.77090904043312,1.76481830912192,1.76651446214529
1.97659650621655,1.96224666614947,1.86761867446473,1.86487206303484,1.86184597184541,1.86423600565107,1.85817418603913,1.85959085930297,1.85540830014306,1.95670525712425,1.85731647229435,1.95964461321589,1.8551480948497,1.85063786976481,1.95747623577123,1.94773299311992,1.95886399733581,1.84899954013996,1.85059932083246,1.96182262789363,1.95518257429644,1.84442185442347,1.84523138200281,1.9431745818696,1.94953515570725,1.9504892417829,1.84413273743085,1.84077898031645,1.84006582506799,1.83812874121743,1.84029711866208,1.83946831661657,1.95162643528721,1.95687872731982,1.96017466103569,2.02088922948603,1.83727102747265,1.91121751695193,1.91105368398944,1.95073017261009,1.95227212990406,1.90594595045315,1.8435641406787,1.84694680949236,2.05884065338404,1.97834084540536,2.06625168562821,1.9005683743904,1.98063450688015,1.97057323553695,1.97490035319317,2.05868645765464,2.05367509644921,1.97667360408124,1.9763266636901,2.05105376904945,1.88414652920955,1.95712929538009,1.95405501802522,1.97726147529957,1.95116384809902,2.06140415738527,1.97390771818517,1.94658616238252,1.86899679879623,1.86713681281037,1.94043760767279,1.93778736857377,1.93766208454363,1.93754643774658,1.8589548019192,1.93344097645137,1.85725864889583,1.93055944375825,1.85471441936077,1.93091602138248,1.97133457695085,2.05100558288402,1.97003355048406,1.9273213334409,1.92955717151717,1.96629430404616,1.93084856075087,1.93058835545751,1.93420231786527,1.93360480941386,1.96162988323188,1.96125403114148,2.05042734889877,1.95793882295943,2.02344309625418,2.01404679399401,2.01704397348418,2.02078321992207,2.0198484083126,2.02101451351617,1.92390975292798,2.00145093034884,1.92985592574287,1.92505658366537,1.92351462637139,1.99884887741525,1.99768277221168,2.00153766544662,2.01333363874554,2.01151220169203,2.01250483670003,1.92308095088246,2.00439028644048,1.92109568086647,1.92021869265552,2.01502979176892,2.00760912229166,1.91714441530065,2.00428427687652,2.01081832090974,1.99441575019507,2.00366749395893,1.91396412838182,2.00259776108623,2.00710798617111,2.00657793835131,1.91141026161368,1.99420373106714,2.0010943527246,1.91239325938859,2.0046023055684,2.00319526953765,2.00566240120801,1.9081914257625,1.99380860451056,1.99077287608805,1.98985733894475,1.98370878423501,1.98443157671657,1.90032744356322,1.98593498507819,2.00123891122091,1.98547239789,1.97842758050314,1.99174623662987,1.97880343259355,1.98462432137831,1.99053194526086,1.89071912217512,1.89122989552875,1.88840618623416,1.89072875940821,1.88710515976737,1.88727862996294,1.97688562320917,1.82947450590498,2.0082644541416,1.82446314469956,1.82312356930042,1.81923012713312,1.9116222807416,1.86614417780237,1.81380436490494,1.81333214048366,1.90060692332275,1.81107702794122,1.80938087491785,1.91108259568871,1.80772327082682,1.80727032087172,1.80525613915646,1.80345397656912,1.80214331286924,1.99914763164096,1.80157471611709,1.90412451339964,1.80121813849286,1.90146463706753,1.79511776994856,1.79505030931695,1.79617786558817,1.79634169855066,1.9681735644982,1.79455881042949,1.79378783178251,1.90681330143101,1.88355865799122,1.78851626528372,1.98613736697303,1.89450655477845,1.78554799749282,1.64086421715235,1.63818506635407,1.63479276030732,1.81366944364172,1.63200759994507,1.67843978895995,1.62891404812403,1.72158568149204,1.62599396649856,1.81037350992584,1.6244423719715,1.62729499296536,1.7307603273912,1.72867868504433,1.69210538547782,1.62095369359388,1.62050074363877,1.62240891579007,1.61977795115722,1.618650394886,1.61850583638969,1.61823599386324,1.61803361196841,1.61960448096165,1.61726263332142,1.61729154502068,1.61706988865967,1.61727227055451,1.6169735163288,1.6159808813208,1.61666512487001,1.61702170249424,1.78900776417118,1.89231890286763,1.6169735163288,1.78889211737413,1.78561545812443,1.78407350083045,1.62158975097764,1.61910334484111,1.62411470604653,1.62777685461973,1.62546391867876,1.62693841534113,1.62614816222796,1.77509159959304,1.77374238696081,1.63032108415479,1.63089931814003,1.63181485528333,1.63524571026243,1.63347245937435,1.63420488908899
1.86747411596842,1.86908353389401,1.86567195338109,1.91201740729818,1.86127737509325,1.8633011940416,1.98222465033956,1.85913790934786,1.85908972318242,1.85427110663875,1.85557213310554,1.85437711620271,1.85215091535953,1.94899547065436,1.9008767658492,1.90063583502201,1.8482863848915,1.84958741135829,1.84894171674144,1.8481321891621,1.84720701478572,1.945535703976,1.84420983529555,1.95723530494405,1.9515589746556,1.84181980148988,1.84187762488841,1.83812874121743,1.83851423054092,1.83718429237487,1.95457542861194,1.83577725634411,2.11070824186018,1.83507373832874,1.83489063090008,1.94803174734563,2.02705705866194,1.83778180082628,1.94032196087574,1.94966043973739,1.9503350460535,1.89153828698755,1.84562650855939,1.84773706260552,1.97763732738998,1.9797575186692,1.97821556137522,2.07389401146648,1.97988280269933,1.9712189301538,1.89494023026739,1.97676997641212,2.05372328261465,1.96459815102279,1.97484252979465,1.96420302446621,1.88378031435223,1.88162157414066,1.95206974800923,2.05780946944369,1.97464014789981,1.98038393881988,1.98043212498531,2.06110540315956,1.94431177537391,1.94087128316172,1.93883782698029,1.93815358343109,1.93545515816663,2.05666263870629,1.93137860857068,1.93045343419429,1.9286898205393,1.93029923846489,1.92860308544152,1.93003903317153,1.93066545332221,1.927552627035,1.92730205897472,1.92729242174164,1.92879583010326,1.96431867126326,1.96570643282783,1.93065581608912,1.93080037458543,1.93392283810574,1.93544552093354,1.96041559186288,1.86836074141246,2.03916142341966,2.02471521102171,1.93074255118691,2.01145437829351,2.02006042744052,2.01439373438515,1.9274755291703,1.92568300381605,1.92562518041752,1.92437234011617,1.92254126582957,1.92225214883695,1.92217505097225,1.99493616078178,1.99379896727747,1.92194375737815,2.01106888897002,1.92081620110693,2.00890051152536,2.01847992121419,2.02431044723204,2.02252755911088,2.00773440632179,1.92035361391874,2.01373840253521,2.00484323639558,2.0043710119743,2.00188460583777,1.99762494881316,1.91487966552512,1.99752857648228,2.00678032024614,1.99502289587957,2.00377350352289,1.99893561251304,2.00105580379225,2.00390842478611,1.90871183634922,1.90893349271023,1.90798904386766,1.90749754498021,2.00054503043862,1.99137038453946,1.98973205491461,1.9873034721766,1.9920257163894,1.9685494165886,1.98144403445949,1.99051267079469,1.97703018170548,1.9757195180056,1.96911801334076,1.97513164678727,1.89281040175508,1.97779152311938,1.96295982139794,1.96411628936842,1.89033363285163,1.95920130049387,1.88579449606749,1.88781831501583,1.88666184704535,1.828925183619,1.82651587534716,2.01742946280767,1.82425112557164,1.81783272833546,1.92186665951346,1.92046926071579,1.81278281819768,1.91822378540644,1.90733371201772,1.91128497758354,2.00583587140358,1.80543924658512,1.80604639226962,1.8512546526824,1.85084025165965,1.85023310597515,1.80055316940983,1.79848116429605,1.80000384712385,1.79900157488277,1.98837320504929,1.79730542185939,1.89172139441621,1.99030065166677,1.97392699265135,1.79558999436984,1.96773025177618,1.79195675749591,1.97976715590229,1.97399445328296,1.89372593889838,1.78833315785506,1.78664664206478,1.98447012564892,1.78179911382184,1.63783812596292,1.81420912869461,1.814141668063,1.63159319892232,1.6311498862003,1.67684000826745,1.67498965951468,1.624827861295,1.62334372739954,1.6230738848731,1.62389304968552,1.90990685325205,1.80354071166691,1.80220113626777,1.7107919804342,1.62158011374456,1.61798542580297,1.61875640444996,1.61855402255513,1.61823599386324,1.61550865689952,1.61623144938107,1.79540688694118,1.61646274297517,1.6147665899518,1.61448711019226,1.61379322940997,1.74416571861571,1.61448711019226,1.6178890534721,1.61632782171195,1.61266567313875,1.61464130592166,1.61729154502068,1.61606761641859,1.61512316757603,1.73127110074483,1.6205585670373,1.62097296806005,1.72252049310151,1.77842608224126,1.87787269046968,1.62715043446905,1.71992807740102,1.77040790431258,1.62768048228885,1.63030180968861,1.72819682338997,1.63153537552379,1.76412442833963,1.76111761161637,1.75946964475843,1.7595756543224
1.89131663062654,1.86603816823841,1.91172829030556,1.91247035725328,1.92080656387385,1.86073769004036,1.98022974309048,1.85864641046041,1.85764413821932,2.14725262972743,2.13730700518128,1.9637500745111,1.85463732149607,1.85093662399052,1.85168832817134,1.89830362461487,1.89822652675017,1.85108118248683,1.84703354459014,1.9471354846685,1.94844614836838,1.9438588254188,1.84402672786689,1.8430244556258,1.84420019806246,1.84360268961104,1.94117003738743,1.83968033574449,1.84084644094806,1.83464970007289,1.95181917994896,1.95090364280566,1.95245523733272,1.83518938512578,1.83499664046404,1.94874490259409,2.0203784561324,1.83628802969774,1.93140752026994,1.93552261879824,1.84252331950526,2.0174101883415,1.84456641291978,1.84532775433368,1.97659650621655,2.05707703972905,1.97735784763045,2.05418586980284,1.97848540390167,1.96910837610767,1.97710727957018,1.96448250422574,1.96587990302341,1.96233340124726,1.96164915769806,1.96036740569744,1.95975062277985,1.95662815925955,1.95166498421956,1.95084581940713,1.94749206229273,1.94778117928535,1.97455341280203,2.05668191317247,1.94102547889112,1.86528646405759,1.86696334261479,1.93744042818262,1.93469381675273,1.93215922445075,1.93153280430007,1.93064617885604,1.92910422156206,1.92852598757682,1.92726351004238,1.92769718553131,1.9286127226746,2.05044662336495,1.92529751449255,1.96736403691886,2.06175109777642,1.92670455052331,1.85475296829311,1.93354698601533,2.05089957332005,1.85909936041551,1.86037147518304,1.86369632059818,1.96351878091701,2.03826516074253,2.03903613938952,2.01482740987408,2.0198484083126,2.02315397926156,2.04518469409925,2.00980641143557,1.92550953362048,1.92360136146918,1.92401576249194,1.92382301783019,1.92207867864138,1.9207680149415,2.02642100127817,2.02166984536611,2.01317944301615,2.00535400974921,2.00971967633779,2.00771513185562,2.00838010093864,2.01549237895711,2.01106888897002,1.99780805624182,2.01081832090974,2.00618281179473,2.00451557047061,1.9165758185485,1.91612286859339,1.99668049997059,1.991649864299,2.00369640565819,2.00534437251613,1.91187284880187,1.91113078185414,1.91065855743286,1.99671904890294,1.90771920134122,1.9079601321684,2.00815844457763,1.99508071927809,2.00169186117602,1.9968250584669,1.99131256114094,1.99238229401363,1.9902717399675,1.90178266575941,1.90045272759335,1.99187152066,1.98370878423501,1.98541457449148,1.97499672552405,1.89394759525939,1.97420647241088,1.96421266169929,1.97400409051605,1.96150459920175,1.96326821285673,1.9580351952903,1.96201537255538,1.88613179922554,1.88435854833747,1.98056704624854,1.98172351421902,2.01144474106042,1.82208274812698,1.82045405573522,1.81723521988404,1.9200837713923,1.91937061614383,1.81130832153532,1.91639271111984,1.91450381343472,1.91427251984062,1.80540069765277,1.80337687870442,1.8504933112685,1.80201802883911,1.80155544165091,1.84766960197391,1.84758286687612,1.79824987070195,1.79743070588953,1.79545507310662,1.98945257515508,1.79444316363245,1.7918892968643,1.7925735404135,1.84049950055692,1.79108940651805,1.79137852351067,1.83709755727708,1.9639042702405,1.88417544090881,1.7861744176435,1.78469992098113,1.78412168699589,1.88576558436822,1.78040171502417,1.72836065635245,1.63495659326981,1.63146791489218,1.67864217085479,1.62750701209328,1.62511697828762,1.67369827028097,1.62552174207728,1.62313170827162,1.61977795115722,1.62188850520335,1.62078986063139,1.84810327746284,1.61953702033004,1.61982613732266,1.8458481649204,1.7992810546423,1.61620253768181,1.61573995049362,1.61589414622302,1.61420763043273,1.61487259951576,1.61421726766582,1.61266567313875,1.61576886219288,1.61295479013137,1.61349447518427,1.66297202985475,1.61404379747024,1.61173086152928,1.73258176444471,1.61272349653728,1.61235728167996,1.61504606971133,1.61619290044872,1.61667476210309,1.61716626099055,1.61599051855389,1.77883084603093,1.61846728745734,1.7770286834436,1.77545781445036,1.77366528909611,1.62409543158036,1.7178849839865,1.62661074941616,1.62665893558159,1.62913570448504,1.62943445871075,1.62624453455884,1.75972021281871,1.63205578611051,1.63228707970461
1.8884543723996,1.86444802477899,1.9111596935534,1.90892385547714,1.90841308212351,1.9074300843486,1.97890944215751,1.85775978501637,1.85749957972301,1.85728756059509,1.85372178435277,1.85687315957233,1.85353867692411,1.8517943377353,1.89695441198264,1.89703150984734,1.89695441198264,1.95355388190468,1.84924047096715,1.84793944450035,1.95715820707935,1.9478197282177,1.84394963000219,1.84244622164056,1.84277388756553,1.84183907595606,1.9389052876119,1.94030268640957,1.83745413490131,1.83720356684104,1.95423812545388,1.95252269796433,1.83523757129122,2.12347757570093,1.83209583330474,1.83672170518667,1.83417747565161,1.83688553814916,1.83762760509688,1.84009473676725,1.83915028792469,1.84069224521866,1.92364954763462,1.92495057410141,1.97963223463906,1.98126092703083,1.97144058651481,1.97627847752466,1.97715546573561,1.97423538411014,1.97055396107077,1.97698199554004,1.96414520106768,1.96161060876571,1.96057942482536,1.88448383236761,1.88361648138974,1.95506692749939,1.97742530826206,1.97557495950929,1.97518947018579,2.05876355551934,2.06223295943078,1.9408134597632,1.9404279704397,1.86598034483988,1.93750788881423,1.93718986012235,1.93589847088865,1.93237124357867,1.97013956004802,1.9312822362398,1.92906567262971,1.92682019732036,1.92598175804176,1.92491202516906,1.92469036880805,1.92804412592245,1.96743149755047,1.9254902591543,1.9304437969612,1.96363442771405,1.92845852694521,1.93008721933697,1.85721046273039,2.04450045055005,1.93644779317462,1.86293497918428,1.94428286367464,1.95736058897419,2.04036607755558,2.01130018256411,2.01800769679291,2.021216895411,2.01407570569327,2.01764148193559,1.92438197734926,1.92475782943966,1.92200158077668,1.92367845933388,1.92099930853559,1.92075837770841,1.92014159479082,1.91938989061001,2.0057491363058,2.00189424307085,2.0079560626828,2.00573949907271,1.91790575671455,2.00531546081686,2.02436827063057,1.99272923440478,2.0135167461742,1.91755881632341,2.01011480289437,1.91578556543534,2.00413008114712,2.00519017678673,1.99583242345891,1.99806826153517,1.99624682448166,2.01756438407089,1.98955858471904,2.00341692589866,1.90814323959706,1.99318218435988,1.90709278119054,1.99128364944168,1.90568574515979,1.99174623662987,1.99843447639249,1.90151282323296,1.99457958315755,1.99413627043553,1.98845030291399,1.89848673204353,1.89929625962287,1.89704114708043,1.98225356203882,2.00127746015326,1.9658124423918,1.98231138543735,1.98831538165077,1.88824235327167,1.88734609059455,1.95975062277985,1.96054087589301,1.88658474918065,1.88523553654842,1.88396342178089,1.96779771240779,1.98365096083649,1.99723945948966,1.90916478630432,1.81822785489204,1.92895002583266,1.92083547557311,1.91606504519487,1.81142396833237,1.80978563870752,1.80674027305191,1.80631623479607,1.80416713181759,1.80206621500454,1.84822856149298,1.84748649454525,1.84735157328203,1.97768551355542,1.87076041245121,1.79673682510724,1.90400886660259,1.9034691815497,1.90172484236088,1.90060692332275,1.90252473270713,1.84053804948927,1.79018350660784,1.8371553806756,1.83748304660057,1.83445695541114,1.96447286699265,1.78534561559798,1.88924462551276,1.9837184214681,1.7807582926484,1.78138471279908,1.63751046003795,1.81049879395598,1.63340499874274,1.74950474574611,1.62888513642477,1.62833581413879,1.71281579938255,1.62373885395612,1.62238000409081,1.62173430947395,1.62019235217998,1.61696387909571,1.66902421223361,1.61513280480912,1.70984753159164,1.61577849942597,1.61508461864368,1.61561466646348,1.79546471033971,1.66729914751097,1.66326114684737,1.61104661798008,1.88772194268496,1.72319509941763,1.61234764444687,1.79072319166073,1.61223199764982,1.61103698074699,1.61116226477713,1.78691648459122,1.72377333340287,1.73312144949761,1.66084220134244,1.6108731477845,1.61177904769472,1.61588450898993,1.66725096134553,1.66601739551035,1.66412849782523,1.7572819928476,1.77418569968283,1.6171277120582,1.71223756539731,1.62218725942906,1.62464475386634,1.62494350809204,1.62407615711418,1.62654328878454,1.76100196481932,1.76165729666926,1.76025026063851,1.82366325435331,1.6311498862003,1.75917089053273
1.88650765131595,1.8629157047181,1.90988757878587,1.911998132832,1.9100995979138,1.9070445950251,1.90770956410813,1.85447348853358,1.85730683506126,1.85385670561599,2.03156728374682,1.85197744516396,1.85221837599114,1.85118719205079,1.84774669983861,1.94349261056148,1.96022284720113,1.95947114302032,1.96081071841946,1.84682152546222,1.89388977186086,1.89265620602568,1.84457605015287,1.94683673044279,1.84083680371497,1.8421860163472,1.83805164335273,1.83858169117253,1.8368566264499,1.83518938512578,1.83378234909503,1.95258052136286,1.83468824900524,1.83439913201262,1.83747340936749,1.95015193862484,2.11483297762157,1.83697227324694,1.83499664046404,1.89033363285163,2.11498717335097,2.01175313251922,1.84373761087427,2.00766694569018,1.98033575265444,1.97981534206772,1.97710727957018,1.9706117844693,2.05133324880899,1.89365847826677,1.97431248197484,1.96852050488934,1.9636729766464,1.96480053291762,1.97494853935861,1.95743768683888,2.05099594565093,1.95268653092682,2.05411840917123,1.97432211920793,1.973888443719,1.95073980984317,1.97372461075651,1.94350224779457,1.97210555559784,1.94043760767279,1.9357828240916,1.93531059967032,1.93510821777548,1.93287237969922,2.06399657308577,1.93351807431607,1.92887292796796,1.96966733562674,1.96789408473866,2.04898176393567,1.92428560501838,1.92540352405652,1.92618413993659,1.92689729518506,2.04708322901746,1.96336458518761,1.92676237392183,1.92787065572688,1.85615036709078,1.95753405916976,1.93352771154916,1.93479982631669,1.95342859787454,2.04688084712263,1.9305208948259,2.01756438407089,2.02507178864594,1.92689729518506,2.02072539652355,2.00422645347799,1.92281110835602,1.92177992441567,1.92070055430989,1.91922605764752,1.91991993842981,1.92070055430989,1.91996812459525,1.99264249930699,2.01085686984209,2.00916071681872,2.01116526130089,2.02167948259919,2.02075430822281,2.02023389763609,2.01714998304814,2.00746456379534,2.00424572794417,2.00142201864957,2.00090160806286,1.99786587964034,1.91323169866719,1.98510618303268,2.01823899038701,2.00383132692141,2.00164367501058,1.99535056180454,2.00237610472522,2.00355184716188,1.98717818814646,1.98283179602407,1.97711691680326,1.99159204090047,1.98450867458127,1.97783970928482,1.97703018170548,1.99085961118583,1.90101168711242,1.90182121469176,1.90098277541316,1.98858522417722,1.99909944547552,1.9838726171975,1.98485561497241,1.89372593889838,1.894015055891,1.97201882050005,1.89070948494204,1.96709419439241,1.88734609059455,1.96294054693176,1.8847922238264,1.88490787062345,1.88244073895309,1.88124572205025,1.95693655071834,1.82510883931641,1.99151494303577,1.90763246624343,1.814141668063,1.90716987905524,1.90677475249866,1.91080311592917,1.90934789373298,1.80736669320259,1.80421531798302,1.80230714583173,1.80138197145534,1.80033151304882,1.79829805686739,1.84504827457415,1.98393044059602,1.79375892008324,1.85348085352558,1.79050153529972,1.79414440940674,1.79179292453342,1.79040516296884,1.9871492764472,1.90044309036027,1.78705140585444,1.83442804371188,1.83493881706551,1.83390763312517,1.78363018810843,1.78419878486059,1.78181838828801,1.89308988151461,1.78107632134028,1.77866701306845,1.9744955894035,1.77486994323203,1.63250873606562,1.63027289798935,1.74777004379039,1.62717934616831,1.80144943208695,1.80185419587662,1.62175358394013,1.66814722402266,1.66715458901466,1.66737624537567,1.73921218080881,1.61614471428329,1.61530627500469,1.61568212709509,1.61505570694442,1.61260784974023,1.61480513888415,1.61152847963445,1.61388960174085,1.61234764444687,1.61067076588967,1.61112371584478,1.61264639867258,1.61036237443087,1.60976486597946,1.61153811686753,1.7843433433569,1.6118657827925,1.60724954814366,1.65841361860443,1.66063018221452,1.60934082772362,1.781596731927,1.73689924486785,1.77683593878185,1.61312826032695,1.61401488577098,1.66553553385598,1.6636177244716,1.88064821359884,1.61854438532204,1.71693089791085,1.62194632860188,1.76471229955796,1.7678829492437,1.62396051031713,1.76154164987222,1.62491459639278,1.75887213630702,1.75830353955486,1.62782504078516,1.62917425341739,1.62976212463572
1.97820592414213,1.95869052714024,1.86080515067197,1.86058349431096,1.9070445950251,1.86084369960432,1.90693858546114,1.95446941904798,1.92788029295997,1.95639686566545,1.8546855076615,1.95807374422265,1.85141848564489,2.03852536603589,1.85020419427588,1.89809160548695,1.95752442193667,1.95817011655352,1.95961570151663,1.89261765709333,1.938143946198,1.89139372849124,1.94400338391511,1.94531404761499,1.84051877502309,1.84072115691793,1.95538495619128,1.83875516136811,1.83607601056982,1.8342642107494,1.83265479282381,1.83459187667437,1.83270297898925,1.83363779059872,1.83425457351631,1.89630871736579,1.83433167138101,1.93649597934006,1.88514880145063,1.88778940331657,1.83841785821005,2.01000879333041,2.01124235916559,1.97557495950929,1.97456305003511,1.97650977111876,1.9738113458543,1.89747482256936,1.96913728780693,1.96975407072452,1.96532094350434,1.97389808095209,2.05055263292891,1.97443776600498,1.97384025755356,1.95748587300432,1.95543314235671,1.95614629760518,1.95013266415867,1.94741496442803,1.94730895486407,1.94540078271278,2.04737234601008,1.9412664097183,1.94326131696738,2.07122449790129,1.97119001845454,1.93498293374535,1.93416376893292,1.93296875203009,1.93157135323242,1.93097384478101,1.92727314727546,1.96834703469377,2.05237406998242,1.96648704870791,1.92686838348579,1.9247289177404,1.92426633055221,1.923360430642,1.85081133996039,1.85229547385584,1.8524014834198,1.92793811635849,1.92752371533573,2.04755545343874,1.95670525712425,1.93693929206208,1.93687183143047,2.03000605198667,2.02751964585013,2.01750656067237,2.02453210359305,1.92523969109403,2.01495269390422,1.99410735873627,1.92250271689722,1.92091257343781,1.92071982877606,1.99098489521597,1.91866709812845,1.9180985013763,1.9175684535565,1.99185224619383,2.01638864163424,2.00204843880025,2.00829336584086,2.00516126508747,2.0007185006342,2.00054503043862,1.98685052222149,2.00111362719078,1.99532165010528,2.00637555645647,2.00152802821353,1.99363513431499,1.91278838594517,1.98336184384387,1.98898998796688,1.98800699019197,1.98421955758864,1.98365096083649,2.00962330400691,1.9939338885407,2.00079559849889,1.98441230225039,1.98433520438569,1.98269687476084,1.9845568607467,1.9840268129269,1.98268723752775,1.98556877022087,1.99178478556222,1.98116455469995,1.9905801314263,1.98686979668767,1.98071160474485,1.99360622261573,2.00072813786728,1.98777569659788,1.99367368324734,1.97200918326697,1.97196099710153,1.96343204581922,1.88727862996294,1.96322966392438,1.96176480449511,1.88506206635285,1.88180468156932,1.88079277209515,1.88164084860684,1.88376103988605,1.82117684821677,1.8182567665913,1.81302374902487,1.91469655809646,1.85802962754282,1.85696953190321,1.80643188159312,1.91266310191503,1.80121813849286,1.8008808353348,1.79895338871733,1.79728614739322,1.79758490161892,1.7932577839627,1.79139779797684,1.79099303418717,1.79008713427696,1.83852386777401,1.78955708645716,1.78941252796085,1.99273887163787,1.90052018822496,1.78396749126649,1.78357236470991,1.83204764713931,1.78339889451434,1.96984080582231,1.85464695872915,1.89008306479136,1.77675884091715,1.77767437806045,1.97193208540227,1.86780178189339,1.88408870581102,1.77195949883965,1.68128277272072,1.67784228050854,1.74580404824056,1.62548319314493,1.62447128367076,1.80394547545658,1.62092478189462,1.6204814691726,1.66624868910445,1.66505367220162,1.66584392531478,1.66375264573482,1.61352338688353,1.61502679524515,1.61255966357479,1.61099843181464,1.61175977322854,1.60756757683554,1.78911377373514,1.78781274726835,1.78674301439565,1.6098130521449,1.72777278513412,1.6978395391648,1.69536277026135,1.61073822652128,1.60795306615904,1.78230988717547,1.60823254591857,1.76196568812806,1.65753663039348,1.60726882260983,1.60904207349791,1.61022745316765,1.60830964378327,1.82447278193264,1.61072858928819,1.69415811612543,1.61465094315475,1.6136968570791,1.76663010894234,1.61866003211909,1.76507851441527,1.62212943603054,1.62113680102254,1.71538894061687,1.76153201263913,1.75845773528426,1.75792768746446,1.75893959693863,1.75414989209421,1.75236700397305,1.62821053010866
1.87164703789525,1.86440947584664,1.85953303590444,1.93102203094644,1.85916682104712,1.85914754658095,1.95191555227983,1.95058561411377,1.95492236900308,1.85253640468302,1.85159195584046,1.85102335908831,1.85144739734415,1.85174615156986,1.8976001065995,1.89818797781782,1.84701427012397,1.95463325201046,1.84419056082937,1.89351391977046,1.89130699339345,1.890815494506,1.88971684993404,1.94976644930135,1.84062478458705,1.84091390157967,1.83495809153169,1.9462970453899,1.94845578560147,1.83405219162148,1.83712646897634,1.88161193690757,1.88139991777965,1.83423529905014,1.88066748806501,1.88160229967449,1.96232376401417,1.83460151390746,1.88432963663821,1.88651728854904,1.83817692738286,1.84087535264732,1.84374724810736,1.84379543427279,1.97759877845763,1.97765660185616,1.971681517342,1.97676033917903,1.96802900600189,1.96596663812119,1.89000596692666,1.96255505760827,1.88671003321078,1.97699163277313,1.96860723998713,1.97119965568763,1.95510547643174,1.95207938524231,2.0478927565968,1.94870635366174,1.94534295931425,1.94563207630687,2.0421007795113,1.94394556051659,1.93888601314573,1.86346502700408,1.86100753256681,1.86083406237124,1.96996608985245,1.93027032676563,1.93035706186342,1.85724901166274,1.92526860279329,1.96729657628725,1.85093662399052,1.92562518041752,1.8501174591781,1.923360430642,1.96404882873681,1.92126915106204,1.92354353807066,1.92707076538063,1.92464218264261,1.93085819798396,1.92995229807375,1.93156171599934,2.03117215719024,2.03065174660352,1.95440195841637,1.95445978181489,2.02882067231692,2.01094360493988,2.0097871369694,1.92434342841691,2.02234445168222,2.01768003086794,1.92174137548332,1.92019941818934,1.91908149915121,1.91816596200791,1.91689384724038,1.91683602384186,1.91575665373607,2.02377076217915,2.01379622593374,2.02157347303523,1.91590121223238,2.00358075886114,2.01196515164714,1.91544826227728,2.00436137474122,2.00901615832241,1.91465800916411,2.00213517389804,1.91354972735907,2.0085632083673,1.99402062363848,1.98810336252285,1.98500981070181,1.99101380691523,1.98190662164768,1.98155968125653,1.90730480031846,1.98419064588938,1.97761805292381,1.99458922039064,1.98690834562002,1.98444121394965,1.99772132114403,1.98733238387586,1.99442538742815,1.98568441701792,1.89792777252447,1.98534711385986,1.98763113810157,1.98801662742506,1.98668668925901,1.97759877845763,1.9787648836612,1.97783970928482,1.97734821039736,1.98672523819136,1.96209247042008,1.9690120037768,1.98035502712061,1.96104201201356,1.88579449606749,1.88361648138974,1.88356829522431,1.8812842709826,1.88248892511852,1.86922809239032,1.81850733465157,1.81809293362882,1.8124647895058,1.81118303750518,1.8107108130839,1.80693301771366,1.80480318920135,1.80285646811771,1.80075555130466,1.79849080152914,1.79726687292704,2.00426500241034,1.79388420411338,1.7918121989996,1.79159054263859,1.8847922238264,1.78991366408139,1.90753609391256,1.78703213138827,1.90034671802939,1.78447826462012,1.90047200205953,1.90054909992423,1.89502696536517,1.89383194846234,1.89570157168129,1.88782795224892,1.7782429748126,1.77699013451125,1.88734609059455,1.77510123682612,1.77366528909611,1.97113219505602,1.77121743189192,1.63152573829071,1.67864217085479,1.67710021356081,1.62609033882944,1.62483749852808,1.62367139332451,1.61807216090076,1.61861184595365,1.66679801139043,1.73053867103019,1.78150035959613,1.61173086152928,1.61407270916951,1.78847771635137,1.60994797340812,1.61122008817565,1.60910953412952,1.66056272158291,1.67566426583079,1.78748508134338,1.60534137599236,1.60856984907663,1.78424697102602,1.78172201595714,1.77852245457214,1.72206754314641,1.71871378603201,1.60660385352681,1.77943799171543,1.65553208591131,1.73556930670179,1.73324673352774,1.77129452975662,1.77666246858628,1.60884932883616,1.60984196384416,1.77524579532243,1.61095988288229,1.61083459885216,1.61157666579988,1.76751673438638,1.61611580258403,1.7618596785641,1.62054892980421,1.619643029894,1.62201378923349,1.76110797438328,1.76135854244356,1.75603878977934,1.753243992184,1.62625417179192,1.62415325497888,1.6253579091148,1.62548319314493
1.86979668914248,1.86137374742413,1.860477484747,1.8612388261609,1.95739913790653,1.85830910730235,1.91746244399253,1.85549503524084,1.85369287265351,1.85417473430787,1.96436685742869,1.84899954013996,1.85063786976481,1.85128356438167,1.84550122452925,1.84860441358338,1.89669420668928,1.84488444161166,1.84439294272421,1.84114519517377,1.89087331790452,1.89030472115237,1.84079825478262,1.84080789201571,1.95017121309102,1.94159407564327,1.83374380016268,1.94392628605041,1.83756978169836,1.92211722757373,1.92356281253683,1.83460151390746,1.88002179344816,1.83150796208641,1.8806771252981,1.88091805612528,1.96051196419375,1.96145641303631,1.93718986012235,1.99821282003148,1.83797454548803,1.94905329405289,1.84090426434659,1.89098896470157,1.97699163277313,1.97647122218641,1.97195135986844,1.97172970350743,1.9754882244115,1.89198159970957,1.97355114056094,1.9623815874127,1.96110947264517,1.96041559186288,1.95647396353015,1.95685945285364,1.95545241682289,2.04478956754267,1.94770408142066,1.87338173985097,1.94756916015743,1.94229759365865,1.94076527359776,1.94148806607931,1.93878000358176,1.86193270694319,1.93399993597044,1.93462635612111,1.93102203094644,1.93165808833021,1.92484456453745,1.96795190813719,1.96775916347544,1.92521077939477,1.85167869093825,1.92433379118382,1.92094148513707,1.84832493382385,1.84951995072668,1.96219847998404,1.92405431142429,1.96093600244959,1.92578901338001,2.03552818654572,2.0310468731601,1.93341206475211,1.85913790934786,1.9350214826777,1.93797047600243,2.02810751706846,2.06496029639451,2.02806896813611,2.00347474929718,2.01769930533412,2.01459611627999,1.91993921289599,1.91873455876007,1.91759736525576,1.91867673536154,1.9184068928351,1.91692275893964,2.00873667856288,1.9162674270897,2.01327581534702,1.91770337481972,2.00472758959854,2.00058357937097,2.00513235338821,2.00755129889313,2.01166639742143,2.00229900686052,1.91430143153988,1.91362682522377,1.91355936459216,2.00512271615512,2.01061593901491,1.98523146706282,1.9994945720321,1.98557840745396,2.00060285383715,1.98014300799269,1.98183916101607,1.99383751620982,1.9053677164679,1.99419409383406,1.98697580625163,1.99720091055731,2.00471795236545,2.00029446237835,1.98846957738017,1.98917309539554,1.98352567680635,1.99008863253884,1.8988914958332,1.98865268480883,1.97873597196194,1.9937796928113,1.89439090798141,1.98169460251976,1.89038181901707,1.9722115651618,1.88980358503183,1.96054087589301,1.95839177291453,1.88475367489405,1.88465730256318,1.88388632391619,1.8841079802772,1.88312498250229,1.88192996559946,1.88119753588482,1.82051187913374,1.86532501298994,1.98721673707881,1.81023858866262,1.90525206967086,1.90383539640701,1.80335760423825,1.80012913115399,2.02107233691469,1.79879919298793,1.7969970304006,1.79639952194918,1.79292048080464,2.00244356535683,2.01398897059548,1.78773564940365,1.88146737841126,1.78562509535752,1.88684495447401,1.90390285703863,1.78367837427387,1.98748657960526,1.78131725216747,1.82910829104766,1.82822166560363,1.89499805366591,1.77458082623941,1.77480248260042,1.88064821359884,1.89306096981535,1.77358819123141,1.88826162773785,1.77225825306535,1.8872304437975,1.88429108770586,1.62770939398811,1.67739896778652,1.67548115840213,1.79411549770748,1.62105970315784,1.62000924475132,1.72305054092132,1.72083397731123,1.61684823229867,1.78904631310353,1.7241299110271,1.61204889022116,1.61090205948377,1.61147065623592,1.60932155325744,1.78295558179232,1.72455394928295,1.65801849204785,1.65828833457429,1.6562259666936,1.60542811109015,1.60491733773652,1.60457039734537,1.60628582483492,1.6042427314204,1.77791530888763,1.60409817292409,1.60522572919531,1.88803997137684,1.60567867915042,1.73304435163291,1.73072177845885,1.71434811944344,1.77429170924679,1.60766394916642,1.77053318834272,1.77363637739685,1.60617981527096,1.60831928101636,1.76050082869878,1.76635062918281,1.61752283861478,1.61759029924639,1.75680976842632,1.61798542580297,1.61682895783249,1.75464139098167,1.757436188577,1.75481486117724,1.62399905924948,1.62370994225686,1.62583977076917,1.62767084505576,1.74843501287341
1.86688624475009,1.85950412420518,1.8607858762058,1.94499601892311,2.03151909758138,1.94875453982718,1.85244003235215,1.92826578228346,1.9539971946267,1.85303754080357,1.96259360654062,1.95100965236962,1.84840203168855,1.97702054447239,1.84536630326603,1.95367916593482,1.8451639213712,1.84480734374696,1.84395926723528,1.89143227742359,1.89132626785963,1.93450107209098,1.83959360064671,1.84011401123342,1.83893826879677,1.93861617061928,1.83483280750155,1.83651932329184,1.95785208786164,1.8341871128847,1.92177992441567,1.8807542231628,1.88023381257608,1.88026272427534,1.88841582346725,1.83410037778691,1.83462078837363,1.83374380016268,1.83362815336563,1.93497329651226,1.93604302938496,1.83800345718729,1.84132830260243,1.84185835042223,1.97623029135923,1.97774333695394,2.0630617614763,1.96524384563964,1.96640995084321,1.97384989478665,1.96088781628416,1.97294399487644,1.96077216948711,1.96023248443422,1.95789063679399,1.9539971946267,1.95443087011563,1.97175861520669,1.97111292058984,1.94624885922446,1.94528513591573,1.93849088658914,1.96866506338565,1.86477569070396,1.86242420583065,1.86168213888292,1.93693929206208,1.9346359933542,1.92850671311064,1.92930660345689,1.9648969052485,1.92471928050731,1.85120646651697,1.92427596778529,1.92679128562109,1.92471928050731,2.05194039449349,1.84852731571868,1.92192448291198,1.92107640640029,1.96037704293053,1.92276292219058,1.85078242826112,2.03114324549098,2.03139381355125,1.93010649380314,1.92795739082466,1.95505729026631,1.86140265912339,2.05078392652301,2.03362001439443,1.92428560501838,1.99560112986481,2.0209856018169,2.00897760939006,2.01074122304505,1.91937061614383,1.91779974715059,1.92078728940767,1.91875383322624,1.91652763238306,1.9148989399913,1.91397376561491,2.01746801174002,1.98650358183035,1.91418578474283,1.99404953533775,2.00804279778059,2.00778259248723,1.91404122624652,2.00094979422829,1.99430010339802,1.91282693487752,2.00508416722277,2.0078789648181,1.91035980320715,2.00053539320554,1.99439647572889,1.99086924841892,1.98184879824915,1.98160786742197,1.97947803890967,1.99971622839311,1.9868408849884,1.98709145304868,1.98739020727438,1.97317528847054,1.99079215055422,1.99041629846381,1.98595425954437,1.9868408849884,1.99187152066,1.98856594971104,1.8981301544193,1.98762150086848,1.97804209117965,1.97006246218332,1.96432830849634,1.97948767614275,1.97862996239798,1.96998536431862,1.8892157138135,1.95807374422265,1.97980570483464,1.98499053623563,1.88701842466958,1.88199742623107,1.88138064331348,1.88111080078703,1.87894242334238,1.98183916101607,1.81851697188466,2.01338182491098,2.00999915609732,1.99819354556531,1.91433998047223,1.91631561325514,1.88478258659331,1.79924250570995,1.79652480597931,1.79460699659493,1.79447207533171,1.90690967376188,1.79042443743502,1.90828779809337,1.78573110492148,1.78691648459122,1.78444935292086,1.78285920946145,1.9901946421028,1.78050772458813,1.78145217343069,1.90351736771513,1.775197609157,1.82531122121124,1.82400055751136,1.82358615648861,1.88811706924154,1.82185145453288,1.87953993179379,1.87782450430424,1.76842263429659,1.76616752175415,1.76515561227997,1.76464483892634,1.76507851441527,1.62934772361296,1.77770328975971,1.6242110783774,1.62404724541492,1.61960448096165,1.61776376944196,1.66588247424713,1.61555684306496,1.78913304820131,1.61241510507848,1.6127042220711,1.61027563933309,1.61039128613014,1.60764467470024,1.60877223097146,1.60928300432509,1.60811689912152,1.65425033391069,1.60643038333123,1.60545702278941,1.60540883662397,1.60571722808277,1.60298989111905,1.60349102723959,1.6011973657648,1.60168886465226,1.60199725611105,1.69973807408301,1.60461858351081,1.77141981378675,1.65427924560995,1.60505225899974,1.70249432274599,1.60293206772052,1.60453184841303,1.60416563355571,1.60213217737427,1.6079048799936,1.60712426411352,1.75938290966065,1.6111044413786,1.61083459885216,1.61691569293028,1.61483405058341,1.7062239319508,1.6187274927507,1.75287777732668,1.61921899163815,1.61791796517136,1.61834200342721,1.71077270596803,1.62426890177593,1.7392989159066,1.73895197551545
1.86997015933805,1.85847294026483,1.85876205725745,1.91471583256264,1.94832086433825,1.95394900846126,1.95762079426754,1.85177506326912,1.85489752678943,1.94935204827859,1.85040657617072,1.84953922519286,1.84962596029064,1.84817073809445,1.95371771486717,1.95342859787454,1.84699499565779,1.84484589267931,1.84308227902433,1.84130902813625,1.88948555633994,1.93431796466232,1.84336175878386,1.95365025423555,1.8389093570975,1.8364711371264,1.83998872720329,1.83608564780291,1.95669561989116,1.83200909820696,1.87993505835037,1.8783931010564,1.8796844902901,1.83064061110855,1.88757738418865,1.83375343739577,2.0205326518618,2.01671630755921,1.9389052876119,1.83245241092897,2.00930527531503,1.83893826879677,1.84088498988041,1.99189079512618,1.97278979914704,1.97353186609477,2.0542918793668,1.9690891016415,1.96671834230201,1.96485835631615,1.96268997887149,1.96025175890039,1.95800628359104,1.957119658147,1.95437304671711,1.95363097976938,1.95242632563346,1.95218539480628,1.94593083053258,1.94776190481918,2.05708667696214,1.94307820953873,1.96700745929463,1.93916549290526,1.86204835374024,1.86089188576976,1.93187010745813,1.93370118174473,1.93664053783637,1.92813086102024,1.92681056008727,1.96402955427063,1.96358624154862,1.92700330474902,1.92280147112293,2.04768073746888,2.04819151082251,2.04415351015891,1.96332603625526,1.92399648802576,1.92390975292798,1.92224251160386,1.92432415395073,1.84909591247084,2.05155490516999,1.93001975870536,1.93037633632959,1.85940775187431,2.05108268074871,1.95389118506274,2.05154526793691,1.9949265235487,2.00199061540173,2.01142546659425,1.92100894576868,1.92018014372317,1.91788648224838,1.91792503118073,1.91622887815735,1.91679747490951,1.91560245800668,1.91209450516288,2.00541183314774,2.01486595880643,2.01000879333041,2.01019190075907,2.00039083470923,2.00045829534084,1.91269201361429,1.91384848158478,2.00270377065019,2.00021736451365,2.00930527531503,2.00180750797307,1.91016705854541,2.00230864409361,1.99877177955055,1.99802007536974,2.00233755579287,1.98214755247486,1.98016228245887,1.9869950807178,1.97695308384078,1.98447012564892,1.9870721785825,1.90395104320406,1.97138276311629,1.99782733070799,1.99447357359359,1.90024070846543,1.99235338231437,1.98808408805667,1.99437720126272,1.99419409383406,1.89522934726001,1.98685052222149,1.98519291813047,1.96790372197175,1.9779264443826,1.98445085118274,1.8882230788055,1.9753340286821,1.97783007205173,1.88538973227782,1.88617998539098,1.88263348361483,1.88146737841126,1.88077349762897,1.88021453810991,1.87874004144754,1.87750647561236,1.81595346788342,1.81405493296521,1.80881227816569,2.00771513185562,1.80514049235941,1.80249989049348,1.88366466755518,1.84566505749174,1.90447145379078,1.90702532055893,1.79219768832309,1.78921014606601,1.99586133515817,1.78534561559798,1.78302304242393,1.78390003063488,1.78219424037842,1.77835862160965,1.77778038762441,1.77743344723326,1.89853491820897,1.99997643368647,1.77387730822403,1.96484871908306,1.82048296743448,1.82022276214112,1.88703769913575,1.77007060115452,1.77010915008687,1.85999562309264,1.8149801073416,1.81362125747628,1.88356829522431,1.86952684661603,1.76034663296938,1.67730259545564,1.62345937419659,1.62199451476731,1.79026060447253,1.61853474808895,1.71698872130937,1.61685786953175,1.60983232661107,1.78535525283107,1.61201034128881,1.65861600049926,1.66013868332706,1.61074786375437,1.78048845012196,1.60643038333123,1.60732664600836,1.77052355110963,1.60476314200712,1.60378014423221,1.60745193003849,1.60436801545054,1.60201653057723,1.60347175277342,1.60418490802188,1.60489806327034,1.60273932305878,1.60164067848682,1.68068526426931,1.60132264979494,1.77029225751553,1.70392063324292,1.70105837501597,1.60177559975004,1.70132821754242,1.60392470272852,1.60514863133062,1.60510044516518,1.60410781015718,1.6068351471209,1.75777349173506,1.70328457585915,1.60954320961845,1.75500760583899,1.75310907092078,1.75351383471045,1.61753247584787,1.75297414965756,1.74979386273873,1.62081877233066,1.6189587863448,1.61931536396903,1.62064530213508,1.7389905244478,1.7402144530499
1.85675751277528,1.85800071584355,1.85817418603913,1.9132991592988,1.86020764222056,1.856063631993,1.95294673622018,1.95070126091082,1.85395307794686,1.84949103902742,1.8533170205631,1.84921155926789,1.84976088155386,1.84803581683123,1.84548195006308,1.84419056082937,1.84420019806246,1.84459532461904,1.84376652257353,1.84222456527955,1.84261969183613,1.93409630830131,1.84086571541424,1.83598927547203,1.83767579126232,1.83704937111164,1.83588326590807,1.83545922765223,1.83408110332074,1.83425457351631,1.8312863057254,1.87862439465049,1.87901952120708,1.94662471131487,1.83041895474754,1.83065988557473,1.83102610043205,1.93552261879824,1.83400400545604,1.9373826047841,1.93734405585175,2.01063521348108,2.00113290165695,1.97150804714642,1.97686634874299,1.97426429580941,1.96871324955109,1.96955168882969,2.05064900525978,1.96430903403017,1.96771097731,1.88492714508962,1.95774607829768,1.95809301868882,1.95256124689668,1.9524745117989,1.95207938524231,1.95085545664022,1.94724149423246,1.94491892105841,1.94386846265189,1.94354079672692,1.96747968371591,1.93803793663404,1.86242420583065,1.93244834144337,1.93094493308174,1.93199539148827,1.9305208948259,1.92650216862847,1.92707076538063,1.92466145710879,1.92582756231236,1.92577937614692,1.9212209648966,1.8466095063343,2.05081283822227,1.96254542037518,1.96042522909596,1.92139443509218,1.9238904784618,1.84691789779309,1.92280147112293,1.92397721355959,1.92444943798087,1.85262313978081,1.92937406408851,1.93792228983699,1.93548406986589,1.93678509633268,2.04364273680528,1.99368332048043,2.00839937540482,2.01370949083595,2.01434554821972,1.91931279274531,1.91859000026376,1.91635416218749,1.91707695466904,1.91709622913522,1.91483147935969,1.91276911147899,2.00835118923938,2.00565276397492,2.00919926575107,2.00084378466433,2.00138346971722,1.91271128808047,1.91193067220039,1.91371356032155,1.99689251909852,1.99735510628671,1.91079347869609,2.00003425708499,1.90906841397345,1.99727800842201,1.99314363542753,1.98447012564892,1.98386297996441,1.99567822772951,1.9921799121188,1.90431725806138,1.97677961364521,1.97437994260645,1.90330534858721,1.90185012639102,1.89898786816407,1.99182333449457,1.99640102021106,1.98934656559112,1.98427738098717,1.89750373426862,1.97818664967596,1.98419064588938,1.89397650695865,2.00039083470923,1.96709419439241,1.99227628444967,1.9710647344244,1.97524729358432,1.98411354802468,1.88716298316589,1.88777012885039,1.88579449606749,1.88360684415666,1.88239255278765,1.88093733059146,1.88108188908777,1.8787689531468,1.87561757792724,1.87773776920646,1.81436332442401,1.81046024502363,1.80790637825548,1.80489956153223,1.80292392874932,1.80017731731942,1.79917504507834,1.90459673782092,1.90342099538426,1.79137852351067,1.83726139023957,1.83558451168237,1.88534154611238,1.78191476061888,1.7817509276564,1.78087393944545,1.77726961427078,1.77608423460103,1.776411900526,1.98815154868829,1.99148603133651,1.82224658108947,1.82099374078811,1.96345132028539,1.81785200280163,1.76840335983041,1.97851431560093,1.76593622816005,1.7672661663261,1.76381603688083,1.76247646148169,1.76230299128612,1.88145774117818,1.88177576987006,1.75831317678795,1.86420709395181,1.78892102907339,1.62157047651147,1.61903588420949,1.78443007845468,1.71475288323311,1.66156499382399,1.61190433172485,1.78532634113181,1.60788560552742,1.60723991091057,1.60794342892595,1.77191131267421,1.60521609196223,1.60452221117994,1.60575577701512,1.60155394338903,1.60218036353971,1.60261403902864,1.60364522296899,1.60358739957046,1.60237310820146,1.60472459307477,1.76879848638699,1.71171715481059,1.60108171896775,1.59816163734228,1.59857603836504,1.7040844662054,1.70107764948215,1.60098534663688,1.6002818286215,1.59987706483183,1.60231528480293,1.7585830193144,1.602874244322,1.60312481238227,1.60537992492471,1.60481132817256,1.7021088334225,1.75353310917662,1.74864703200133,1.75359093257515,1.61574958772671,1.61375468047762,1.61429436553052,1.61753247584787,1.74535109828546,1.61768667157726,1.61908407037493,1.61782159284049,1.73141565924114,1.72841847975098,1.73581023752898
1.86536356192229,1.94589228160023,1.8580392647759,1.94779081651844,1.85772123608402,1.85282552167564,1.85627565112092,1.85523482994748,1.85425183217257,1.89967211171328,1.84803581683123,1.84798763066579,2.02398278130707,1.84724556371807,1.84649385953725,1.84562650855939,1.84433511932568,1.89111424873171,1.94092910656024,1.95045069285055,1.84402672786689,1.84100063667746,1.83813837845051,1.9504121439182,1.83792635932259,1.93826923022813,1.93451070932407,1.83453405327584,1.83358960443328,1.83281862578629,1.95279254049078,1.82922393784471,1.82584126903105,1.82795182307718,1.94312639570416,1.94121822355287,1.94053398000366,1.83210547053783,2.01727526707827,1.93671763570107,1.93679473356577,1.83534358085518,1.8369337243146,1.84101991114363,1.97642303602097,1.97371497352343,1.97324274910215,1.97385953201974,2.05759745031577,1.96903127824297,1.88696060127106,1.96933966970177,1.95737022620727,2.04520396856543,1.87948210839527,1.96914692504002,1.95110602470049,1.94880272599261,2.04981056598118,1.94737641549569,1.94429250090773,1.93871254295015,1.93739224201719,1.96720984118946,1.94006175558238,1.93103166817953,1.93234233187941,1.85527337887983,1.93423122956453,1.92969209278039,1.92414104652207,1.92492166240215,1.92448798691322,2.04112741896948,2.04369092297071,1.96103237478047,1.8468407999284,1.92062345644519,1.84399781616763,1.92041143731727,1.84544340113073,1.92163536591936,1.9214522584907,1.92434342841691,1.92397721355959,1.92460363371026,1.92836215461433,1.93182192129269,1.93542624646737,2.04776747256666,2.04698685668659,2.01395042166313,2.01151220169203,1.92128842552821,1.92056563304666,2.0113098197972,1.98930801665877,1.91467728363029,1.91488930275821,1.91732752272931,1.91359791352451,1.91219087749375,1.99844411362558,1.98390152889676,2.00146056758192,2.01645610226585,1.99447357359359,2.00478541299706,1.91167046690703,1.97790716991643,2.00672249684762,2.00789823928428,2.00434210027504,1.99487833738326,1.99718163609114,2.00403370881625,1.9804417622184,1.98704326688324,1.98099108450438,1.9978947913396,1.99014645593737,1.98506763410033,1.97529547974975,1.99483978845091,1.9820415429109,1.98918273262863,1.9837955193328,1.89556665041806,1.89764829276493,1.98512545749886,1.98634938610095,1.98694689455237,1.89467038774094,1.89456437817698,1.89376448783073,1.97443776600498,1.99535056180454,1.96380789790963,1.97140203758246,1.98346785340783,1.88718225763206,1.98396898952837,1.88422362707425,1.88382850051767,1.88243110172,1.88129390821569,1.88423326430733,1.87797870003364,1.87856657125197,1.87842201275566,1.87758357347706,1.81226240761097,2.017024699018,1.99078251332113,1.80037969921426,1.8006495417407,1.79855826216075,1.79549362203897,1.90350773048204,1.90477020801649,1.90319933902325,1.83365706506489,1.78402531466502,1.89542209192175,1.78052699905431,1.82736395185885,1.77551563784888,1.77529398148787,1.77369420079537,1.89528717065853,1.77151618611763,1.7681046056047,1.81812184532808,1.81663771143263,1.81465244141663,1.76450991766312,1.81288882776164,1.76308360716619,1.76131999351121,1.76153201263913,1.76076103399214,1.75826499062251,1.88752919802321,1.75611588764403,1.75434263675596,1.75105634027317,1.6239123241517,1.78562509535752,1.62083804679683,1.6165205663737,1.61557611753113,1.71160150801354,1.61017926700222,1.61036237443087,1.61060330525806,1.60590997274452,1.60474386754095,1.60749047897084,1.60545702278941,1.77226789029844,1.77220042966683,1.77499522726216,1.77249918389254,1.60181414868239,1.65239998515792,1.64873783658472,1.60193943271253,1.600888974306,1.60026255415533,1.6945628799151,1.59755449165778,1.76390277197862,1.64820778876492,1.74624736096258,1.68227540772872,1.69933331029334,1.59528010464916,1.60445475054833,1.5995204872076,1.60013727012519,1.6015057572236,1.59726537466516,1.60199725611105,1.60176596251695,1.60192015824635,1.60429091758584,1.60454148564611,1.74774113209112,1.61207780192042,1.72193262188319,1.61371613154527,1.61243437954466,1.61447747295918,1.61810107260002,1.61370649431219,1.61839982682573,1.62047183193951,1.72872687120977,1.72621155337397,1.72437084185429
1.86485278856866,1.8543096555711,1.85457949809754,1.903392083685,1.90355591664748,1.94734750379642,1.94930386211316,1.95045069285055,1.95729312834257,1.89759046936641,1.85165941647207,1.84830565935767,1.84681188822913,2.12074060150412,1.84404600233306,1.84464351078448,1.84285098543023,1.89024689775384,1.92762972489969,1.9382981419274,1.84121265580538,1.8409717249782,1.84199327168546,1.94801247287945,1.83570015847941,1.83531466915592,1.93596593152026,1.93804757386713,1.8338016235612,1.83391727035825,1.95111566193358,1.95057597688069,1.82748923588899,1.94047615660514,1.82828912623524,1.82821202837054,1.82678571787361,1.83068879727399,1.8300720143564,1.83286681195173,1.92715750047841,1.83277043962086,1.83503518939639,1.88624744602259,1.97027448131124,1.9712960280185,2.06670463558332,1.96855905382169,1.96433794572943,2.0446160973471,1.88697987573723,2.0459074865808,2.0428621209252,1.95705219751539,2.05100558288402,1.9505663396476,1.94895692172201,1.94762698355596,1.87149284216585,1.94398410944894,1.96707491992624,1.86569122784726,1.93745006541571,1.93627432297905,1.9671038316255,1.93409630830131,2.04671701416014,1.93056908099134,1.9283139684489,2.06402548478503,1.92443016351469,2.04372947190306,1.92397721355959,1.84719737755263,2.04013478396148,1.92010304585847,1.91833943220348,1.84529884263442,1.91983320333202,1.91759736525576,1.91855145133141,1.95717748154553,1.92193412014507,2.04546417385879,1.9229749413185,1.92706112814754,1.95179026824969,1.93122441284128,1.93477091461742,2.03847717987045,2.03121070612259,2.0007185006342,1.99411699596936,2.010625576248,2.00096906869447,1.99115836541154,1.987457667906,1.99719127332422,1.91565064417211,1.91417614750975,1.91519769421701,1.91229688705771,1.91200777006509,2.00370604289128,1.91107295845562,1.91151627117764,1.98582897551423,1.98792989232728,1.99482051398473,1.90848054275512,2.00760912229166,2.0143551854528,2.00462158003458,1.99724909672275,1.99109090477993,1.99119691434389,1.90731443755155,2.01377695146756,1.99416518213479,1.98794916679345,1.90275602630123,1.99068614099026,1.99063795482482,2.0023182813267,1.90099241264624,1.89985521914194,1.97397517881679,1.89732062683996,1.89948900428462,2.00014026664895,1.99172696216369,1.9914185707049,1.98820937208681,1.96510892437642,1.98183916101607,1.98534711385986,1.98810336252285,1.97930456871409,1.99075360162187,1.96724839012181,1.8855535652403,1.88420435260807,1.88381886328458,1.88011816577903,1.87865330634976,1.87888459994385,1.87826781702626,1.87744865221384,1.87696679055947,1.87741974051457,1.96752786988134,1.80963144297812,1.85323028546531,1.8515630441412,1.79870282065706,1.79468409445963,1.90600377385167,1.89839035971266,1.78801512916318,1.88498496848815,1.78547089962812,1.83759869339762,1.83147905038715,1.77860918966992,1.84055732395544,1.82503174145171,1.82384636178197,1.77238353709549,1.86395652589154,1.81765925813988,1.87386360150534,1.76728544079228,1.82554251480534,1.76397986984332,1.7642208006705,1.8108650088133,1.76172475730088,1.82801928370879,1.75856374484822,1.88748101185777,1.75704106202042,1.75737836517848,1.88615107369172,1.96183226512672,1.84336175878386,1.88065785083193,1.62083804679683,1.62020198941306,1.61802397473532,1.61485332504958,1.77514942299156,1.70842122109471,1.60853130014428,1.60778923319655,1.60773140979803,1.602874244322,1.60403071229248,1.60418490802188,1.60223818693823,1.60145757105816,1.76795040987531,1.60134192426111,1.60038783818546,1.59732319806368,1.64857400362224,1.66819541018809,1.64699349739591,1.59853748943269,1.5987591457937,1.76221625618833,1.59501989935581,1.5981520001092,1.59586797586749,1.67517276694334,1.68009739305098,1.59727501189825,1.59766050122174,1.59526083018299,1.59738102146221,1.60110099343393,1.59854712666578,1.60137083596037,1.59999271162888,1.70053796442926,1.60466676967625,1.75092141900995,1.69731912857808,1.60750975343702,1.74390551332236,1.7423442815622,1.61740719181773,1.61444856125991,1.61360048474823,1.61393778790628,1.61667476210309,1.7386146723574,1.73781478201115,1.73965549353083,1.74042647217782,1.61744574075008
1.8591089976486,2.12232110773044,1.85603472029373,1.90282348693284,1.85778869671563,1.85239184618671,1.85341339289397,1.85134138778019,1.85119682928388,1.93489619864756,1.89738808747157,1.95686909008673,1.8472937498835,2.02234445168222,1.84755395517686,1.84108737177525,1.84176197809136,1.84268715246775,1.88731717889529,1.8887531266253,1.88701842466958,1.83768542849541,1.83945867938348,1.83449550434349,1.83572907017868,1.94356970842618,1.83413892671926,1.83353178103476,1.83335831083919,1.83066952280781,1.94726076869864,1.94778117928535,1.93917513013835,1.83051532707842,1.93841378872444,1.82842404749846,1.83036113134902,1.93760426114511,1.83231748966575,1.83030330795049,1.83153687378568,1.83354141826785,1.83543031595297,1.96737367415195,1.96779771240779,2.07115703726968,1.96588954025649,2.04388366763246,2.0496467330187,2.04982984044736,1.95870016437333,1.95756297086902,1.95828576335057,1.95594391571034,1.96706528269315,1.96674725400127,1.95229140437024,1.87357448451272,1.94293365104241,1.94495746999076,1.86679950965231,1.94076527359776,2.05287520610296,1.8613159240256,1.9341830433991,1.93398066150426,1.96360551601479,1.92615522823733,1.92806340038863,1.92470000604114,1.92409286035664,1.9241988699206,1.96189008852524,1.92143298402453,1.84503863734106,1.91978501716659,1.91875383322624,1.84340030771621,1.91937061614383,1.91646017175145,1.91692275893964,1.91789611948147,1.95744732407197,1.92118241596425,1.9532358532128,1.92467109434188,1.92851635034373,2.03400550371792,2.03681957577943,2.04082866474377,2.04457754841475,1.9953794735038,1.99330746839002,1.99258467590847,1.98764077533466,2.02070612205737,1.99387606514217,1.98918273262863,1.91284620934369,1.91258600405033,1.91181502540335,1.91057182233508,1.9815885929558,1.99448321082668,1.9111596935534,1.99825136896383,1.99738401798597,1.99678650953456,1.98986697617783,1.90777702473974,1.9080372300331,1.90683257589718,1.98872014544044,1.99715272439187,1.98931765389186,1.99771168391094,1.905599010062,1.99377005557821,1.90380648470775,1.9755653222762,1.97069851956708,1.90341135815117,1.99701780312865,1.98820937208681,1.89894931923173,1.97750240612676,1.9971334499257,1.98396898952837,1.8956148365835,1.89571120891437,1.98749621683834,1.96217920551786,1.97211519283093,1.98079833984263,1.97034194194285,1.96100346308121,1.98065378134632,1.98409427355851,1.88784722671509,1.97195135986844,1.96834703469377,1.96454032762426,1.95676308052277,1.9645885137897,1.87797870003364,1.87927008926735,1.87862439465049,1.87688969269477,1.87695715332638,1.87471167801703,1.9671809294902,1.8743551003928,1.89063238707734,1.84967414645608,1.79627423791904,1.79376855731633,1.99591915855669,1.78855481421607,1.78692612182431,1.8339558192906,1.7822809754762,1.88205524962959,1.77789603442146,1.77676847815024,1.77152582335072,1.97131530248468,1.77058137450815,1.8735166611142,1.76728544079228,1.7665048249122,1.87136755813571,1.86975814021013,1.76158983603765,1.76052010316496,1.76093450418771,1.97120929292071,1.89063238707734,1.84707209352249,1.96818320173129,1.75482449841033,1.855070996985,1.75153820192754,1.88763520758717,1.74866630646751,1.97401372774913,1.87860512018432,1.62189814243644,1.72414918549328,1.61527736330543,1.61214526255204,1.61304152522916,1.61139355837122,1.77741417276709,1.77563128464593,1.77093795213239,1.76768056734886,1.60311517514918,1.6019587071787,1.60217072630662,1.5997517808017,1.59937592871129,1.60022400522298,1.59887479259075,1.64710914419296,1.64697422292974,1.64623215598201,1.6463959889445,1.59570414290501,1.76251501041404,1.5946440472654,1.59440311643821,1.64539371670341,1.64431434659763,1.6777940943431,1.59350685376109,1.7551521643353,1.69556515215618,1.59701480660489,1.59610890669468,1.5979207065151,1.5977665107857,1.74534146105237,1.59696662043945,1.60093716047144,1.60101425833614,1.59829655860551,1.69727094241264,1.60418490802188,1.74048429557634,1.73927964144043,1.61059366802497,1.61469912932018,1.61233800721378,1.61475695271871,1.61495933461354,1.61779268114123,1.61465094315475,1.73523200354374,1.61617362598255,1.73118436564705
1.88046510617018,1.9546043403112,2.12901898472616,1.85436747896962,1.85505172251882,1.85411691090935,1.85052222296777,1.94434068707317,1.84882606994439,1.84833457105694,1.89583649294451,1.9545272424465,1.95665707095881,1.92550953362048,1.84447004058891,1.89078658280674,1.9478968260824,1.8408175292488,1.84050913779,1.83703009664547,1.88595832902997,1.83696263601386,1.83691444984842,1.9438588254188,1.83411001502,1.83468824900524,1.83064061110855,1.83217293116944,1.83223075456797,1.83032258241667,1.94140133098152,1.82573525946709,1.93750788881423,1.82869389002491,1.82843368473155,1.8280867443404,1.93767172177672,1.93755607497967,1.8302262100858,1.82997564202552,1.83231748966575,1.83442804371188,1.83361851613255,1.97008173664949,2.06761053549353,2.04376802083541,2.04456791118166,1.9714502237479,1.96366333941332,1.96513783607568,2.04420169632434,2.04069374348055,2.04037571478866,1.95435377225093,1.96508001267716,1.95062416304612,1.94772335588683,1.9453815082466,1.94408048177981,1.94110257675582,1.96228521508182,1.94201811389912,1.93850052382223,1.9350985805424,1.93208212658605,1.93177373512726,1.92949934811864,1.92773573446366,1.92619377716968,1.92573118998149,1.9612347566753,1.84636857550712,1.9219823063105,1.92103785746794,1.84497117670945,1.91926460657987,1.91880201939168,1.91929351827913,1.91900440128651,1.8418872621215,1.95809301868882,2.03903613938952,2.037985680983,1.92025724158787,1.95377553826569,1.9212209648966,1.92700330474902,1.93053053205899,1.9305979926906,2.03488249192887,1.87516462797213,1.99368332048043,1.99182333449457,1.9166529164132,2.01659102352907,2.00488178532793,1.99389533960835,1.99024282826824,1.98652285629652,1.9103212542748,1.91312568910322,1.98307272685125,1.98186807271533,1.99753821371537,2.00768622015635,2.00200025263481,2.00052575597245,1.98088507494042,1.99374114387895,1.9081914257625,1.90777702473974,1.90577248025757,1.99018500486972,2.01487559603952,2.01113634960163,1.99830919236236,1.99671904890294,1.99574568836112,1.90085749138302,1.90079003075141,1.96723875288872,1.90105987327786,1.98354495127253,1.97686634874299,1.99110054201302,1.89731098960688,1.98668668925901,1.98430629268643,1.98083688877498,1.89558592488424,1.98029720372209,1.97895762832295,1.89100823916775,1.89010233925753,1.99146675687034,1.97139240034937,1.97174897797361,1.96728693905416,1.88657511194756,1.97261632895147,1.96498364034628,1.98155004402345,1.95566443595081,1.97809991457817,1.97395590435061,1.87811362129686,1.95212757140775,1.87744865221384,1.87632109594262,1.87544410773167,1.9540742924914,1.80449479774256,1.80066881620688,1.79562854330219,1.79446243809862,1.79107976928496,1.99516745437588,1.8354785021184,1.88804960860993,1.86727173407359,1.77768401529354,1.77783821102293,1.77486994323203,1.85462768426298,1.85350976522485,1.76848045769511,1.76769984181504,1.76628316855119,1.7649821420844,1.76370039008378,1.76061647549583,1.86789815422427,1.89057456367881,1.758428823585,1.8899770552274,1.96538840413595,1.89062274984425,1.97161405671038,1.75108525197244,1.75043955735558,1.97912146128543,1.74872412986603,1.74675813431621,1.74517762808989,1.96601482428663,1.96182262789363,1.62155120204529,1.61607725365168,1.61419799319964,1.61214526255204,1.60948538621993,1.60803980125682,1.60764467470024,1.60368377190134,1.60283569538965,1.60261403902864,1.6011973657648,1.65067492043528,1.64737898671941,1.59862422453048,1.75821680445708,1.80703902727762,1.59514518338594,1.5960896322285,1.59533792804769,1.59422964624264,1.59585833863441,1.59452840046835,1.59315991336995,1.75702178755425,1.7535523836428,1.59249494428692,1.5918974358355,1.67538478607126,1.59384415691915,1.75210679867969,1.59246603258766,1.59546321207782,1.70910546464392,1.70784298710947,1.59808453947758,1.59793034374819,1.74500415789431,1.65427924560995,1.59953012444069,1.74359712186356,1.60440656438289,1.60517754302988,1.60564013021807,1.60730737154218,1.74060957960648,1.73927000420734,1.71060887300554,1.61739755458464,1.61421726766582,1.61591342068919,1.61432327722978,1.61772522050961,1.73195534429403,1.61751320138169
1.85381815668364,1.8547626055262,1.85538902567688,1.94999774289545,1.95112529916667,1.85128356438167,1.85216055259262,1.95496091793543,1.9569654624176,1.92121132766352,1.9256444548837,1.894015055891,1.93385537747413,1.9303666990965,1.89203942310809,1.94113148845508,1.94793537501475,1.83962251234597,1.83927557195482,1.83612419673526,1.83810946675125,1.94346369886222,1.83719392960795,1.8334257714708,1.83453405327584,1.83176816737977,1.83242349922971,1.94076527359776,1.8318259907783,1.83109356106366,1.82933958464176,1.83005273989022,1.82800000924262,1.8268724529714,1.8288480857543,1.82788436244557,1.8258027200987,1.82793254861101,1.93176409789417,1.8317488929136,1.93027996399872,1.83384017249355,1.83331012467375,2.05310649969706,1.96621720618147,1.9683277602276,1.96505110097789,1.88887841065544,1.96690144973067,2.04357527617366,1.88455129299922,1.95434413501784,1.95432486055167,1.96553296263226,1.95322621597971,2.05104413181637,1.94697165170602,1.94519840081794,1.94567062523922,1.94424431474229,2.05639279617985,1.93787410367155,1.93427941572997,1.85769232438476,1.93218813615001,1.9312822362398,1.93092565861557,1.9257215527484,1.92458435924409,1.92333151894273,1.921375160626,1.92154863082157,1.92097039683633,1.91844544176745,1.91771301205281,1.91818523647409,2.03403441541718,1.8409717249782,1.84154995896344,1.91861891196302,1.91897548958725,1.91706731743595,1.91835870666966,1.92099930853559,1.84478806928079,1.92094148513707,1.92700330474902,1.94968935143665,1.9505663396476,2.023202165427,1.94036050980809,2.01772821703338,1.99022355380207,2.00913180511946,2.00731036806595,2.01179168145157,2.00583587140358,1.98785279446258,1.98553022128852,1.91407013794579,1.91005141174836,1.90928043310137,1.99382787897674,1.99516745437588,1.90765174070961,1.99799116367047,1.98010445906034,1.99255576420921,1.99434828956345,1.97862996239798,1.9081914257625,2.00091124529594,1.98416173419012,1.98412318525777,1.90379684747467,1.90342099538426,1.90359446557983,1.90386430810628,1.90043345312718,1.90009614996912,2.00142201864957,1.99765386051242,1.98034538988753,1.97737712209662,1.98107781960217,1.98016228245887,1.97969969527067,1.97828302200683,1.89394759525939,1.978080640112,1.9786106879318,1.97330057250067,1.97860105069872,1.99037774953146,1.89082513173908,1.88853147026429,1.88819416710624,1.88608361306011,1.97654832005111,1.96719056672329,1.96714238055785,1.9699275409201,1.96823138789672,1.96072398332167,1.87767994580793,1.8781618074623,1.87463458015233,1.87676440866463,1.87362267067816,1.87285169203117,1.95378517549878,1.84845985508707,1.79579237626468,1.794173321106,1.98865268480883,1.97347404269624,1.78486375394361,1.88909042978336,1.88703769913575,1.82845295919772,1.82614002325676,1.82494500635393,1.90231271357921,1.85274842381094,1.85173651433677,1.90097313818007,1.86104608149916,1.76365220391835,1.76276557847431,1.75710852265203,1.75758074707331,1.75764820770492,1.75443900908683,1.75414025486113,1.88655583748139,1.75057447861881,1.75174058382238,1.74870485539986,1.74538964721781,1.74519690255606,1.74405970905175,1.79275664784216,1.74092760829836,1.73935673930512,1.73946274886908,1.96524384563964,1.73578132582972,1.61472804101945,1.61434255169595,1.60925409262583,1.76817206623632,1.76744927375476,1.60490770050343,1.60398252612705,1.76035627020247,1.59950121274143,1.59934701701203,1.64736934948632,1.59604144606307,1.7559135057492,1.75472812607946,1.59508735998742,1.59215764112886,1.64367828921386,1.59398871541546,1.59327556016699,1.64151954900229,1.64088349161853,1.58911227547326,1.59203235709873,1.59250458152001,1.59129992738409,1.59196489646711,1.74838682670798,1.59222510176047,1.69077544731177,1.74740382893307,1.593497216528,1.59208054326416,1.59244675812148,1.70725511589114,1.59824837244007,1.59490425255876,1.59575232907044,1.78863191208077,1.59830619583859,1.60332719427711,1.60514863133062,1.73519345461139,1.734268280235,1.60636292269962,1.61010216913752,1.61053584462645,1.73163731560215,1.83435094584718,1.61344628901883,1.73033628913536,1.72766677557016,1.61791796517136,1.61485332504958
1.88001215621507,1.8530086291043,1.95266725646064,1.95405501802522,1.8507246048626,1.85054149743394,1.89899750539716,1.95318766704736,1.95514402536409,1.847679239207,1.92394830186032,1.89441981968067,1.89252128476246,1.9279284791254,1.93053053205899,1.94104475335729,1.89016016265606,1.88805924584301,1.84022002079738,2.10426093292474,1.88760629588791,1.94228795642556,2.01192660271479,1.83367633953107,1.83351250656858,1.88062893913266,1.83040931751446,1.8314405014548,1.9280055769901,1.87539592156623,1.87525136306992,1.87463458015233,1.82552324033917,1.826718257242,1.82416439047385,1.82398128304519,1.82450169363191,1.93215922445075,1.93119550114202,1.93086783521705,1.83201873544004,1.92075837770841,1.83453405327584,1.83513156172726,2.04196585824808,1.96272852780384,1.96243941081122,1.96428975956399,1.96574498176018,1.96670870506892,1.95638722843236,1.95804483252339,1.96232376401417,1.96323930115747,1.96346095751848,1.96358624154862,2.04743980664169,2.04445226438461,1.94424431474229,1.94254816171892,1.86507444492967,1.9358599219563,1.93515640394092,1.93348916261681,1.93201466595444,1.93076182565308,1.92850671311064,1.92797666529084,1.92371700826623,1.92270509879206,1.92400612525885,1.95897964413286,1.84553013622852,1.95745696130506,1.91650835791689,1.91701913127052,1.91510132188613,1.91600722179634,1.91567955587137,1.84070188245175,1.95386227336348,1.91619996645809,1.91433034323914,1.92118241596425,1.95135659276076,1.9234375285067,1.9514047789262,1.92914277049441,1.94455270620109,2.02882067231692,1.94569953693849,1.9174142578271,1.91698058233817,1.91694203340582,1.98683124775532,1.91423397090827,1.99441575019507,1.91244144555402,1.91142953607985,1.91103440952327,1.90855764061982,1.90783484813827,2.00215444836421,1.99128364944168,1.99727800842201,1.99762494881316,1.90640853764134,1.98181988654989,1.99871395615203,1.99942711140049,2.00445774707209,1.9039992293695,1.99304726309666,1.97212483006401,1.98831538165077,1.90124298070652,1.99206426532175,1.98391116612985,1.98430629268643,1.89944081811918,1.89737845023849,1.98665777755975,1.97790716991643,1.99485906291708,1.89522934726001,1.89442945691376,1.98162714188815,1.97393662988444,1.96701709652771,1.97392699265135,1.98788170616184,1.89043964241559,1.89032399561854,1.99152458026886,1.89064202431043,1.98521219259664,1.97335839589919,1.97576770417103,1.96783626134014,1.88103370292233,1.9808272515419,1.97557495950929,1.95158788635486,1.87658130123597,1.87666803633376,1.87545374496475,1.87688969269477,1.87463458015233,1.87159885172981,1.87141574430115,1.94674035811192,1.89055528921264,1.88925426274585,1.79155199370624,1.79108940651805,1.78537452729724,1.78378438383783,1.83066952280781,1.77890794389563,1.77642153775909,1.77114033402722,1.98488452667167,1.87988687218494,1.88369357925444,1.90025998293161,1.89951791598388,1.96662196997113,1.76096341588697,1.8943234473498,1.75587495681685,1.89159611038607,1.8907383966413,1.75208752421352,1.74779895548965,1.74766403422642,1.74594860673687,1.74843501287341,1.82998527925861,1.82786508797939,1.74202625287032,1.804764640269,1.78866082378003,1.73760276288323,1.73497179825038,1.78465173481569,1.95722566771096,1.61640491957665,1.61157666579988,1.61214526255204,1.60856021184354,1.60620872697022,1.60429091758584,1.60347175277342,1.81541378283053,1.75511361540295,1.59483679192715,1.75459320481623,1.71572624377493,1.71330729827,1.73766058628175,1.59362250055814,1.59432601857352,1.59471150789701,1.59423928347573,1.64151954900229,1.64162555856626,1.64153882346847,1.59156013267745,1.59138666248187,1.59211909219651,1.58902554037547,1.58852440425493,1.58783052347264,1.73800752667289,1.58843766915714,1.5935743143927,1.74405970905175,1.5925816793847,1.59207090603107,1.59256240491853,1.5943356558066,1.59295753147511,1.74022409028299,1.64546117733502,1.59772796185335,1.59915427235028,1.60132264979494,1.60141902212581,1.60489806327034,1.73197461876021,1.73133856137644,1.6077506842642,1.61351374965044,1.60951429791919,1.61283914333433,1.61129718604035,1.72757040323929,1.72463104714765,1.61449674742535,1.61412089533494
1.86095934640137,1.8507246048626,1.95154933742251,1.85370250988659,1.85031020383984,1.84858513911721,1.84809364022975,1.9608589045849,1.84800690513197,1.95131804382841,1.92817904718567,1.84532775433368,1.94383955095263,2.09886408239582,1.84028748142899,1.84309191625741,1.84140540046713,1.84045131439148,1.88520662484916,1.88674858214313,1.83483280750155,1.94108330228964,1.83120920786071,1.88082168379441,1.92459399647718,1.87767030857485,1.87735227988296,1.8776317596425,1.8800699796136,1.82851078259625,1.87534773540079,1.87659093846906,1.87433582592662,1.82678571787361,1.82716156996402,1.8246558893613,1.82669898277582,1.82713265826475,1.82800000924262,1.83006237712331,1.83065024834164,1.83090081640191,1.83389799589208,1.97089126422883,1.96508964991024,2.05461954529177,2.04040462648792,1.97018774621346,1.96121548220913,1.95838213568144,1.95517293706336,1.96406810320298,1.95424776268697,1.95794846019251,1.9546814381759,1.96424157339856,1.9464512411193,1.94411903071216,1.94387809988498,2.05001294787602,1.86336865467321,1.93493474757991,1.96029030783274,1.93093529584866,1.92903676093045,2.04741089494243,2.04692903328806,1.92754298980191,1.92220396267151,2.04658209289692,1.84675406483061,1.92186665951346,1.92055599581358,1.91646017175145,1.84159814512887,1.84100063667746,1.91483147935969,1.83842749544314,1.91440744110384,1.91431106877297,1.91712514083448,1.9512505831968,1.84076934308336,1.91725042486461,2.04150327105988,1.95045069285055,2.02928325950512,1.94481291149445,1.85385670561599,1.94216267239543,2.03878557132925,2.03973002017181,1.99837665299397,1.99427119169876,1.98445085118274,1.99834774129471,2.00041974640849,1.98789134339493,1.91012850961306,1.90827816086029,1.9098683043197,1.90779629920592,1.98109709406834,1.98170423975284,1.98111636853452,2.00096906869447,1.99132219837402,2.00069922616802,1.97886125599207,1.9991187199417,1.98987661341092,2.00004389431808,1.90158028386457,1.9706117844693,1.98689870838693,1.98688907115384,1.99148603133651,1.97843721773623,1.99407844703701,1.99368332048043,1.98561695638631,1.98072124197793,2.00015954111513,1.984479762882,1.97690489767534,1.97783007205173,1.98772751043244,1.99094634628362,1.99430010339802,1.96409701490225,1.97011064834876,1.99805862430209,1.97484252979465,1.97402336498222,1.9663424902116,1.97824447307448,1.97025520684507,1.9705346866046,1.977088005104,1.97253923108677,1.97535330314828,1.96779771240779,1.97384989478665,1.94872562812792,1.87769922027411,1.87401779723474,1.87783414153733,1.87167594959451,1.94691382830749,1.87272640800103,1.87200361551948,1.84243658440748,1.88743282569234,1.96008792593791,1.83390763312517,1.86845711374333,1.8847922238264,1.88476331212714,1.89594250250847,1.7701669734854,1.98765041256774,1.76789258647678,1.76462556446017,1.81190582998673,1.89866020223911,1.89742663640392,1.75704106202042,1.75722416944908,1.8038491031257,1.80096757043259,1.79848116429605,1.74857957136972,1.74554384294721,1.74609316523319,1.96703637099389,1.74412716968336,1.79082920122469,1.86815835951763,1.86681878411848,1.78816932489258,1.78733088561398,1.73231192191827,1.73437428979896,1.73086633695516,1.73076996462429,1.79771018564906,1.61388960174085,1.6111044413786,1.6088204171369,1.75412098039495,1.65435634347465,1.65349862972988,1.59953976167378,1.59855676389886,1.59890370429001,1.59744848209382,1.59478860576171,1.59528974188225,1.59397907818237,1.59221546452739,1.59356467715962,1.59313100167068,1.59208054326416,1.59215764112886,1.58963268605997,1.59071205616576,1.58833165959318,1.58730047565283,1.74336582826946,1.74102398062924,1.58740648521679,1.58911227547326,1.58776306284103,1.58683788846464,1.68727713170106,1.58724265225431,1.58608618428383,1.58886170741299,1.58775342560794,1.74322126977315,1.59190707306859,1.59125174121865,1.71980279337088,1.64466128698877,1.59777614801879,1.59785324588349,1.59890370429001,1.71567805760949,1.60270077412643,1.72980624131556,1.60520645472914,1.60585214934599,1.82697846253536,1.60846383951267,1.60923481815965,1.61093097118303,1.72586461298283,1.72386970573374,1.66128551406446,1.61222236041673
1.85679606170763,1.8509558984567,1.85213164089335,1.85252676744994,1.85073424209569,1.84855622741795,1.84686007439457,1.8488164327113,1.84612764467993,1.94711621020233,1.9398979226199,1.94119894908669,1.84323647475373,1.84124156750464,1.84404600233306,1.88905188085101,1.94001356941695,1.94706802403689,1.83940085598496,1.88449346960069,1.83757941893145,1.94107366505655,1.92400612525885,1.87924117756808,1.83208619607166,1.87766067134176,1.88018562641065,1.82728685399415,1.87812325852995,1.93290129139848,1.93354698601533,1.92134624892674,1.82369216605257,1.92493129963524,1.94389737435115,1.91460018576559,1.82657369874569,1.82691100190375,1.93147498090155,1.82771089225,1.83058278771003,1.82880953682195,1.83127666849232,1.83402327992221,1.96397173087211,1.96504146374481,1.96837594639303,1.95744732407197,1.96475234675219,1.960319219532,1.96250687144283,1.95325512767897,1.96346095751848,1.96419338723312,1.94922676424846,1.87270713353486,2.05413768363741,2.03745563316319,1.96106128647973,1.93935823756701,1.9386739940178,1.93321932009036,1.93347952538372,2.05075501482374,1.95419957652153,1.92662745265861,1.92607813037263,1.92766827383204,1.84882606994439,1.92108604363338,1.92035361391874,1.92074874047532,1.84316901412211,1.95516329983027,1.83950686554892,1.91499531232217,1.8406633335194,1.91122715418502,2.02452246635996,1.91331843376497,1.91365573692303,1.95298528515253,2.03017952218224,1.91518805698392,1.91751063015797,2.02147710070436,1.92048853518196,1.9254131612896,1.92720568664385,1.92721532387694,2.03933489361523,1.91699021957125,2.00766694569018,1.98625301377008,1.98768896150009,1.91410868687814,1.98789134339493,1.90935753096607,1.90907805120654,1.90829743532646,1.90902022780801,1.98765041256774,1.99542765966924,1.99195825575779,1.99874286785129,1.97873597196194,1.97752168059293,1.9847110564761,1.99491688631561,1.99129328667476,1.97368606182416,1.99041629846381,1.90177302852632,1.98764077533466,1.98880688053823,1.98700471795089,1.98184879824915,1.98719746261264,1.99092707181744,1.99267141100625,1.98770823596627,1.97809991457817,1.99746111585067,1.98872978267353,1.98003699842873,1.98423883205482,1.9846339586114,1.98066341857941,1.97183571307139,1.98561695638631,1.88908079255027,2.00131600908561,1.98233065990352,1.98024901755665,1.96596663812119,1.98162714188815,1.96768206561074,1.96763387944531,1.97047686320608,1.96608228491824,1.97453413833585,1.95092291727183,1.94944842060947,1.95146260232472,1.87382505257299,1.87117481347397,1.94679818151044,1.87077968691739,1.87166631236142,1.94657652514943,1.94329986589973,1.83934303258643,1.78854517698298,1.78531670389872,1.78135580109982,1.77883084603093,1.77796349505307,1.89507515153061,1.77274011471972,1.76789258647678,1.76697704933348,1.76567602286669,1.7632281656625,1.80904357175979,1.75696396415572,1.75526781113235,1.75471848884637,1.86598998207297,1.83985380594006,1.75060339031807,1.79631278685139,1.85908972318242,1.82833731240067,1.95747623577123,1.74160221461448,1.78792839406539,1.96929148353633,1.73713053846194,1.86435165244812,1.73164695283524,1.78138471279908,1.78027643099403,1.86126773786017,1.77669138028554,1.7750434134276,1.78406386359736,1.61063221695732,1.60872404480602,1.60542811109015,1.72505508540349,1.65148444801462,1.64958591309641,1.64853545468989,1.59873987132752,1.59729428636442,1.5938056079868,1.59179142627154,1.59338156973096,1.59316955060303,1.59102044762455,1.58880388401446,1.58998926368421,1.59165650500832,1.59062532106797,1.73863394682357,1.58547903859932,1.74430063987894,1.58719446608887,1.74083123596749,1.74063849130574,1.73639810874731,1.74048429557634,1.58499717694496,1.58576815559194,1.70680216593604,1.69940077092495,1.5870209958933,1.5887749723152,1.58834129682627,1.73740038098839,1.73405626110708,1.59138666248187,1.59069278169958,1.59773759908644,1.59480788022788,1.72465032161382,1.59884588089149,1.60055167114795,1.72536347686228,1.7244383024859,1.72509363433584,1.79697775593442,1.60564976745116,1.60806871295608,1.60740374387306,1.6075964885348,1.6609482109064,1.66023505565794,1.61248256571009,1.61210671361969
1.8571237276326,1.85132211331402,1.85208345472792,1.85038730170454,1.84835384552311,1.84891280504218,1.94727040593172,1.94974717483517,1.8457710670557,1.94220122132778,1.84211855571559,1.84479770651388,1.84007546230107,1.93671763570107,1.84082716648189,1.83809982951816,1.83585435420881,1.83798418272112,1.83772397742776,1.83788781039024,1.83386908419282,1.93981118752211,1.88035909660622,1.92398685079267,1.92413140928898,1.87719808415356,1.82914683998001,1.82730612846033,1.82758560821986,1.93062690438986,1.93369154451164,1.82325849056364,1.93603339215187,1.82444387023338,1.88833872560255,1.88802069691066,1.82552324033917,1.82690136467066,1.82654478704643,1.82506065315097,1.82890590915283,1.82748923588899,1.991649864299,2.0603922479111,1.9641355638346,1.9616973438635,1.96671834230201,1.96504146374481,1.95869052714024,1.88161193690757,1.95127949489606,1.96397173087211,1.95104820130197,1.95433449778476,1.96113838434443,1.96056015035919,2.05561218029977,1.9412664097183,1.94136278204918,2.06085483509929,1.9357057262269,2.04945398835695,1.95754369640284,1.93134969687141,1.93314222222566,1.92768754829822,1.95481635943912,1.84942357839581,1.84781416047022,1.91792503118073,1.95485490837147,1.91755881632341,1.91700949403743,1.91435925493841,1.91407977517887,1.91338589439658,1.91675892597716,1.95176135655043,1.91440744110384,1.91356900182524,1.91488930275821,1.95211793417466,1.8409717249782,1.8416559685274,1.91734679719549,1.91773228651898,1.920382525618,1.92491202516906,1.92758153873426,2.02957237649774,1.87116517624088,2.00801388608132,1.99926327843801,1.98450867458127,1.98477851710771,1.98479779157389,1.98141512276022,1.91111150738797,1.90939607989842,1.90792158323605,1.90721806522068,1.90655309613765,1.97809027734509,1.97740603379588,1.99288343013418,1.97839866880388,1.97689526044225,1.99051267079469,2.01340109937716,1.9016381072631,1.97234648642502,1.98434484161878,2.00164367501058,2.00186533137159,1.98864304757574,1.89685803965177,1.98281252155789,1.99036811229838,1.89494986750047,1.98794916679345,1.97895762832295,1.98828646995151,1.97504491168948,1.98781424553023,1.89289713685287,1.9704575887399,1.99400134917231,1.97835048263845,1.89103715086701,1.99177514832913,1.95776535276385,1.97773369972085,1.98904781136541,1.97133457695085,1.96601482428663,1.97558459674237,1.8821227102612,1.88263348361483,1.879231540335,1.87840273828948,1.97425465857632,1.95054706518142,1.87794015110129,1.96057942482536,1.87365158237742,1.87214817401579,1.87113626454162,1.8706929518196,1.86930519025502,1.94677890704427,1.94160371287636,1.95751478470358,1.78453608801864,1.78214605421298,1.91790575671455,1.91734679719549,1.77302923171234,1.89509442599678,1.77046572771111,1.76636026641589,1.76385458581318,1.8716084889629,1.75840954911883,1.75715670881747,1.75632790677196,1.80213367563616,1.86469859283927,1.86377341846288,1.97652904558493,1.74789532782052,1.7935661754215,1.79042443743502,1.78851626528372,1.73991569882419,1.73807498730451,1.88722080656441,1.73525127800991,1.73481760252098,1.98195480781312,1.72945930092441,1.72717527668271,1.7253538396292,1.93682364526503,1.77244136049401,1.72166277935674,1.7220771803795,1.60983232661107,1.6078277821289,1.60730737154218,1.60501371006739,1.60293206772052,1.64758136861424,1.64528770713945,1.64375538707856,1.59622455349172,1.69708783498398,1.59401762711472,1.5936514122574,1.58799435643512,1.58915082440561,1.58822565002922,1.58901590314238,1.58712700545726,1.58564287156181,1.58575851835886,1.58431293339575,1.58576815559194,1.58217346765036,1.58332993562084,1.58293480906426,1.58403345363622,1.58300226969587,1.58402381640313,1.58308900479366,1.70452777892742,1.69717457008177,1.58538266626845,1.734268280235,1.73202280492565,1.73390206537768,1.73388279091151,1.72606699487766,1.72397571529771,1.59127101568482,1.72745475644224,1.59311172720451,1.59461513556614,1.59760267782322,1.72302162922206,1.69739622644278,1.72364804937273,1.7242841067565,1.60831928101636,1.60692188221869,1.60723027367748,1.60841565334723,1.61083459885216,1.61021781593456,1.76893340765022,1.61142247007048
1.85595762242903,2.11401381280914,1.8485947763503,1.84884534441057,1.89696404921573,1.89611597270404,1.94101584165803,1.94780045375153,1.84473988311535,1.84557832239395,1.84365087577648,2.10675697629437,1.94386846265189,1.94361789459162,1.8413475770686,1.94389737435115,1.83661569562271,1.83773361466085,1.9415748011771,1.94394556051659,1.83201873544004,1.83312701724509,1.83466897453907,1.83114174722909,1.92162572868627,1.93748861434806,1.82698809976844,1.82478117339144,2.09633912732693,1.82676644340744,1.82622675835454,1.82099374078811,1.82291155017249,1.87086642201517,1.8707700496843,1.90333426028647,1.8715313910982,1.92981737681052,1.82459806596278,1.82606292539206,1.82693027636992,2.08820530260121,1.8271712071971,1.96151423643484,1.96125403114148,1.96445359252648,1.95998191637395,1.96373080004493,1.95817011655352,1.96389463300741,1.87796906280055,1.87728481925135,1.95022903648954,1.94895692172201,1.94696201447293,1.95722566771096,2.0564313451122,2.02803041920376,1.95804483252339,1.95453687967959,1.93376864237634,1.93434687636158,1.93351807431607,1.93081001181852,1.85160159307355,1.92650216862847,1.92695511858358,1.9230520391832,1.92271473602514,1.91974646823424,1.95214684587393,1.84233057484351,1.91783829608294,1.953920096762,1.84018147186503,1.95192518951292,1.91349190396054,1.91418578474283,2.05462918252486,1.91197885836583,2.02763529264718,2.02543800350326,1.91300040507309,1.91368464862229,1.91593976116473,1.84379543427279,1.92112459256573,1.94461052959961,2.01897142010165,2.0187015775752,2.03473793343256,2.01056775284947,2.01329508981319,1.98307272685125,1.99770204667785,1.91035980320715,1.98771787319935,1.90759391731108,1.90861546401834,1.90698677162658,1.9045292771893,1.90439435592608,1.97833120817227,1.97752168059293,1.97786862098408,2.00023663897983,1.97531475421593,2.00032337407761,1.90248618377478,1.99811644770061,1.9936254970819,1.99716236162496,1.89798559592299,1.97134421418394,1.97035157917594,1.89684840241868,1.97528584251667,1.97881306982664,1.99775987007638,1.98778533383097,1.97616283072762,1.99063795482482,1.97438957983954,1.89155756145372,1.97175861520669,1.9771651029687,1.88865675429443,1.97809991457817,1.95858451757628,1.98751549130452,1.97348367992933,1.88466693979627,1.97035157917594,1.88412725474337,1.97634593815627,1.97799390501421,1.97002391325097,1.88060966466649,1.98233065990352,1.96223702891639,1.87521281413757,1.95613666037209,1.96142750133705,1.87388287597151,1.87230236974519,1.87013399230053,1.86910280836019,1.87021109016523,1.86701152878023,1.94224940749321,1.94072672466541,1.96076253225402,1.98178133761754,1.77904286515885,1.89425598671818,1.77276902641898,1.7706970213052,1.76794077264222,1.76718906846141,1.76542545480642,1.98744803067291,1.75711815988512,1.8929453230183,1.75391859850012,1.97753131782602,1.74979386273873,1.97600863499822,1.74444519837525,1.74229609539677,1.74076377533588,1.73886524041767,1.73621500131865,1.7358680609275,1.7377762330788,1.73439356426514,1.73071214122577,1.84643603613873,1.72784988299882,1.72564295662182,1.97262596618456,1.72288670795883,1.72270360053017,1.72218318994346,1.85705626700099,1.71893544239302,1.71692126067776,1.60891678946777,1.60530282706001,1.60288388155509,1.59988670206492,1.59991561376418,1.64476729655273,1.5951740950852,1.59178178903845,1.59202271986564,1.59171432840684,1.73213845172269,1.58897735421003,1.73078923909047,1.58806181706673,1.58654877147202,1.58728120118666,1.58600908641913,1.73262995061015,1.58610545875,1.5845056780575,1.58120974434163,1.58482370674938,1.58197108575553,1.72951712432293,1.70402664280688,1.5809977252137,1.58201927192096,1.58254931974077,1.63123662129809,1.58285771119956,1.58219274211654,1.58444785465898,1.72893889033769,1.72728128624667,1.58734866181827,1.63712497071446,1.69736731474352,1.69559406385544,1.7240528131624,1.5940369015809,1.59196489646711,1.59668714067992,1.59664859174757,1.59937592871129,1.60049384774942,1.60173705081769,1.72084361454431,1.60792415445977,1.71700799577555,1.65672710281414,1.60810726188843,1.60777959596346,1.76497250485131,1.6106514914235
1.85688279680542,1.93483837524904,1.93487692418139,1.94783900268388,1.89525825895927,1.84556868516087,1.89480530900416,1.8980530565546,1.84385325767132,1.84415201189702,1.84245585887365,1.84445076612273,1.94075563636467,1.94268308298214,1.83887080816515,1.83849495607475,1.83463042560672,1.93933896310083,1.8338016235612,1.83289572365099,1.94087128316172,1.93428905296306,1.83163324611655,1.83108392383057,1.94016776514634,1.93383610300795,1.94348297332839,1.93786446643847,1.82424148833855,1.82226585555564,1.82318139269894,1.9337975540756,1.82196710132993,1.8219189151645,1.82256460978135,1.82385599901505,2.09046041514365,1.92426633055221,1.87868221804902,1.88130354544878,1.82501246698554,1.82631349345233,1.83103573766513,1.96524384563964,1.9631429288266,1.96304655649572,1.9627574395031,1.95985663234381,1.96328748732291,1.95558733808611,1.96083963011872,1.9502579481888,1.8767162224992,1.94585373266788,1.94430213814082,1.9589507324336,2.03344654419885,2.0323478996269,1.95680162945512,1.93527205073797,1.93320004562419,1.93355662324842,1.93213031275149,1.93038597356268,2.0397396574049,1.92443980074778,1.92347607743904,1.92102822023486,1.92367845933388,1.91975610546733,2.03820733734401,1.9174913556918,1.91485075382586,1.95136622999385,1.91234507322315,2.04094431154082,1.95019048755719,1.91072601806447,1.94843651113529,1.94906293128597,1.91013814684614,1.83666388178815,1.91087057656078,1.9114680850122,1.91455199960015,2.0179402361613,1.9189369406549,1.92204012970903,1.94121822355287,2.01499124283657,2.01763184470251,1.99089816011818,1.91204631899744,1.91094767442548,2.00357112162805,1.99773095837712,1.97837939433771,1.90864437571761,1.90702532055893,1.97839866880388,1.90383539640701,1.9807501536772,2.00318563230456,2.0069634276748,1.97477506916304,1.97530511698284,2.00106544102534,1.96995645261936,1.99094634628362,2.00405298328242,1.98529892769443,1.90019252229999,1.99806826153517,1.89692550028338,1.98771787319935,1.89522934726001,1.98034538988753,1.98101035897055,1.98669632649209,1.97711691680326,1.97818664967596,1.98391116612985,1.97536294038136,1.98823828378607,1.97139240034937,1.97798426778113,1.88767375651952,1.97417756071162,1.97428357027558,1.88600651519541,1.97011064834876,1.88441637173599,1.88362611862283,1.9711418322891,1.96127330560765,1.97409082561383,1.88047474340327,1.96286344906707,1.8773233681837,1.96813501556585,1.94730895486407,1.96706528269315,1.95874835053876,1.87198434105331,1.87034601142846,1.87425872806192,1.86858239777347,1.86688624475009,1.86477569070396,1.86769577232943,1.86720427344198,1.78416987316133,1.77754909403031,2.00093051976212,1.99399171193922,1.96708455715933,1.76570493456595,1.76291013697062,1.76360401775291,1.76072248505979,1.8904300051825,1.84613728191302,1.7523284550407,1.75098887964156,1.7475291129632,1.97635557538936,1.97483289256156,1.74046502111017,1.73845083939491,1.73753530225161,1.96723875288872,1.96724839012181,1.88678713107548,1.88156375074214,1.72967132005233,1.72889070417226,1.84467242248374,1.72386006850066,1.72135438789794,1.72020755716055,1.71930165725034,1.71717182873803,1.71474324600002,1.71204482073556,1.71358677802954,1.71143767505106,1.60611235463935,1.60139011042655,1.59920245851572,1.70763096798155,1.70241722488129,1.70133785477551,1.70154023667034,1.70019102403811,1.5915215837451,1.73438392703205,1.72907381160092,1.58703063312639,1.58412982596709,1.58559468539637,1.63449400608161,1.63235454033622,1.580698970988,1.67705202739537,1.5812290188078,1.5818361644923,1.58067005928873,1.58454422698985,1.58161450813129,1.57821256485146,1.57888717116757,1.58140248900337,1.58093026458209,1.66714495178157,1.58116155817619,1.5814603124019,1.5825975059062,1.58097845074753,1.58159523366512,1.58369615047816,1.72308908985367,1.69998864214328,1.69765643173614,1.59087588912824,1.59095298699294,1.58970014669159,1.59701480660489,1.59543430037856,1.7171236425726,1.59924100744807,1.6968469041568,1.60071550411043,1.60430055481893,1.71421319818021,1.68832759010758,1.60730737154218,1.60398252612705,1.65581156567084,1.69886108587206,1.71388553225524
1.85401090134539,1.85123537821623,1.85196780793087,1.84783343493639,1.95517293706336,1.95561624978537,1.89240563796541,1.84436403102495,1.94066890126689,1.84239803547513,1.84279316203171,1.84209928124942,1.84115483240686,1.83896718049603,1.94382991371954,1.83718429237487,1.94075563636467,2.10799054212955,1.83504482662947,1.83175853014669,1.83161397165038,1.82983108352921,1.83057315047694,1.82869389002491,1.93417340616601,1.82622675835454,1.82681462957287,1.82369216605257,1.94240360322261,1.82272844274383,1.82225621832255,1.82180326836745,1.92347607743904,1.8214563279763,1.82132140671308,1.82080099612636,1.82271880551075,1.82375962668418,1.82426076280472,1.82439568406795,1.8233645001276,1.91465800916411,1.82750851035516,1.96403919150372,1.9597891717122,1.96220811721712,1.96208283318699,1.95611738590592,1.95543314235671,1.95734131450801,1.95763043150063,1.95738950067345,1.9541513903561,1.94733786656334,1.94564171353996,1.94377209032101,1.94418649134377,1.95853633141084,1.95184809164822,1.95472962434134,1.86025582838599,1.8564394840834,1.95530785832658,1.92833324291507,1.92731169620781,1.95218539480628,1.95058561411377,1.91885020555711,1.91829124603805,1.92006449692612,1.91728897379696,1.91698058233817,1.91369428585538,1.91309677740396,1.83618202013378,1.91102477229018,1.91031161704172,1.90945390329694,1.91019597024467,1.83699154771312,1.91067783189904,1.94699092617219,1.94732822933025,1.91455199960015,1.94347333609531,1.94429250090773,1.84463387355139,1.92015123202391,1.84799726789888,2.04719887581451,2.01388296103152,2.00773440632179,1.91048508723729,2.00446738430518,1.9979718892043,1.90775775027357,1.90726625138611,1.90663983123544,1.90560864729509,1.90511714840763,1.90114660837564,1.98042248775223,1.98006591012799,1.97468833406525,1.97634593815627,2.01048101775169,2.00514199062129,1.90046236482644,1.90012506166838,1.89868911393837,1.97910218681926,1.98125128979774,1.97237539812428,2.00133528355179,1.97974788143611,1.99102344414832,1.97860105069872,1.97855286453328,1.97759877845763,1.89125880722802,1.97204773219931,1.89033363285163,1.98228247373809,1.978080640112,1.98089471217351,1.97149840991334,1.95562588701846,1.97814810074361,1.98032611542135,1.88465730256318,1.96471379781984,1.88301897293833,1.97521838188505,1.9678651730394,1.96157205983336,1.88047474340327,1.96486799354924,1.87757393624397,1.97379207138813,1.87422017912957,1.9639813681052,1.94770408142066,1.94510202848707,1.96180335342746,1.86958467001455,1.87015326676671,1.86784033082574,1.86735846917138,1.86745484150225,1.86515154279437,1.95996264190777,1.77549636338271,1.99754785094846,1.7707741191699,1.76644700151368,1.76465447615943,1.76232226575229,1.96582207962488,1.75833245125413,1.75672303332854,1.75215498484513,1.97257778001912,1.890815494506,1.74748092679776,1.89420780055275,1.73825809473317,1.73851830002652,1.73665831404066,1.7348754259195,1.78156782022774,1.73139638477497,1.73112654224852,1.72802335319439,1.72749330537459,1.7249683503057,1.87947247116218,1.87956884349305,1.72110381983767,1.96511856160951,1.71547567571466,1.87741974051457,1.87698606502564,1.71131239102092,1.70847904449324,1.70777552647786,1.70572279583025,1.60247911776542,1.59973250633552,1.59756412889087,1.59767013845483,1.68794210078408,1.64259891910808,1.59101081039147,1.69792627426258,1.58764741604398,1.58745467138223,1.58487189291482,1.72728128624667,1.58173015492834,1.58322392605688,1.58078570608578,1.57963887534839,1.58220237934962,1.58168196876291,1.57980270831087,1.62807560884543,1.6462417932151,1.62835508860497,1.62700587597274,1.5752828459929,1.57823183931763,1.62758410995798,1.57751868406917,1.57898354349845,1.69719384454795,1.69566152448706,1.69054415371767,1.68732531786649,1.57920519985946,1.58203854638714,1.58426474723032,1.70143422710638,1.70191608876075,1.58569105772725,1.59054822320327,1.58935320630044,1.6402185225355,1.58987361688716,1.59603180882998,1.59718827680046,1.7151383725566,1.71166896864515,1.70939458163654,1.70627211811623,1.60145757105816,1.60542811109015,1.60483060263873,1.76058756379657,1.60734592047453,1.60536065045854
1.85381815668364,1.84901881460614,1.8475250434776,1.8479779934327,1.84513500967193,1.84437366825803,1.84357377791178,1.84441221719038,1.89162502208534,1.84161741959505,1.842494407806,1.93799938770169,1.94352152226074,1.84037421652678,1.8381480156836,1.83760833063071,1.83810946675125,1.94141096821461,1.83437985754645,1.94003284388312,1.94175790860576,1.83248132262824,1.93734405585175,1.92799593975701,1.92888256520105,1.82730612846033,1.9338746519403,1.82335486289451,1.93733441861866,1.93461671888803,1.81849769741848,1.82075280996093,1.9137521092539,1.82149487690865,1.82091664292341,1.82072389826166,1.82160088647261,1.82222730662329,1.87523208860374,1.87692824162712,1.82374998945109,1.8274025007912,1.82772052948308,1.96422229893238,1.96427048509782,1.95683054115438,1.96370188834566,1.96370188834566,1.95755333363593,1.95801592082413,1.95470071264208,1.9505663396476,1.95393937122817,1.94521767528412,1.94188319263589,1.86713681281037,1.94112185122199,1.93830777916048,1.93641888147536,1.95381408719804,1.93237124357867,1.93014504273549,1.92769718553131,1.93001012147227,1.92712858877915,2.02717270545899,1.95189627781366,1.95185772888131,1.92371700826623,1.91920678318135,1.95023867372263,1.9145134506678,1.91109223292179,1.91130425204971,1.91170901583938,1.90802759280001,1.94876417706026,1.90733371201772,1.90743972158169,1.90774811304048,1.90913587460506,1.90903950227419,1.94480327426136,1.91062000850051,1.91386775605095,1.94277945531302,1.94094838102642,2.03189494967179,1.92178956164876,1.93942569819862,2.01417207802414,2.00311817167295,2.00074741233346,2.00729109359977,1.99558185539864,1.90830707255955,1.9033149858203,1.90396068043715,1.90477020801649,1.90289094756445,1.98711072751485,1.97620137965996,1.97374388522269,1.99683469569999,1.98992479957636,1.99298943969814,1.90016361060073,1.90013469890147,1.98097181003821,1.98066341857941,1.9841039107916,1.99507108204501,1.98152113232418,1.97029375577742,1.89692550028338,1.98153076955727,1.97743494549515,1.98301490345272,1.98049958561693,1.88867602876061,1.88794359904597,1.9849423500702,1.97817701244287,1.97594117436661,1.97703981893856,1.8855535652403,1.88388632391619,1.88415616644264,1.97687598597608,1.97448595217042,1.88127463374952,1.97355114056094,1.9721344672971,1.95080727047478,1.95836286121527,1.87924117756808,1.96331639902217,1.95789063679399,1.87415271849796,1.97026484407815,1.96166843216423,1.95903746753139,1.95228176713715,1.95029649712115,1.86743556703607,1.86623091290015,1.86518045449363,1.86576832571196,1.8641396333202,1.94137241928226,1.93747897711497,1.89122025829567,1.89017943712223,1.7664277270475,1.89077694557365,1.89108533703244,1.75821680445708,1.89228999116836,1.75529672283161,1.75135509449888,1.74971676487403,1.74622808649641,1.74503306959358,1.79018350660784,1.7378533309435,1.73515490567904,1.78488302840979,1.73305398886599,1.97664469238198,1.72886179247299,1.7271078160511,1.72613445550927,1.82093591738959,1.82247787468356,1.7204003018223,1.71828011054308,1.83462078837363,1.83330048744066,1.71304709297664,1.80862917073703,1.87395997383621,1.80762689849595,1.70697563613161,1.70447959276199,1.70169443239974,1.76580130689683,1.60215145184045,1.59908681171867,1.59516445785212,1.64249290954412,1.59210945496342,1.58949776479675,1.58769560220942,1.5901434594136,1.58550795029859,1.58525738223831,1.583898532373,1.58434184509502,1.57953286578443,1.57851131907717,1.72046776245391,1.58155668473277,1.58145067516881,1.62770939398811,1.57708500858024,1.57603455017372,1.64444926786085,1.71535039168452,1.71706581917407,1.57781743829488,1.57524429706055,1.5729217238865,1.57418420142094,1.69238486523735,1.69171025892124,1.69168134722198,1.67948061013339,1.63812724295554,1.62663966111542,1.57689226391849,1.63087040644077,1.6768785571998,1.69005265483021,1.68788427738556,1.71243031005905,1.58691498632934,1.70521202247662,1.69954532942126,1.59129992738409,1.59358395162579,1.59782433418423,1.59865313622974,1.59830619583859,1.71320128870604,1.60129373809567,1.60452221117994,1.60179487421622,1.60510044516518,1.60361631126973,1.60201653057723
1.87195542935404,2.11331029479377,1.84608909574758,1.84655168293578,1.84796835619962,1.94003284388312,1.84542412666456,1.89354283146972,1.8431786513552,1.84111628347451,1.84075006861719,1.83474607240377,1.8369337243146,1.83722284130722,2.11035166423595,1.83545922765223,1.83430275968175,1.93953170776258,1.83385944695973,1.83436058308027,1.88103370292233,1.95179026824969,1.8773233681837,1.82460770319587,1.82513775101567,1.8233645001276,1.82387527348123,2.08912083974451,1.82242968851813,1.82011675257716,1.93071363948765,1.81982763558454,1.82230440448799,1.81923012713312,1.92740806853869,1.81799656129794,1.8207720844271,1.82091664292341,1.82143705351013,1.87400816000165,1.92018014372317,1.82202492472846,1.82483899678996,1.82617857218911,1.8837995888184,1.95891218350125,1.96197682362303,1.95989518127616,2.03178894010783,1.95762079426754,1.95042178115129,1.9456128018407,1.95432486055167,1.94565135077305,1.94591155606641,1.94040869597353,1.94145915438005,1.86446729924517,1.95270580539299,1.86189415801085,1.93144606920229,1.93443361145937,1.92795739082466,1.92979810234435,1.92455544754483,1.92210759034064,1.92363991040153,1.91923569488061,1.95077835877552,2.03750381932863,1.95021939925645,1.91137171268133,1.91343408056202,1.91080311592917,1.94859070686469,1.83490026813316,1.94585373266788,1.90733371201772,1.90671692910013,1.9056761079267,1.90595558768623,1.90738189818316,1.91395449114874,1.91118860525267,1.94151697777857,1.91494712615674,1.91596867286399,2.01769930533412,2.01065448794726,2.02799187027141,2.0005643049048,1.99878141678364,1.90920333523667,1.99451212252594,1.98504835963416,1.99017536763663,1.90077075628524,1.90351736771513,1.90319933902325,1.9039221315048,1.98441230225039,1.97606645839674,1.97313673953819,1.9007996679845,1.99345202688633,1.99167877599826,1.9940109864054,1.98940438898964,1.98664814032666,1.98483634050624,1.89482458347034,1.89410179098879,1.99071505268952,1.96818320173129,1.8928682251536,1.97895762832295,1.98074051644411,1.9764808594195,1.97748313166058,1.88823271603859,1.88816525540698,1.96746040924973,1.96875179848344,1.99398207470614,1.97534366591519,1.97849504113476,1.88150592734361,1.88213234749429,1.96562933496314,1.96726766458799,1.96097455138194,1.9670267337608,1.97040940257446,1.94982427269987,1.95014230139176,1.87680295759698,1.96827957406216,1.96548477646683,1.95506692749939,1.87232164421136,1.94402265838129,1.86984487530791,1.86864985840508,1.95126985766298,1.86803307548749,1.86565267891491,1.86344575253791,1.86359031103422,1.86386015356067,1.93489619864756,1.93206285211988,1.86472750453853,1.76461592722708,1.76419188897124,1.85036802723837,1.75746510027626,1.75564366322275,1.88556320247339,1.88491750785654,1.79723796122778,1.97025520684507,1.83038040581519,1.7883813440205,1.73779550754497,1.73246611764766,1.73145420817349,1.78238698504016,1.86761867446473,1.72460213544838,1.7242070088918,1.96535949243669,1.82476189892527,1.81386218830347,1.71878124666362,1.71552386188009,1.81461389248428,1.83178744184595,1.83015874945418,1.70945240503506,1.7056842468979,1.70502891504796,1.70442176936346,1.70357369285177,1.70106801224906,1.81001693230161,1.76371966454996,1.60074441580969,1.59711117893576,1.59373814735519,1.59112645718851,1.64040162996416,1.70131858030933,1.72279997286105,1.71949440191208,1.63388686039711,1.58060259865712,1.57976415937852,1.66855198781233,1.58137357730411,1.57797163402427,1.57778852659561,1.57830893718233,1.7167381532491,1.57586107997814,1.57367342806731,1.57541776725612,1.57393363336067,1.57449259287974,1.57563942361713,1.57592854060975,1.62426890177593,1.62236072962463,1.57456005351135,1.5742902109849,1.57412637802242,1.57259405796153,1.62448092090385,1.62413398051271,1.57494554283484,1.62625417179192,1.58040985399538,1.62838400030423,1.6884625113708,1.70485544485239,1.58535375456919,1.58314682819218,1.70356405561869,1.58901590314238,1.59140593694805,1.69083327071029,1.59420073454338,1.70592517772509,1.59831583307168,1.64904622804352,1.59827728413933,1.60057094561412,1.60054203391486,1.60019509352372,1.60159249232138,1.70795863390652
1.86898716156314,1.84817073809445,1.85025238044132,1.84794908173344,2.02327926329169,1.84144394939948,1.84242694717439,1.83950686554892,1.84047058885765,1.92031506498639,1.83930448365408,1.83729993917191,1.93080037458543,1.93189901915739,1.83362815336563,1.83357032996711,2.00713689787037,1.83312701724509,1.8338016235612,1.82822166560363,1.83009128882257,1.91712514083448,1.87527063753609,1.92651180586156,1.82610147432441,1.82060825146462,1.8221405715255,1.86981596360865,1.91524588038244,1.81939396009561,1.8191723037346,1.81870007931332,1.81891209844124,1.92822723335111,1.92694548135049,1.81769780707223,1.92338934234126,1.82019385044186,1.82025167384038,1.81999146854702,1.82353797032317,1.82310429483424,1.92311949981481,2.04689048435571,2.03687739917795,1.96041559186288,2.03377421012382,1.95779426446312,1.95240705116728,1.9506434375123,1.94647051558547,1.87072186351886,1.94526586144955,1.94450452003565,1.94200847666603,1.9512505831968,1.9404279704397,1.9514818767909,1.9372284090547,1.93144606920229,2.03422716007893,1.9291524077275,1.95006520352706,1.9253360634249,1.9503350460535,1.9485810696316,1.84514464690502,1.84439294272421,1.91905258745195,1.91585302606695,1.91620960369118,1.91060073403434,1.91116933078649,1.94602720286346,1.91004177451527,1.90805650449928,1.94349261056148,1.90402814106876,1.94410939347907,1.90954063839473,1.90543517709952,1.90798904386766,1.90766137794269,1.91248963171946,1.94036050980809,1.9123836221555,1.93959916839419,1.91694203340582,2.03425607177819,2.03304178040919,2.0178631382966,2.00997988163114,1.90774811304048,1.98039357605296,1.99414590766862,1.99702744036174,1.99758639988081,1.90509787394146,1.9030836922262,1.90322825072251,1.90046236482644,1.89953719045005,1.97331984696685,2.00440956090665,1.99543729690233,1.98325583427991,1.99125473774241,1.98349676510709,1.98452794904744,1.97894799108986,1.89352355700354,1.97485216702773,1.9893562028242,1.97554604781002,1.89057456367881,1.97816737520979,1.88893623405396,1.97706873063783,1.97797463054804,1.98023938032357,1.96165879493115,1.97709764233709,1.96561006049696,1.88386704945001,1.97421610964397,1.96436685742869,1.97413901177927,1.88125535928334,1.99069577822335,1.96973479625835,1.97471724576451,1.95829540058366,1.94716439636776,1.94903401958671,1.96537876690286,1.9621502938186,1.96177444172819,1.96780734964088,1.96008792593791,1.96182262789363,1.86832219248011,1.86736810640446,1.9411122139889,1.86696334261479,1.86516118002746,1.86477569070396,1.86159540378514,1.86165322718366,1.86107499319842,1.86074732727345,1.85943666357357,1.86284824408649,1.76190786472953,1.84976088155386,1.84809364022975,1.88078313486206,1.75050701798719,1.74851211073811,1.81576072322168,1.79271809890981,1.74252738899086,1.96036740569744,1.73421045683648,1.73421045683648,1.78079684158075,1.84433511932568,1.84739975944746,1.79320959779726,1.7215374953266,1.72071833051418,1.71748985742992,1.71624665436165,1.71527329381982,1.71418428648095,1.82021312490803,1.81770744430532,1.70785262434256,1.75501724307208,1.70224375468572,1.82461734042896,1.69880326247353,1.69712638391633,1.69830212635299,1.69656742439727,1.80999765783544,1.69129585789848,1.59656185664978,1.59449948876909,1.59100117315838,1.70557823733394,1.63773211639896,1.63729844091003,1.58462132485455,1.58253004527459,1.58234693784593,1.5811519209431,1.57956177748369,1.57877152437052,1.65434670624156,1.70051868996308,1.67744715395195,1.57418420142094,1.62390268691861,1.66614267954049,1.57450223011283,1.57305664514972,1.5737601631651,1.71408791415008,1.7127001525855,1.68380772778961,1.57127375702856,1.69408101826073,1.69135368129701,1.68187064393905,1.57168815805132,1.57366379083423,1.69587354361498,1.69455324268201,1.57293136111959,1.57403000569155,1.57550450235391,1.62769011952194,1.57731630217433,1.58080498055196,1.58401417917005,1.58364796431273,1.58783052347264,1.58636566404336,1.58536339180228,1.59041330194005,1.70448922999507,1.59460549833305,1.64415051363514,1.64527806990636,1.64589485282395,1.59892297875618,1.59791106928201,1.59931810531277,1.59983851589948,1.60176596251695
1.87129046027102,2.1022371139764,2.11456313509512,1.94711621020233,1.89168284548386,1.84757322964303,1.84115483240686,1.8408946271135,1.84160778236196,1.83863951457106,1.88712443423354,1.84038385375987,1.83543995318606,1.83411965225309,1.83766615402923,1.83105501213131,1.8338787214259,1.83358960443328,1.831903088643,1.83204764713931,1.9187056470608,1.88082168379441,1.87518390243831,1.92354353807066,1.92467109434188,1.82338377459377,1.82165870987114,1.91374247202082,1.81562580195845,1.81973126325367,1.81762070920754,1.81770744430532,1.92507585813155,1.8172641315833,1.81723521988404,2.09744740913198,1.91955372357249,1.81752433687666,1.81873862824567,1.87015326676671,1.87106880391001,1.87259148673781,1.92183774781419,1.82126358331456,1.95531749555967,1.95481635943912,1.95602101357504,1.94935204827859,1.95447905628107,1.95210829694158,1.95310093194957,1.94252888725275,2.03131671568655,1.94569953693849,1.9510963874674,1.86498770983189,2.02744254798543,1.93499257097843,1.95096146620418,2.02782803730893,1.94979536100061,1.92903676093045,1.92562518041752,1.92479637837201,2.0216023847345,2.03221297836367,1.94724149423246,1.950720535377,2.03236717409307,2.03409223881571,2.03374529842456,1.91359791352451,1.94501529338928,1.90844199382277,1.90977193198883,1.90718915352141,1.94365644352397,2.01720780644666,1.90257291887257,1.90418233679816,1.94146879161314,1.91103440952327,1.90635071424281,1.83423529905014,1.93686219419738,1.91359791352451,1.91462909746485,1.9150531357207,1.91930315551222,2.0071176234042,2.03787967141904,1.99942711140049,1.99531201287219,1.97826374754066,1.97810955181126,1.99025246550133,1.90400886660259,1.90225489018069,1.89892040753246,1.9003370807963,1.90078039351832,1.90059728608966,1.97797463054804,1.89990340530737,1.9843255671526,1.98322692258065,1.98632047440169,1.98481706604006,1.983265471513,1.89344645913885,1.98788170616184,1.99201607915631,1.89161538485225,1.97288617147791,1.98664814032666,1.98644575843182,1.89003487862592,1.89056492644573,1.97414864901236,1.95806410698956,1.97787825821716,1.88431036217203,1.96790372197175,1.97645194772024,1.96327785008982,1.88150592734361,1.96363442771405,1.95098074067036,1.96491617971467,1.87825817979317,1.97789753268334,1.97380170862121,1.97258741725221,1.96035776846435,1.94802211011254,1.87431655146045,1.95737022620727,1.87050984439094,1.87050020715785,1.94929422488007,1.95584754337947,1.96136004070544,1.9446201668327,1.95159752358795,1.86362885996657,1.86211581437185,1.86106535596533,1.86115209106312,1.86033292625069,1.85783688288107,1.85746103079066,1.76149346370678,1.8490477263054,1.84763105304156,1.84667696696591,1.74957220637772,1.83138267805628,1.74491742279653,1.74136128378729,1.73924109250808,1.98138621106096,1.95724494217714,1.9647427095191,1.72850521484876,1.72685724799082,1.84794908173344,1.77104396169635,1.79035697680341,1.77570838251063,1.87731373095061,1.71225683986348,1.71066669640407,1.75867939164527,1.70737076268819,1.81766889537297,1.70455669062668,1.70433503426568,1.70214738235485,1.82469443829365,1.69695291372076,1.80098684489876,1.74368385696135,1.69036104628901,1.94384918818571,1.86723318514124,1.68896364749134,1.59382488245297,1.59135775078261,1.71571660654184,1.58682825123155,1.58320465159071,1.71038721664453,1.71052213790776,1.57877152437052,1.6708552865202,1.62773830568738,1.57736448833977,1.62700587597274,1.57509010133115,1.57435767161652,1.57479134710545,1.69494836923859,1.62105970315784,1.62037545960864,1.70844049556089,1.57179416761528,1.70946204226815,1.70887417104982,1.75384150063542,1.68208266306697,1.5680452839443,1.56660933621428,1.67257071400975,1.57002091672721,1.69603737657746,1.56863315516263,1.57102318896829,1.57045459221614,1.56926921254639,1.57449259287974,1.57238203883361,1.75831317678795,1.57720065537729,1.70728402759041,1.58040985399538,1.58252040804151,1.63354955723905,1.58415873766636,1.6882312177767,1.59104935932382,1.59129992738409,1.64093167778397,1.64150991176921,1.6444878167932,1.64478657101891,1.59423928347573,1.70584807986039,1.70893199444834,1.70193536322692,1.59856640113195
1.85141848564489,1.84418092359629,1.84739012221438,1.84334248431769,1.84360268961104,1.84112592070759,1.84073079415101,1.84125120473773,1.93736333031792,1.83900572942838,1.84067297075249,1.8375408699991,1.83603746163747,1.83490026813316,1.83411965225309,1.88132281991495,1.88240219002074,1.83239458753045,1.83273189068851,1.93076182565308,1.88457056746539,1.82675680617435,1.94069781296615,1.92095112237016,1.90626397914503,1.82330667672907,1.82026131107347,1.81998183131394,1.8214563279763,1.81500901904086,1.86714645004345,1.81759179750827,1.81761107197445,1.81735086668109,1.8178038166362,1.81861334421553,1.81784236556854,1.81690755395907,1.81664734866571,1.86788851699118,1.87049056992477,1.90190794978954,1.82132140671308,1.88168903477227,1.95703292304922,1.95858451757628,1.95739913790653,1.95214684587393,1.95100001513653,1.9546814381759,1.9515589746556,2.02429117276587,1.9419506532675,1.95267689369373,1.86533465022303,2.03293577084522,1.93711276225765,1.93745006541571,1.93102203094644,2.02834844789564,1.92721532387694,1.92812122378715,1.92433379118382,2.02539945457091,2.01954965408689,1.84625292871007,1.91879238215859,1.92058490751284,1.91260527851651,1.91427251984062,1.91094767442548,1.91076456699682,1.83385944695973,1.90843235658968,1.90663983123544,2.0212939932757,2.0299096796558,1.90444254209152,1.90458710058783,1.90482803141501,2.02535126840548,1.93725732075396,1.83248132262824,1.83238495029736,1.90880820868009,1.91026343087628,2.01744873727384,1.91701913127052,1.91699021957125,2.00703088830641,2.02744254798543,1.90573393132522,1.99207390255484,2.00190388030394,1.99693106803087,1.90312224115855,1.90149354876679,1.90043345312718,1.90020215953308,1.89864092777293,1.89764829276493,1.89707969601278,1.99055121972704,1.97772406248777,1.97750240612676,1.89425598671818,1.89361029210133,1.97583516480264,1.98254267903144,1.89361992933442,1.97820592414213,1.98850812631252,1.98165605358741,1.89028544668619,1.97306927890657,1.98469178200992,1.98085616324116,1.96958060052895,1.97042867704064,1.96692072419684,1.95776535276385,1.97435103090719,1.96495472864702,1.88213234749429,1.97919855915013,1.9578809995609,1.95113493639975,1.96137931517161,1.87720772138665,1.96389463300741,1.96771097731,1.97256814278603,1.9720573694324,1.9436275318247,1.94411903071216,1.96469452335366,1.9538429988973,1.9613889524047,1.951934826746,1.95272507985917,1.9522432182048,1.95263834476138,1.86444802477899,1.95204083630997,1.86239529413139,1.86019800498747,1.85864641046041,1.86050639644627,1.85787543181342,1.86080515067197,1.95175171931734,1.75757110984023,1.75361020704132,1.75104670304009,1.84083680371497,1.88634381835346,1.74103361786232,1.88416580367572,1.82737358909194,1.73707271506342,1.72969059451851,1.9755653222762,1.98858522417722,1.72404317592932,1.82800000924262,1.72143148576264,1.71743203403139,1.71419392371404,1.71409755138317,1.87694751609329,1.70864287745572,1.75613516211021,1.75516180156839,1.85920536997947,1.7011932962792,1.94763662078904,1.69741550090895,1.79017386937475,1.69576753405102,1.69420630229087,1.69245232586897,1.69012011546183,1.68812520821274,1.94471653916358,1.86486242580175,1.68502201915862,1.64177975429565,1.63799232169232,1.58674151613377,1.58561395986255,1.58482370674938,1.58370578771125,1.58163378259747,1.57849204461099,1.57756687023461,1.57788489892649,1.57823183931763,1.62397014755022,1.5722374803373,1.5728446260218,1.70409410343849,1.70173298133209,1.62903933215417,1.61740719181773,1.56871025302733,1.56793927438034,1.61759029924639,1.56792963714725,1.56717793296644,1.56700446277086,1.56730321699657,1.56740922656053,1.56506737892031,1.56614674902609,1.56840186156853,1.70731293928967,1.57033894541909,1.56700446277086,1.68991773356699,1.57038713158453,1.56835367540309,1.75741691411083,1.57386617272906,1.57509973856424,1.704922905484,1.70101018885054,1.69098746643969,1.68836613903993,1.58500681417804,1.69885144863897,1.6892238527847,1.59026874344374,1.58956522542836,1.5918974358355,1.64343735838668,1.69960315281978,1.59503917382198,1.59542466314547,1.59820018627463,1.70123184521155
1.86900643602931,1.84199327168546,1.84426765869407,1.84207036955016,1.84119338133921,1.84253295673835,1.93767172177672,1.83763724232997,1.89137445402506,1.83846604437548,1.84063442182014,1.92185702228037,1.83412928948617,1.83282826301938,1.832124745004,1.83143086422172,1.87927972650043,1.93576354962542,1.82888663468665,1.83030330795049,1.82688209020448,1.82608219985823,1.92885365350179,1.82052151636683,1.82121539714912,1.82216948322477,1.86780178189339,1.81897955907285,1.81907593140373,1.81663771143263,1.81653170186866,1.81655097633484,1.81710029862082,1.89870838840454,1.81702320075612,1.99761531158007,1.81706174968847,1.81483554884529,1.81582818385329,1.81792910066633,1.9034691815497,1.89217434437131,1.82043478126904,1.88076386039589,1.95296601068635,1.95429594885241,1.95687872731982,1.95110602470049,1.95392973399509,1.94646087835239,1.94471653916358,1.86855348607421,1.94056289170293,1.94373354138867,1.94287582764389,2.02692213739871,1.93422159233145,1.93416376893292,1.95042178115129,1.92874764393783,1.92689729518506,1.92731169620781,1.92357244976992,1.92489275070289,2.01711143411579,1.91863818642919,1.91912004808356,1.92032470221948,1.94068817573306,1.91347262949437,1.91082239039535,1.90899131610875,1.90802759280001,1.90751681944638,1.90485694311427,1.90563755899435,1.90422088573051,1.90265965397036,1.90324752518869,1.90355591664748,1.90410523893346,1.90329571135412,1.93799938770169,1.90397995490332,2.02038809336549,1.93716094842309,1.93432760189541,1.91441707833693,1.91782865884985,2.01563693745342,2.00394697371846,1.90490512927971,1.90533880476864,1.90462564952018,1.98468214477684,1.98485561497241,1.8987373001038,1.89938299472066,1.89869875117145,1.89727244067453,1.89815906611856,1.98921164432789,1.98857558694413,1.98579042658188,1.9837184214681,1.97537257761445,1.9668725380314,1.97711691680326,1.98169460251976,1.89083476897217,1.89080585727291,1.99440611296198,1.88922535104658,1.97292472041026,1.97180680137213,1.96717129225711,1.96933003246868,1.97691453490843,1.96034813123127,1.9639813681052,1.9662653923469,1.96583171685797,1.98015264522578,1.96714238055785,1.97369569905725,1.96071434608858,1.87767030857485,1.95686909008673,1.97058287277004,1.95777498999694,1.96496436588011,1.87353593558037,1.95146260232472,1.95403574355905,1.95448869351415,1.95339968617528,1.94501529338928,1.96125403114148,1.9532358532128,1.94515985188559,1.86545993425317,1.86397580035771,1.86374450676362,1.96142750133705,1.86050639644627,1.86051603367935,1.85900298808464,1.85778869671563,1.85746103079066,1.85716227656495,1.85435784173653,1.96518602224112,1.74994805846813,1.98706254134941,1.8820456123965,1.964511415925,1.97302109274114,1.73509708228051,1.96789408473866,1.88392487284854,1.81745687624505,1.72601880871222,1.97464014789981,1.81563543919154,1.71562023421097,1.87896169780855,1.88072531146354,1.71087871553199,1.70580953092804,1.70633957874785,1.70468197465682,1.70052832719617,1.7018004419637,1.69805155829272,1.74777004379039,1.69660597332962,1.69377262680193,1.74117817635863,1.6908236334772,1.68894437302517,1.68718075937018,1.95306238301723,1.68413539371458,1.68158152694643,1.68296928851101,1.67890237614814,1.64369756368004,1.58701135866021,1.58573924389268,1.58367687601199,1.58256859420694,1.57959068918295,1.70475907252152,1.57657423522661,1.5765838724597,1.57238203883361,1.57102318896829,1.62335336463263,1.62120426165415,1.61860220872056,1.70165588346739,1.56871989026041,1.70142458987329,1.56630094475549,1.69833103805225,1.61714698652437,1.61541228456865,1.56616602349226,1.73776659584571,1.56599255329669,1.56675389471059,1.56157870054268,1.698523782714,1.69825394018755,1.56593472989817,1.56497100658943,1.56471080129607,1.56525048634897,1.56390127371674,1.56536613314601,1.56786217651564,1.57029075925365,1.70531803204059,1.57367342806731,1.70349659498708,1.57920519985946,1.69451469374966,1.57943649345355,1.58509354927583,1.6979166370295,1.58712700545726,1.70071143462483,1.58918937333796,1.69872616460883,1.69734804027734,1.59181070073772,1.68470399046673,1.59137702524879,1.5945669494007,1.69982480918079
1.8701629039998,1.89199123694266,1.84075006861719,1.84265824076848,1.84109700900833,1.96416447553386,1.84130902813625,1.83425457351631,1.83630730416392,1.83505446386256,1.83535321808827,1.83406182885456,1.83436058308027,1.88155411350905,1.83272225345542,1.87760284794323,1.83134412912393,1.93201466595444,1.82742177525738,2.10054096095302,1.8250413786848,1.93087747245013,1.93305548712788,1.92913313326132,2.09050860130908,1.81944214626105,1.81951924412574,1.81879645164419,1.82122503438221,1.92384229229636,1.81600165404886,1.8155872530261,1.81570289982315,1.86243384306374,1.81514394030408,1.81439223612327,1.81676299546276,1.8174954251774,1.81509575413865,1.81498974457469,1.86787887975809,1.8684089275779,2.07479027414361,1.95294673622018,1.96064688545697,1.94792573778166,1.95088436833948,2.02778948837658,1.95147223955781,1.94422504027612,1.95116384809902,1.9491207546845,1.95020012479028,1.94095801825951,1.9377584568745,1.94525622421647,2.03126852952111,1.93232305741324,1.94780045375153,1.93375900514325,1.92729242174164,1.92592393464323,1.92150044465614,1.9230520391832,1.91754917909032,1.91721187593226,1.91595903563091,1.91690348447347,1.9109380371924,1.91383884435169,1.94390701158424,2.01722708091284,1.90663983123544,1.94094838102642,2.0346319238686,1.82821202837054,1.90257291887257,1.90080930521758,1.90524243243777,1.90269820290271,1.90208141998512,1.93541660923428,1.93572500069307,1.8308333557703,1.90471238461796,1.93313258499257,1.93257362547351,1.83711683174325,1.91611323136031,1.93068472778839,2.01548274172402,1.99075360162187,1.90345954431661,1.99191970682544,1.99013681870428,1.90021179676617,1.97118038122145,1.97166224287582,1.89722425450909,1.89659783435841,1.89510406322987,1.98580970104806,1.97979606760155,1.98300526621964,1.98312091301669,1.98215718970795,1.98098144727129,1.96763387944531,1.98729383494351,1.89350428253737,1.88840618623416,1.97578697863721,1.98436411608495,1.99114872817845,1.97419683517779,1.95837249844836,1.9668725380314,1.95844959631306,1.95851705694467,1.96339349688687,1.9624586852774,1.96647741147482,1.96177444172819,1.96859760275404,1.96441504359413,1.87653311507054,1.94882200045879,1.94711621020233,1.96354769261627,1.96401027980446,1.9513276810615,1.9537659010326,1.8707700496843,1.9545272424465,1.87116517624088,1.86861130947273,1.94129532141756,1.96709419439241,1.93656343997167,1.9603963173967,1.94701020063837,1.94954479294034,1.96374043727801,1.9454586061113,1.86103644426607,1.86007272095733,1.85791398074577,1.8571237276326,1.85676715000837,1.85586125009816,1.95085545664022,1.97138276311629,1.74447411007451,1.74149620505052,1.74001207115506,1.97066960786782,1.73085669972208,1.72952676155602,1.7296231338869,1.81141433109928,1.72421664612489,1.878238905327,1.87744865221384,1.87887496271076,1.71194844840469,1.8788460510115,1.87692824162712,1.87567540132576,1.97723256360031,1.70234012701659,1.70002719107563,1.6961626606076,1.69758897110453,1.85479151722546,1.69198973868077,1.68827940394214,1.77029225751553,1.86721391067507,1.81040242162511,1.80905320899288,1.68306566084188,1.95982772064455,1.95248414903198,1.67516312971025,1.67579918709402,1.6758088243271,1.58637530127645,1.58502608864422,1.58251077080842,1.68956115594276,1.57729702770816,1.57614055973768,1.70272561634009,1.70034521976751,1.5732301153453,1.70009465170724,1.57122557086313,1.57067624857715,1.57213147077334,1.56818984244061,1.5676597946208,1.56750559889141,1.69752151047292,1.691132024936,1.56352542162633,1.69736731474352,1.69150787702641,1.56407474391231,1.56394945988217,1.67559680519918,1.61432327722978,1.56188709200148,1.56391091094982,1.56366998012264,1.69487127137389,1.56412293007774,1.56444095876963,1.56246532598672,1.56290863870874,1.56372780352116,1.56475898746151,1.69423521399013,1.570329308186,1.69522784899812,1.57417456418786,1.68101293019428,1.67866144532096,1.69761788280379,1.58118083264236,1.58422619829797,1.67722549759095,1.58590307685517,1.58746430861532,1.58784979793881,1.58775342560794,1.58966159775924,1.69538204472752,1.59164686777523,1.59185888690315,1.69736731474352
1.84291844606184,1.95578008274786,1.83941049321805,1.84204145785089,1.92879583010326,1.8398248942408,1.84090426434659,1.83782998699172,1.83581580527646,1.83788781039024,1.83530503192283,1.83751195829984,1.83717465514178,1.92119205319734,1.83103573766513,1.83169106951507,1.87774740643954,1.82663152214421,1.93462635612111,1.8269495508361,1.94168081074106,1.824732987226,1.82767234331765,1.82235259065343,1.93081964905161,1.92789956742614,1.92489275070289,1.81446933398797,1.81705211245538,1.92196303184433,1.81520176370261,1.91651799514997,1.81492228394308,1.8613159240256,1.86124846339399,1.81141433109928,1.8136116202432,1.81471026481515,1.81419949146152,1.81417057976226,2.07904993116822,1.81493192117616,1.8175725230421,1.81839168785452,1.95412247865683,1.94759807185669,1.95099037790344,1.95240705116728,1.94987245886531,1.87039419759389,1.94177718307193,1.94271199468141,1.94753061122508,1.86210617713877,2.03054573703956,1.93659235167093,1.93433723912849,2.02681612783475,1.93081964905161,1.93078110011926,1.85161123030664,1.92353390083757,1.92257981476192,1.9212980627613,2.03326343677019,1.91667219087937,1.84113555794068,1.91268237638121,1.911998132832,1.90988757878587,1.90790230876988,1.90884675761244,1.83228857796649,2.04139726149592,1.9021681550829,1.90290058479754,1.90175375406015,1.82738322632503,2.02771239051188,1.90145499983444,1.93456853272259,1.90048163929262,1.90196577318807,1.93469381675273,1.93359517218077,1.93229414571397,1.93091602138248,1.93096420754792,1.91440744110384,1.92805376315554,1.85849221473101,1.99055121972704,1.90226452741378,1.99519636607514,1.89891077029938,1.90008651273603,1.90047200205953,1.89722425450909,1.97438957983954,1.97181643860522,1.96806755493424,1.96933003246868,1.89459328987624,1.98054777178236,1.89295496025139,1.98113564300069,1.9799888122633,1.98014300799269,1.98239812053513,1.97587371373499,1.98035502712061,1.88745210015851,1.99674796060221,1.98206081737708,1.97279943638013,1.97382098308739,1.98465323307758,1.96520529670729,1.9744955894035,1.95218539480628,1.96052160142684,1.95829540058366,1.95188664058057,1.96003973977247,1.96918547397237,1.97157550777803,1.94674999534501,1.97119001845454,1.96100346308121,1.97860105069872,1.94198920219985,1.95843995907997,1.9406592640338,1.93834632809283,1.94710657296924,1.86745484150225,1.95179990548278,1.93737296755101,1.86267477389092,1.95794846019251,1.95166498421956,1.95121203426445,1.9420277511322,1.85974505503236,1.85845366579866,1.85670932660985,1.85597689689521,1.85466623319533,1.85446385130049,1.95044105561746,1.85387598008217,1.74033973708003,1.73963621906466,1.73645593214583,1.73680287253697,1.72970986898468,1.88220944535899,1.88287441444202,1.87895206057546,1.87758357347706,1.7160539096999,1.71485889279707,1.96696891036228,1.87748720114619,1.70494217995018,1.79606221879112,1.70222448021954,1.7935661754215,1.69578680851719,1.69743477537513,1.74335619103638,1.69382081296737,1.73991569882419,1.76767093011577,1.76583985582918,1.68681454451286,1.7778671227222,1.8658165118774,1.68365353206021,1.68164898757804,1.67755316351592,1.86323373340999,1.67552934456757,1.86132556125869,1.67427650426621,1.67112512904665,1.5827517016356,1.58260714313929,1.58065078482256,1.62825871627409,1.57527320875981,1.57567797254948,1.5727675281571,1.57210255907408,1.57087863047198,1.61875640444996,1.61735900565229,1.56793927438034,1.69471707564449,1.56523121188279,1.69798409766111,1.69526639793047,1.56487463425856,1.56532758421366,1.56319775570136,1.68406793308297,1.56428676304023,1.78681047502726,1.69162352382345,1.67175154919733,1.61068040312276,1.68727713170106,1.68416430541384,1.5611064761214,1.5598921847524,1.56095228039201,1.56132813248241,1.5614919654449,1.56037404640676,1.56427712580714,1.56670570854516,1.56490354595782,1.69596991594585,1.61767703434418,1.56836331263618,1.6796251686297,1.6227654934143,1.57414565248859,1.57552377682009,1.5809977252137,1.58419728659871,1.58063151035638,1.69148860256023,1.69469780117832,1.58738721075062,1.5864138502088,1.58863041381889,1.59009527324817,1.74447411007451,1.79418295833909
1.78706104308753,1.84369906194192,1.84369906194192,1.83818656461595,1.84075970585027,1.8379938199542,1.83932375812026,1.8330402821473,1.83364742783181,1.83391727035825,1.83443768094497,1.83314629171126,1.83123811955997,1.87904843290634,1.91866709812845,1.82864570385947,1.82811565603966,1.82551360310608,1.93363372111312,1.82584126903105,1.82436677236868,1.82097446632194,1.82395237134593,1.82087809399106,1.81912411756916,1.90789267153679,1.92387120399563,1.81646424123705,1.86172068781527,1.86376378122979,1.90701568332584,1.9137521092539,1.8138332766042,1.86115209106312,1.8127731809646,1.81051806842215,1.81370799257407,1.91419542197592,1.91393521668256,1.81298520009252,1.81316830752118,1.81296592562634,1.81493192117616,2.03828443520871,1.95264798199447,1.94943878337638,2.02400205577325,1.95014230139176,1.94997846842927,1.94815703137576,1.9466054368487,1.94692346554058,1.939136581206,1.93709348779148,1.93834632809283,1.93597556875334,2.03365856332678,2.01681267989008,2.04786384489754,1.94464907853196,2.01447083224985,1.92337006787508,2.01569476085195,1.92356281253683,1.91758772802267,2.01535745769389,1.91699021957125,1.91333770823115,1.91010923514688,2.02174694323081,1.83340649700462,1.90694822269423,2.03021807111459,1.82906010488223,1.82814456773893,1.9015610093984,1.90212960615055,2.01973276151555,1.9013297158043,1.90025998293161,1.9012526179396,2.01453829288146,1.90153209769914,2.02122653264409,1.90379684747467,1.90545445156569,1.90778666197283,1.83439913201262,1.91280766041134,1.92641543353069,2.02145782623818,1.9815885929558,1.98381479379898,1.89971066064563,1.8984385458781,1.8979759586899,1.89724352897526,1.89519079832766,1.96696891036228,1.97421610964397,1.9711418322891,1.98041285051914,1.96484871908306,1.98152113232418,1.9811260057676,1.98522182982973,1.98133802489553,1.9839497150622,1.99412663320245,1.88787613841435,1.88747137462469,1.88545719290943,1.97197063433462,1.99722982225657,1.88457056746539,1.98119346639921,1.88161193690757,1.96246832251048,1.97578697863721,1.97348367992933,1.96500291481246,1.96433794572943,1.95837249844836,1.87359375897889,1.96160097153262,1.87431655146045,1.9664195880763,1.96685326356523,1.96407774043607,1.9594807802534,1.95715820707935,1.96007828870482,1.95175171931734,1.86721391067507,1.95226249267097,1.86676096071996,1.96707491992624,1.86395652589154,1.95517293706336,1.96129258007383,1.86180742291306,1.95046996731673,1.94405157008055,1.8585018519641,1.85694062020394,1.85706590423408,1.85435784173653,1.85290261954034,1.85215091535953,1.85271951211168,1.94329022866665,1.73722691079282,1.82660261044495,1.73121327734631,1.72860158717964,1.72471778224543,1.723676961072,1.71947512744591,1.71756695529461,1.71232430049509,1.71407827691699,1.87856657125197,1.94831122710516,1.70374716304735,1.70219556852028,1.80742451660111,1.69802264659346,1.69355097044092,1.69270289392924,1.6909778292066,1.80429241584772,1.68560025314386,1.68724822000179,1.7655892877689,1.76342091032425,1.73042302423315,1.77447481667545,1.67663762637262,1.86765722339708,1.67425722980004,1.67220449915243,1.85999562309264,1.67081673758785,1.66967954408355,1.76016352554072,1.66486092753987,1.58118083264236,1.57821256485146,1.57952322855134,1.68513766595566,1.57474316094001,1.57347104617248,1.68073345043474,1.56961615293754,1.61715662375746,1.56607928839448,1.56785253928255,1.56423857687479,1.56344832376163,1.61401488577098,1.56356397055868,1.56472043852916,1.56071134956482,1.56056679106851,1.56175217073826,1.68488709789539,1.56013311557958,1.63513970069847,1.5605764283016,1.67288874270164,1.55795510090184,1.55819603172902,1.55952596989508,1.5576756211423,1.5566155255027,1.56066316339938,1.56066316339938,1.5598150868877,1.55906338270688,1.56105828995597,1.56208947389631,1.56167507287356,1.56206056219705,1.56493245765708,1.68700728917461,1.56733212869583,1.69552660322383,1.57240131329978,1.57398181952611,1.57552377682009,1.57959068918295,1.85083061442656,1.69444723311805,1.58105554861223,1.5851899216067,1.69379190126811,1.58731975011901,1.58852440425493,1.58811964046526,1.59394052925002
1.91453272513398,1.84022965803047,1.84161741959505,1.84399781616763,1.84085607818115,1.83780107529246,1.83522793405813,1.83597000100586,1.93681400803194,1.83250059709441,1.83546886488532,1.83291499811717,1.83370525123033,1.88522589931533,1.83105501213131,1.82832767516759,1.92629014950055,1.826718257242,1.92627087503438,1.92112459256573,1.82398128304519,1.91195958389966,1.91404122624652,1.82038659510361,1.82022276214112,1.90820106299559,1.8640625354555,1.8181025708619,1.91750099292488,1.81339960111527,1.81399710956669,1.81251297567124,1.90464492398635,1.81245515227271,1.81129868430223,1.91670110257863,1.91734679719549,1.91519769421701,1.81202147678378,1.86065095494258,1.81213712358083,1.81096138114417,1.81191546721982,1.81217567251318,2.04142617319518,1.94807029627797,1.95073017261009,1.94729931763099,1.94891837278966,1.94903401958671,1.9546814381759,1.94031232364265,1.93728623245322,1.94580554650245,2.01821007868775,1.93392283810574,1.94641269218695,1.85378924498438,1.92532642619182,1.92443980074778,1.92416032098825,1.92183774781419,1.94023522577796,1.91747208122562,1.94055325446984,1.91564100693902,1.9123836221555,1.83672170518667,2.03611605776405,1.90784448537135,1.90718915352141,1.90512678564072,1.90428834636212,1.90149354876679,1.90725661415303,1.93461671888803,1.89861201607367,1.89879512350233,1.89900714263025,1.93127259900671,1.89911315219421,1.90199468488733,1.90032744356322,1.93406739660205,2.01852810737963,1.92925841729146,1.9048376686481,1.92731169620781,1.92660817819243,1.92708040261372,2.01704397348418,1.96402955427063,1.96431867126326,1.89779285126124,1.89755192043406,1.89711824494513,1.8957690323129,1.96734476245269,1.97088162699574,1.97141167481555,1.97402336498222,1.97332948419993,1.96516674777494,1.99101380691523,1.97696272107387,2.00085342189742,1.98918273262863,1.88872421492604,1.88785686394818,1.97707836787091,1.98254267903144,1.96683398909906,1.96265142993914,1.97754095505911,1.96956132606278,1.88148665287744,1.9680193687688,1.87927972650043,1.8800699796136,1.96681471463288,1.96339349688687,1.96080108118637,1.94740532719495,1.94451415726874,1.87392142490386,1.97310782783892,1.95066271197847,1.96456923932353,1.95362134253629,1.87067367735343,1.96394281917285,1.86813908505145,1.86519972895981,1.8649009747341,1.9580351952903,1.94388773711806,1.965504050933,1.86249166646226,1.96614010831677,1.95060488857995,1.95100001513653,1.93887637591264,1.93233269464632,1.93179300959343,1.93261217440586,1.92940297578777,1.86067022940875,1.8521701898257,1.85117755481771,1.85028129214058,1.85027165490749,1.73029774020301,1.72813899999144,1.72617300444162,1.87935682436513,1.8807542231628,1.76787331201061,1.76552182713729,1.87708243735652,1.81093246944491,1.81026750036188,1.87715953522122,1.97703981893856,1.6974540498413,1.80472609133665,1.80204694053837,1.87807507236451,1.87721735861974,1.68839505073919,1.68585082120413,1.68536895954976,1.6821404864655,1.87071222628577,1.97343549376389,1.67872890595257,1.77238353709549,1.67542333500361,1.67404521067212,1.86706935217875,1.66966990685046,1.77217151796757,1.77078375640299,1.66416704675758,1.66395502762966,1.66409958612597,1.66147825872621,1.57679589158762,1.57609237357224,1.68582190950487,1.5734517717063,1.57167852081823,1.56867170409498,1.61808179813385,1.69020685055961,1.66139152362842,1.68974426337142,1.56252314938524,1.67426686703313,1.56207019943014,1.62225472006067,1.60871440757294,1.56033549747441,1.56122212291845,1.55804183599962,1.55824421789446,1.55842732532312,1.67872890595257,1.55757924881143,1.68410648201532,1.55803219876654,1.55811893386432,1.55846587425547,1.55740577861586,1.55625894787846,1.68449197133881,1.68576408610634,1.55690464249532,1.55695282866075,1.55750215094673,1.55940068586494,1.56105828995597,1.68772044442307,1.56449878216815,1.68817339437818,1.56842113603471,1.68295001404483,1.69504474156946,1.68203447690154,1.57297954728502,1.5730759196159,1.67922040484003,1.67602084345503,1.68168753651039,1.685947193535,1.68560989037694,1.68913711768692,1.58316610265836,1.6511182331573,1.58772451390868,1.59063495830106
1.86340720360556,1.88800142244449,1.89048782858103,1.83915028792469,1.83839858374387,1.83580616804337,1.8359410893066,1.84019110909812,1.83537249255444,1.83158505995111,1.83247168539515,1.83224039180105,1.83010092605566,1.83092972810117,2.07683336755813,1.82810601880658,1.92337970510817,1.93100275648027,1.91463873469794,2.10610164444443,1.82121539714912,1.90915514907123,1.81767853260606,1.81729304328257,1.93080037458543,1.81468135311589,1.86341684083865,1.81562580195845,1.81464280418354,1.85991852522794,1.90137790196974,1.81413203082991,1.81336105218292,1.81286955329547,1.80931341428624,1.91484111659277,1.80973745254208,1.81031568652732,1.81070117585081,1.85839584240014,1.85904153701699,1.81011330463249,1.87398888553548,1.94991100779766,1.95027722265498,1.94535259654734,1.94581518373553,1.9472896803979,1.94833050157133,1.94691382830749,1.93942569819862,1.93906912057439,1.86117136552929,1.94044724490588,1.93231342018015,1.94379136478719,1.93085819798396,1.93836560255901,1.85170760263751,1.92613595377115,1.93851016105532,1.9205367213474,1.91765518865428,1.91727933656388,1.91570846757064,1.91377138372008,1.91103440952327,1.91051399893655,1.90781557367209,1.90747827051403,1.90473165908414,1.9049918643775,1.90096350094698,1.89947936705153,1.89979739574341,1.89931553408905,1.93270854673673,1.93190865639048,1.89701223538117,1.93153280430007,1.8992769851567,1.8998070329765,1.92926805452455,1.92880546733635,1.82744104972355,1.82882881128813,1.90405705276802,1.90906841397345,1.83610492226908,1.92430487948456,1.97157550777803,1.9714502237479,1.89791813529138,1.89691586305029,1.89893968199864,1.89505587706443,1.97375352245578,1.96596663812119,1.96561969773005,1.96827957406216,1.97255850555294,1.8900541530921,1.88899405745249,1.89051674028029,1.99671904890294,1.88710515976737,1.88763520758717,1.88775085438422,1.96353805538318,1.98848885184634,1.88353938352504,1.97257778001912,1.97411010008001,1.88226726875751,1.9613889524047,1.88055184126796,1.96463669995514,1.97772406248777,1.96184190235981,1.97011064834876,1.97526656805049,1.95933622175709,1.87516462797213,1.87255293780546,1.95629085610149,1.95714856984626,1.96072398332167,1.8674162925699,1.86860167223964,1.86766686063017,1.95186736611439,1.96262251823988,1.9646656116544,1.86252057816152,1.95089400557257,1.95104820130197,1.95440195841637,1.86148939422118,1.86035220071687,1.85939811464122,1.94127604695139,1.9309063841494,1.92946079918629,1.9337204562109,1.85370250988659,1.85266168871316,1.85243039511906,1.85154376967503,1.84883570717748,1.92077765217458,1.84913446140319,1.72764750110399,1.7215374953266,1.87851838508653,1.87780522983807,1.71393371842068,1.71100399956212,1.70932712100493,1.70613719685301,1.80830150481206,1.69893818373676,1.69846595931548,1.94852324623308,1.78953781199098,1.96762424221222,1.80040861091352,1.68496419576009,1.68446305963955,1.68295965127792,1.86789815422427,1.68265125981913,1.77343399550201,1.97501599999022,1.67570281476314,1.67285983100237,1.6717708236635,1.67087456098638,1.75731090454687,1.66560299448759,1.7700898756207,1.66475491797591,1.66243234480185,1.71076306873494,1.65893402919114,1.85797180414429,1.76882739808626,1.57683444051997,1.68470399046673,1.62170539777469,1.57069552304332,1.5687295274935,1.67920113037385,1.67637742107926,1.68673744664816,1.68084909723179,1.56263879618229,1.560730624031,1.73437428979896,1.55841768809003,1.60839637888105,1.60718208751205,1.60833855548253,1.66028324182337,1.55756961157834,1.55738650414968,1.67258035124284,1.60548593448867,1.60737483217379,1.55820566896211,1.6658246508486,1.60529318982693,1.5572226711872,1.67770735924531,1.68204411413462,1.55421585446394,1.6826705342853,1.68065635257004,1.79888592808572,1.7952430539787,1.55631677127699,1.55848514872164,1.73451884829527,1.56097155485818,1.56193527816692,1.56464334066446,1.56481681086003,1.56846932220014,1.57258442072844,1.56868134132806,1.62233181792537,1.67568354029697,1.57257478349536,1.57717174367802,1.57486844497015,1.66391647869731,1.58091099011592,1.64838125896049,1.6463959889445,1.64707059526061,1.57991835510792
1.83710719451017,1.92932587792307,1.92144262125761,1.88945664464068,1.8355555999831,1.89222253053675,1.83490026813316,1.83780107529246,1.83501591493021,1.8351797478927,1.83363779059872,1.83340649700462,1.93024141506637,2.08037023210119,1.82599546476045,1.82715193273093,1.92201121800977,1.82509920208332,1.913983402848,1.81827604105748,1.82121539714912,1.91391594221639,1.81753397410975,1.81759179750827,1.86426491735033,1.81442114782253,1.8134574245138,1.93405775936896,1.81382363937112,1.81283100436312,1.81175163425734,1.81054698012142,1.81137578216693,1.81043133332437,1.80777145699226,1.89703150984734,1.89890113306629,1.81061444075303,1.90968519689104,1.85676715000837,1.80847497500764,1.80956398234651,1.85984142736324,1.87419126743031,1.95021939925645,1.94788718884932,1.94199883943294,1.94064962680071,1.94299147444094,1.94784863991697,1.94023522577796,1.93977263858976,1.94411903071216,1.85905117425008,1.93346988815063,1.93767172177672,1.9375368005135,1.9282368705842,1.93055944375825,1.85086916335891,1.92025724158787,1.84534702879986,1.91744316952636,1.91428215707371,1.93197611702209,1.93408667106822,1.83451477880967,1.90837453319116,1.90830707255955,1.93457816995568,1.90527134413703,1.90269820290271,1.90345954431661,1.90035635526248,1.8990456915626,1.89763865553185,1.90134899027048,1.92930660345689,1.89700259814808,1.89547991532028,1.93027996399872,1.89755192043406,2.0180944318907,1.8989685936979,1.90088640308228,1.90233198804539,1.90258255610566,1.90641817487443,1.8342642107494,2.01882686160534,2.01851847014654,1.99386642790909,1.96535949243669,1.89574012061364,1.8946222015755,1.97623029135923,1.99120655157698,1.97481361809539,1.96584135409106,1.97469797129834,1.96987935475466,1.96986008028849,2.00081487296507,1.96399100533829,1.989664594283,1.97936239211262,1.88602578966158,1.88728826719603,1.88368394202136,1.9812031036323,1.97392699265135,1.88352974629196,1.88108188908777,1.88092769335837,1.87980013708715,1.97264524065073,1.964511415925,1.96409701490225,1.87512607903978,1.87731373095061,1.87379614087373,1.96534021797052,1.87050984439094,1.96378862344345,1.95458506584503,1.95613666037209,1.95870016437333,1.974881078727,1.95648360076324,1.96873252401726,1.96038668016361,1.94753061122508,1.96176480449511,1.86158576655205,1.9498820960984,1.95032540882042,1.95354424467159,1.95229140437024,1.95100965236962,1.8566707776775,1.93056908099134,1.93066545332221,1.85418437154096,1.92863199714078,1.93107021711188,1.85191962176543,1.85018491980971,1.84970305815534,1.85008854747883,1.85044512510307,1.84883570717748,1.72492016414027,1.87190724318861,1.71722965213656,1.80368527016322,1.70880671041821,1.70701418506396,1.70436394596494,1.70099091438436,1.69579644575028,1.69552660322383,1.69411956719308,1.79378783178251,1.7858660261847,1.87710171182269,1.68225613326254,1.68174535990891,1.67909512080989,1.67998174625393,1.6762714115153,1.67502820844703,1.67449816062722,1.9408134597632,1.67112512904665,1.76206206045893,1.66909167286522,1.66646070823237,1.66747261770654,1.66382010636643,1.77730816320313,1.65981101740209,1.66031215352264,1.70762133074846,1.93987864815372,1.85669968937676,1.95516329983027,1.68638086902393,1.5688837232229,1.56935594764418,1.61767703434418,1.56685990427455,1.56724539359805,1.56439277260419,1.68501238192553,1.6819091928714,1.56015239004575,1.56032586024133,1.55841768809003,1.60810726188843,1.55451460868965,1.55827312959372,1.61190433172485,1.67969262926131,1.5540231098022,1.66004231099619,1.60380905593147,1.5551603033065,1.60393433996161,1.62107897762401,1.55622039894611,1.60292243048744,1.60253694116394,1.5519607419215,1.67602084345503,1.67591483389106,1.67917221867459,1.67616540195134,1.55251970144057,1.55243296634278,1.68235250559342,1.55483263738153,1.68059852917152,1.55920794120319,1.56185818030222,1.6152966377716,1.56505774168722,1.68161043864569,1.56622384689079,1.68401010968444,1.68858779540094,1.57183271654763,1.57511901303042,1.62372921672304,1.57769215426474,1.57801982018971,1.57969669874691,1.58033275613068,1.67534623713891,1.57915701369402,1.58692462356243
1.84119338133921,1.92654071756082,1.83795527102185,1.88533190887929,1.88721116933133,1.88952410527229,1.83658678392345,1.92973064171274,1.83401364268913,1.83532430638901,1.83344504593697,1.92531678895873,1.92711895154606,1.92781283232835,1.82569671053474,2.10167815445733,1.82492573188775,1.82258388424752,1.92078728940767,1.81897955907285,1.82045405573522,1.8172641315833,1.81685936779363,1.81564507642463,1.817341229448,1.86883296583374,1.81511502860482,1.9312051383751,1.81099993007652,1.81232023100949,1.98995371127562,1.80855207287233,1.80924595365462,1.91644089728528,1.8073570559695,1.80837860267676,1.80844606330837,1.80914958132375,1.91214269132831,1.80802202505253,1.85630456282018,1.80801238781944,1.81085537158021,1.95096146620418,1.94816666860885,1.945535703976,1.94499601892311,1.94479363702827,1.94505384232163,1.93817285789726,2.03841935647193,1.94146879161314,1.93990755985298,1.94075563636467,1.85836693070087,1.93520459010636,1.94167117350797,1.92734060790707,1.84888389334292,1.92237743286709,2.02412733980338,1.9180214035116,1.93619722511435,1.91561209523976,1.91342444332893,1.9107067435983,1.93720913458853,1.93452998379024,1.93490583588065,1.90477020801649,1.9314364319692,1.82795182307718,1.89917097559273,1.89866983947219,1.93121477560819,1.93149425536772,1.89674239285472,2.00746456379534,2.00757057335931,1.82087809399106,1.89730135237379,2.001248548454,1.89847709481045,1.90185976362411,1.90102132434551,1.89879512350233,1.90414378786581,1.90613869511489,1.92099930853559,1.92225214883695,2.01128090809794,1.89556665041806,1.99403989810466,1.99350021305177,1.96697854759537,2.00169186117602,1.97317528847054,1.97117074398837,1.96373080004493,1.96185153959289,1.97141167481555,1.99735510628671,1.9608589045849,1.96034813123127,1.95904710476447,1.96366333941332,1.97767587632233,1.98754440300378,1.97850467836784,1.97458232450129,1.96880962188196,1.98002736119564,1.9680964666335,1.87893278610929,1.87796906280055,1.97065033340165,1.97789753268334,1.97790716991643,1.96348986921774,1.8728998781966,1.87104952944383,1.87063512842108,1.87076041245121,1.86815835951763,1.95715820707935,1.86715608727654,1.86682842135157,1.95920130049387,1.96136004070544,1.95230104160332,1.95728349110949,1.8633782919063,1.95179026824969,1.86146048252191,1.94542969441204,1.94468762746431,1.94794501224784,1.85708517870025,1.95144332785855,1.95757260810211,1.96064688545697,1.93504075714387,1.93450107209098,1.92435306564999,1.92751407810265,1.91905258745195,1.848893530576,1.84863332528264,1.84667696696591,1.84724556371807,1.84742867114672,1.71374097375893,1.96506073821098,1.71158223354737,1.70749604671833,1.70335203649077,1.81343815004762,1.69879362524045,1.87146393046659,1.79140743520993,1.79047262360046,1.78385184446944,1.68404865861679,1.68308493530806,1.8721385367827,1.68028050047964,1.67715803695933,1.74416571861571,1.67304293843103,1.67278273313767,1.67031560146731,1.77363637739685,1.66700039328526,1.66534278919424,1.86471786730544,1.86182669737923,1.86138338465721,1.66052417265056,1.65867382389779,1.95418993928845,1.65612959436272,1.65422142221143,1.65267946491745,1.65100258636025,1.6505110874728,1.68019376538185,1.56647441495106,1.56816093074135,1.56914392851626,1.56594436713125,1.61410162086877,1.56212802282866,1.56105828995597,1.56064388893321,1.55951633266199,1.56047041873764,1.67437287659709,1.67180937259585,1.66553553385598,1.66249980543347,1.63683585372184,1.55201856532003,1.55247151527513,1.60210326567501,1.60144793382507,1.60092752323835,1.55433150126099,1.55172944832741,1.55464952995287,1.55182582065828,1.55490973524623,1.55239441741043,1.67732186992182,1.5504380590937,1.54972490384524,1.55067898992088,1.55193183022224,1.67785191774162,1.67529805097347,1.55450497145656,1.55408093320072,1.55708774992398,1.55801292430036,1.55649024147256,1.56103901548979,1.56321703016753,1.68166826204422,1.67894092508049,1.56886444875672,1.68268017151839,1.56947159444123,1.57240131329978,1.57270006752549,1.57412637802242,1.5752828459929,1.67033487593349,1.57807764358824,1.69062125158237,1.68042505897595,1.58134466560485
1.83721320407413,1.8389864549622,1.83760833063071,1.83671206795359,1.83602782440438,1.83478462133611,1.83430275968175,1.83687590091607,1.83179707907903,1.83376307462886,1.83092009086809,1.92543243575578,1.82563888713621,1.92535533789108,1.82669898277582,1.82768198055073,1.92202085524285,1.92382301783019,1.8190952058699,1.819326499464,1.92194375737815,1.81601129128195,1.81547160622906,1.81428622655931,1.91820451094026,1.8113950566331,1.81206002571613,1.81140469386619,1.80500557109619,1.81072045031699,1.80927486535389,1.80930377705315,1.91440744110384,1.91470619532955,1.80494774769766,1.80589219654022,1.90804686726619,1.80800275058635,1.91081275316226,1.90458710058783,1.8074341538342,1.80609457843506,1.80536214872042,1.94363716905779,1.94556461567526,1.94682709320971,2.04094431154082,1.94119894908669,1.94198920219985,1.94038942150735,1.94434068707317,1.94431177537391,1.94406120731364,1.9305979926906,1.93071363948765,2.01484668434026,1.93794156430316,1.92641543353069,1.92178956164876,1.92393866462724,2.02821352663242,1.91867673536154,1.91492785169056,1.91411832411122,1.91088985102696,1.93489619864756,1.93313258499257,1.90774811304048,1.90378721024158,1.90240908591009,1.90185976362411,1.82558106373769,1.89586540464377,1.89719534280983,1.92810194932098,1.89837108524648,1.89698332368191,1.92757190150117,1.89523898449309,1.89547991532028,1.89412106545496,2.00723327020125,1.89691586305029,1.89738808747157,1.9273213334409,1.89973957234489,2.01504906623509,1.90470274738488,2.00966185293926,2.01041355712008,2.00543110761391,1.97531475421593,1.9971334499257,1.99338456625472,1.96530166903817,1.96491617971467,1.96845304425773,1.9679422709041,1.96101310031429,1.97095872486044,1.96379826067654,1.96087817905107,1.96510892437642,1.95771716659842,1.95712929538009,1.88244073895309,1.95512475089792,1.95521148599571,1.97673142747977,1.97258741725221,1.9689349059121,1.98223428757265,1.87796906280055,1.96292127246559,1.96487763078232,1.96385608407506,1.9619960980892,1.96117693327678,1.8738154153399,1.94724149423246,1.87034601142846,1.95785208786164,1.97050577490534,1.95525003492805,1.96866506338565,1.95771716659842,1.86548884595243,1.96122511944221,1.96190936299142,1.95014230139176,1.95081690770787,1.85945593803974,1.960319219532,1.93141715750303,1.94793537501475,1.9446201668327,1.95139514169311,1.85531192781218,1.85442530236814,1.9614660502694,1.95847850801232,1.9344817976248,1.93069436502147,1.92627087503438,1.94920748978228,1.92502767196611,1.91844544176745,1.84766960197391,1.94473581362975,1.8454626755969,1.93546479539971,1.71059923577246,1.70451814169433,1.70390135877674,1.70286053760331,1.69805155829272,1.80995910890309,1.69430267462174,1.7878512962007,1.78866082378003,1.87372868024212,1.68410648201532,1.68064671533696,1.87057730502255,1.95629085610149,1.67731223268873,1.67328386925822,1.67134678540766,1.66938078985784,1.66599812104418,1.66571864128464,1.66411886059214,1.66242270756877,1.66199866931292,1.65938697914625,1.65891475472497,1.65896294089041,1.65784502185227,1.95381408719804,1.65377810948941,1.65374919779015,1.64973047159272,1.64766810371203,1.64816923983257,1.64687785059886,1.69462070331362,1.56780435311711,1.56672498301133,1.56539504484528,1.56178108243752,1.65890511749188,1.66056272158291,1.55970907732374,1.60669058862459,1.66592102317948,1.66724132411245,1.66916877072992,1.66504403496853,1.66159390552326,1.60013727012519,1.74521617702224,1.55167162492888,1.55012003040182,1.65770046335596,1.65520441998634,1.65809558991254,1.54902138582986,1.54884791563429,1.66352135214073,1.54904066029603,1.55165235046271,1.55089100904881,1.55098738137968,1.55086209734954,1.55045733355988,1.55107411647747,1.55361834601253,1.55096810691351,1.55162343876345,1.55312684712507,1.55466880441905,1.67750497735048,1.55503501927637,1.55175836002667,1.67205994065612,1.55934286246642,1.56075953573026,1.56300501103961,1.56816093074135,1.67841087726069,1.57065697411097,1.57030039648674,1.57252659732992,1.5718519910138,1.57607309910607,1.57492626836867,1.62527117401701,1.67968299202822,1.6779482900725,1.70166552070048
