0.517311, 0.498252, 0.525407, 0.525652, 0.528173, 0.547667, 0.545651, 0.542773, 0.580936, 0.578614, 0.586981, 0.593527, 0.608426, 0.60877, 0.614833, 0.632821, 0.635905, 0.630392, 0.640776, 0.660332, 0.65235, 0.64951, 0.671312, 0.70809, 0.675777, 0.713221, 0.712396, 0.739071, 0.735972, 0.746348, 0.72503, 0.76922, 0.756384, 0.775685, 0.793794, 0.77323, 0.773866, 0.829463, 0.823289, 0.829732, 0.825192, 0.825049, 0.864607, 0.864508, 0.838559, 0.862582, 0.882738, 0.873906, 0.880042, 0.878576, 0.906889, 0.906222, 0.915308, 0.940104, 0.942932, 0.949908, 0.953299, 0.957405, 0.976845, 0.960407, 0.995889, 0.994949, 0.995017, 1.0023, 1.0029, 1.01071, 1.05109, 1.0538, 1.03919, 1.0429, 1.0839, 1.08476, 1.07045, 1.09174, 1.08062, 1.08918, 1.12741, 1.12009, 1.11898, 1.11851, 1.1653, 1.15503, 1.16515, 1.15834, 1.18736, 1.17668, 1.19844, 1.20096, 1.21315, 1.20316, 1.21165, 1.21878, 1.22687, 1.2535, 1.24881, 1.26263, 1.2578, 1.29111, 1.2915, 1.31642, 1.29493, 1.31656, 1.3119, 1.3134, 1.33354, 1.33642, 1.35766, 1.35008, 1.39135, 1.39576, 1.40159, 1.40052, 1.40797, 1.41601, 1.42704, 1.43125, 1.451, 1.45139, 1.44754, 1.44412, 1.47932, 1.46964, 1.48883, 1.49545, 1.52226, 1.50221, 1.50716, 1.53734, 1.54819, 1.56201, 1.53505, 1.56512, 1.57525, 1.56633, 1.59531, 1.578, 1.62053, 1.59692, 1.63662, 1.63492, 1.63156, 1.642, 1.67083, 1.64439, 1.67316, 1.67813, 1.67776, 1.68165, 1.68307, 1.73517, 1.71061, 1.72803, 1.74047, 1.75656, 1.75515, 1.75494, 1.79979, 1.76501, 1.77345, 1.77377, 1.78711, 1.8044, 1.80433, 1.80525, 1.85142, 1.82862, 1.86991, 1.85389, 1.85334, 1.87561, 1.90469, 1.89351, 1.90285, 1.90336, 1.92349, 1.945, 1.93525, 1.92785, 1.93438, 1.96909, 1.98877, 1.96911, 1.99008, 1.99066, 1.98679, 2.03028, 2.01091, 2.02704, 2.04191, 2.04247, 2.04193, 2.07049, 2.07616, 2.06629, 2.06584, 2.09784, 2.09163, 2.13667, 2.13599, 2.13136, 2.1309, 2.16047, 2.16233, 2.15892, 2.21567, 2.21425, 2.22452, 2.19076, 2.18411, 2.24271, 2.22431, 2.22917, 2.2421, 2.22282, 2.2607, 2.25625, 2.29728, 2.28345, 2.28694, 2.28618, 2.29786, 2.29759, 2.29828, 2.32415, 2.3445, 2.34602, 2.35858, 2.35025, 2.35853, 2.39567, 2.39095, 2.42572, 2.43859, 2.42607, 2.43551, 2.44551, 2.46363, 2.48031, 2.45235, 2.47465, 2.48829, 2.49141, 2.52574, 2.51596, 2.50206, 2.51403, 2.51572, 2.55405, 2.57144, 2.5443, 2.57783, 2.57434, 2.5717, 2.63364, 2.61016, 2.61128, 2.61543, 2.63341, 2.62635, 2.63589, 2.62644, 2.62761, 2.64926, 2.66958, 2.66827, 2.69667, 2.70023, 2.72605, 2.7279, 2.71981, 2.74716, 2.74972, 2.74576, 2.7468, 2.79382, 2.79229, 2.79149, 2.79865, 2.80597, 2.82326, 2.82255, 2.8144, 2.81246, 2.84851, 2.83529, 2.86305, 2.86093, 2.88494, 2.87311, 2.88759, 2.91009, 2.93726, 2.89365, 2.97512, 2.95627, 3.00948, 2.95881, 2.96337, 2.95831, 2.97222, 
0.508357, 0.501127, 0.500076, 0.531525, 0.502526, 0.524382, 0.525579, 0.551919, 0.558648, 0.558526, 0.55768, 0.573662, 0.589757, 0.617903, 0.616444, 0.639709, 0.650297, 0.650262, 0.65019, 0.637495, 0.655882, 0.654411, 0.65971, 0.692473, 0.722283, 0.688024, 0.715679, 0.713359, 0.737153, 0.762645, 0.756701, 0.745945, 0.753274, 0.787383, 0.780857, 0.824473, 0.790986, 0.80439, 0.790366, 0.836149, 0.822424, 0.838402, 0.836696, 0.836513, 0.860961, 0.867543, 0.85295, 0.874364, 0.888901, 0.925979, 0.903934, 0.912605, 0.921484, 0.923128, 0.931851, 0.929981, 0.951924, 0.960506, 0.956357, 0.980093, 0.980497, 0.980058, 1.00534, 0.992034, 1.01982, 1.04596, 1.03418, 1.03238, 1.03296, 1.05871, 1.05824, 1.06249, 1.06879, 1.07066, 1.09197, 1.10151, 1.10085, 1.10927, 1.13371, 1.14197, 1.13279, 1.15578, 1.17522, 1.17263, 1.1697, 1.19863, 1.19219, 1.20906, 1.21411, 1.20134, 1.23246, 1.2298, 1.23852, 1.24975, 1.26066, 1.2676, 1.26558, 1.26816, 1.31931, 1.29933, 1.31036, 1.30419, 1.32525, 1.3376, 1.34026, 1.33765, 1.36469, 1.37255, 1.35768, 1.36548, 1.37965, 1.38055, 1.40559, 1.40488, 1.42201, 1.4297, 1.44096, 1.44401, 1.43969, 1.47277, 1.47901, 1.4674, 1.46775, 1.47061, 1.4848, 1.52842, 1.50724, 1.53843, 1.52044, 1.55094, 1.54517, 1.5515, 1.55231, 1.60028, 1.61085, 1.58824, 1.59831, 1.59764, 1.63015, 1.61014, 1.64369, 1.64432, 1.66563, 1.68029, 1.67889, 1.69625, 1.69429, 1.70465, 1.70372, 1.69148, 1.72049, 1.75104, 1.74539, 1.73213, 1.74156, 1.76581, 1.78594, 1.77921, 1.80279, 1.80275, 1.79804, 1.81888, 1.80334, 1.8025, 1.85458, 1.83682, 1.83898, 1.84176, 1.85072, 1.88068, 1.89288, 1.89327, 1.92111, 1.92728, 1.927, 1.92807, 1.95817, 1.95992, 1.96332, 1.96324, 1.9822, 1.96961, 1.98614, 1.99306, 2.03525, 2.03194, 2.04271, 1.99658, 2.04155, 2.06236, 2.04512, 2.06459, 2.09005, 2.08593, 2.10085, 2.07698, 2.11378, 2.10446, 2.10793, 2.12552, 2.13311, 2.14794, 2.14283, 2.14354, 2.14931, 2.17619, 2.18203, 2.19026, 2.18789, 2.18671, 2.22661, 2.22583, 2.24289, 2.2271, 2.2754, 2.28737, 2.2836, 2.29946, 2.29938, 2.29901, 2.30778, 2.29429, 2.34574, 2.32837, 2.35613, 2.34738, 2.34873, 2.38994, 2.3913, 2.40824, 2.4113, 2.42582, 2.41556, 2.42249, 2.43067, 2.46478, 2.46568, 2.42962, 2.47755, 2.4779, 2.49303, 2.47841, 2.49413, 2.53516, 2.48223, 2.525, 2.51892, 2.50609, 2.56625, 2.56704, 2.56943, 2.54643, 2.5917, 2.58409, 2.58042, 2.6085, 2.62472, 2.62564, 2.6442, 2.61839, 2.6624, 2.63112, 2.65358, 2.69778, 2.66404, 2.68487, 2.68878, 2.7024, 2.71731, 2.72159, 2.74731, 2.754, 2.73221, 2.7555, 2.74329, 2.78155, 2.78433, 2.7792, 2.77792, 2.79831, 2.82956, 2.84683, 2.81858, 2.86454, 2.86679, 2.86757, 2.86778, 2.88759, 2.88726, 2.88859, 2.88755, 2.90718, 2.95717, 2.90422, 2.90588, 2.94022, 2.96257, 2.97349, 2.96136, 2.9924, 
0.484098, 0.549853, 0.514098, 0.512149, 0.510806, 0.510915, 0.541792, 0.56373, 0.562003, 0.560626, 0.556589, 0.572751, 0.601337, 0.611898, 0.603256, 0.616479, 0.623861, 0.640215, 0.646184, 0.663875, 0.643054, 0.666995, 0.67629, 0.672246, 0.671609, 0.712178, 0.691522, 0.728598, 0.725277, 0.731491, 0.760141, 0.745859, 0.759459, 0.777117, 0.772167, 0.77793, 0.797347, 0.798693, 0.80273, 0.82095, 0.812743, 0.815267, 0.816222, 0.846334, 0.835365, 0.846112, 0.849452, 0.85578, 0.866087, 0.895155, 0.883083, 0.896533, 0.927513, 0.926536, 0.928417, 0.949731, 0.933248, 0.974848, 0.961632, 0.963804, 0.983728, 0.979214, 0.995919, 0.991515, 1.01506, 1.03289, 1.04959, 1.02589, 1.05025, 1.05076, 1.05968, 1.05109, 1.08841, 1.08718, 1.103, 1.09229, 1.12743, 1.1412, 1.12079, 1.13323, 1.1335, 1.15458, 1.15949, 1.1588, 1.16171, 1.16779, 1.20475, 1.21544, 1.21306, 1.22113, 1.22266, 1.23115, 1.22222, 1.24356, 1.24211, 1.25016, 1.27334, 1.26378, 1.27038, 1.2811, 1.2887, 1.29807, 1.30625, 1.32651, 1.3573, 1.3399, 1.33859, 1.36592, 1.36291, 1.36811, 1.41652, 1.39045, 1.39416, 1.4136, 1.41668, 1.41257, 1.4394, 1.44057, 1.45778, 1.44828, 1.47106, 1.45872, 1.46707, 1.49263, 1.50417, 1.51727, 1.5129, 1.51132, 1.51605, 1.54946, 1.54949, 1.55922, 1.57805, 1.57823, 1.58112, 1.58142, 1.60927, 1.60913, 1.59912, 1.61455, 1.63668, 1.64311, 1.67899, 1.69212, 1.6844, 1.6871, 1.67575, 1.69579, 1.72041, 1.70012, 1.70769, 1.72416, 1.71927, 1.75803, 1.75498, 1.77265, 1.75786, 1.76327, 1.77823, 1.77243, 1.83074, 1.79353, 1.79613, 1.81862, 1.84894, 1.82219, 1.8794, 1.83781, 1.87053, 1.87153, 1.88983, 1.89281, 1.92085, 1.93472, 1.89949, 1.9184, 1.9411, 1.92797, 1.95815, 1.95826, 1.96806, 1.97585, 1.99385, 1.97343, 1.97961, 2.02293, 2.00983, 2.03568, 2.03713, 2.03211, 2.04565, 2.0524, 2.05215, 2.0751, 2.10971, 2.08525, 2.07379, 2.12533, 2.13583, 2.10473, 2.14434, 2.1448, 2.20796, 2.14774, 2.21015, 2.17613, 2.18595, 2.18486, 2.22035, 2.22164, 2.22267, 2.24279, 2.26843, 2.26982, 2.24658, 2.27543, 2.27907, 2.29385, 2.26729, 2.30434, 2.30462, 2.30759, 2.3353, 2.32542, 2.32897, 2.32782, 2.35615, 2.37166, 2.3719, 2.3668, 2.38666, 2.41088, 2.44149, 2.4636, 2.44116, 2.47428, 2.46287, 2.4367, 2.44758, 2.46182, 2.46946, 2.45669, 2.47526, 2.55685, 2.52169, 2.53878, 2.52505, 2.55403, 2.53317, 2.54031, 2.57439, 2.55797, 2.56603, 2.58871, 2.61185, 2.59709, 2.5983, 2.62484, 2.60598, 2.61412, 2.65373, 2.63695, 2.64299, 2.63594, 2.69931, 2.66728, 2.68438, 2.69567, 2.71094, 2.73522, 2.71201, 2.72013, 2.73593, 2.76072, 2.73535, 2.76293, 2.77122, 2.78591, 2.7922, 2.80463, 2.80143, 2.81463, 2.81244, 2.84968, 2.85729, 2.85567, 2.85377, 2.85162, 2.90205, 2.86603, 2.88007, 2.90888, 2.91516, 2.94678, 2.92435, 2.92342, 2.96178, 2.94672, 2.94708, 2.96539, 
0.494111, 0.508013, 0.521788, 0.51302, 0.542413, 0.536074, 0.553858, 0.556734, 0.550414, 0.583335, 0.579021, 0.591529, 0.605411, 0.604994, 0.591532, 0.593845, 0.617059, 0.631905, 0.621056, 0.651667, 0.642127, 0.660429, 0.67167, 0.678467, 0.680851, 0.700725, 0.692085, 0.690549, 0.713198, 0.728772, 0.722644, 0.756606, 0.762711, 0.777134, 0.772097, 0.774194, 0.793132, 0.78863, 0.804164, 0.799712, 0.798896, 0.84122, 0.83343, 0.839178, 0.843658, 0.842427, 0.874629, 0.874369, 0.890463, 0.895075, 0.89031, 0.898683, 0.937013, 0.901807, 0.919613, 0.932649, 0.932756, 0.964237, 0.946444, 0.962574, 0.962505, 0.971624, 0.982288, 0.987478, 0.998539, 1.01066, 1.03686, 1.02352, 1.05865, 1.03811, 1.04975, 1.05669, 1.06051, 1.0805, 1.11822, 1.09944, 1.09173, 1.13558, 1.10903, 1.13241, 1.12661, 1.16421, 1.16761, 1.17101, 1.18718, 1.18522, 1.18113, 1.18185, 1.21386, 1.21574, 1.224, 1.2244, 1.24398, 1.2366, 1.25622, 1.2463, 1.26816, 1.26727, 1.27828, 1.27691, 1.30406, 1.29487, 1.33065, 1.31724, 1.3216, 1.32656, 1.35385, 1.35549, 1.34928, 1.35755, 1.36574, 1.37672, 1.40342, 1.39233, 1.4063, 1.4073, 1.43707, 1.45495, 1.42929, 1.45197, 1.46862, 1.47807, 1.47514, 1.50187, 1.51425, 1.50599, 1.51254, 1.50916, 1.50989, 1.52311, 1.54398, 1.53554, 1.56899, 1.58354, 1.57578, 1.57767, 1.58302, 1.59084, 1.60049, 1.63398, 1.63758, 1.63539, 1.64503, 1.63675, 1.64231, 1.65138, 1.67516, 1.67582, 1.67683, 1.71285, 1.71027, 1.70996, 1.70974, 1.71508, 1.74016, 1.76114, 1.74112, 1.75762, 1.76053, 1.79105, 1.79284, 1.78672, 1.80318, 1.80414, 1.80443, 1.85577, 1.8554, 1.85484, 1.85626, 1.85026, 1.88409, 1.88083, 1.90116, 1.91519, 1.91198, 1.91501, 1.92658, 1.91732, 1.92499, 1.96418, 1.97259, 1.97513, 1.97177, 1.97303, 1.98471, 2.00123, 2.01821, 2.02072, 2.04013, 2.05213, 2.04159, 2.06138, 2.05806, 2.07386, 2.0777, 2.07061, 2.07063, 2.10095, 2.11466, 2.11406, 2.11392, 2.14272, 2.13551, 2.15337, 2.14788, 2.19387, 2.18767, 2.17817, 2.22178, 2.21067, 2.23914, 2.20271, 2.21389, 2.25359, 2.27071, 2.249, 2.31098, 2.27458, 2.26703, 2.26647, 2.29676, 2.29741, 2.31325, 2.30045, 2.32471, 2.32476, 2.35711, 2.36001, 2.35975, 2.39288, 2.40369, 2.42099, 2.42262, 2.41747, 2.41616, 2.44256, 2.44144, 2.46404, 2.44241, 2.44305, 2.48085, 2.48044, 2.46001, 2.45926, 2.51892, 2.51697, 2.5177, 2.5269, 2.52822, 2.53678, 2.52543, 2.55944, 2.55953, 2.55605, 2.60848, 2.58185, 2.59035, 2.61247, 2.623, 2.63489, 2.67325, 2.69198, 2.63682, 2.65404, 2.67094, 2.68611, 2.71434, 2.69073, 2.69704, 2.69626, 2.7019, 2.74569, 2.74331, 2.73361, 2.79642, 2.74476, 2.76068, 2.80484, 2.81425, 2.78176, 2.80563, 2.82745, 2.83446, 2.82131, 2.87482, 2.86322, 2.87384, 2.84061, 2.87856, 2.88502, 2.8786, 2.89327, 2.93723, 2.95428, 2.91027, 2.92032, 2.95132, 2.95131, 2.9501, 2.98133, 
0.534595, 0.487807, 0.479849, 0.489264, 0.535975, 0.539104, 0.528723, 0.551925, 0.543787, 0.569168, 0.571497, 0.566454, 0.578229, 0.580628, 0.591443, 0.596505, 0.632237, 0.645172, 0.61441, 0.652858, 0.631055, 0.655138, 0.664264, 0.664953, 0.67382, 0.691003, 0.688362, 0.72066, 0.715531, 0.708647, 0.741021, 0.766914, 0.739955, 0.760797, 0.784745, 0.758732, 0.779758, 0.79318, 0.788285, 0.784873, 0.798685, 0.812069, 0.828748, 0.818773, 0.863005, 0.842927, 0.846267, 0.853375, 0.87018, 0.882906, 0.898298, 0.89086, 0.902196, 0.926307, 0.95195, 0.950372, 0.922, 0.952099, 0.981036, 0.947939, 0.988213, 0.970424, 0.981617, 0.998756, 1.00737, 0.998113, 1.04186, 1.01899, 1.01992, 1.03319, 1.05189, 1.027, 1.02677, 1.06744, 1.09541, 1.09446, 1.11244, 1.11159, 1.10638, 1.12914, 1.13605, 1.12566, 1.13297, 1.16914, 1.15714, 1.17414, 1.18081, 1.20225, 1.18829, 1.19559, 1.21294, 1.23224, 1.22826, 1.23946, 1.23882, 1.24082, 1.2481, 1.25336, 1.2671, 1.27473, 1.30603, 1.30545, 1.2962, 1.30642, 1.32656, 1.33598, 1.33096, 1.33617, 1.35135, 1.36901, 1.38283, 1.41028, 1.41013, 1.39166, 1.39869, 1.4133, 1.41552, 1.42338, 1.44399, 1.43437, 1.47816, 1.45767, 1.47929, 1.46339, 1.4826, 1.48825, 1.48791, 1.51933, 1.50296, 1.51118, 1.52591, 1.53442, 1.54138, 1.55659, 1.57479, 1.58756, 1.61022, 1.60372, 1.6041, 1.59907, 1.60138, 1.64275, 1.625, 1.65542, 1.64618, 1.6624, 1.65454, 1.68914, 1.68168, 1.6837, 1.68239, 1.72142, 1.71214, 1.73746, 1.7419, 1.74118, 1.7387, 1.76446, 1.77674, 1.77908, 1.77753, 1.78683, 1.79785, 1.80789, 1.85205, 1.83177, 1.81718, 1.86681, 1.86809, 1.84567, 1.87236, 1.88656, 1.90941, 1.90343, 1.92494, 1.923, 1.93916, 1.93944, 1.94293, 1.94236, 1.95793, 1.95827, 1.9773, 1.97769, 1.99063, 1.99637, 2.00687, 2.02449, 2.01031, 2.04569, 2.02612, 2.06177, 2.06136, 2.05244, 2.05127, 2.0811, 2.07358, 2.07245, 2.09985, 2.12091, 2.12747, 2.11729, 2.15557, 2.14921, 2.16461, 2.17688, 2.16571, 2.19081, 2.1826, 2.20697, 2.21488, 2.19982, 2.23247, 2.21827, 2.24368, 2.27273, 2.26511, 2.26407, 2.26548, 2.27402, 2.29792, 2.32864, 2.30425, 2.33555, 2.32118, 2.32188, 2.32122, 2.33768, 2.38309, 2.38011, 2.39285, 2.39831, 2.3864, 2.3855, 2.42291, 2.41169, 2.42813, 2.4735, 2.43072, 2.45259, 2.46037, 2.47072, 2.47225, 2.48043, 2.48136, 2.51472, 2.5746, 2.51216, 2.52158, 2.52307, 2.53141, 2.54563, 2.5666, 2.56348, 2.60245, 2.60145, 2.57655, 2.60949, 2.62573, 2.62261, 2.67927, 2.68029, 2.63566, 2.67201, 2.65648, 2.67381, 2.70631, 2.68869, 2.68838, 2.71486, 2.714, 2.70868, 2.72915, 2.743, 2.73992, 2.76071, 2.75974, 2.76486, 2.78137, 2.79951, 2.77444, 2.81986, 2.83645, 2.8123, 2.82556, 2.84019, 2.82793, 2.83321, 2.87593, 2.87159, 2.89537, 2.88101, 2.90498, 2.94694, 2.93345, 2.95505, 2.91639, 2.94076, 2.9952, 2.96932, 
0.462042, 0.50459, 0.492906, 0.481162, 0.482876, 0.508062, 0.538595, 0.517601, 0.549388, 0.557537, 0.567301, 0.570163, 0.578209, 0.570557, 0.608018, 0.621846, 0.603303, 0.615242, 0.638788, 0.616683, 0.627054, 0.659078, 0.68168, 0.654257, 0.682549, 0.695267, 0.721305, 0.700839, 0.707756, 0.72514, 0.718477, 0.717736, 0.746245, 0.738259, 0.776522, 0.767266, 0.788004, 0.787136, 0.826476, 0.78159, 0.801385, 0.804101, 0.804211, 0.820779, 0.842662, 0.842968, 0.856883, 0.866327, 0.864419, 0.866481, 0.870617, 0.896787, 0.89885, 0.919264, 0.923907, 0.91348, 0.937128, 0.946634, 0.950561, 0.948436, 0.954615, 0.962966, 0.976964, 0.98127, 0.982383, 0.992492, 1.00375, 1.012, 1.03117, 1.03684, 1.03648, 1.05059, 1.05419, 1.07175, 1.08365, 1.09819, 1.11591, 1.11986, 1.13231, 1.13359, 1.11618, 1.13353, 1.13179, 1.17369, 1.14616, 1.16073, 1.15958, 1.19155, 1.19945, 1.18764, 1.21758, 1.22798, 1.21882, 1.2175, 1.22764, 1.25282, 1.25712, 1.25023, 1.26166, 1.28326, 1.27169, 1.30936, 1.31938, 1.29256, 1.30584, 1.33428, 1.34814, 1.34959, 1.36996, 1.35834, 1.35041, 1.37783, 1.38478, 1.38959, 1.41903, 1.41308, 1.42562, 1.41779, 1.42318, 1.43472, 1.44499, 1.46454, 1.45245, 1.46554, 1.50906, 1.50552, 1.48641, 1.50978, 1.52399, 1.55425, 1.5441, 1.54642, 1.56672, 1.54862, 1.55029, 1.56814, 1.56603, 1.58239, 1.60171, 1.61623, 1.60038, 1.62973, 1.63544, 1.63844, 1.64204, 1.65861, 1.64732, 1.65741, 1.6683, 1.68677, 1.68694, 1.68601, 1.70152, 1.73494, 1.72677, 1.72716, 1.75287, 1.74468, 1.77099, 1.77638, 1.79728, 1.79187, 1.80574, 1.82399, 1.81407, 1.81321, 1.85661, 1.85797, 1.85819, 1.84807, 1.8488, 1.88899, 1.90944, 1.89305, 1.89572, 1.92765, 1.91765, 1.93397, 1.92148, 1.92447, 1.92367, 1.95819, 1.95563, 1.98882, 2.00491, 2.00161, 2.01914, 2.00818, 2.0246, 2.01465, 2.05147, 2.03595, 2.06523, 2.0716, 2.08622, 2.09796, 2.06632, 2.09162, 2.08129, 2.12871, 2.12958, 2.10106, 2.14735, 2.13878, 2.13751, 2.17147, 2.15549, 2.19314, 2.20532, 2.2077, 2.20372, 2.18422, 2.19797, 2.25537, 2.26992, 2.27342, 2.27014, 2.29007, 2.29263, 2.27262, 2.28109, 2.31444, 2.2948, 2.30392, 2.34608, 2.33324, 2.35036, 2.34987, 2.39875, 2.35843, 2.36608, 2.42692, 2.4057, 2.41805, 2.40827, 2.41249, 2.40128, 2.45632, 2.457, 2.43904, 2.44142, 2.43852, 2.4389, 2.4919, 2.5025, 2.48577, 2.48439, 2.52412, 2.54397, 2.51261, 2.55273, 2.53522, 2.56245, 2.59064, 2.56596, 2.60049, 2.59663, 2.57622, 2.60641, 2.63257, 2.61372, 2.64336, 2.61489, 2.6662, 2.65478, 2.663, 2.69475, 2.68516, 2.72337, 2.69445, 2.71561, 2.72066, 2.71026, 2.74405, 2.73095, 2.7436, 2.73972, 2.78141, 2.78096, 2.80935, 2.78165, 2.83615, 2.81597, 2.81688, 2.80064, 2.83334, 2.85456, 2.8403, 2.86254, 2.87829, 2.89573, 2.91597, 2.90335, 2.90666, 2.96846, 2.92647, 2.96503, 2.94352, 2.92721, 2.95523, 
0.455926, 0.477221, 0.488965, 0.504758, 0.510448, 0.50864, 0.517567, 0.52965, 0.54622, 0.530276, 0.579116, 0.572703, 0.563103, 0.605024, 0.572379, 0.612198, 0.634164, 0.608899, 0.607673, 0.639928, 0.641699, 0.642626, 0.648953, 0.66757, 0.662289, 0.666603, 0.698202, 0.684587, 0.721741, 0.708299, 0.735113, 0.738188, 0.737826, 0.736803, 0.780736, 0.775208, 0.755494, 0.801064, 0.795447, 0.799073, 0.822892, 0.828624, 0.821692, 0.818821, 0.815851, 0.846597, 0.839649, 0.839587, 0.855879, 0.883509, 0.882308, 0.877227, 0.877407, 0.905922, 0.898929, 0.974362, 0.941044, 0.941248, 0.953252, 0.945363, 0.943406, 0.977308, 0.987789, 0.987972, 0.992278, 0.990995, 0.997741, 1.01277, 1.03162, 1.0439, 1.04355, 1.04932, 1.05417, 1.07467, 1.07044, 1.08793, 1.07824, 1.07801, 1.08007, 1.11255, 1.11283, 1.11404, 1.1397, 1.1547, 1.14007, 1.16425, 1.17187, 1.16262, 1.17216, 1.19602, 1.1897, 1.19612, 1.22358, 1.21561, 1.21904, 1.2256, 1.24645, 1.26532, 1.27762, 1.282, 1.26452, 1.27417, 1.31219, 1.32159, 1.30281, 1.33957, 1.31362, 1.35008, 1.34875, 1.35859, 1.35033, 1.37591, 1.37501, 1.37904, 1.39906, 1.39223, 1.40389, 1.4036, 1.43725, 1.44824, 1.43415, 1.44533, 1.44511, 1.47488, 1.47081, 1.48823, 1.51058, 1.51216, 1.4978, 1.52472, 1.53134, 1.53075, 1.54137, 1.55155, 1.54713, 1.56841, 1.57102, 1.57273, 1.59913, 1.59852, 1.62351, 1.62449, 1.62703, 1.65944, 1.6508, 1.63732, 1.65996, 1.66522, 1.65886, 1.6667, 1.72474, 1.7264, 1.71227, 1.7279, 1.71835, 1.73719, 1.75298, 1.74389, 1.74757, 1.751, 1.7649, 1.78583, 1.81678, 1.79975, 1.83764, 1.81933, 1.80951, 1.84341, 1.84429, 1.83442, 1.8687, 1.88231, 1.87508, 1.8684, 1.89339, 1.90764, 1.93155, 1.90984, 1.93491, 1.93579, 1.9495, 1.93903, 1.94142, 1.98636, 1.96629, 1.96466, 1.98191, 1.99661, 1.99369, 2.05518, 2.01823, 2.03841, 2.02871, 2.07875, 2.08304, 2.07634, 2.10743, 2.09426, 2.1005, 2.11506, 2.11302, 2.12507, 2.11458, 2.13175, 2.15315, 2.15896, 2.16635, 2.16659, 2.1599, 2.18253, 2.20155, 2.18734, 2.22773, 2.24835, 2.25056, 2.24563, 2.23915, 2.31012, 2.27288, 2.29079, 2.29885, 2.29683, 2.30435, 2.30458, 2.30161, 2.3083, 2.33334, 2.33466, 2.35281, 2.3859, 2.34991, 2.37683, 2.41094, 2.39939, 2.40963, 2.40283, 2.46014, 2.40863, 2.43012, 2.453, 2.4521, 2.47691, 2.4664, 2.4805, 2.49122, 2.50044, 2.48985, 2.50249, 2.541, 2.52766, 2.53515, 2.58098, 2.55294, 2.58485, 2.58482, 2.59028, 2.57393, 2.62126, 2.62129, 2.62275, 2.64902, 2.65001, 2.63706, 2.68874, 2.66272, 2.65577, 2.6663, 2.69579, 2.67403, 2.72471, 2.69931, 2.72176, 2.69438, 2.72493, 2.7637, 2.74394, 2.77206, 2.76592, 2.77402, 2.79754, 2.79457, 2.80704, 2.78554, 2.79734, 2.79615, 2.83852, 2.8232, 2.8413, 2.84923, 2.83936, 2.88566, 2.8733, 2.8638, 2.88463, 2.88445, 2.95007, 2.91857, 2.94371, 2.99816, 2.96609, 
0.468277, 0.479945, 0.4672, 0.483188, 0.483985, 0.508013, 0.507734, 0.525396, 0.538139, 0.528435, 0.560391, 0.54854, 0.573319, 0.571718, 0.579716, 0.576262, 0.583745, 0.603516, 0.59341, 0.637996, 0.652577, 0.65408, 0.635951, 0.649318, 0.659816, 0.672737, 0.679787, 0.67739, 0.677684, 0.709303, 0.713734, 0.708193, 0.747612, 0.759622, 0.74717, 0.75042, 0.762615, 0.770729, 0.763037, 0.789278, 0.79799, 0.813571, 0.811371, 0.811993, 0.836427, 0.839873, 0.839305, 0.832862, 0.841855, 0.86726, 0.867892, 0.867888, 0.886764, 0.879343, 0.905746, 0.925526, 0.919274, 0.93675, 0.940102, 0.947776, 0.94574, 0.998017, 0.971082, 0.959703, 0.973833, 0.999292, 0.994099, 0.997128, 1.01609, 1.02211, 1.03684, 1.02621, 1.03275, 1.03821, 1.0756, 1.08642, 1.11077, 1.08719, 1.08418, 1.09442, 1.12775, 1.13717, 1.14894, 1.12581, 1.13224, 1.16777, 1.14992, 1.15702, 1.18889, 1.17562, 1.21194, 1.21051, 1.21997, 1.23151, 1.22279, 1.24249, 1.22699, 1.24267, 1.26645, 1.26773, 1.26779, 1.30269, 1.29917, 1.27498, 1.30664, 1.30504, 1.30976, 1.33403, 1.35759, 1.35408, 1.35182, 1.35783, 1.36406, 1.3833, 1.39337, 1.40679, 1.40523, 1.40224, 1.44933, 1.43117, 1.42613, 1.42651, 1.44221, 1.46499, 1.46138, 1.48622, 1.47024, 1.50657, 1.4916, 1.50984, 1.5093, 1.50918, 1.5393, 1.54716, 1.54716, 1.55491, 1.57755, 1.57631, 1.57217, 1.58598, 1.60293, 1.60289, 1.63548, 1.6477, 1.65188, 1.66496, 1.64137, 1.64693, 1.68523, 1.65552, 1.68219, 1.68204, 1.69919, 1.71238, 1.71097, 1.72469, 1.74406, 1.74477, 1.77581, 1.75148, 1.75037, 1.77416, 1.78099, 1.80623, 1.80774, 1.81131, 1.82137, 1.83146, 1.8544, 1.85326, 1.85507, 1.87036, 1.86872, 1.86244, 1.87716, 1.8758, 1.88248, 1.90072, 1.91779, 1.95069, 1.94533, 1.92775, 1.96296, 1.96287, 1.98274, 1.98592, 1.98647, 1.98923, 2.00313, 2.01762, 2.02272, 2.0345, 2.04414, 2.04511, 2.07032, 2.06186, 2.06706, 2.08983, 2.07338, 2.11138, 2.08996, 2.09885, 2.11208, 2.1527, 2.1408, 2.13902, 2.14963, 2.16184, 2.15745, 2.17939, 2.18725, 2.17309, 2.25292, 2.20714, 2.23615, 2.23506, 2.26288, 2.24377, 2.24437, 2.26565, 2.27427, 2.26644, 2.30109, 2.31235, 2.30612, 2.32093, 2.32274, 2.33536, 2.34163, 2.35556, 2.33255, 2.34072, 2.38682, 2.40416, 2.39813, 2.42466, 2.40399, 2.42205, 2.43502, 2.42628, 2.47956, 2.47395, 2.44521, 2.48104, 2.46658, 2.50098, 2.52083, 2.53034, 2.49156, 2.53589, 2.50941, 2.53497, 2.53871, 2.576, 2.54797, 2.58757, 2.57209, 2.57383, 2.57461, 2.57312, 2.59863, 2.65662, 2.62291, 2.63599, 2.66283, 2.6565, 2.67292, 2.67157, 2.66982, 2.67661, 2.69693, 2.73062, 2.6978, 2.70422, 2.72934, 2.73832, 2.74923, 2.75844, 2.73847, 2.78719, 2.79157, 2.79217, 2.79471, 2.80922, 2.79877, 2.84649, 2.83684, 2.86877, 2.87801, 2.87657, 2.87587, 2.87494, 2.91527, 2.90615, 2.91167, 2.91577, 2.9063, 2.92317, 2.9575, 2.93788, 
0.463004, 0.485749, 0.486723, 0.497567, 0.477869, 0.497493, 0.514749, 0.504671, 0.506063, 0.531683, 0.541085, 0.556013, 0.579677, 0.562963, 0.569969, 0.572931, 0.572342, 0.621556, 0.588433, 0.626501, 0.620387, 0.618646, 0.65392, 0.66114, 0.646785, 0.686517, 0.666419, 0.681371, 0.69394, 0.722161, 0.728733, 0.707507, 0.707609, 0.73641, 0.753288, 0.759579, 0.760149, 0.770662, 0.76971, 0.782403, 0.802789, 0.794816, 0.815591, 0.828916, 0.826271, 0.818396, 0.834971, 0.869489, 0.836989, 0.859471, 0.853103, 0.874414, 0.887274, 0.887777, 0.917593, 0.895672, 0.902608, 0.922178, 0.923319, 0.953053, 0.953577, 0.940238, 0.96639, 0.98195, 0.987747, 0.996765, 0.994888, 1.00352, 1.0045, 1.02876, 1.04307, 1.03882, 1.0352, 1.0385, 1.07169, 1.05903, 1.06736, 1.09342, 1.0857, 1.09901, 1.11945, 1.13386, 1.11464, 1.11494, 1.13171, 1.15333, 1.16704, 1.15255, 1.18569, 1.16391, 1.19209, 1.18045, 1.20905, 1.20099, 1.21927, 1.23312, 1.23207, 1.24129, 1.2491, 1.25112, 1.27118, 1.27605, 1.30224, 1.30607, 1.28951, 1.31187, 1.30596, 1.33478, 1.34468, 1.33478, 1.33607, 1.34725, 1.38436, 1.36445, 1.37185, 1.406, 1.41253, 1.42353, 1.4263, 1.4189, 1.45105, 1.43119, 1.45032, 1.46092, 1.46937, 1.47819, 1.47795, 1.47265, 1.49172, 1.49043, 1.50643, 1.52948, 1.53169, 1.52471, 1.57316, 1.55139, 1.56148, 1.57813, 1.56738, 1.58018, 1.59638, 1.60617, 1.61261, 1.62608, 1.64555, 1.6473, 1.65481, 1.66162, 1.65505, 1.67155, 1.66833, 1.67953, 1.6791, 1.69016, 1.7133, 1.70591, 1.71683, 1.77964, 1.74884, 1.75034, 1.75954, 1.77445, 1.76029, 1.80467, 1.80775, 1.80907, 1.8166, 1.82087, 1.82732, 1.82984, 1.86178, 1.86218, 1.86812, 1.86792, 1.87203, 1.8874, 1.89519, 1.89964, 1.9301, 1.91817, 1.97537, 1.95213, 1.93297, 1.9435, 1.96456, 1.96625, 1.97698, 2.01122, 2.00417, 2.0047, 2.01442, 2.018, 2.03817, 2.0764, 2.05538, 2.06383, 2.0564, 2.06886, 2.09682, 2.09032, 2.11403, 2.09703, 2.09729, 2.12195, 2.14667, 2.15259, 2.13739, 2.15531, 2.17039, 2.17811, 2.19135, 2.18457, 2.20519, 2.23202, 2.21719, 2.21876, 2.24214, 2.25323, 2.26555, 2.26616, 2.27279, 2.27543, 2.2936, 2.29652, 2.3115, 2.29774, 2.35311, 2.31598, 2.34947, 2.33258, 2.34182, 2.3396, 2.37446, 2.398, 2.38319, 2.40449, 2.42898, 2.42088, 2.42105, 2.43213, 2.45198, 2.44513, 2.48116, 2.483, 2.49802, 2.50713, 2.50552, 2.51463, 2.51486, 2.52477, 2.49842, 2.51328, 2.51274, 2.53978, 2.54287, 2.57772, 2.57431, 2.59974, 2.59333, 2.63354, 2.61451, 2.61293, 2.62259, 2.63013, 2.63856, 2.65418, 2.67516, 2.69072, 2.67606, 2.71175, 2.68216, 2.69232, 2.71668, 2.70184, 2.69805, 2.76642, 2.73846, 2.7252, 2.78106, 2.75556, 2.77398, 2.80456, 2.80774, 2.80912, 2.78855, 2.80584, 2.83623, 2.83292, 2.88057, 2.82667, 2.8583, 2.88497, 2.86999, 2.90821, 2.90629, 2.89476, 2.90955, 2.94801, 2.91675, 2.92164, 
0.441746, 0.443092, 0.487762, 0.489304, 0.470737, 0.477006, 0.482773, 0.496918, 0.524567, 0.535485, 0.542219, 0.53649, 0.562352, 0.557758, 0.556221, 0.562625, 0.568843, 0.589814, 0.59805, 0.631573, 0.625927, 0.611358, 0.629844, 0.632272, 0.639555, 0.668319, 0.658912, 0.660465, 0.67587, 0.695863, 0.71144, 0.732177, 0.714948, 0.748392, 0.746922, 0.744845, 0.745676, 0.7469, 0.750155, 0.776278, 0.766396, 0.805404, 0.802487, 0.805249, 0.829663, 0.82142, 0.866899, 0.837266, 0.835307, 0.835974, 0.870245, 0.873251, 0.874853, 0.889185, 0.889189, 0.895961, 0.905763, 0.906854, 0.931445, 0.950106, 0.949273, 0.962788, 0.950029, 0.958153, 0.973585, 0.977702, 0.979099, 1.00477, 1.00946, 1.01107, 1.03756, 1.02523, 1.0508, 1.04372, 1.04366, 1.05741, 1.05725, 1.0809, 1.09124, 1.09808, 1.08672, 1.09682, 1.11945, 1.14359, 1.1339, 1.13071, 1.15091, 1.16504, 1.16613, 1.16656, 1.16884, 1.18234, 1.18814, 1.21929, 1.2032, 1.21171, 1.22111, 1.2292, 1.26863, 1.25077, 1.26553, 1.25816, 1.28835, 1.29978, 1.31475, 1.31499, 1.3138, 1.31024, 1.32032, 1.33067, 1.33739, 1.36232, 1.36194, 1.37969, 1.39316, 1.3952, 1.38224, 1.41679, 1.4131, 1.41268, 1.41511, 1.42957, 1.45, 1.43583, 1.46524, 1.48795, 1.46905, 1.49628, 1.48126, 1.52069, 1.49366, 1.52245, 1.53362, 1.52216, 1.52771, 1.54842, 1.55133, 1.58248, 1.60382, 1.57595, 1.57362, 1.60586, 1.60638, 1.60071, 1.62113, 1.63446, 1.63181, 1.63312, 1.64478, 1.64805, 1.6732, 1.69257, 1.68475, 1.70621, 1.69461, 1.72445, 1.71257, 1.72071, 1.72859, 1.7421, 1.76216, 1.75896, 1.76059, 1.7789, 1.80395, 1.80801, 1.80659, 1.83183, 1.83331, 1.83051, 1.8325, 1.83388, 1.84805, 1.85434, 1.85888, 1.87286, 1.87237, 1.90668, 1.90437, 1.90678, 1.90573, 1.92929, 1.9233, 1.96653, 1.96061, 2.00407, 2.01063, 1.98652, 2.00151, 1.98687, 1.99166, 2.02823, 2.02286, 2.02224, 2.03588, 2.05341, 2.05204, 2.07547, 2.07597, 2.08629, 2.09204, 2.09882, 2.11801, 2.10136, 2.11897, 2.13384, 2.17315, 2.15276, 2.17312, 2.17285, 2.17187, 2.18034, 2.18548, 2.22851, 2.20111, 2.20836, 2.22346, 2.24516, 2.27012, 2.25011, 2.28312, 2.3022, 2.27634, 2.27918, 2.31125, 2.31389, 2.30775, 2.3431, 2.33479, 2.34217, 2.32925, 2.3568, 2.34542, 2.38835, 2.38692, 2.39376, 2.39809, 2.39082, 2.4149, 2.42336, 2.43222, 2.43775, 2.43561, 2.46748, 2.47411, 2.48742, 2.49557, 2.51934, 2.50769, 2.53642, 2.54314, 2.56338, 2.55653, 2.54061, 2.56349, 2.54087, 2.54229, 2.59199, 2.63001, 2.59793, 2.63895, 2.61165, 2.60285, 2.64686, 2.6197, 2.66707, 2.67967, 2.67431, 2.68788, 2.6676, 2.71912, 2.6886, 2.68086, 2.72413, 2.75747, 2.71802, 2.72576, 2.74358, 2.78132, 2.77439, 2.76488, 2.80299, 2.77327, 2.80815, 2.81146, 2.82363, 2.82896, 2.81522, 2.827, 2.85311, 2.85405, 2.84333, 2.84028, 2.89934, 2.89539, 2.91656, 2.89458, 2.89462, 2.92068, 2.94699, 
0.446845, 0.441657, 0.439973, 0.471016, 0.459741, 0.505506, 0.505121, 0.498018, 0.493973, 0.506041, 0.536507, 0.555254, 0.550841, 0.539419, 0.560622, 0.56696, 0.567068, 0.604343, 0.594108, 0.626337, 0.630093, 0.633642, 0.63348, 0.662691, 0.685199, 0.656304, 0.677091, 0.690704, 0.70128, 0.698434, 0.682598, 0.704842, 0.720141, 0.719462, 0.71823, 0.719189, 0.780989, 0.742132, 0.75657, 0.755963, 0.756914, 0.775088, 0.797453, 0.795471, 0.812107, 0.834439, 0.850025, 0.844118, 0.836516, 0.870355, 0.84611, 0.867121, 0.864073, 0.89122, 0.905361, 0.894426, 0.892483, 0.901883, 0.926297, 0.918479, 0.930101, 0.934377, 0.952269, 0.953648, 0.97827, 0.982208, 0.981844, 0.993186, 0.993679, 1.03062, 1.01479, 1.03963, 1.02419, 1.03032, 1.03997, 1.04712, 1.05692, 1.05994, 1.06687, 1.10091, 1.1033, 1.10232, 1.09846, 1.11311, 1.13438, 1.13564, 1.14832, 1.16272, 1.18178, 1.15939, 1.17106, 1.18285, 1.1763, 1.19677, 1.21274, 1.23124, 1.23283, 1.24377, 1.2482, 1.25719, 1.26099, 1.25992, 1.29516, 1.27109, 1.28788, 1.30989, 1.31731, 1.33122, 1.30737, 1.3481, 1.32964, 1.35653, 1.3566, 1.35946, 1.35942, 1.3704, 1.39948, 1.41716, 1.40344, 1.42892, 1.43083, 1.4271, 1.44406, 1.45396, 1.44513, 1.46518, 1.46902, 1.46593, 1.49895, 1.48349, 1.52306, 1.51383, 1.51756, 1.50916, 1.52676, 1.53057, 1.56301, 1.58556, 1.58517, 1.56849, 1.57563, 1.59074, 1.60355, 1.61834, 1.60727, 1.64564, 1.62478, 1.63458, 1.63358, 1.6625, 1.66494, 1.68876, 1.67235, 1.69288, 1.71795, 1.70216, 1.73442, 1.73091, 1.73097, 1.72446, 1.79243, 1.77357, 1.79018, 1.78542, 1.78524, 1.79264, 1.8005, 1.80597, 1.80374, 1.81801, 1.8345, 1.85846, 1.84881, 1.84489, 1.88695, 1.89184, 1.88514, 1.90097, 1.8989, 1.9012, 1.90673, 1.94152, 1.93237, 1.94533, 1.97492, 1.98041, 2.00473, 1.96778, 1.98715, 2.00926, 2.0093, 2.0267, 2.02828, 2.01575, 2.02907, 2.03953, 2.03986, 2.04524, 2.07306, 2.09839, 2.08015, 2.10639, 2.10337, 2.10191, 2.10898, 2.12983, 2.12928, 2.15523, 2.15957, 2.19156, 2.16475, 2.16616, 2.21439, 2.21523, 2.19812, 2.25994, 2.25971, 2.2295, 2.29591, 2.22645, 2.25178, 2.27344, 2.27353, 2.25704, 2.27801, 2.28683, 2.32516, 2.32221, 2.34087, 2.34489, 2.36597, 2.36066, 2.35446, 2.34586, 2.36869, 2.37009, 2.39766, 2.4393, 2.43983, 2.43003, 2.4472, 2.44831, 2.44862, 2.43601, 2.44451, 2.47719, 2.50173, 2.50775, 2.48606, 2.48654, 2.51158, 2.50334, 2.55692, 2.53363, 2.5492, 2.54849, 2.54982, 2.55396, 2.57475, 2.63666, 2.59191, 2.61608, 2.61743, 2.62258, 2.61506, 2.63266, 2.66151, 2.66416, 2.68107, 2.69407, 2.67469, 2.70235, 2.70125, 2.72398, 2.71852, 2.72233, 2.72195, 2.71983, 2.77371, 2.78082, 2.75815, 2.7674, 2.8111, 2.79481, 2.80236, 2.80167, 2.85525, 2.86486, 2.81966, 2.83381, 2.83275, 2.88765, 2.88158, 2.92606, 2.89956, 2.88136, 2.91878, 2.91213, 2.90405, 2.90244, 
0.443068, 0.434669, 0.452344, 0.474276, 0.503375, 0.488495, 0.480917, 0.538997, 0.514041, 0.53521, 0.537684, 0.535546, 0.54454, 0.543835, 0.574498, 0.570395, 0.56371, 0.610084, 0.604165, 0.636059, 0.632034, 0.619244, 0.622703, 0.622366, 0.648944, 0.642294, 0.642032, 0.658373, 0.670605, 0.689513, 0.701214, 0.69365, 0.743385, 0.72636, 0.707752, 0.733108, 0.724675, 0.765867, 0.763916, 0.765673, 0.763236, 0.770033, 0.801571, 0.810234, 0.8161, 0.827091, 0.832704, 0.832274, 0.832728, 0.852784, 0.852979, 0.86453, 0.877104, 0.877675, 0.900478, 0.887193, 0.891288, 0.90863, 0.915979, 0.911036, 0.919655, 0.95729, 0.946226, 0.970341, 0.963351, 0.966553, 0.98182, 0.983808, 0.992674, 1.02371, 1.0115, 1.01688, 1.04535, 1.04757, 1.03479, 1.04721, 1.07055, 1.07199, 1.06295, 1.11311, 1.08063, 1.09039, 1.09292, 1.09179, 1.11743, 1.12196, 1.15113, 1.1426, 1.14996, 1.1621, 1.16798, 1.1749, 1.17844, 1.19117, 1.20572, 1.20447, 1.21277, 1.23091, 1.23633, 1.26446, 1.24228, 1.26766, 1.2675, 1.27528, 1.27903, 1.30913, 1.29029, 1.30344, 1.29504, 1.33055, 1.3292, 1.33624, 1.33611, 1.36122, 1.36136, 1.3842, 1.38057, 1.39986, 1.40156, 1.42788, 1.42812, 1.44232, 1.43771, 1.4313, 1.45497, 1.4507, 1.4686, 1.46989, 1.47838, 1.50244, 1.50259, 1.50311, 1.53009, 1.54541, 1.51354, 1.5268, 1.54129, 1.55722, 1.56209, 1.58589, 1.5939, 1.60215, 1.60654, 1.60833, 1.61721, 1.63022, 1.63345, 1.6279, 1.65512, 1.66928, 1.69251, 1.6892, 1.68783, 1.69801, 1.70771, 1.689, 1.71433, 1.73074, 1.75061, 1.72424, 1.79252, 1.7674, 1.77322, 1.77475, 1.7814, 1.8105, 1.80666, 1.79918, 1.81372, 1.80966, 1.83344, 1.85434, 1.85323, 1.89063, 1.85139, 1.89472, 1.88097, 1.87885, 1.88275, 1.90005, 1.89907, 1.93781, 1.9173, 1.98575, 1.96224, 1.99186, 1.97304, 1.97901, 1.99807, 2.0152, 2.00192, 2.00275, 2.03698, 2.04192, 2.0156, 2.06937, 2.04163, 2.07027, 2.08661, 2.09377, 2.08688, 2.08494, 2.10291, 2.12464, 2.13432, 2.13553, 2.14306, 2.12269, 2.17967, 2.15888, 2.19348, 2.19393, 2.2014, 2.18985, 2.20204, 2.20374, 2.22457, 2.22462, 2.22718, 2.26202, 2.23714, 2.24701, 2.2628, 2.28101, 2.2795, 2.28014, 2.33135, 2.32888, 2.30207, 2.32154, 2.3426, 2.36353, 2.36001, 2.37112, 2.35616, 2.41147, 2.40355, 2.40214, 2.4048, 2.41983, 2.42657, 2.45656, 2.44609, 2.43508, 2.4473, 2.45315, 2.45577, 2.48021, 2.49905, 2.47994, 2.51183, 2.51088, 2.53546, 2.52902, 2.55873, 2.54253, 2.56416, 2.59151, 2.57841, 2.60189, 2.58398, 2.583, 2.59932, 2.6149, 2.61633, 2.64731, 2.65409, 2.69414, 2.67206, 2.67232, 2.66776, 2.69055, 2.71835, 2.72652, 2.70428, 2.72919, 2.74358, 2.73488, 2.80561, 2.80592, 2.75519, 2.76474, 2.78231, 2.7871, 2.81217, 2.81306, 2.82317, 2.8366, 2.87099, 2.84145, 2.83157, 2.87813, 2.88593, 2.87224, 2.85388, 2.89822, 2.86893, 2.90218, 2.91297, 2.93801, 
0.436127, 0.465829, 0.469184, 0.468843, 0.497193, 0.476579, 0.502039, 0.490467, 0.496472, 0.519746, 0.532523, 0.522361, 0.549932, 0.563075, 0.561615, 0.547858, 0.559893, 0.590219, 0.588357, 0.611526, 0.594192, 0.650503, 0.658599, 0.612056, 0.642445, 0.66693, 0.663086, 0.664276, 0.679731, 0.673006, 0.708523, 0.694564, 0.714793, 0.730283, 0.747396, 0.711313, 0.726982, 0.762634, 0.746049, 0.770307, 0.766626, 0.792703, 0.776198, 0.799946, 0.78521, 0.812283, 0.840637, 0.84947, 0.850297, 0.84733, 0.856367, 0.850785, 0.864028, 0.863774, 0.880604, 0.89835, 0.912736, 0.899704, 0.899636, 0.935279, 0.952894, 0.928498, 0.957752, 0.946428, 0.981508, 0.989333, 0.984672, 1.00742, 1.00537, 0.99314, 1.00591, 1.01904, 1.01593, 1.02328, 1.03981, 1.03587, 1.06124, 1.06782, 1.08622, 1.09117, 1.07264, 1.11906, 1.11934, 1.10523, 1.11538, 1.12031, 1.12581, 1.13252, 1.16123, 1.15965, 1.19916, 1.16784, 1.19244, 1.20781, 1.19812, 1.2051, 1.22343, 1.22712, 1.22766, 1.23513, 1.23908, 1.25512, 1.25783, 1.27769, 1.26928, 1.2967, 1.29786, 1.31333, 1.31231, 1.31253, 1.33679, 1.32705, 1.33259, 1.35588, 1.36107, 1.37894, 1.36422, 1.38463, 1.38996, 1.39598, 1.40618, 1.41928, 1.43125, 1.44409, 1.46718, 1.46507, 1.49167, 1.4717, 1.5095, 1.4854, 1.48553, 1.51451, 1.51359, 1.51671, 1.52618, 1.52626, 1.55377, 1.55422, 1.55819, 1.57726, 1.5744, 1.60639, 1.59044, 1.58988, 1.60577, 1.63177, 1.63119, 1.63467, 1.64041, 1.65862, 1.65491, 1.6897, 1.67416, 1.70693, 1.69511, 1.69577, 1.73436, 1.71711, 1.7445, 1.7299, 1.74607, 1.74458, 1.74386, 1.77308, 1.77043, 1.78306, 1.79541, 1.80763, 1.81382, 1.82694, 1.84134, 1.84538, 1.83052, 1.86453, 1.87233, 1.86955, 1.87979, 1.89652, 1.88252, 1.9195, 1.91654, 1.92384, 1.9218, 1.93884, 1.94875, 1.94146, 1.97111, 1.96915, 1.96964, 1.98887, 1.99705, 2.02591, 2.01022, 2.01065, 2.03891, 2.05495, 2.05144, 2.03858, 2.0565, 2.07833, 2.06958, 2.0764, 2.10787, 2.11651, 2.15608, 2.14085, 2.12423, 2.12485, 2.1728, 2.1515, 2.15173, 2.17716, 2.17925, 2.1948, 2.18038, 2.19055, 2.2172, 2.24226, 2.22191, 2.23203, 2.26527, 2.26229, 2.29054, 2.25912, 2.27987, 2.28002, 2.2957, 2.34488, 2.33504, 2.30378, 2.35648, 2.33608, 2.37058, 2.38829, 2.38008, 2.39377, 2.39856, 2.38722, 2.39767, 2.40508, 2.42854, 2.42793, 2.43069, 2.44919, 2.45636, 2.45688, 2.4429, 2.48747, 2.48789, 2.49979, 2.53849, 2.49932, 2.54593, 2.53906, 2.54566, 2.52942, 2.55966, 2.56249, 2.57653, 2.57644, 2.60339, 2.592, 2.58764, 2.63953, 2.66331, 2.64635, 2.61893, 2.66615, 2.65576, 2.67364, 2.67065, 2.66496, 2.67701, 2.68494, 2.70571, 2.69608, 2.74291, 2.74475, 2.71991, 2.77055, 2.78417, 2.77859, 2.78178, 2.80241, 2.77568, 2.80468, 2.80314, 2.84022, 2.85406, 2.83335, 2.90572, 2.84742, 2.85548, 2.85146, 2.85429, 2.89131, 2.89551, 2.8838, 2.95003, 2.91661, 
0.466092, 0.445504, 0.469278, 0.46181, 0.479871, 0.479963, 0.476294, 0.475919, 0.487361, 0.504262, 0.503488, 0.535322, 0.523138, 0.526413, 0.553077, 0.572857, 0.580352, 0.574256, 0.58192, 0.575868, 0.629121, 0.602738, 0.611971, 0.638435, 0.639227, 0.637903, 0.651761, 0.649255, 0.674166, 0.676925, 0.683421, 0.684488, 0.708051, 0.717741, 0.721421, 0.732958, 0.719114, 0.732736, 0.745468, 0.770819, 0.771147, 0.771421, 0.786109, 0.776629, 0.801944, 0.808962, 0.818495, 0.828817, 0.836254, 0.822227, 0.832751, 0.875721, 0.872159, 0.870668, 0.870908, 0.875354, 0.903511, 0.907662, 0.910037, 0.937578, 0.936608, 0.945298, 0.949877, 0.941914, 0.948931, 0.954039, 0.961189, 0.985953, 0.983976, 0.983024, 0.997515, 1.01209, 1.0329, 1.03482, 1.01858, 1.04961, 1.04148, 1.06046, 1.07727, 1.06645, 1.07091, 1.08399, 1.11546, 1.09641, 1.10724, 1.11168, 1.12926, 1.14716, 1.16344, 1.14996, 1.15265, 1.16979, 1.19609, 1.18162, 1.19152, 1.19468, 1.21249, 1.21286, 1.24768, 1.22858, 1.26046, 1.25379, 1.27786, 1.27412, 1.2715, 1.29893, 1.31666, 1.30126, 1.30804, 1.32425, 1.33816, 1.32211, 1.32989, 1.35314, 1.36762, 1.39206, 1.3866, 1.38302, 1.39528, 1.38619, 1.41381, 1.40991, 1.43923, 1.42799, 1.44429, 1.43805, 1.44513, 1.45001, 1.47031, 1.49469, 1.50934, 1.49261, 1.51651, 1.51654, 1.5357, 1.53335, 1.54195, 1.55417, 1.55176, 1.55489, 1.57934, 1.57508, 1.57579, 1.60347, 1.60946, 1.63391, 1.63513, 1.62731, 1.63937, 1.63836, 1.64856, 1.65429, 1.66806, 1.67954, 1.67576, 1.70545, 1.72142, 1.70371, 1.71071, 1.74374, 1.74024, 1.74802, 1.76798, 1.76449, 1.78034, 1.77869, 1.77834, 1.79565, 1.80025, 1.83077, 1.82108, 1.82026, 1.83378, 1.83345, 1.86983, 1.86124, 1.87037, 1.87981, 1.89117, 1.89357, 1.92066, 1.91553, 1.91213, 1.91161, 1.92365, 1.95637, 1.95796, 1.97727, 1.97381, 1.97633, 1.9862, 1.98454, 2.00708, 2.00546, 2.03607, 2.03426, 2.04156, 2.0401, 2.09692, 2.06923, 2.08363, 2.08053, 2.09361, 2.09664, 2.11199, 2.11305, 2.11707, 2.142, 2.1528, 2.16551, 2.16951, 2.16566, 2.19956, 2.17101, 2.20716, 2.18033, 2.20646, 2.2075, 2.22611, 2.22952, 2.24914, 2.28075, 2.28682, 2.26755, 2.26671, 2.28062, 2.30403, 2.30772, 2.33307, 2.31388, 2.34311, 2.32854, 2.34952, 2.34952, 2.35566, 2.37112, 2.41163, 2.38933, 2.40511, 2.39939, 2.42509, 2.42445, 2.4512, 2.46261, 2.43649, 2.43507, 2.44897, 2.5043, 2.4932, 2.47715, 2.48462, 2.5224, 2.51624, 2.53587, 2.53639, 2.53884, 2.54379, 2.5772, 2.57747, 2.56918, 2.56283, 2.63258, 2.63975, 2.61368, 2.62008, 2.62107, 2.65264, 2.64727, 2.64537, 2.64714, 2.66972, 2.69513, 2.71019, 2.72602, 2.68372, 2.71285, 2.71607, 2.72546, 2.73344, 2.73525, 2.77889, 2.75274, 2.75788, 2.80417, 2.78985, 2.78317, 2.81394, 2.82098, 2.82544, 2.90606, 2.85857, 2.88271, 2.8499, 2.87471, 2.8569, 2.89247, 2.86959, 2.8985, 2.89797, 2.90582, 
0.462856, 0.434501, 0.432387, 0.473599, 0.449621, 0.49295, 0.502, 0.500941, 0.497136, 0.493963, 0.541151, 0.53871, 0.525568, 0.535775, 0.592269, 0.556212, 0.573993, 0.579547, 0.615554, 0.597288, 0.595065, 0.588516, 0.625201, 0.611223, 0.651199, 0.645739, 0.635828, 0.656557, 0.65291, 0.708162, 0.686732, 0.686785, 0.694227, 0.698115, 0.700535, 0.736769, 0.730331, 0.732088, 0.755054, 0.767436, 0.743044, 0.777908, 0.790994, 0.793914, 0.780667, 0.789431, 0.790505, 0.815402, 0.836398, 0.81906, 0.826414, 0.836768, 0.857598, 0.856937, 0.887646, 0.867191, 0.901336, 0.897315, 0.897982, 0.925019, 0.911979, 0.949846, 0.942906, 0.971293, 0.974703, 0.956566, 0.956092, 0.995597, 0.974406, 0.974238, 1.01629, 1.02876, 1.02832, 1.05203, 1.05244, 1.04438, 1.05671, 1.05684, 1.05662, 1.08723, 1.06735, 1.09433, 1.10666, 1.09194, 1.10234, 1.10914, 1.13846, 1.12076, 1.13123, 1.14312, 1.14665, 1.16702, 1.17562, 1.17616, 1.18657, 1.19134, 1.20562, 1.23379, 1.23107, 1.2338, 1.24426, 1.24509, 1.26797, 1.28173, 1.26725, 1.27818, 1.30234, 1.30478, 1.32088, 1.32246, 1.3169, 1.31709, 1.34179, 1.36981, 1.3729, 1.3709, 1.36426, 1.37949, 1.39662, 1.41675, 1.41344, 1.41407, 1.41334, 1.43066, 1.45198, 1.44454, 1.46598, 1.46579, 1.47569, 1.48533, 1.49691, 1.49366, 1.51469, 1.52672, 1.51689, 1.52001, 1.53761, 1.53907, 1.55112, 1.57275, 1.55835, 1.57764, 1.58983, 1.58498, 1.58688, 1.61338, 1.60098, 1.61748, 1.61629, 1.63605, 1.6353, 1.662, 1.68488, 1.66899, 1.66619, 1.72711, 1.71987, 1.71882, 1.73517, 1.72874, 1.7434, 1.75505, 1.76178, 1.77624, 1.78642, 1.78437, 1.78509, 1.79806, 1.80745, 1.81106, 1.81499, 1.85133, 1.84138, 1.84468, 1.87181, 1.86487, 1.9, 1.891, 1.90793, 1.87941, 1.89535, 1.93795, 1.92439, 1.91987, 1.9559, 1.93408, 1.95934, 1.95651, 1.96944, 1.96516, 1.97864, 1.98012, 2.0356, 2.01362, 2.03525, 2.03761, 2.04011, 2.05887, 2.0591, 2.05857, 2.06939, 2.07235, 2.07989, 2.12106, 2.10446, 2.11159, 2.1125, 2.1298, 2.14855, 2.16957, 2.15672, 2.15488, 2.1688, 2.17328, 2.17856, 2.2038, 2.20727, 2.21435, 2.22555, 2.21749, 2.2281, 2.23292, 2.25887, 2.26344, 2.28604, 2.31203, 2.29157, 2.28817, 2.31578, 2.35574, 2.32898, 2.35349, 2.34191, 2.38029, 2.37618, 2.37635, 2.38674, 2.3939, 2.39914, 2.42444, 2.41174, 2.43564, 2.43206, 2.42419, 2.45647, 2.48766, 2.46943, 2.47386, 2.4764, 2.49145, 2.49465, 2.49608, 2.50156, 2.54579, 2.50679, 2.55112, 2.53873, 2.58804, 2.57095, 2.56008, 2.57834, 2.59148, 2.58829, 2.58576, 2.62259, 2.63264, 2.66594, 2.66637, 2.68812, 2.68852, 2.7317, 2.6613, 2.68471, 2.68447, 2.71381, 2.70327, 2.73678, 2.75275, 2.71829, 2.74963, 2.77651, 2.78523, 2.78449, 2.75406, 2.79627, 2.75933, 2.80224, 2.80286, 2.85352, 2.83269, 2.86374, 2.84311, 2.86144, 2.86603, 2.8626, 2.8748, 2.89142, 2.90334, 2.95759, 2.94033, 
0.431281, 0.445772, 0.462144, 0.452587, 0.487586, 0.483392, 0.466316, 0.494059, 0.479551, 0.508586, 0.529541, 0.518861, 0.525386, 0.52829, 0.537402, 0.550392, 0.579837, 0.552853, 0.604681, 0.604122, 0.605142, 0.603117, 0.630024, 0.601039, 0.611004, 0.617434, 0.662369, 0.644087, 0.644738, 0.677029, 0.665708, 0.676188, 0.67809, 0.696922, 0.700263, 0.711453, 0.717913, 0.739261, 0.740238, 0.728558, 0.736007, 0.784652, 0.795764, 0.810551, 0.776533, 0.777162, 0.812657, 0.815032, 0.801858, 0.838064, 0.837313, 0.853875, 0.854392, 0.874086, 0.860419, 0.908369, 0.874783, 0.899471, 0.891473, 0.896463, 0.913037, 0.914713, 0.932504, 0.949057, 0.934581, 0.946016, 0.967603, 0.984026, 0.984207, 0.988404, 0.988558, 1.00032, 1.0711, 1.05895, 1.05705, 1.03314, 1.03874, 1.04364, 1.06333, 1.06075, 1.08157, 1.07402, 1.08478, 1.12595, 1.10113, 1.10855, 1.12199, 1.11887, 1.15011, 1.14126, 1.14708, 1.15188, 1.15484, 1.18519, 1.17887, 1.2047, 1.22892, 1.20943, 1.21374, 1.22608, 1.23149, 1.26135, 1.26579, 1.25749, 1.26669, 1.26114, 1.28212, 1.28377, 1.29523, 1.29572, 1.32338, 1.31711, 1.32401, 1.3543, 1.34669, 1.35016, 1.35833, 1.36032, 1.38189, 1.3756, 1.39292, 1.42482, 1.42034, 1.4325, 1.4382, 1.43405, 1.44649, 1.46116, 1.45289, 1.46542, 1.47735, 1.48577, 1.4982, 1.4998, 1.5026, 1.50981, 1.54455, 1.52964, 1.54462, 1.56587, 1.57534, 1.55601, 1.6027, 1.58853, 1.59029, 1.60623, 1.60677, 1.61898, 1.62655, 1.65603, 1.65182, 1.65083, 1.6685, 1.66979, 1.67124, 1.67243, 1.70718, 1.70253, 1.69624, 1.73824, 1.7386, 1.73741, 1.74631, 1.75139, 1.76445, 1.77968, 1.7812, 1.77336, 1.81507, 1.81437, 1.81373, 1.81533, 1.82787, 1.8296, 1.84402, 1.8594, 1.85747, 1.86821, 1.88996, 1.88381, 1.89418, 1.91073, 1.90826, 1.90943, 1.92611, 1.92697, 1.9538, 1.96651, 1.96802, 1.97282, 1.97411, 2.02185, 2.00034, 2.00946, 2.00005, 2.02165, 2.02082, 2.04546, 2.06196, 2.0616, 2.0621, 2.10085, 2.10091, 2.09426, 2.1098, 2.09798, 2.10804, 2.1277, 2.14885, 2.12827, 2.17961, 2.17224, 2.18028, 2.17752, 2.20043, 2.19522, 2.19455, 2.2058, 2.22505, 2.21895, 2.21228, 2.22879, 2.27731, 2.29115, 2.25568, 2.28847, 2.27605, 2.32518, 2.3244, 2.33587, 2.32066, 2.3553, 2.36307, 2.35961, 2.36622, 2.39106, 2.35152, 2.37829, 2.4101, 2.42793, 2.41037, 2.43336, 2.47657, 2.43827, 2.44683, 2.44694, 2.45632, 2.48249, 2.44912, 2.49999, 2.48239, 2.49687, 2.54796, 2.53986, 2.54383, 2.54633, 2.5389, 2.58054, 2.58754, 2.56325, 2.59751, 2.56777, 2.62518, 2.59983, 2.61926, 2.6349, 2.62565, 2.62918, 2.64941, 2.68806, 2.6801, 2.69492, 2.71957, 2.70073, 2.68729, 2.71954, 2.70707, 2.74523, 2.73335, 2.70974, 2.76409, 2.77722, 2.74904, 2.76139, 2.76341, 2.76283, 2.7862, 2.79811, 2.83153, 2.82357, 2.81552, 2.8422, 2.84441, 2.8542, 2.85202, 2.8744, 2.88077, 2.89197, 2.93003, 2.87493, 
0.430677, 0.432267, 0.433629, 0.459766, 0.473029, 0.44676, 0.477029, 0.474631, 0.511312, 0.500109, 0.537419, 0.532407, 0.536007, 0.532711, 0.525894, 0.525136, 0.561917, 0.560139, 0.589391, 0.590198, 0.591223, 0.606616, 0.611701, 0.625247, 0.635468, 0.635496, 0.631439, 0.642709, 0.65989, 0.666798, 0.672335, 0.673606, 0.677339, 0.676644, 0.725381, 0.698329, 0.723003, 0.728705, 0.717882, 0.768196, 0.742436, 0.742677, 0.779483, 0.789926, 0.793221, 0.777084, 0.79592, 0.831947, 0.831067, 0.81623, 0.821919, 0.845802, 0.849134, 0.850146, 0.880402, 0.857187, 0.893934, 0.90918, 0.915269, 0.904716, 0.902237, 0.904862, 0.929799, 0.93958, 0.963696, 0.963544, 0.97147, 0.974204, 0.953737, 0.997432, 0.999052, 0.99086, 0.993853, 1.0211, 1.02649, 1.04539, 1.03849, 1.03543, 1.04765, 1.06791, 1.08174, 1.07128, 1.08462, 1.09568, 1.0947, 1.1056, 1.11375, 1.12286, 1.141, 1.13299, 1.15698, 1.1483, 1.15997, 1.16856, 1.18636, 1.18137, 1.18364, 1.2045, 1.20513, 1.22662, 1.22563, 1.26325, 1.25141, 1.26122, 1.2874, 1.29277, 1.27242, 1.30561, 1.32317, 1.29514, 1.3031, 1.31749, 1.32333, 1.33141, 1.33322, 1.33968, 1.37438, 1.36332, 1.37575, 1.37796, 1.39701, 1.39559, 1.41245, 1.42332, 1.41649, 1.42759, 1.44617, 1.44741, 1.47139, 1.48494, 1.48211, 1.47687, 1.48608, 1.49372, 1.50295, 1.52277, 1.51433, 1.52156, 1.53339, 1.53327, 1.56696, 1.5714, 1.57813, 1.57825, 1.58889, 1.59279, 1.59193, 1.62383, 1.61666, 1.62827, 1.63405, 1.65316, 1.65634, 1.67859, 1.66285, 1.71398, 1.69791, 1.70805, 1.70605, 1.73584, 1.72015, 1.736, 1.72816, 1.74711, 1.76525, 1.78057, 1.76929, 1.76816, 1.79351, 1.7946, 1.81713, 1.81442, 1.83147, 1.835, 1.84922, 1.84848, 1.86765, 1.8855, 1.871, 1.87134, 1.88971, 1.89372, 1.92343, 1.92313, 1.93546, 1.9283, 1.94501, 1.94248, 1.95557, 1.98947, 1.97546, 1.97053, 1.98944, 1.98404, 2.01283, 2.00933, 2.02199, 2.03733, 2.04467, 2.05919, 2.0519, 2.08311, 2.09038, 2.12175, 2.09947, 2.10672, 2.13282, 2.13123, 2.14179, 2.12236, 2.1407, 2.15851, 2.17308, 2.22084, 2.19508, 2.17944, 2.20741, 2.20485, 2.23404, 2.23177, 2.21765, 2.23775, 2.2422, 2.24234, 2.25956, 2.30078, 2.27453, 2.27385, 2.28006, 2.31459, 2.3164, 2.31778, 2.31978, 2.33254, 2.3424, 2.37363, 2.37309, 2.3735, 2.39501, 2.38449, 2.38645, 2.42492, 2.41198, 2.43519, 2.45697, 2.44897, 2.44851, 2.45931, 2.48803, 2.47356, 2.49081, 2.48401, 2.52128, 2.52929, 2.57594, 2.53396, 2.54202, 2.56601, 2.57385, 2.56786, 2.5836, 2.59077, 2.59529, 2.61896, 2.60091, 2.63276, 2.62196, 2.62215, 2.66134, 2.64278, 2.64273, 2.63621, 2.7047, 2.71264, 2.71887, 2.701, 2.73026, 2.73223, 2.71885, 2.72065, 2.7479, 2.77711, 2.77848, 2.77551, 2.77802, 2.79146, 2.83361, 2.8124, 2.8257, 2.82425, 2.85352, 2.82588, 2.85723, 2.85308, 2.8755, 2.88771, 2.89576, 2.87251, 2.88115, 2.89491, 
0.438923, 0.441909, 0.419532, 0.450301, 0.436001, 0.444575, 0.492866, 0.476997, 0.499171, 0.511886, 0.500891, 0.500671, 0.523792, 0.523337, 0.5253, 0.52783, 0.545521, 0.568672, 0.568078, 0.597333, 0.597664, 0.59803, 0.593959, 0.595207, 0.609235, 0.628014, 0.615455, 0.628844, 0.649702, 0.664643, 0.672396, 0.657117, 0.691834, 0.673967, 0.701137, 0.701341, 0.725698, 0.728729, 0.728819, 0.740542, 0.745553, 0.770888, 0.781354, 0.799491, 0.783179, 0.808552, 0.79735, 0.8087, 0.819874, 0.821863, 0.840326, 0.837059, 0.840458, 0.839965, 0.863021, 0.852908, 0.879885, 0.89208, 0.9086, 0.906907, 0.919142, 0.900982, 0.918795, 0.92175, 0.936641, 0.93684, 0.949861, 0.968084, 0.960016, 0.968103, 0.984863, 0.983996, 0.985672, 1.02035, 1.00932, 1.02307, 1.02374, 1.05664, 1.05588, 1.04933, 1.06373, 1.06668, 1.08851, 1.08518, 1.10457, 1.10689, 1.12519, 1.12893, 1.12565, 1.14019, 1.14207, 1.14322, 1.14425, 1.1802, 1.17528, 1.18287, 1.18498, 1.19532, 1.20235, 1.20312, 1.22685, 1.22757, 1.28404, 1.25688, 1.25846, 1.27727, 1.28437, 1.29631, 1.28078, 1.31503, 1.31192, 1.32937, 1.3188, 1.31971, 1.32949, 1.35452, 1.34672, 1.36907, 1.3721, 1.37176, 1.38611, 1.39006, 1.39918, 1.40563, 1.41814, 1.42171, 1.43325, 1.43374, 1.45843, 1.47486, 1.47827, 1.46535, 1.47985, 1.49756, 1.51705, 1.50854, 1.50998, 1.53518, 1.55023, 1.53043, 1.54502, 1.56244, 1.56591, 1.56533, 1.58933, 1.58497, 1.61636, 1.61594, 1.62894, 1.62906, 1.63291, 1.6678, 1.64545, 1.65574, 1.66296, 1.69597, 1.68077, 1.71051, 1.68707, 1.70748, 1.71068, 1.73018, 1.72052, 1.742, 1.76505, 1.758, 1.75661, 1.76543, 1.80963, 1.79277, 1.7927, 1.8064, 1.82685, 1.81364, 1.82851, 1.84818, 1.83616, 1.88556, 1.85874, 1.87236, 1.89628, 1.88863, 1.91559, 1.90018, 1.92086, 1.92185, 1.94837, 1.94874, 1.94928, 1.95249, 1.98196, 1.97218, 1.99697, 1.99763, 2.00802, 2.01536, 2.01676, 2.06595, 2.04393, 2.06902, 2.05207, 2.07679, 2.08158, 2.10417, 2.09801, 2.10878, 2.13913, 2.13462, 2.12741, 2.12567, 2.13104, 2.13045, 2.17269, 2.16645, 2.18757, 2.20534, 2.20098, 2.1808, 2.21913, 2.22686, 2.23551, 2.22345, 2.25818, 2.25891, 2.27918, 2.30831, 2.27004, 2.2744, 2.3082, 2.29723, 2.32117, 2.35302, 2.35925, 2.35946, 2.36672, 2.34087, 2.3941, 2.37034, 2.377, 2.3696, 2.40263, 2.38818, 2.41193, 2.46318, 2.46316, 2.48112, 2.44518, 2.44163, 2.46674, 2.49646, 2.47991, 2.47881, 2.48259, 2.51018, 2.50911, 2.5304, 2.5434, 2.54306, 2.56731, 2.56779, 2.55673, 2.59828, 2.58161, 2.58226, 2.58564, 2.6114, 2.64583, 2.62208, 2.6609, 2.62211, 2.63283, 2.63727, 2.6564, 2.67646, 2.68524, 2.69138, 2.69194, 2.72549, 2.72546, 2.72236, 2.7338, 2.74316, 2.79885, 2.78993, 2.76642, 2.75962, 2.77112, 2.8241, 2.78472, 2.8115, 2.82577, 2.82159, 2.88198, 2.86695, 2.86783, 2.86514, 2.86789, 2.88847, 2.92312, 2.88509, 
0.431978, 0.431929, 0.407397, 0.446164, 0.455705, 0.468944, 0.453044, 0.45256, 0.486408, 0.498471, 0.517875, 0.513281, 0.503228, 0.501635, 0.525706, 0.55175, 0.546932, 0.554786, 0.57482, 0.558101, 0.583515, 0.583136, 0.593455, 0.601494, 0.60875, 0.606949, 0.626019, 0.625175, 0.630649, 0.662429, 0.671424, 0.66069, 0.670008, 0.671361, 0.681721, 0.681385, 0.703516, 0.702236, 0.740351, 0.754748, 0.756493, 0.763147, 0.756082, 0.756283, 0.756148, 0.769691, 0.779789, 0.784591, 0.804447, 0.812913, 0.811329, 0.83593, 0.82385, 0.853346, 0.846776, 0.884125, 0.866061, 0.88032, 0.885239, 0.890306, 0.892637, 0.897382, 0.907985, 0.911404, 0.940004, 0.932363, 0.955588, 0.946138, 0.95511, 0.973631, 0.97536, 0.980075, 0.996048, 0.998138, 1.01921, 1.0341, 1.02024, 1.03345, 1.0384, 1.05306, 1.07716, 1.05835, 1.07069, 1.07722, 1.08825, 1.11201, 1.1124, 1.11802, 1.11947, 1.1315, 1.15115, 1.13393, 1.15271, 1.14651, 1.17454, 1.17724, 1.20135, 1.21521, 1.19246, 1.21938, 1.21958, 1.22406, 1.23417, 1.2464, 1.26111, 1.26094, 1.27461, 1.2825, 1.29265, 1.28512, 1.29144, 1.31394, 1.30811, 1.33753, 1.33113, 1.35027, 1.35607, 1.35492, 1.35712, 1.37189, 1.37026, 1.39125, 1.39302, 1.41439, 1.41406, 1.41415, 1.42481, 1.4312, 1.45396, 1.45532, 1.46354, 1.46086, 1.46963, 1.502, 1.49639, 1.50914, 1.51303, 1.51616, 1.51746, 1.52952, 1.54327, 1.55352, 1.56895, 1.56855, 1.5732, 1.59366, 1.59235, 1.6035, 1.61112, 1.616, 1.62014, 1.64148, 1.63486, 1.64862, 1.66476, 1.67141, 1.70018, 1.67708, 1.70274, 1.69778, 1.73158, 1.74054, 1.7297, 1.73383, 1.75582, 1.74827, 1.7588, 1.78287, 1.79349, 1.79725, 1.7895, 1.8082, 1.84864, 1.82602, 1.8235, 1.82537, 1.85132, 1.86167, 1.8526, 1.87756, 1.8761, 1.8897, 1.89415, 1.92413, 1.91073, 1.93759, 1.93666, 1.93183, 1.94195, 1.94958, 1.9656, 1.98303, 1.99102, 2.01026, 1.99, 2.0143, 2.00798, 2.03493, 2.02984, 2.05179, 2.04444, 2.05584, 2.05771, 2.05783, 2.11383, 2.09025, 2.08718, 2.08724, 2.11015, 2.13194, 2.12215, 2.15718, 2.13819, 2.16585, 2.18293, 2.18275, 2.19444, 2.21083, 2.2051, 2.19334, 2.2169, 2.23621, 2.22837, 2.29395, 2.2721, 2.27603, 2.30046, 2.27633, 2.29022, 2.31228, 2.30554, 2.34541, 2.32557, 2.3161, 2.33872, 2.33498, 2.36806, 2.3681, 2.36451, 2.39088, 2.40715, 2.40186, 2.45692, 2.40859, 2.43145, 2.43596, 2.46704, 2.4572, 2.46589, 2.4879, 2.46223, 2.5077, 2.52297, 2.47426, 2.48919, 2.52211, 2.52993, 2.51193, 2.57397, 2.53614, 2.56387, 2.56476, 2.57059, 2.59405, 2.59064, 2.59147, 2.62279, 2.60067, 2.63179, 2.63915, 2.65117, 2.66058, 2.68379, 2.65575, 2.67512, 2.69845, 2.69704, 2.6952, 2.72887, 2.7236, 2.72009, 2.73951, 2.73319, 2.76832, 2.76433, 2.80796, 2.80838, 2.78309, 2.7787, 2.81968, 2.83354, 2.83069, 2.82289, 2.81984, 2.83148, 2.88915, 2.84099, 2.86782, 2.86891, 2.88547, 
0.412049, 0.420052, 0.440979, 0.444965, 0.445001, 0.45554, 0.455554, 0.486511, 0.453411, 0.486399, 0.51352, 0.512423, 0.49977, 0.499638, 0.504205, 0.528206, 0.541843, 0.528859, 0.570858, 0.576709, 0.56457, 0.570478, 0.598301, 0.582859, 0.601524, 0.607585, 0.60544, 0.615975, 0.635485, 0.65417, 0.674511, 0.673933, 0.70433, 0.680903, 0.686599, 0.701912, 0.717988, 0.693617, 0.748432, 0.749433, 0.725352, 0.760337, 0.740504, 0.784235, 0.785055, 0.771645, 0.812026, 0.784059, 0.801922, 0.796091, 0.797504, 0.843425, 0.818091, 0.846617, 0.847021, 0.838702, 0.867231, 0.859928, 0.876694, 0.878008, 0.879231, 0.889698, 0.898031, 0.94195, 0.944467, 0.931868, 0.943085, 0.95276, 0.968491, 0.95769, 0.962659, 0.973866, 1.0016, 0.986959, 1.01165, 1.01309, 1.04312, 1.06815, 1.0372, 1.05722, 1.05099, 1.05802, 1.06514, 1.0777, 1.08457, 1.08711, 1.10551, 1.10327, 1.12495, 1.11395, 1.1549, 1.13656, 1.14337, 1.17077, 1.16337, 1.16359, 1.17731, 1.18192, 1.19304, 1.21624, 1.2067, 1.2195, 1.24762, 1.24172, 1.25067, 1.25208, 1.26043, 1.27478, 1.27553, 1.29867, 1.28813, 1.31236, 1.32299, 1.31097, 1.3318, 1.33417, 1.36515, 1.34997, 1.36087, 1.37782, 1.38527, 1.39612, 1.38037, 1.38972, 1.42405, 1.41905, 1.41759, 1.43771, 1.43706, 1.44443, 1.46491, 1.46444, 1.47198, 1.47345, 1.51149, 1.5009, 1.51025, 1.53144, 1.52002, 1.5208, 1.53044, 1.55991, 1.56005, 1.57661, 1.57634, 1.59246, 1.58432, 1.60596, 1.62062, 1.6314, 1.62774, 1.6259, 1.62596, 1.64702, 1.68177, 1.6614, 1.69061, 1.69644, 1.70761, 1.69797, 1.72512, 1.72499, 1.70353, 1.74176, 1.73773, 1.73711, 1.76237, 1.78322, 1.78278, 1.78147, 1.77725, 1.79612, 1.80418, 1.82671, 1.83057, 1.84876, 1.82811, 1.84664, 1.84508, 1.86701, 1.907, 1.88918, 1.89994, 1.89611, 1.9263, 1.92217, 1.93009, 1.94369, 1.95615, 1.9556, 1.97985, 1.96488, 1.97182, 1.96889, 1.98648, 1.9957, 1.99574, 2.03809, 2.04223, 2.03479, 2.05507, 2.05443, 2.07229, 2.07408, 2.08745, 2.09621, 2.08857, 2.12911, 2.11017, 2.1726, 2.1277, 2.13215, 2.1456, 2.16219, 2.16106, 2.18553, 2.18944, 2.20777, 2.19665, 2.20939, 2.21458, 2.22166, 2.25629, 2.25009, 2.28173, 2.26879, 2.27379, 2.2737, 2.28, 2.27586, 2.27266, 2.3317, 2.36241, 2.3271, 2.35633, 2.35769, 2.36902, 2.35257, 2.36905, 2.41502, 2.40808, 2.39115, 2.41081, 2.41718, 2.41845, 2.47334, 2.45457, 2.42543, 2.49177, 2.46095, 2.47689, 2.50114, 2.50013, 2.50017, 2.49, 2.50765, 2.52084, 2.54855, 2.52239, 2.53302, 2.56745, 2.58197, 2.57749, 2.58842, 2.60602, 2.58716, 2.60418, 2.61679, 2.63035, 2.62645, 2.65753, 2.65018, 2.6755, 2.66303, 2.66905, 2.67712, 2.67027, 2.69679, 2.7075, 2.72317, 2.72343, 2.7221, 2.73355, 2.75753, 2.78047, 2.75792, 2.75875, 2.77314, 2.80299, 2.8021, 2.78794, 2.82651, 2.88138, 2.82918, 2.85436, 2.85212, 2.88839, 2.88125, 2.88295, 2.88813, 
0.406839, 0.394484, 0.415458, 0.417609, 0.4355, 0.458537, 0.445446, 0.453517, 0.452553, 0.498535, 0.47712, 0.500408, 0.51037, 0.530213, 0.510221, 0.545298, 0.545072, 0.522771, 0.549674, 0.555386, 0.552572, 0.577139, 0.576642, 0.580105, 0.613883, 0.608569, 0.599854, 0.620855, 0.627959, 0.625942, 0.63466, 0.674108, 0.649193, 0.677428, 0.6709, 0.671797, 0.695142, 0.7223, 0.708141, 0.705849, 0.715393, 0.745759, 0.746225, 0.750217, 0.791451, 0.766269, 0.777623, 0.777257, 0.787322, 0.787733, 0.830134, 0.810765, 0.817369, 0.855448, 0.842399, 0.840678, 0.843026, 0.878901, 0.865212, 0.888153, 0.916308, 0.885597, 0.907035, 0.919215, 0.923452, 0.922017, 0.940023, 0.931643, 0.945195, 0.951022, 0.959602, 0.987871, 0.993304, 0.996769, 0.991423, 0.998548, 1.03346, 1.0226, 1.02286, 1.02785, 1.04582, 1.05434, 1.07994, 1.06597, 1.08857, 1.08463, 1.09501, 1.09826, 1.10096, 1.12653, 1.12275, 1.13361, 1.13474, 1.14933, 1.147, 1.16304, 1.16418, 1.17286, 1.19386, 1.22551, 1.2097, 1.21027, 1.23922, 1.24773, 1.24724, 1.26083, 1.25003, 1.26393, 1.26272, 1.28189, 1.27887, 1.29116, 1.29842, 1.3098, 1.31408, 1.34735, 1.33436, 1.33794, 1.36081, 1.36155, 1.36792, 1.38029, 1.38858, 1.38739, 1.41068, 1.40698, 1.40839, 1.44157, 1.46307, 1.45125, 1.46141, 1.47997, 1.47897, 1.46888, 1.48502, 1.48553, 1.48791, 1.51246, 1.51322, 1.54628, 1.53435, 1.55696, 1.55521, 1.56764, 1.55951, 1.58694, 1.60045, 1.6168, 1.60362, 1.61469, 1.6205, 1.62916, 1.65731, 1.652, 1.6806, 1.66185, 1.68301, 1.68242, 1.70015, 1.70349, 1.71752, 1.71292, 1.70886, 1.72503, 1.75272, 1.75637, 1.75933, 1.75671, 1.75382, 1.77976, 1.78299, 1.78147, 1.78901, 1.8141, 1.81361, 1.8287, 1.85481, 1.84793, 1.87175, 1.87637, 1.85991, 1.88367, 1.88343, 1.92694, 1.90601, 1.92077, 1.90683, 1.93082, 1.9413, 1.94074, 1.9414, 1.97479, 1.97077, 1.98272, 1.99827, 2.00463, 2.04228, 2.02159, 2.02322, 2.06306, 2.07066, 2.04924, 2.05456, 2.05796, 2.08045, 2.09034, 2.10005, 2.08095, 2.10894, 2.12487, 2.13851, 2.14478, 2.11705, 2.14007, 2.14518, 2.15299, 2.16334, 2.16342, 2.21402, 2.17652, 2.21574, 2.23116, 2.22826, 2.22894, 2.25839, 2.23078, 2.25598, 2.27071, 2.29332, 2.28205, 2.29423, 2.29045, 2.31235, 2.31372, 2.34857, 2.36657, 2.3533, 2.3528, 2.36275, 2.35507, 2.39436, 2.38418, 2.3762, 2.41288, 2.424, 2.40893, 2.43196, 2.44756, 2.46754, 2.4883, 2.48387, 2.4785, 2.48843, 2.49744, 2.51982, 2.50866, 2.50776, 2.54941, 2.53716, 2.54551, 2.5389, 2.5614, 2.57953, 2.60271, 2.60213, 2.62087, 2.59467, 2.61853, 2.62816, 2.64083, 2.63799, 2.6274, 2.64409, 2.68078, 2.66409, 2.67083, 2.69623, 2.71163, 2.68809, 2.72907, 2.72996, 2.72271, 2.7542, 2.74697, 2.75005, 2.77786, 2.80697, 2.78312, 2.78222, 2.82692, 2.85288, 2.83102, 2.91588, 2.82289, 2.85136, 2.85011, 2.85609, 2.86523, 2.85063, 2.86374, 
0.419046, 0.420251, 0.428868, 0.453891, 0.423435, 0.4245, 0.477623, 0.462635, 0.472442, 0.455734, 0.482268, 0.473921, 0.473676, 0.493733, 0.496287, 0.525099, 0.525884, 0.552963, 0.533089, 0.548424, 0.552895, 0.579868, 0.576913, 0.577305, 0.583052, 0.621223, 0.60905, 0.600316, 0.618672, 0.62075, 0.628717, 0.643079, 0.681132, 0.676968, 0.678285, 0.681202, 0.702312, 0.705309, 0.742266, 0.700776, 0.725356, 0.731672, 0.76293, 0.778958, 0.780657, 0.765561, 0.772149, 0.77161, 0.775862, 0.78364, 0.804962, 0.818094, 0.82834, 0.817538, 0.833829, 0.842293, 0.846957, 0.884148, 0.857653, 0.881704, 0.880516, 0.891452, 0.912173, 0.915453, 0.911381, 0.911224, 0.935403, 0.94793, 0.96083, 0.966298, 0.967676, 0.96098, 0.970221, 1.00079, 0.981024, 1.00175, 1.01315, 1.01963, 1.01892, 1.03527, 1.05669, 1.05464, 1.05225, 1.06672, 1.07357, 1.09488, 1.08777, 1.09339, 1.12306, 1.12504, 1.13387, 1.12305, 1.14418, 1.13221, 1.17233, 1.17217, 1.17926, 1.18149, 1.17861, 1.19587, 1.208, 1.21684, 1.22201, 1.22196, 1.25756, 1.26233, 1.26092, 1.25904, 1.27152, 1.27413, 1.28189, 1.29225, 1.29987, 1.30479, 1.30998, 1.32392, 1.32368, 1.36057, 1.35491, 1.35421, 1.38849, 1.37602, 1.39514, 1.39529, 1.40077, 1.40889, 1.42129, 1.43621, 1.42922, 1.45127, 1.44443, 1.44757, 1.47136, 1.47155, 1.47388, 1.48362, 1.49841, 1.51456, 1.51637, 1.51409, 1.53081, 1.5365, 1.55246, 1.54662, 1.56262, 1.56373, 1.58665, 1.58642, 1.6001, 1.60004, 1.6092, 1.61237, 1.62614, 1.63591, 1.64002, 1.64481, 1.6779, 1.67256, 1.68143, 1.69115, 1.68699, 1.70997, 1.70302, 1.7303, 1.72785, 1.74999, 1.74124, 1.77464, 1.7551, 1.78648, 1.7722, 1.79985, 1.80597, 1.81385, 1.81747, 1.82519, 1.84585, 1.84601, 1.84804, 1.84263, 1.87236, 1.86839, 1.88645, 1.88037, 1.90872, 1.91188, 1.92522, 1.92437, 1.93112, 1.96462, 1.94668, 1.95415, 1.95834, 1.96747, 1.993, 2.01649, 2.01477, 2.04783, 2.05104, 2.03224, 2.03325, 2.04809, 2.04179, 2.05825, 2.0654, 2.07676, 2.10782, 2.09527, 2.09384, 2.13151, 2.12067, 2.11597, 2.14898, 2.13452, 2.16889, 2.1767, 2.19251, 2.18782, 2.19437, 2.18006, 2.20694, 2.20566, 2.23641, 2.22911, 2.24294, 2.24359, 2.24546, 2.27466, 2.25682, 2.28999, 2.29064, 2.295, 2.32603, 2.34254, 2.31697, 2.33974, 2.34004, 2.33924, 2.34329, 2.34686, 2.39142, 2.3898, 2.37347, 2.4046, 2.39352, 2.42989, 2.4013, 2.45234, 2.44266, 2.45984, 2.4704, 2.47333, 2.46585, 2.46624, 2.49205, 2.48373, 2.54911, 2.52259, 2.51951, 2.55423, 2.53983, 2.55933, 2.56916, 2.57098, 2.60247, 2.57894, 2.61704, 2.62286, 2.6223, 2.62692, 2.6232, 2.63396, 2.65646, 2.63924, 2.67468, 2.64995, 2.68981, 2.69847, 2.75092, 2.73658, 2.72715, 2.72546, 2.74919, 2.74234, 2.74266, 2.75078, 2.75279, 2.77682, 2.77178, 2.80009, 2.80414, 2.83007, 2.82965, 2.81426, 2.85929, 2.87031, 2.84263, 2.83559, 2.83719, 2.8713, 
0.392592, 0.415108, 0.413357, 0.445517, 0.438946, 0.456866, 0.450069, 0.438623, 0.445021, 0.444659, 0.470788, 0.487557, 0.500889, 0.488286, 0.535651, 0.496653, 0.534838, 0.557963, 0.521191, 0.552796, 0.558436, 0.58688, 0.565888, 0.586867, 0.587505, 0.583184, 0.618276, 0.624708, 0.615694, 0.641979, 0.653479, 0.631782, 0.652084, 0.654559, 0.660828, 0.672777, 0.669346, 0.714028, 0.712038, 0.715942, 0.709907, 0.73615, 0.724142, 0.776064, 0.747602, 0.753218, 0.756551, 0.758364, 0.768869, 0.778106, 0.795011, 0.812347, 0.819419, 0.823735, 0.840449, 0.842647, 0.842336, 0.867617, 0.864563, 0.860062, 0.865178, 0.874344, 0.895043, 0.913651, 0.905034, 0.91616, 0.939122, 0.929372, 0.940044, 0.939412, 0.953072, 0.953165, 0.998366, 0.974287, 0.981515, 0.989139, 0.999614, 1.00113, 1.01225, 1.03009, 1.03285, 1.03442, 1.04439, 1.08421, 1.07428, 1.07537, 1.07721, 1.08736, 1.08762, 1.09953, 1.11346, 1.14125, 1.13086, 1.13993, 1.14116, 1.15345, 1.15498, 1.17649, 1.18199, 1.18563, 1.18772, 1.2032, 1.21906, 1.21913, 1.22565, 1.2504, 1.26181, 1.24968, 1.26228, 1.28859, 1.29212, 1.29213, 1.29719, 1.30968, 1.30348, 1.32266, 1.32642, 1.32807, 1.35766, 1.34642, 1.35165, 1.36021, 1.37472, 1.38299, 1.38686, 1.40315, 1.4234, 1.41624, 1.43685, 1.42608, 1.43373, 1.44011, 1.4647, 1.47376, 1.47402, 1.47429, 1.48585, 1.50198, 1.48537, 1.51691, 1.53784, 1.53501, 1.54021, 1.55626, 1.57199, 1.57258, 1.58552, 1.5956, 1.58597, 1.61115, 1.60953, 1.60983, 1.62292, 1.62351, 1.63622, 1.63726, 1.65859, 1.66889, 1.68586, 1.67647, 1.69927, 1.68685, 1.73227, 1.72433, 1.74102, 1.72029, 1.72039, 1.74734, 1.74339, 1.75673, 1.76649, 1.78526, 1.78976, 1.81799, 1.81777, 1.81826, 1.81527, 1.836, 1.84146, 1.86213, 1.85122, 1.86015, 1.88568, 1.88352, 1.89946, 1.90016, 1.90744, 1.90635, 1.92331, 1.94617, 1.96004, 1.963, 1.96909, 1.96542, 1.98813, 1.99765, 2.01808, 2.02826, 2.02474, 2.01452, 2.0248, 2.03795, 2.06063, 2.07633, 2.08365, 2.07682, 2.06998, 2.10802, 2.09824, 2.11049, 2.12913, 2.12038, 2.14105, 2.13234, 2.15339, 2.16602, 2.20182, 2.18988, 2.18546, 2.20121, 2.20833, 2.20852, 2.24938, 2.22134, 2.23525, 2.24526, 2.26272, 2.26226, 2.25921, 2.25995, 2.27745, 2.27421, 2.31555, 2.29832, 2.34214, 2.34547, 2.32366, 2.34678, 2.33855, 2.34579, 2.37874, 2.3768, 2.38403, 2.38373, 2.42134, 2.40066, 2.42992, 2.45656, 2.46456, 2.45581, 2.45785, 2.48335, 2.46681, 2.47818, 2.47046, 2.51781, 2.48441, 2.5207, 2.53497, 2.53394, 2.54991, 2.55257, 2.56881, 2.56417, 2.58017, 2.58266, 2.57726, 2.64264, 2.60822, 2.62051, 2.61497, 2.65049, 2.6424, 2.69101, 2.67139, 2.67007, 2.70248, 2.70361, 2.71884, 2.72011, 2.69514, 2.716, 2.74778, 2.74936, 2.76801, 2.7614, 2.76079, 2.81148, 2.78392, 2.77549, 2.80261, 2.85559, 2.83906, 2.8385, 2.84059, 2.83278, 2.86894, 2.83924, 2.88194, 2.85223, 
0.391615, 0.391227, 0.406312, 0.418303, 0.472831, 0.413488, 0.447385, 0.473361, 0.454403, 0.483742, 0.446859, 0.469956, 0.466369, 0.521783, 0.512235, 0.511405, 0.535444, 0.521852, 0.545282, 0.542738, 0.538964, 0.576197, 0.559403, 0.598114, 0.567491, 0.585771, 0.589909, 0.597988, 0.625547, 0.626765, 0.65601, 0.645823, 0.660001, 0.656508, 0.652003, 0.679744, 0.699335, 0.690773, 0.6809, 0.713755, 0.705423, 0.708485, 0.721835, 0.745439, 0.74685, 0.739826, 0.771426, 0.767451, 0.777206, 0.778069, 0.778596, 0.786792, 0.812593, 0.825846, 0.82583, 0.836164, 0.844304, 0.839021, 0.85687, 0.867182, 0.867069, 0.869265, 0.888284, 0.888737, 0.890319, 0.916959, 0.932366, 0.927194, 0.936305, 0.938884, 0.958803, 0.960667, 0.966165, 0.978111, 0.980206, 0.991062, 0.991938, 1.00401, 1.005, 1.04056, 1.03462, 1.05612, 1.05019, 1.04761, 1.08277, 1.08126, 1.07585, 1.08949, 1.08775, 1.09588, 1.10507, 1.12344, 1.11888, 1.14342, 1.14375, 1.14629, 1.16064, 1.17054, 1.17386, 1.18354, 1.2033, 1.19841, 1.19983, 1.22257, 1.23601, 1.24566, 1.24434, 1.24851, 1.25757, 1.258, 1.28, 1.28163, 1.28771, 1.2995, 1.31644, 1.3225, 1.31425, 1.35418, 1.35485, 1.34835, 1.35344, 1.36524, 1.36709, 1.37821, 1.39452, 1.43286, 1.44077, 1.4367, 1.42883, 1.42538, 1.42908, 1.44054, 1.44627, 1.47282, 1.47406, 1.49999, 1.48554, 1.50738, 1.5311, 1.52753, 1.509, 1.52863, 1.53615, 1.55238, 1.55356, 1.55786, 1.5651, 1.5842, 1.57929, 1.58927, 1.60961, 1.59747, 1.62997, 1.62185, 1.65174, 1.63953, 1.66095, 1.67282, 1.66926, 1.69273, 1.68895, 1.6793, 1.6961, 1.70265, 1.72817, 1.72721, 1.73578, 1.75232, 1.75179, 1.76119, 1.7613, 1.78556, 1.78185, 1.81003, 1.8005, 1.79962, 1.81748, 1.83765, 1.8433, 1.84707, 1.84492, 1.86528, 1.87388, 1.89006, 1.8898, 1.89298, 1.92896, 1.9043, 1.92061, 1.94074, 1.93959, 1.9556, 1.95772, 1.97703, 1.98267, 1.97726, 1.99213, 2.02161, 2.02109, 2.01537, 2.04391, 2.0451, 2.04439, 2.041, 2.06193, 2.06275, 2.07309, 2.07971, 2.09742, 2.10328, 2.11051, 2.10737, 2.10803, 2.14185, 2.15711, 2.15942, 2.17946, 2.17956, 2.18352, 2.17656, 2.19999, 2.20299, 2.23224, 2.20698, 2.23473, 2.25637, 2.27192, 2.25196, 2.27059, 2.27344, 2.26569, 2.2646, 2.29646, 2.32826, 2.33441, 2.3161, 2.32914, 2.33438, 2.33367, 2.3738, 2.38334, 2.36217, 2.37154, 2.37048, 2.38729, 2.40775, 2.41441, 2.42406, 2.46325, 2.42874, 2.46928, 2.48069, 2.4811, 2.4763, 2.51219, 2.47041, 2.51132, 2.51236, 2.5215, 2.52416, 2.52523, 2.56766, 2.56668, 2.56426, 2.57076, 2.57512, 2.62601, 2.61243, 2.61266, 2.61498, 2.62521, 2.59964, 2.63062, 2.63967, 2.62632, 2.66304, 2.66376, 2.69827, 2.72889, 2.69844, 2.71112, 2.71268, 2.73326, 2.71127, 2.73572, 2.73696, 2.7693, 2.75667, 2.78083, 2.7789, 2.76965, 2.8364, 2.78165, 2.83371, 2.8435, 2.82518, 2.84019, 2.84037, 2.85756, 2.85109, 
0.377453, 0.372249, 0.398077, 0.405601, 0.426806, 0.427723, 0.442839, 0.448295, 0.45747, 0.443092, 0.463046, 0.455405, 0.471903, 0.488056, 0.493792, 0.501297, 0.504661, 0.546628, 0.510305, 0.525095, 0.544945, 0.567487, 0.570274, 0.571422, 0.567427, 0.614878, 0.582427, 0.605178, 0.604075, 0.605296, 0.617164, 0.640011, 0.639574, 0.649234, 0.650435, 0.671977, 0.684581, 0.693559, 0.695164, 0.689323, 0.690382, 0.72537, 0.756481, 0.760469, 0.745991, 0.756222, 0.756821, 0.763909, 0.767493, 0.775868, 0.794284, 0.799302, 0.806585, 0.804543, 0.836367, 0.82231, 0.849263, 0.863965, 0.862977, 0.874634, 0.876969, 0.877454, 0.878543, 0.882986, 0.90056, 0.901499, 0.912683, 0.934955, 0.935257, 0.934532, 0.963839, 0.947957, 0.95694, 0.96126, 0.997835, 1.00543, 0.997541, 1.00175, 1.00163, 1.01884, 1.05083, 1.03954, 1.07104, 1.04783, 1.06917, 1.07494, 1.06881, 1.08482, 1.0841, 1.10228, 1.11589, 1.11041, 1.1305, 1.15402, 1.15585, 1.14405, 1.14766, 1.19152, 1.17318, 1.18791, 1.19563, 1.21301, 1.19541, 1.20467, 1.22222, 1.23944, 1.2439, 1.24291, 1.25378, 1.25413, 1.27897, 1.26833, 1.27621, 1.28812, 1.31146, 1.30878, 1.32565, 1.33042, 1.33526, 1.35105, 1.35616, 1.37666, 1.36449, 1.37844, 1.40295, 1.406, 1.40937, 1.40554, 1.41634, 1.43289, 1.4278, 1.44286, 1.44817, 1.46791, 1.46195, 1.46349, 1.49539, 1.48436, 1.49356, 1.52566, 1.52596, 1.54084, 1.55102, 1.53317, 1.55827, 1.55795, 1.5644, 1.58663, 1.58657, 1.60027, 1.58918, 1.61351, 1.62295, 1.62311, 1.63773, 1.6422, 1.64523, 1.66244, 1.65219, 1.67661, 1.68796, 1.67957, 1.70612, 1.70631, 1.73013, 1.72848, 1.75124, 1.75178, 1.74584, 1.7683, 1.76574, 1.78925, 1.77597, 1.79345, 1.80791, 1.80713, 1.83268, 1.81797, 1.83186, 1.85842, 1.85812, 1.85289, 1.89733, 1.88173, 1.90372, 1.90309, 1.92392, 1.9238, 1.91149, 1.96954, 1.93496, 1.93006, 1.95441, 1.97258, 1.98365, 1.98116, 1.99041, 2.02372, 2.02114, 2.00446, 2.01428, 2.03413, 2.05689, 2.05773, 2.05688, 2.05967, 2.1013, 2.10204, 2.10491, 2.10243, 2.11262, 2.10853, 2.12478, 2.18355, 2.13019, 2.16368, 2.15981, 2.15654, 2.16184, 2.17315, 2.19134, 2.19117, 2.19367, 2.2326, 2.21336, 2.25021, 2.23174, 2.24637, 2.24913, 2.2644, 2.28139, 2.27371, 2.29914, 2.28436, 2.31972, 2.30301, 2.31995, 2.33305, 2.33711, 2.35655, 2.41679, 2.35636, 2.41809, 2.39874, 2.42221, 2.44754, 2.40775, 2.42679, 2.43353, 2.47062, 2.45057, 2.47068, 2.46793, 2.4813, 2.49007, 2.49764, 2.48068, 2.4978, 2.5137, 2.52362, 2.52835, 2.54735, 2.57969, 2.55047, 2.56012, 2.56737, 2.60944, 2.60892, 2.61514, 2.59484, 2.61465, 2.64342, 2.63646, 2.66536, 2.66614, 2.66318, 2.66282, 2.71453, 2.67829, 2.70864, 2.71454, 2.71975, 2.75798, 2.73252, 2.77343, 2.75431, 2.75692, 2.79475, 2.77655, 2.79107, 2.77539, 2.78544, 2.80467, 2.81485, 2.82532, 2.84951, 2.85065, 2.8533, 2.87037, 2.87218, 
0.355796, 0.411414, 0.403803, 0.388028, 0.411105, 0.423163, 0.438266, 0.445952, 0.452535, 0.44177, 0.44021, 0.481765, 0.476216, 0.492397, 0.503513, 0.500814, 0.499206, 0.501186, 0.512098, 0.541107, 0.535821, 0.5565, 0.557143, 0.55704, 0.558652, 0.580903, 0.577455, 0.593528, 0.61447, 0.604013, 0.631779, 0.615096, 0.669318, 0.663378, 0.645218, 0.684275, 0.691885, 0.669138, 0.681083, 0.680974, 0.705383, 0.717615, 0.732571, 0.746564, 0.727214, 0.727977, 0.752074, 0.755885, 0.78175, 0.79225, 0.792582, 0.78445, 0.80073, 0.809833, 0.816192, 0.852941, 0.859851, 0.834576, 0.83565, 0.858441, 0.860437, 0.877704, 0.887247, 0.887199, 0.894595, 0.91366, 0.928614, 0.929067, 0.919973, 0.95203, 0.952628, 0.952614, 0.976004, 0.975686, 0.964135, 0.98822, 0.988603, 1.00083, 1.01465, 1.00852, 1.00941, 1.04391, 1.03276, 1.04079, 1.05623, 1.0848, 1.0819, 1.08446, 1.08579, 1.09218, 1.12114, 1.1093, 1.12041, 1.1191, 1.13719, 1.14723, 1.15068, 1.16689, 1.17233, 1.16881, 1.19307, 1.20304, 1.20264, 1.21947, 1.21105, 1.237, 1.2398, 1.22343, 1.25842, 1.25956, 1.28064, 1.28925, 1.2912, 1.28281, 1.2977, 1.31568, 1.32248, 1.34465, 1.3229, 1.33604, 1.35803, 1.36835, 1.37212, 1.38498, 1.39566, 1.38009, 1.39179, 1.40225, 1.40707, 1.41723, 1.44363, 1.43309, 1.44414, 1.45832, 1.46092, 1.48121, 1.49591, 1.50937, 1.50387, 1.50042, 1.50733, 1.51725, 1.55034, 1.54338, 1.55629, 1.56933, 1.55429, 1.57163, 1.59354, 1.60004, 1.59779, 1.59617, 1.61548, 1.63308, 1.63422, 1.65932, 1.64088, 1.6587, 1.67514, 1.6819, 1.69951, 1.68177, 1.70676, 1.71729, 1.70596, 1.72817, 1.73074, 1.73032, 1.74672, 1.76128, 1.75852, 1.79337, 1.77893, 1.80065, 1.80431, 1.83141, 1.80845, 1.83494, 1.84489, 1.84185, 1.85836, 1.85131, 1.85113, 1.86413, 1.87936, 1.90718, 1.91762, 1.90731, 1.91291, 1.94148, 1.94323, 1.94861, 1.94051, 1.97923, 1.95624, 1.96186, 1.98716, 1.99082, 1.99336, 2.00668, 2.00918, 2.00894, 2.03947, 2.04855, 2.04951, 2.06771, 2.10847, 2.15322, 2.09707, 2.10015, 2.10092, 2.08302, 2.10381, 2.1599, 2.13909, 2.15819, 2.14232, 2.14827, 2.19265, 2.16359, 2.20237, 2.20153, 2.20469, 2.20359, 2.2155, 2.24519, 2.24218, 2.25844, 2.26743, 2.26988, 2.29081, 2.26656, 2.27595, 2.30019, 2.31073, 2.32807, 2.3283, 2.32786, 2.31932, 2.36412, 2.36778, 2.38328, 2.37859, 2.40861, 2.40179, 2.38486, 2.4088, 2.42106, 2.42044, 2.43257, 2.47011, 2.45874, 2.45683, 2.45752, 2.48108, 2.47133, 2.46603, 2.49792, 2.51083, 2.52897, 2.50898, 2.5183, 2.55529, 2.5659, 2.58697, 2.58814, 2.59056, 2.57751, 2.63577, 2.59135, 2.62993, 2.63178, 2.63958, 2.60778, 2.64537, 2.65782, 2.6674, 2.65678, 2.65618, 2.69224, 2.71243, 2.71182, 2.74628, 2.7399, 2.72914, 2.73933, 2.76446, 2.74305, 2.76611, 2.74295, 2.77871, 2.77803, 2.80178, 2.78785, 2.80441, 2.8214, 2.83716, 2.84024, 2.87323, 2.84016, 
0.39126, 0.369982, 0.415158, 0.407142, 0.393503, 0.400553, 0.414633, 0.442347, 0.416606, 0.460342, 0.45553, 0.457324, 0.475979, 0.463334, 0.487074, 0.494454, 0.501088, 0.495632, 0.533383, 0.535655, 0.52278, 0.528763, 0.575955, 0.551778, 0.578552, 0.566135, 0.583642, 0.620047, 0.595374, 0.639236, 0.625718, 0.652814, 0.62346, 0.649582, 0.644665, 0.662373, 0.675716, 0.66918, 0.671887, 0.69384, 0.7096, 0.722636, 0.718493, 0.717491, 0.75743, 0.759142, 0.759994, 0.766551, 0.787993, 0.787256, 0.774721, 0.80544, 0.788916, 0.83212, 0.829231, 0.836186, 0.814692, 0.828832, 0.839506, 0.85949, 0.85405, 0.863753, 0.867876, 0.894876, 0.890038, 0.922513, 0.898332, 0.91224, 0.919787, 0.922677, 0.937335, 0.943078, 0.952309, 0.953231, 0.987464, 0.987549, 1.00583, 0.991233, 0.999328, 1.00439, 1.02304, 1.01793, 1.03824, 1.04888, 1.04779, 1.05365, 1.07804, 1.06779, 1.08629, 1.11115, 1.10822, 1.10881, 1.14063, 1.11796, 1.13761, 1.13371, 1.14885, 1.16329, 1.16118, 1.16176, 1.1771, 1.17844, 1.20694, 1.21266, 1.20319, 1.23679, 1.24807, 1.25472, 1.25327, 1.25761, 1.25802, 1.27938, 1.28144, 1.29231, 1.28624, 1.2961, 1.30355, 1.34037, 1.32446, 1.33372, 1.36116, 1.34361, 1.35687, 1.36136, 1.38474, 1.39577, 1.38447, 1.4191, 1.41962, 1.45211, 1.42046, 1.42952, 1.43499, 1.45632, 1.45363, 1.45481, 1.47913, 1.48115, 1.51336, 1.51376, 1.50973, 1.513, 1.54116, 1.52983, 1.53496, 1.57894, 1.58138, 1.56928, 1.56908, 1.57753, 1.58745, 1.5897, 1.60259, 1.61031, 1.63101, 1.63992, 1.64009, 1.65609, 1.65378, 1.6787, 1.69856, 1.69638, 1.69652, 1.69886, 1.70529, 1.70643, 1.71779, 1.73147, 1.74485, 1.76261, 1.75756, 1.75863, 1.79, 1.79051, 1.80079, 1.81599, 1.8071, 1.81869, 1.82654, 1.84202, 1.85661, 1.86363, 1.86925, 1.88733, 1.87552, 1.87699, 1.8842, 1.90222, 1.90219, 1.91816, 1.93617, 1.9355, 1.95569, 1.96918, 1.96953, 1.96914, 1.99039, 1.98622, 1.99313, 1.99734, 2.0353, 2.02097, 2.04485, 2.04106, 2.0598, 2.06006, 2.09434, 2.11448, 2.07408, 2.0796, 2.09429, 2.09507, 2.12426, 2.12386, 2.12207, 2.14614, 2.15001, 2.15109, 2.14959, 2.2118, 2.186, 2.18324, 2.20755, 2.21618, 2.2168, 2.24349, 2.23922, 2.23803, 2.24804, 2.26322, 2.28545, 2.28104, 2.28657, 2.29969, 2.30816, 2.31186, 2.32612, 2.36398, 2.31923, 2.34611, 2.34929, 2.36652, 2.36645, 2.35241, 2.43002, 2.40375, 2.39418, 2.43736, 2.41797, 2.46677, 2.44215, 2.45241, 2.46083, 2.46644, 2.47693, 2.47319, 2.50396, 2.49114, 2.49156, 2.49579, 2.49532, 2.53829, 2.55006, 2.54368, 2.57697, 2.57145, 2.57276, 2.60236, 2.60571, 2.60556, 2.62872, 2.59224, 2.60436, 2.63834, 2.62361, 2.66, 2.66306, 2.64202, 2.72877, 2.70454, 2.71188, 2.68884, 2.70036, 2.70482, 2.73982, 2.76087, 2.75016, 2.7491, 2.78257, 2.75195, 2.75251, 2.79838, 2.80207, 2.80364, 2.80661, 2.80712, 2.85685, 2.8473, 2.87818, 2.86019, 
0.373546, 0.387455, 0.398148, 0.383821, 0.383347, 0.383293, 0.424648, 0.407607, 0.445079, 0.41732, 0.445385, 0.47173, 0.482283, 0.48901, 0.472212, 0.479938, 0.480474, 0.524859, 0.521432, 0.536419, 0.539997, 0.562688, 0.563769, 0.566344, 0.56213, 0.559313, 0.57764, 0.604003, 0.605147, 0.603966, 0.619308, 0.639439, 0.636939, 0.662799, 0.655984, 0.669154, 0.672574, 0.680018, 0.688332, 0.692656, 0.691127, 0.692057, 0.716222, 0.722758, 0.745919, 0.745769, 0.746106, 0.766698, 0.755191, 0.75484, 0.793477, 0.814919, 0.800441, 0.790438, 0.839761, 0.839376, 0.860442, 0.853294, 0.843329, 0.854645, 0.853163, 0.857869, 0.858241, 0.880409, 0.879948, 0.890945, 0.927177, 0.922427, 0.919832, 0.922836, 0.920007, 0.948474, 0.939443, 0.974903, 0.977725, 0.967923, 0.981571, 0.984163, 0.985105, 1.02339, 1.03968, 1.0147, 1.02712, 1.036, 1.0552, 1.06754, 1.06601, 1.07877, 1.07636, 1.08444, 1.09791, 1.11021, 1.10684, 1.1109, 1.12875, 1.14434, 1.15377, 1.1554, 1.14805, 1.16658, 1.18545, 1.1854, 1.18822, 1.19774, 1.22549, 1.21688, 1.22507, 1.25005, 1.24388, 1.24419, 1.26009, 1.2748, 1.27067, 1.29826, 1.28919, 1.3015, 1.30694, 1.30745, 1.3482, 1.33561, 1.3319, 1.34632, 1.36135, 1.36758, 1.36843, 1.3826, 1.38563, 1.41392, 1.41536, 1.42849, 1.41422, 1.43681, 1.43399, 1.46947, 1.44699, 1.45801, 1.48809, 1.47651, 1.47621, 1.50711, 1.51617, 1.52305, 1.53422, 1.53167, 1.53568, 1.55098, 1.55004, 1.55523, 1.56834, 1.57243, 1.581, 1.59955, 1.61266, 1.62862, 1.62311, 1.62048, 1.64684, 1.65052, 1.64966, 1.66791, 1.67908, 1.67225, 1.68726, 1.70947, 1.71814, 1.71731, 1.71646, 1.71766, 1.73028, 1.75901, 1.76666, 1.77041, 1.79281, 1.7785, 1.7861, 1.80599, 1.79489, 1.83111, 1.83311, 1.82146, 1.84095, 1.84154, 1.87239, 1.87641, 1.89879, 1.89994, 1.88747, 1.88678, 1.91085, 1.90583, 1.90964, 1.95776, 1.9656, 1.96646, 1.96282, 1.95684, 1.97625, 1.97305, 1.99699, 2.01373, 2.01457, 2.01522, 2.01592, 2.02811, 2.04468, 2.04894, 2.06311, 2.08263, 2.07692, 2.07951, 2.07711, 2.09571, 2.11047, 2.11699, 2.12816, 2.1311, 2.14563, 2.1443, 2.15941, 2.17182, 2.17077, 2.18349, 2.19377, 2.18745, 2.21854, 2.2172, 2.23289, 2.25705, 2.25584, 2.24623, 2.25898, 2.2552, 2.28977, 2.27616, 2.30386, 2.32165, 2.32213, 2.34284, 2.34167, 2.32905, 2.33125, 2.39144, 2.37577, 2.37351, 2.37594, 2.41016, 2.41393, 2.40684, 2.41466, 2.43565, 2.42448, 2.42536, 2.44918, 2.46042, 2.48067, 2.4677, 2.50529, 2.49837, 2.53954, 2.5183, 2.54629, 2.51826, 2.5738, 2.52665, 2.52501, 2.54103, 2.58335, 2.56666, 2.59758, 2.62418, 2.59833, 2.63742, 2.64652, 2.63115, 2.63248, 2.64956, 2.71266, 2.65363, 2.67448, 2.65342, 2.69771, 2.69054, 2.69117, 2.75084, 2.74972, 2.75315, 2.73478, 2.7426, 2.74306, 2.75248, 2.76343, 2.80492, 2.80521, 2.80497, 2.82475, 2.81562, 2.84601, 2.867, 2.88323, 2.87004, 
0.348015, 0.377, 0.366303, 0.365492, 0.383501, 0.380817, 0.422209, 0.424786, 0.418781, 0.431156, 0.428844, 0.470156, 0.445504, 0.470899, 0.459345, 0.498137, 0.490461, 0.533806, 0.490442, 0.513137, 0.539651, 0.528611, 0.542574, 0.545699, 0.549703, 0.563929, 0.583917, 0.581276, 0.600254, 0.603766, 0.63944, 0.639279, 0.610461, 0.617401, 0.645389, 0.669345, 0.667012, 0.653399, 0.68664, 0.690594, 0.690908, 0.689948, 0.707721, 0.716937, 0.748877, 0.725081, 0.725595, 0.739781, 0.738631, 0.784869, 0.807827, 0.778417, 0.805049, 0.80446, 0.81871, 0.808839, 0.812335, 0.823247, 0.842173, 0.842991, 0.861624, 0.876915, 0.884893, 0.870657, 0.878337, 0.88311, 0.884266, 0.899277, 0.905379, 0.910892, 0.949718, 0.931339, 0.95298, 0.956088, 0.966358, 0.963842, 0.963739, 0.971866, 0.990311, 0.994805, 1.01341, 1.01963, 1.03503, 1.03596, 1.0545, 1.06416, 1.07694, 1.06101, 1.07782, 1.08801, 1.09571, 1.10756, 1.09926, 1.11534, 1.11876, 1.13004, 1.13276, 1.14332, 1.14253, 1.16057, 1.19424, 1.17553, 1.18488, 1.20234, 1.19691, 1.2238, 1.23049, 1.2287, 1.23219, 1.23627, 1.25507, 1.28206, 1.26736, 1.27397, 1.30081, 1.30844, 1.31156, 1.3281, 1.31165, 1.31366, 1.32803, 1.33321, 1.34067, 1.35305, 1.36269, 1.36604, 1.37632, 1.38827, 1.3897, 1.40912, 1.41142, 1.41354, 1.44354, 1.44369, 1.46436, 1.46427, 1.45848, 1.4711, 1.47955, 1.49106, 1.49589, 1.49461, 1.52849, 1.52714, 1.529, 1.5405, 1.54074, 1.55521, 1.56057, 1.56891, 1.59724, 1.59388, 1.59744, 1.6064, 1.62969, 1.62172, 1.63039, 1.64486, 1.64225, 1.65998, 1.67596, 1.68644, 1.6796, 1.69048, 1.70791, 1.71414, 1.71837, 1.72756, 1.72532, 1.74016, 1.75636, 1.7857, 1.77359, 1.77532, 1.77963, 1.80235, 1.80101, 1.81384, 1.80865, 1.84808, 1.83446, 1.83577, 1.86802, 1.86349, 1.87109, 1.8834, 1.90422, 1.90413, 1.90426, 1.905, 1.92734, 1.95609, 1.96967, 1.95078, 1.94473, 1.95552, 1.98356, 1.97146, 2.00436, 1.99988, 1.99888, 1.99597, 2.00505, 2.04641, 2.02505, 2.05154, 2.06905, 2.05173, 2.07773, 2.07715, 2.07618, 2.09331, 2.11482, 2.11116, 2.12458, 2.12382, 2.12485, 2.12805, 2.16958, 2.20435, 2.17891, 2.21709, 2.21806, 2.19763, 2.21551, 2.20831, 2.22054, 2.23184, 2.26021, 2.23805, 2.26384, 2.29377, 2.27689, 2.30448, 2.30317, 2.30289, 2.34129, 2.32259, 2.3356, 2.33372, 2.34113, 2.35989, 2.37474, 2.36402, 2.37428, 2.38065, 2.40371, 2.39499, 2.40094, 2.43856, 2.41299, 2.44248, 2.45175, 2.45891, 2.48268, 2.48889, 2.48157, 2.50298, 2.50786, 2.51033, 2.5231, 2.52331, 2.54397, 2.54471, 2.55558, 2.55556, 2.58117, 2.57117, 2.57324, 2.59733, 2.58432, 2.60528, 2.62257, 2.63066, 2.63091, 2.63602, 2.63673, 2.6671, 2.67587, 2.70481, 2.6926, 2.68922, 2.69076, 2.74323, 2.73343, 2.71687, 2.76034, 2.73713, 2.7696, 2.78741, 2.7612, 2.7461, 2.78041, 2.83903, 2.79464, 2.83983, 2.82366, 2.83035, 2.87748, 2.87202, 
0.346363, 0.376095, 0.359552, 0.374865, 0.376693, 0.396042, 0.431191, 0.428615, 0.418563, 0.420714, 0.437771, 0.439047, 0.45319, 0.448995, 0.487681, 0.462652, 0.498592, 0.496585, 0.510308, 0.525008, 0.510901, 0.524964, 0.523199, 0.557081, 0.556804, 0.569563, 0.580139, 0.58723, 0.576054, 0.580462, 0.614114, 0.618254, 0.632512, 0.627972, 0.65122, 0.636336, 0.666014, 0.67471, 0.671599, 0.67229, 0.701312, 0.693288, 0.687613, 0.721807, 0.721405, 0.721813, 0.739381, 0.746802, 0.734391, 0.764448, 0.762351, 0.786163, 0.790649, 0.807173, 0.807776, 0.80208, 0.80941, 0.827422, 0.843029, 0.85571, 0.846358, 0.866769, 0.855236, 0.854482, 0.864119, 0.879213, 0.918855, 0.920564, 0.909702, 0.914705, 0.928524, 0.929569, 0.950146, 0.957777, 0.952563, 0.954463, 0.98483, 0.984478, 0.994816, 1.00746, 1.0256, 1.00252, 1.03296, 1.01781, 1.03663, 1.03615, 1.07719, 1.06037, 1.0844, 1.08223, 1.10516, 1.09558, 1.11369, 1.1114, 1.10805, 1.1259, 1.12596, 1.14893, 1.14158, 1.1673, 1.15795, 1.16591, 1.17568, 1.19136, 1.21573, 1.21382, 1.2337, 1.23157, 1.21762, 1.2311, 1.24571, 1.26142, 1.25826, 1.27185, 1.27898, 1.28017, 1.29685, 1.30275, 1.31022, 1.3301, 1.33683, 1.34088, 1.34222, 1.34732, 1.35726, 1.36846, 1.38639, 1.38556, 1.39568, 1.41785, 1.41324, 1.42331, 1.4402, 1.44745, 1.45839, 1.47105, 1.47119, 1.47789, 1.47876, 1.50206, 1.49275, 1.50192, 1.50012, 1.53157, 1.54041, 1.53985, 1.53746, 1.54998, 1.55055, 1.57879, 1.57112, 1.59004, 1.59564, 1.61722, 1.63094, 1.6239, 1.64878, 1.63211, 1.64472, 1.65464, 1.67629, 1.67639, 1.6814, 1.68056, 1.71581, 1.69578, 1.70484, 1.74838, 1.74164, 1.75067, 1.74651, 1.74243, 1.78014, 1.79475, 1.77646, 1.79519, 1.79312, 1.82508, 1.80088, 1.82438, 1.84135, 1.84392, 1.85585, 1.85273, 1.88257, 1.86076, 1.87386, 1.88609, 1.90114, 1.90681, 1.93022, 1.93037, 1.93814, 1.9709, 1.95206, 1.97756, 1.97529, 1.99422, 1.98639, 1.98398, 1.98369, 2.06407, 2.01962, 2.03753, 2.03618, 2.06974, 2.05842, 2.07647, 2.06561, 2.0692, 2.07763, 2.09388, 2.09338, 2.11, 2.12623, 2.13573, 2.13186, 2.12187, 2.13537, 2.16693, 2.17645, 2.17728, 2.20948, 2.18511, 2.1841, 2.19768, 2.21938, 2.22077, 2.23131, 2.25647, 2.23794, 2.27211, 2.27952, 2.30459, 2.31814, 2.30763, 2.31062, 2.31758, 2.31533, 2.3455, 2.34547, 2.33366, 2.37317, 2.36261, 2.38523, 2.38919, 2.36701, 2.3988, 2.39125, 2.40517, 2.43219, 2.43587, 2.46539, 2.44662, 2.47481, 2.47737, 2.45978, 2.49369, 2.48785, 2.50451, 2.56495, 2.55638, 2.50143, 2.53293, 2.54675, 2.55624, 2.54666, 2.57614, 2.57, 2.57065, 2.60436, 2.60192, 2.6079, 2.61916, 2.62845, 2.65089, 2.65012, 2.64989, 2.64929, 2.67563, 2.68851, 2.6698, 2.75671, 2.69449, 2.7284, 2.71979, 2.74486, 2.73649, 2.76845, 2.74689, 2.7708, 2.76014, 2.75789, 2.77553, 2.77495, 2.80852, 2.81593, 2.81651, 2.8167, 2.84888, 
0.352869, 0.359408, 0.379051, 0.360769, 0.377504, 0.386882, 0.391189, 0.411636, 0.436258, 0.430358, 0.473881, 0.469763, 0.448707, 0.445706, 0.446081, 0.496527, 0.467118, 0.490667, 0.48173, 0.545175, 0.49755, 0.517008, 0.525227, 0.556937, 0.560843, 0.567716, 0.55875, 0.59775, 0.607755, 0.611914, 0.628073, 0.603872, 0.624808, 0.61885, 0.650731, 0.635451, 0.647198, 0.643097, 0.692036, 0.659553, 0.677994, 0.692246, 0.693491, 0.694071, 0.711339, 0.742072, 0.731673, 0.730162, 0.729537, 0.795645, 0.796275, 0.783929, 0.781535, 0.766607, 0.789656, 0.793722, 0.797204, 0.798821, 0.853265, 0.831804, 0.838771, 0.835497, 0.84293, 0.848508, 0.898421, 0.878342, 0.882369, 0.892636, 0.892435, 0.902729, 0.911632, 0.925906, 0.924864, 0.932803, 0.964063, 0.952504, 0.975783, 0.98741, 0.979011, 0.987041, 1.00886, 1.02347, 1.00406, 1.02374, 1.02147, 1.03033, 1.03795, 1.05645, 1.05763, 1.07866, 1.07469, 1.09456, 1.09277, 1.10428, 1.10394, 1.12716, 1.12498, 1.13726, 1.15375, 1.16024, 1.16744, 1.15633, 1.17056, 1.17974, 1.20612, 1.20089, 1.20238, 1.2101, 1.22804, 1.23849, 1.25288, 1.24269, 1.25142, 1.26228, 1.27456, 1.27464, 1.30243, 1.31363, 1.3118, 1.30956, 1.31893, 1.33084, 1.33747, 1.35114, 1.36843, 1.3584, 1.37987, 1.37827, 1.38119, 1.40657, 1.40517, 1.41047, 1.41657, 1.43704, 1.46085, 1.46464, 1.45055, 1.47437, 1.47453, 1.49677, 1.49259, 1.49946, 1.49893, 1.53725, 1.51248, 1.54133, 1.54883, 1.55105, 1.55744, 1.55742, 1.61264, 1.5781, 1.60718, 1.60475, 1.61592, 1.62414, 1.63684, 1.64703, 1.63882, 1.66602, 1.67355, 1.68337, 1.66976, 1.70656, 1.69779, 1.69679, 1.73292, 1.71759, 1.71819, 1.7554, 1.75949, 1.78246, 1.78636, 1.78787, 1.79196, 1.78701, 1.84549, 1.84166, 1.82138, 1.83786, 1.81413, 1.85335, 1.86701, 1.86529, 1.85821, 1.88181, 1.88612, 1.87921, 1.89482, 1.90258, 1.92803, 1.91917, 1.92861, 1.9386, 1.94818, 1.94123, 1.96614, 1.96261, 2.00356, 2.00657, 2.01863, 2.01776, 2.01327, 2.02059, 2.01897, 2.02897, 2.07364, 2.04182, 2.06189, 2.10876, 2.09051, 2.07303, 2.10349, 2.12512, 2.13196, 2.13192, 2.12439, 2.13546, 2.13518, 2.16655, 2.18446, 2.19854, 2.17908, 2.18466, 2.18347, 2.22335, 2.22505, 2.22738, 2.26647, 2.23535, 2.2624, 2.25891, 2.26649, 2.28004, 2.29181, 2.28805, 2.30093, 2.29934, 2.3146, 2.33044, 2.31679, 2.32847, 2.32906, 2.35167, 2.38503, 2.37078, 2.37682, 2.40806, 2.39481, 2.44554, 2.42455, 2.43211, 2.4342, 2.46749, 2.47205, 2.46003, 2.46016, 2.45243, 2.50817, 2.48165, 2.50611, 2.51888, 2.52166, 2.54809, 2.51993, 2.53259, 2.58595, 2.56997, 2.56822, 2.57339, 2.57986, 2.61146, 2.62938, 2.61563, 2.61126, 2.62943, 2.63588, 2.62735, 2.67879, 2.69928, 2.68711, 2.68704, 2.71269, 2.69775, 2.69074, 2.70947, 2.71651, 2.73593, 2.74711, 2.75585, 2.78367, 2.73352, 2.76456, 2.777, 2.76749, 2.80913, 2.86841, 2.81106, 2.83876, 2.83344, 
0.372767, 0.346052, 0.366305, 0.390487, 0.384997, 0.36644, 0.367089, 0.389554, 0.400712, 0.43214, 0.44546, 0.431378, 0.455691, 0.459285, 0.468977, 0.46737, 0.481134, 0.479991, 0.487101, 0.498852, 0.518822, 0.519973, 0.518449, 0.519, 0.56248, 0.564132, 0.542149, 0.558227, 0.596465, 0.59708, 0.596258, 0.595224, 0.638375, 0.63623, 0.62371, 0.633033, 0.629982, 0.638457, 0.65302, 0.670266, 0.666637, 0.662636, 0.671268, 0.705717, 0.72285, 0.702745, 0.737954, 0.749565, 0.75203, 0.730084, 0.787235, 0.773401, 0.772965, 0.768145, 0.80809, 0.815082, 0.818215, 0.798169, 0.832456, 0.820022, 0.819762, 0.83365, 0.838967, 0.877032, 0.881476, 0.887744, 0.893817, 0.880462, 0.887968, 0.896552, 0.898458, 0.909219, 0.915762, 0.952413, 0.961009, 0.971591, 0.949237, 0.971088, 0.980786, 0.991955, 0.989973, 1.00488, 1.01553, 1.01904, 1.02139, 1.02428, 1.04601, 1.04035, 1.05228, 1.05647, 1.06761, 1.07486, 1.09826, 1.09121, 1.09714, 1.12033, 1.12538, 1.13383, 1.13246, 1.14806, 1.15943, 1.16109, 1.16397, 1.16807, 1.20345, 1.18942, 1.21245, 1.21106, 1.21151, 1.22072, 1.239, 1.25026, 1.24442, 1.25743, 1.2734, 1.27553, 1.27724, 1.29607, 1.29611, 1.31867, 1.31991, 1.29859, 1.32841, 1.34568, 1.34151, 1.36104, 1.36262, 1.38425, 1.38077, 1.38621, 1.3952, 1.42047, 1.41866, 1.41622, 1.43444, 1.43858, 1.44352, 1.46522, 1.46437, 1.48535, 1.48082, 1.48806, 1.50612, 1.50781, 1.51668, 1.54522, 1.54423, 1.54311, 1.55493, 1.57074, 1.56664, 1.56854, 1.5759, 1.59644, 1.59684, 1.64277, 1.61888, 1.61831, 1.62845, 1.62776, 1.63238, 1.67639, 1.67679, 1.67499, 1.75577, 1.77594, 1.71131, 1.71205, 1.72439, 1.72867, 1.76197, 1.74067, 1.74896, 1.75131, 1.76899, 1.77898, 1.78913, 1.80019, 1.78712, 1.81789, 1.82636, 1.86851, 1.87698, 1.84844, 1.88299, 1.92766, 1.89331, 1.89303, 1.90166, 1.91078, 1.90345, 1.91138, 1.94525, 1.92296, 1.92979, 1.94782, 1.95336, 1.97966, 1.96659, 1.96638, 2.02858, 1.99976, 2.01983, 2.02582, 2.0424, 2.03511, 2.04827, 2.07963, 2.08025, 2.05643, 2.07718, 2.12408, 2.10053, 2.10775, 2.1211, 2.12774, 2.12542, 2.1405, 2.1429, 2.12709, 2.16189, 2.15684, 2.17054, 2.21194, 2.19247, 2.19347, 2.19275, 2.20891, 2.21471, 2.25937, 2.23164, 2.25067, 2.2527, 2.25242, 2.28673, 2.27893, 2.27657, 2.30101, 2.31772, 2.31365, 2.32476, 2.34153, 2.37998, 2.35936, 2.35047, 2.35589, 2.38074, 2.3955, 2.38451, 2.41265, 2.40717, 2.4178, 2.42417, 2.44149, 2.46655, 2.4432, 2.46082, 2.46774, 2.46802, 2.5053, 2.51579, 2.51097, 2.50941, 2.51193, 2.51184, 2.52467, 2.54929, 2.57418, 2.56601, 2.5593, 2.55045, 2.58805, 2.62182, 2.60048, 2.61888, 2.63404, 2.68439, 2.64941, 2.7014, 2.65114, 2.70172, 2.70093, 2.69864, 2.71128, 2.71545, 2.73263, 2.7096, 2.72885, 2.73592, 2.73742, 2.75194, 2.74152, 2.76319, 2.77751, 2.78285, 2.78821, 2.78918, 2.87104, 2.84698, 2.82846, 
0.33593, 0.351813, 0.339904, 0.348998, 0.355231, 0.366426, 0.39053, 0.393308, 0.387544, 0.387891, 0.434568, 0.433349, 0.446385, 0.451167, 0.459759, 0.475612, 0.490529, 0.473176, 0.494142, 0.504083, 0.515757, 0.517781, 0.517992, 0.535113, 0.556678, 0.546085, 0.546606, 0.56556, 0.570155, 0.58447, 0.571675, 0.584413, 0.587877, 0.61421, 0.635511, 0.638369, 0.637674, 0.659595, 0.658316, 0.658299, 0.666251, 0.681152, 0.680949, 0.69425, 0.694116, 0.693724, 0.718986, 0.736216, 0.744101, 0.728835, 0.743445, 0.752303, 0.751233, 0.75798, 0.781828, 0.791484, 0.792318, 0.792886, 0.799598, 0.807643, 0.843568, 0.835627, 0.852557, 0.852762, 0.867601, 0.884147, 0.860248, 0.894633, 0.878779, 0.891926, 0.896655, 0.92915, 0.925734, 0.919417, 0.942711, 0.944238, 0.953053, 0.953535, 0.980768, 0.981777, 1.00298, 1.00951, 1.00879, 1.02129, 1.0131, 1.02527, 1.04097, 1.03107, 1.0391, 1.06474, 1.05769, 1.0709, 1.10834, 1.09615, 1.1053, 1.10507, 1.12387, 1.13303, 1.12448, 1.14661, 1.16479, 1.14929, 1.15803, 1.1715, 1.18467, 1.19062, 1.1895, 1.21895, 1.21208, 1.22962, 1.22642, 1.24064, 1.24283, 1.25718, 1.26844, 1.2683, 1.28168, 1.28343, 1.28818, 1.30877, 1.30882, 1.29262, 1.29152, 1.30352, 1.30965, 1.31884, 1.30361, 1.37823, 1.37754, 1.38533, 1.40543, 1.40929, 1.40918, 1.42633, 1.4262, 1.44109, 1.43492, 1.46466, 1.47264, 1.48592, 1.48118, 1.47995, 1.49654, 1.50393, 1.51955, 1.52592, 1.54408, 1.55209, 1.54885, 1.57232, 1.56484, 1.5544, 1.5835, 1.58314, 1.59194, 1.58677, 1.58438, 1.60688, 1.60904, 1.62698, 1.6441, 1.64441, 1.66498, 1.66308, 1.70116, 1.71318, 1.71207, 1.69692, 1.70731, 1.72392, 1.75449, 1.74425, 1.72285, 1.75992, 1.76554, 1.76577, 1.76303, 1.77362, 1.77265, 1.8141, 1.82268, 1.82415, 1.85616, 1.85497, 1.87242, 1.87166, 1.88498, 1.8901, 1.89693, 1.90138, 1.89741, 1.90776, 1.91698, 1.94091, 1.93395, 1.96924, 1.96843, 1.97579, 1.9753, 1.99393, 1.98589, 1.99303, 2.00997, 2.01347, 2.01495, 2.04162, 2.03529, 2.04088, 2.06531, 2.05608, 2.06565, 2.06397, 2.07853, 2.09769, 2.1167, 2.13887, 2.1177, 2.14183, 2.14151, 2.13861, 2.17351, 2.17207, 2.16973, 2.18978, 2.19117, 2.17357, 2.22879, 2.22985, 2.2271, 2.21319, 2.24932, 2.24796, 2.28252, 2.27588, 2.27482, 2.30751, 2.27203, 2.31466, 2.31691, 2.31541, 2.31525, 2.34634, 2.35588, 2.32948, 2.35242, 2.36727, 2.35568, 2.42103, 2.42952, 2.41472, 2.41513, 2.42828, 2.41754, 2.43011, 2.42621, 2.45163, 2.46725, 2.47344, 2.4445, 2.45679, 2.48042, 2.48085, 2.49782, 2.52806, 2.55398, 2.55215, 2.54761, 2.54733, 2.55276, 2.55414, 2.55292, 2.5527, 2.58382, 2.58428, 2.62814, 2.62774, 2.63314, 2.64534, 2.66055, 2.64939, 2.68094, 2.6651, 2.6728, 2.71289, 2.72729, 2.7274, 2.70963, 2.72117, 2.7289, 2.78069, 2.73349, 2.74706, 2.73673, 2.73645, 2.7979, 2.7983, 2.78805, 2.76585, 2.80817, 2.83574, 
0.351763, 0.351497, 0.377269, 0.383392, 0.362246, 0.366466, 0.366451, 0.420504, 0.404654, 0.387895, 0.415359, 0.424553, 0.448652, 0.457792, 0.489963, 0.466239, 0.483829, 0.484008, 0.476903, 0.485617, 0.522242, 0.491179, 0.504335, 0.538777, 0.520362, 0.54889, 0.549874, 0.54877, 0.562437, 0.601533, 0.57487, 0.594489, 0.592991, 0.614585, 0.628422, 0.604471, 0.626337, 0.626784, 0.62804, 0.67216, 0.682312, 0.65885, 0.667929, 0.707877, 0.685063, 0.690402, 0.745946, 0.726507, 0.740618, 0.74064, 0.735195, 0.739515, 0.77535, 0.794502, 0.772523, 0.771936, 0.783142, 0.828763, 0.799065, 0.830536, 0.821948, 0.832629, 0.834559, 0.85944, 0.846336, 0.85441, 0.887329, 0.867607, 0.895126, 0.897492, 0.891878, 0.908819, 0.925421, 0.959288, 0.930338, 0.956835, 0.946887, 0.950274, 0.970463, 0.997517, 1.00136, 0.99796, 0.997654, 1.00456, 1.02268, 1.02331, 1.03955, 1.03288, 1.03573, 1.05105, 1.06121, 1.06068, 1.08877, 1.0896, 1.09135, 1.10292, 1.13283, 1.11596, 1.14089, 1.16245, 1.14775, 1.14632, 1.15055, 1.16142, 1.18175, 1.17776, 1.19595, 1.19551, 1.20185, 1.2118, 1.23566, 1.22701, 1.23778, 1.26145, 1.26657, 1.26468, 1.27882, 1.27742, 1.28328, 1.30135, 1.30153, 1.32933, 1.30659, 1.30542, 1.28088, 1.29282, 1.30561, 1.31422, 1.35852, 1.38991, 1.39078, 1.42082, 1.41026, 1.43108, 1.42087, 1.44971, 1.45032, 1.45053, 1.45241, 1.45099, 1.46933, 1.48172, 1.4882, 1.49937, 1.50598, 1.51081, 1.52578, 1.54725, 1.52017, 1.55393, 1.55837, 1.55586, 1.58893, 1.59574, 1.5809, 1.61066, 1.60722, 1.62693, 1.62694, 1.62862, 1.64353, 1.6522, 1.65475, 1.67531, 1.68464, 1.69418, 1.71866, 1.72474, 1.71453, 1.75554, 1.75759, 1.73401, 1.75847, 1.75188, 1.76435, 1.77143, 1.78621, 1.81078, 1.79934, 1.81351, 1.82844, 1.83079, 1.81069, 1.82051, 1.84845, 1.86363, 1.8725, 1.88655, 1.8791, 1.89321, 1.89588, 1.88904, 1.91388, 1.91533, 1.92725, 1.93553, 1.93977, 1.96249, 1.96193, 1.98033, 1.99013, 1.99679, 2.01016, 2.00638, 2.01506, 2.03229, 2.0198, 2.03103, 2.0546, 2.05208, 2.07295, 2.06202, 2.07526, 2.08331, 2.10139, 2.09797, 2.09985, 2.1254, 2.13516, 2.14204, 2.15697, 2.16779, 2.18641, 2.17387, 2.17162, 2.19351, 2.21502, 2.22216, 2.2216, 2.22255, 2.22293, 2.22282, 2.24891, 2.27704, 2.27755, 2.2814, 2.28969, 2.32168, 2.32208, 2.32969, 2.33012, 2.33695, 2.33913, 2.36625, 2.36357, 2.37345, 2.36252, 2.35753, 2.37019, 2.40428, 2.38505, 2.43264, 2.41861, 2.41284, 2.44406, 2.44442, 2.46702, 2.44602, 2.44661, 2.47009, 2.49056, 2.50107, 2.50096, 2.52234, 2.49515, 2.53324, 2.56089, 2.54026, 2.54056, 2.60417, 2.57843, 2.59149, 2.5638, 2.59752, 2.62895, 2.62078, 2.64325, 2.64359, 2.6627, 2.6601, 2.6473, 2.6546, 2.66084, 2.66758, 2.69162, 2.69394, 2.75631, 2.73349, 2.73926, 2.74212, 2.73238, 2.73014, 2.72927, 2.75264, 2.76858, 2.79499, 2.84318, 2.7991, 2.8204, 2.83643, 
0.342916, 0.332232, 0.379201, 0.367225, 0.39282, 0.397825, 0.372082, 0.366928, 0.39059, 0.379157, 0.438276, 0.442114, 0.425872, 0.441859, 0.426201, 0.463791, 0.46269, 0.481138, 0.486165, 0.507885, 0.521433, 0.520889, 0.491638, 0.518067, 0.555588, 0.52112, 0.540998, 0.563413, 0.595213, 0.564032, 0.587185, 0.601072, 0.600658, 0.610976, 0.613205, 0.615655, 0.61735, 0.65292, 0.634046, 0.654061, 0.659206, 0.666895, 0.666475, 0.701119, 0.69048, 0.681982, 0.709003, 0.701033, 0.719986, 0.743691, 0.746514, 0.742909, 0.768074, 0.757063, 0.769772, 0.767126, 0.776635, 0.801224, 0.814788, 0.801237, 0.812855, 0.825813, 0.843849, 0.859898, 0.870763, 0.870424, 0.864091, 0.861367, 0.875716, 0.883888, 0.895086, 0.923571, 0.915117, 0.912259, 0.935583, 0.942095, 0.949068, 0.966302, 0.964609, 0.96755, 0.972351, 0.979799, 0.986626, 1.02453, 1.0125, 1.01225, 1.03132, 1.03727, 1.05097, 1.04591, 1.06627, 1.06189, 1.06663, 1.07006, 1.09123, 1.11633, 1.1207, 1.10692, 1.11666, 1.14352, 1.14029, 1.14737, 1.17208, 1.15095, 1.16482, 1.18151, 1.18807, 1.20857, 1.20882, 1.20771, 1.21597, 1.23226, 1.23263, 1.25058, 1.2476, 1.26094, 1.2713, 1.27116, 1.28119, 1.30212, 1.30615, 1.30831, 1.30993, 1.31597, 1.33298, 1.34981, 1.36558, 1.36815, 1.37838, 1.38044, 1.38905, 1.39329, 1.40836, 1.40881, 1.42176, 1.43086, 1.43463, 1.43032, 1.43094, 1.45026, 1.48609, 1.46825, 1.50853, 1.50212, 1.51424, 1.51469, 1.52759, 1.52722, 1.52584, 1.54041, 1.5825, 1.59223, 1.57897, 1.59304, 1.60984, 1.60306, 1.6477, 1.64784, 1.67163, 1.6684, 1.67638, 1.71919, 1.68421, 1.7422, 1.74546, 1.74497, 1.75135, 1.75454, 1.77743, 1.77262, 1.77132, 1.76483, 1.75512, 1.80654, 1.81091, 1.79385, 1.80459, 1.84694, 1.8147, 1.85896, 1.81759, 1.84851, 1.82395, 1.84081, 1.8589, 1.84725, 1.86277, 1.86313, 1.87887, 1.8953, 1.89563, 1.91442, 1.92679, 1.92935, 1.91391, 1.91769, 1.95273, 1.96948, 1.95529, 2.00738, 2.01109, 2.0041, 2.00458, 2.01432, 2.01428, 2.01614, 2.05847, 2.03336, 2.03793, 2.06892, 2.05682, 2.07025, 2.08333, 2.10372, 2.10144, 2.10447, 2.1123, 2.10438, 2.1442, 2.14189, 2.14466, 2.1516, 2.1607, 2.21212, 2.18049, 2.21307, 2.19396, 2.20819, 2.19457, 2.21228, 2.23186, 2.23824, 2.27652, 2.2751, 2.26044, 2.26608, 2.26794, 2.27673, 2.28479, 2.36429, 2.30366, 2.32457, 2.33886, 2.3318, 2.33304, 2.36979, 2.3666, 2.36346, 2.37426, 2.39877, 2.38491, 2.40434, 2.41115, 2.39878, 2.43711, 2.44322, 2.47125, 2.46391, 2.49724, 2.4834, 2.46975, 2.48104, 2.51103, 2.53268, 2.52279, 2.50365, 2.53964, 2.53346, 2.55668, 2.55415, 2.54094, 2.63322, 2.58734, 2.58763, 2.62888, 2.61105, 2.61111, 2.62272, 2.66781, 2.65121, 2.63954, 2.66131, 2.68466, 2.67479, 2.67865, 2.6818, 2.75384, 2.71136, 2.7206, 2.72155, 2.73724, 2.74668, 2.73825, 2.7597, 2.75692, 2.80185, 2.77509, 2.82345, 2.79099, 2.84644, 
0.310937, 0.310484, 0.341114, 0.3401, 0.355068, 0.385718, 0.380312, 0.374733, 0.411886, 0.424175, 0.391782, 0.398391, 0.428335, 0.452868, 0.424869, 0.479876, 0.479307, 0.460144, 0.490149, 0.518527, 0.481183, 0.504314, 0.501396, 0.498829, 0.539657, 0.518189, 0.518956, 0.548917, 0.551045, 0.551906, 0.553721, 0.562652, 0.60228, 0.597081, 0.594264, 0.618587, 0.627522, 0.633713, 0.643876, 0.657725, 0.653524, 0.686464, 0.687279, 0.686039, 0.681416, 0.693759, 0.701707, 0.714607, 0.718514, 0.73098, 0.716387, 0.742695, 0.760786, 0.743603, 0.776242, 0.781881, 0.793665, 0.779067, 0.787998, 0.8121, 0.807526, 0.833168, 0.835165, 0.849246, 0.857819, 0.860839, 0.857684, 0.891392, 0.894175, 0.876723, 0.904315, 0.919202, 0.897268, 0.919695, 0.929584, 0.938908, 0.941362, 0.961531, 0.953567, 0.974207, 0.965551, 0.971198, 0.980542, 0.998516, 1.00138, 1.00192, 1.01903, 1.03483, 1.0419, 1.03795, 1.05042, 1.07104, 1.06146, 1.09275, 1.08219, 1.09926, 1.10287, 1.13376, 1.12715, 1.1327, 1.13179, 1.15086, 1.15403, 1.1533, 1.17003, 1.18943, 1.19017, 1.20572, 1.20568, 1.21533, 1.21496, 1.22214, 1.24763, 1.24693, 1.24776, 1.26942, 1.28875, 1.27536, 1.27838, 1.29388, 1.30607, 1.31025, 1.31373, 1.33152, 1.34162, 1.34512, 1.35641, 1.37052, 1.37045, 1.3928, 1.40211, 1.40245, 1.38366, 1.3785, 1.3981, 1.42002, 1.43454, 1.43999, 1.44761, 1.46798, 1.46295, 1.47242, 1.48263, 1.49561, 1.49669, 1.49909, 1.51386, 1.51268, 1.52421, 1.54522, 1.56303, 1.58871, 1.61976, 1.59888, 1.63759, 1.64264, 1.69076, 1.6741, 1.70459, 1.71648, 1.7144, 1.74405, 1.74157, 1.75202, 1.76532, 1.77632, 1.78566, 1.78611, 1.8048, 1.7865, 1.80779, 1.77922, 1.80734, 1.8115, 1.84106, 1.84103, 1.82416, 1.86223, 1.85238, 1.83093, 1.83841, 1.85644, 1.85634, 1.86679, 1.88097, 1.88599, 1.88562, 1.93466, 1.91616, 1.93766, 1.94724, 1.94233, 1.94256, 1.95218, 1.97332, 1.97735, 1.94208, 1.97377, 1.97357, 1.95577, 1.97919, 1.97884, 1.99571, 1.99016, 2.01178, 2.01439, 2.02593, 2.03219, 2.03442, 2.06266, 2.07208, 2.09032, 2.07689, 2.07691, 2.09408, 2.09221, 2.11251, 2.12132, 2.13671, 2.12748, 2.14097, 2.14197, 2.15551, 2.17407, 2.1591, 2.1888, 2.18858, 2.19348, 2.20388, 2.22498, 2.23417, 2.23846, 2.23889, 2.2765, 2.26366, 2.30176, 2.28114, 2.29757, 2.27964, 2.31151, 2.31129, 2.32189, 2.35582, 2.35395, 2.33528, 2.34609, 2.38752, 2.37187, 2.36721, 2.38976, 2.3995, 2.39414, 2.44845, 2.44281, 2.46034, 2.43648, 2.45304, 2.46865, 2.45638, 2.46945, 2.48755, 2.49885, 2.48497, 2.49381, 2.49276, 2.5125, 2.54177, 2.54223, 2.53337, 2.62146, 2.59527, 2.55545, 2.56392, 2.59552, 2.58005, 2.58762, 2.59549, 2.62629, 2.61694, 2.61512, 2.64013, 2.64028, 2.63952, 2.65266, 2.66627, 2.68224, 2.68853, 2.69493, 2.68903, 2.71328, 2.73113, 2.7282, 2.76356, 2.76345, 2.79462, 2.78569, 2.80093, 2.78815, 2.79483, 2.84783, 
0.317034, 0.315473, 0.319599, 0.321878, 0.322585, 0.36026, 0.356612, 0.363076, 0.363112, 0.400458, 0.435382, 0.394247, 0.413935, 0.427442, 0.420684, 0.453066, 0.468837, 0.470777, 0.484441, 0.485793, 0.486677, 0.510988, 0.518811, 0.526068, 0.574279, 0.531096, 0.539653, 0.556467, 0.55438, 0.554034, 0.553121, 0.563763, 0.601039, 0.576975, 0.608376, 0.591132, 0.603965, 0.642102, 0.629481, 0.628612, 0.636872, 0.659052, 0.672974, 0.677157, 0.68106, 0.712349, 0.688079, 0.722526, 0.721436, 0.716354, 0.719045, 0.715129, 0.725335, 0.725211, 0.757291, 0.803875, 0.775454, 0.767243, 0.795384, 0.809274, 0.807164, 0.807023, 0.824939, 0.843547, 0.830619, 0.866488, 0.869823, 0.849271, 0.861174, 0.892474, 0.892455, 0.888086, 0.903537, 0.912995, 0.920638, 0.918191, 0.950025, 0.93705, 0.960367, 0.960416, 0.961958, 0.977723, 0.984719, 0.985544, 0.994098, 1.01458, 1.01146, 1.03433, 1.03383, 1.03606, 1.05059, 1.05662, 1.05793, 1.07466, 1.08546, 1.09117, 1.09598, 1.10928, 1.11398, 1.11355, 1.14165, 1.14292, 1.14664, 1.14839, 1.17437, 1.16881, 1.19488, 1.19562, 1.19439, 1.20465, 1.20449, 1.21057, 1.22662, 1.22996, 1.24591, 1.25248, 1.25516, 1.27868, 1.28152, 1.28665, 1.30808, 1.29848, 1.30685, 1.33263, 1.33659, 1.34724, 1.34706, 1.40273, 1.35581, 1.36319, 1.35202, 1.35709, 1.36421, 1.37352, 1.37168, 1.38778, 1.4097, 1.42982, 1.44837, 1.50574, 1.48528, 1.50443, 1.52111, 1.51549, 1.52333, 1.52099, 1.54117, 1.58735, 1.55246, 1.5967, 1.59916, 1.63719, 1.62999, 1.63838, 1.66899, 1.71393, 1.72794, 1.71456, 1.72035, 1.74562, 1.75153, 1.78568, 1.79577, 1.79337, 1.80091, 1.79284, 1.81978, 1.81484, 1.8302, 1.81469, 1.82729, 1.85471, 1.90003, 1.87946, 1.88399, 1.88933, 1.87331, 1.8841, 1.90267, 1.88701, 1.87461, 1.87832, 1.86201, 1.90037, 1.90995, 1.89305, 1.93167, 1.94853, 2.05213, 1.97935, 1.97891, 1.97585, 1.97735, 1.96585, 1.97657, 1.99796, 1.996, 1.99342, 1.96725, 2.01405, 2.02113, 2.01395, 1.98659, 1.99324, 1.98806, 1.99726, 1.99594, 2.04565, 2.01587, 2.04648, 2.05764, 2.08647, 2.11854, 2.11902, 2.09266, 2.10641, 2.0989, 2.10314, 2.14015, 2.13773, 2.13143, 2.13164, 2.15199, 2.16879, 2.1699, 2.18984, 2.17385, 2.17548, 2.20648, 2.20781, 2.22966, 2.23072, 2.23178, 2.27276, 2.2972, 2.25306, 2.25279, 2.26876, 2.33285, 2.31187, 2.31204, 2.31034, 2.31594, 2.31364, 2.32763, 2.32864, 2.3424, 2.36048, 2.38235, 2.36803, 2.37023, 2.3943, 2.38755, 2.45205, 2.4295, 2.45947, 2.43153, 2.43043, 2.49821, 2.45552, 2.48156, 2.47385, 2.48004, 2.4909, 2.55417, 2.51203, 2.52413, 2.5454, 2.52667, 2.55666, 2.58456, 2.55739, 2.58727, 2.5963, 2.59156, 2.59805, 2.61647, 2.65666, 2.60282, 2.68843, 2.63692, 2.63902, 2.69924, 2.67517, 2.67357, 2.69121, 2.69116, 2.70592, 2.71968, 2.77053, 2.7109, 2.75055, 2.74216, 2.77073, 2.76782, 2.76719, 2.75652, 2.81936, 2.81984, 2.80526, 
0.331874, 0.356021, 0.319144, 0.318942, 0.353013, 0.339284, 0.396741, 0.36826, 0.365853, 0.376934, 0.373736, 0.44304, 0.444018, 0.441162, 0.455586, 0.431051, 0.430718, 0.43774, 0.479616, 0.486325, 0.506211, 0.509755, 0.490972, 0.514915, 0.522345, 0.538526, 0.5359, 0.530421, 0.529851, 0.566848, 0.553233, 0.552303, 0.583244, 0.57011, 0.618981, 0.607365, 0.636886, 0.621827, 0.620243, 0.640029, 0.668514, 0.673049, 0.679393, 0.681762, 0.67131, 0.681414, 0.692686, 0.69472, 0.721359, 0.711985, 0.716224, 0.729427, 0.725249, 0.736059, 0.748488, 0.770715, 0.751798, 0.773256, 0.786778, 0.781432, 0.804171, 0.829382, 0.806035, 0.832309, 0.832966, 0.83085, 0.847215, 0.856905, 0.883402, 0.879127, 0.877951, 0.905874, 0.90311, 0.89696, 0.92967, 0.926728, 0.924715, 0.936084, 0.941756, 0.953985, 0.96336, 0.988173, 0.974251, 0.983487, 0.990358, 1.01511, 1.0068, 1.03319, 1.03151, 1.04985, 1.04023, 1.05319, 1.0743, 1.08757, 1.08814, 1.08812, 1.08743, 1.11794, 1.11353, 1.11131, 1.12494, 1.13728, 1.13782, 1.14748, 1.16254, 1.18391, 1.18042, 1.20238, 1.20029, 1.20684, 1.21627, 1.21927, 1.22048, 1.23769, 1.24979, 1.26384, 1.26817, 1.27784, 1.2789, 1.2916, 1.28867, 1.31253, 1.30191, 1.30415, 1.32303, 1.33696, 1.32627, 1.32465, 1.34691, 1.34671, 1.33058, 1.34313, 1.34097, 1.35206, 1.38523, 1.39404, 1.41072, 1.46747, 1.47152, 1.48591, 1.51817, 1.51087, 1.54729, 1.53097, 1.55103, 1.55102, 1.59196, 1.5901, 1.61679, 1.62005, 1.64208, 1.66874, 1.69289, 1.71741, 1.72776, 1.75544, 1.72662, 1.74274, 1.74718, 1.75115, 1.81801, 1.77224, 1.79255, 1.77727, 1.77907, 1.80408, 1.82955, 1.83865, 1.85359, 1.83177, 1.91793, 1.9122, 1.88144, 1.90461, 1.88727, 1.91621, 1.91493, 1.91393, 1.8961, 1.88924, 1.91772, 1.93866, 1.89426, 1.9244, 1.95011, 2.00233, 1.99021, 2.00128, 2.00039, 2.01658, 2.00663, 2.0204, 1.99377, 1.98737, 2.01366, 1.99408, 1.98288, 2.00414, 2.00107, 2.02079, 2.0429, 2.03171, 2.02451, 2.0237, 2.03531, 2.03546, 2.03486, 2.04115, 2.02833, 2.04857, 2.04851, 2.06524, 2.0829, 2.07309, 2.09362, 2.11413, 2.11551, 2.13158, 2.11266, 2.11557, 2.1371, 2.1374, 2.14491, 2.16941, 2.19485, 2.19004, 2.18788, 2.18971, 2.20727, 2.22202, 2.20972, 2.22924, 2.23244, 2.24121, 2.26347, 2.26311, 2.25464, 2.26759, 2.27379, 2.3004, 2.35017, 2.30806, 2.31134, 2.35686, 2.34269, 2.3432, 2.36338, 2.33992, 2.35837, 2.37992, 2.38626, 2.3843, 2.40472, 2.41224, 2.41473, 2.4465, 2.43226, 2.44878, 2.43964, 2.49536, 2.49691, 2.49512, 2.51233, 2.50405, 2.50136, 2.52549, 2.51155, 2.53997, 2.57277, 2.55925, 2.58039, 2.57801, 2.55506, 2.56052, 2.58302, 2.58888, 2.58794, 2.63045, 2.63167, 2.6325, 2.63659, 2.67439, 2.64049, 2.685, 2.68757, 2.68116, 2.68246, 2.67985, 2.7143, 2.6927, 2.72305, 2.72361, 2.7266, 2.75552, 2.7702, 2.75099, 2.77112, 2.7731, 2.83289, 2.81989, 
0.322046, 0.319073, 0.320187, 0.324553, 0.327332, 0.335161, 0.334648, 0.373002, 0.386015, 0.370484, 0.396523, 0.456824, 0.397517, 0.420888, 0.441882, 0.417828, 0.465586, 0.463553, 0.476884, 0.475821, 0.475813, 0.508329, 0.508597, 0.51173, 0.51415, 0.537727, 0.527788, 0.546035, 0.532456, 0.559783, 0.567515, 0.567474, 0.590904, 0.590373, 0.607502, 0.607645, 0.615095, 0.614763, 0.624237, 0.627432, 0.643575, 0.659845, 0.662013, 0.662809, 0.663284, 0.682415, 0.692656, 0.716039, 0.708578, 0.707677, 0.715051, 0.704205, 0.727534, 0.745562, 0.761933, 0.753719, 0.74775, 0.765985, 0.790164, 0.79459, 0.797723, 0.801658, 0.826045, 0.825309, 0.833447, 0.829499, 0.84442, 0.870235, 0.867951, 0.861257, 0.871201, 0.875611, 0.901136, 0.901142, 0.906179, 0.91289, 0.912641, 0.923036, 0.950019, 0.948849, 0.949678, 0.97401, 0.974159, 0.978503, 0.985512, 1.00164, 1.01904, 1.01902, 1.02916, 1.03181, 1.03643, 1.0598, 1.05116, 1.06274, 1.09505, 1.0705, 1.08901, 1.10608, 1.10919, 1.11588, 1.12343, 1.14198, 1.14345, 1.14679, 1.15084, 1.15547, 1.17934, 1.17728, 1.19532, 1.1898, 1.20946, 1.22708, 1.22314, 1.23092, 1.25078, 1.23998, 1.26474, 1.26255, 1.28469, 1.28476, 1.30193, 1.29646, 1.32031, 1.313, 1.3126, 1.31296, 1.31641, 1.31243, 1.32281, 1.32621, 1.34262, 1.34262, 1.36921, 1.40655, 1.40679, 1.41735, 1.46389, 1.46436, 1.50244, 1.51345, 1.52118, 1.57208, 1.55385, 1.57624, 1.61613, 1.60386, 1.63004, 1.67618, 1.6712, 1.69418, 1.67552, 1.71066, 1.7612, 1.76413, 1.76894, 1.77333, 1.72343, 1.7866, 1.59035, 1.58854, 1.56655, 1.58367, 1.58281, 1.59245, 1.73928, 1.76928, 1.8069, 1.8423, 1.85302, 1.89634, 1.88762, 1.92439, 1.91675, 1.90385, 1.93469, 1.93531, 1.90299, 1.92773, 1.94751, 1.94903, 1.92781, 1.94179, 1.9492, 1.95279, 1.96596, 1.99954, 2.03319, 2.03763, 2.00229, 2.03645, 2.05507, 1.98444, 1.98315, 1.98238, 1.98228, 2.04949, 2.01817, 2.02871, 2.04609, 2.03796, 2.02866, 2.03595, 2.03862, 2.06581, 2.05895, 2.06631, 2.0662, 2.04408, 2.08244, 2.07391, 2.03966, 2.06623, 2.07641, 2.0953, 2.09597, 2.08945, 2.09898, 2.13662, 2.11473, 2.18016, 2.14589, 2.13525, 2.15495, 2.14159, 2.15767, 2.15329, 2.18373, 2.20312, 2.18512, 2.19448, 2.20418, 2.20587, 2.2213, 2.24563, 2.23537, 2.25675, 2.23984, 2.28456, 2.28709, 2.29784, 2.29699, 2.30503, 2.31226, 2.3349, 2.33789, 2.32088, 2.33282, 2.35774, 2.37621, 2.38432, 2.377, 2.37778, 2.40176, 2.41112, 2.41101, 2.4141, 2.4353, 2.43276, 2.44304, 2.45707, 2.4531, 2.46207, 2.47438, 2.48011, 2.48983, 2.5155, 2.51673, 2.52109, 2.52581, 2.56738, 2.53899, 2.54047, 2.57356, 2.59201, 2.60517, 2.64016, 2.60162, 2.58914, 2.66993, 2.63327, 2.63914, 2.63043, 2.63742, 2.6603, 2.66088, 2.70094, 2.74366, 2.69347, 2.71224, 2.73345, 2.71247, 2.74304, 2.72784, 2.75176, 2.74822, 2.75, 2.74379, 2.78756, 2.83376, 2.81822, 
0.377715, 0.308837, 0.330218, 0.356174, 0.342464, 0.369755, 0.367804, 0.372369, 0.397764, 0.362868, 0.393518, 0.41396, 0.412614, 0.414244, 0.44598, 0.41742, 0.457629, 0.454298, 0.45886, 0.480186, 0.466386, 0.473068, 0.497755, 0.507863, 0.506179, 0.531788, 0.515604, 0.548257, 0.534094, 0.552871, 0.570329, 0.569231, 0.563159, 0.562516, 0.602501, 0.61499, 0.618277, 0.603487, 0.602695, 0.612544, 0.622093, 0.658549, 0.659723, 0.647754, 0.670012, 0.687282, 0.676485, 0.67463, 0.698506, 0.699596, 0.70087, 0.721565, 0.755935, 0.736008, 0.735003, 0.756394, 0.763679, 0.749651, 0.781624, 0.790921, 0.807676, 0.798457, 0.804395, 0.824347, 0.825593, 0.822889, 0.832647, 0.842124, 0.863427, 0.855873, 0.871828, 0.871155, 0.880828, 0.888546, 0.905364, 0.912197, 0.931071, 0.91848, 0.938126, 0.943715, 0.94394, 0.960767, 0.966894, 0.98737, 0.990014, 0.987951, 1.01895, 1.00528, 1.01402, 1.04395, 1.03649, 1.04759, 1.06789, 1.05703, 1.07483, 1.07702, 1.08028, 1.08871, 1.11902, 1.12288, 1.11978, 1.15418, 1.13857, 1.14762, 1.15582, 1.16014, 1.17208, 1.18057, 1.18083, 1.20637, 1.19947, 1.21177, 1.22262, 1.22308, 1.22599, 1.24875, 1.26049, 1.2588, 1.27175, 1.27669, 1.28472, 1.30723, 1.29778, 1.28837, 1.32654, 1.30002, 1.31549, 1.31492, 1.34288, 1.35197, 1.36494, 1.41984, 1.39585, 1.41329, 1.43678, 1.46509, 1.48528, 1.53007, 1.55062, 1.548, 1.56654, 1.58598, 1.62045, 1.59349, 1.60806, 1.6269, 1.68616, 1.67423, 1.67391, 1.72659, 1.72151, 1.73641, 1.7691, 1.75907, 1.74814, 1.72438, 1.64654, 1.64259, 1.58629, 1.56589, 1.55451, 1.57038, 1.55149, 1.57159, 1.81972, 1.79464, 1.81132, 1.86788, 1.93051, 1.93024, 1.92116, 1.98721, 1.94948, 1.96392, 1.94548, 1.9554, 1.95141, 1.93897, 1.93461, 1.98934, 1.94818, 1.95928, 1.96327, 1.96965, 1.93506, 1.94526, 2.02916, 2.00479, 2.01082, 2.02053, 2.0241, 2.01572, 1.97936, 1.97866, 2.02192, 2.01079, 2.03917, 2.06665, 2.06745, 2.04642, 2.10729, 2.09737, 2.096, 2.08686, 2.06405, 2.06062, 2.05264, 2.05863, 2.02665, 2.04044, 2.04413, 2.04555, 2.0858, 2.08351, 2.10472, 2.1102, 2.09029, 2.11079, 2.1138, 2.13859, 2.14713, 2.14822, 2.13833, 2.11443, 2.18362, 2.1692, 2.18433, 2.20836, 2.19095, 2.19179, 2.20463, 2.20789, 2.21596, 2.25331, 2.24633, 2.24584, 2.27222, 2.27766, 2.26788, 2.27266, 2.30323, 2.31092, 2.30598, 2.3347, 2.30662, 2.33616, 2.32974, 2.32801, 2.39662, 2.35795, 2.38648, 2.40818, 2.41853, 2.43826, 2.38654, 2.42382, 2.43162, 2.43885, 2.43884, 2.45121, 2.45628, 2.48735, 2.48822, 2.49109, 2.48241, 2.4991, 2.50086, 2.51164, 2.5113, 2.55182, 2.5415, 2.53185, 2.55057, 2.56334, 2.58235, 2.59362, 2.59616, 2.60233, 2.612, 2.61801, 2.64063, 2.62628, 2.67549, 2.66294, 2.66406, 2.68155, 2.70136, 2.7187, 2.68775, 2.67906, 2.72032, 2.72089, 2.74923, 2.75015, 2.75062, 2.79, 2.75351, 2.76116, 2.7576, 2.76591, 
0.33828, 0.313871, 0.311573, 0.310655, 0.321359, 0.363391, 0.386984, 0.369742, 0.376682, 0.397638, 0.384004, 0.396887, 0.396357, 0.425686, 0.400707, 0.446312, 0.437622, 0.473598, 0.458239, 0.508505, 0.47905, 0.491382, 0.466665, 0.508495, 0.503976, 0.515171, 0.515558, 0.523224, 0.522757, 0.524572, 0.55433, 0.567817, 0.581913, 0.590405, 0.563705, 0.573498, 0.601557, 0.625155, 0.61668, 0.616005, 0.615977, 0.666602, 0.646499, 0.657161, 0.666872, 0.676326, 0.674098, 0.67141, 0.707488, 0.70558, 0.718899, 0.707791, 0.730323, 0.72867, 0.726269, 0.758708, 0.744033, 0.757571, 0.777265, 0.792239, 0.793827, 0.802329, 0.797483, 0.820122, 0.82192, 0.832457, 0.842764, 0.839451, 0.853262, 0.877363, 0.870297, 0.869681, 0.879931, 0.888604, 0.89059, 0.902168, 0.901889, 0.929131, 0.946996, 0.945932, 0.954273, 0.962829, 0.962787, 0.970202, 0.977727, 0.978457, 1.00191, 0.996949, 1.02737, 1.0323, 1.03023, 1.04037, 1.04097, 1.05962, 1.05526, 1.06132, 1.08119, 1.09539, 1.09593, 1.10555, 1.11854, 1.11701, 1.15358, 1.15369, 1.14989, 1.16873, 1.18122, 1.1719, 1.18138, 1.19216, 1.19645, 1.20375, 1.21312, 1.21529, 1.24033, 1.24325, 1.25794, 1.25753, 1.26031, 1.27087, 1.35244, 1.35241, 1.23402, 1.22863, 1.1906, 1.18965, 1.18989, 1.20167, 1.24011, 1.20713, 1.24035, 1.41639, 1.43932, 1.44083, 1.45813, 1.46168, 1.50362, 1.5243, 1.54707, 1.56215, 1.57465, 1.58341, 1.63102, 1.60103, 1.65446, 1.70116, 1.71607, 1.71016, 1.76219, 1.73995, 1.70375, 1.7034, 1.72016, 1.69312, 1.74257, 1.66628, 1.64002, 1.60979, 1.60756, 1.59202, 1.57042, 1.56742, 1.57813, 1.80999, 1.81193, 1.83184, 1.8309, 1.93899, 1.96938, 1.99297, 1.95516, 2.00839, 1.95456, 1.95264, 1.96964, 1.97029, 1.9762, 1.97948, 1.98985, 1.95309, 2.00612, 1.98588, 2.00363, 1.93742, 1.93855, 1.9503, 2.00765, 2.0184, 1.99288, 2.0141, 2.00925, 2.00868, 2.00022, 1.98067, 1.96669, 1.96525, 2.0212, 2.08527, 2.07064, 2.09105, 2.09045, 2.10146, 2.06488, 2.05243, 2.0736, 2.04267, 2.06612, 2.06937, 2.03956, 2.04029, 2.03441, 2.0482, 2.05187, 2.07232, 2.10099, 2.12779, 2.13517, 2.13271, 2.11467, 2.11403, 2.11454, 2.10806, 2.10504, 2.11994, 2.10432, 2.11442, 2.13879, 2.17652, 2.18499, 2.21888, 2.22139, 2.23938, 2.22462, 2.24236, 2.22128, 2.24249, 2.25613, 2.25621, 2.25562, 2.2641, 2.26588, 2.30796, 2.3053, 2.32626, 2.33608, 2.37024, 2.37038, 2.35359, 2.38682, 2.38475, 2.3838, 2.3839, 2.38386, 2.39387, 2.38807, 2.40688, 2.40706, 2.42985, 2.42998, 2.44584, 2.44688, 2.44746, 2.45867, 2.47691, 2.47545, 2.50457, 2.50472, 2.49502, 2.52257, 2.5211, 2.54331, 2.54023, 2.5626, 2.56022, 2.5506, 2.58044, 2.57964, 2.60549, 2.60716, 2.60108, 2.62622, 2.62012, 2.62048, 2.65467, 2.65702, 2.66105, 2.68457, 2.68335, 2.70366, 2.70336, 2.74019, 2.72351, 2.71521, 2.75745, 2.7379, 2.74043, 2.75977, 2.79245, 2.79493, 2.8113, 
0.310231, 0.31107, 0.327838, 0.310074, 0.358981, 0.35204, 0.34961, 0.362121, 0.355317, 0.350115, 0.376468, 0.407055, 0.402874, 0.396132, 0.438882, 0.422769, 0.418887, 0.418852, 0.43661, 0.435584, 0.455115, 0.47615, 0.460088, 0.477282, 0.493186, 0.498481, 0.505595, 0.552332, 0.545695, 0.555873, 0.527447, 0.581208, 0.554778, 0.553222, 0.596702, 0.572857, 0.572852, 0.616448, 0.608141, 0.625544, 0.673871, 0.618381, 0.65729, 0.655909, 0.662829, 0.670283, 0.668046, 0.698382, 0.694846, 0.707757, 0.7073, 0.692129, 0.703686, 0.714882, 0.711326, 0.743529, 0.75101, 0.785303, 0.762107, 0.771738, 0.786145, 0.790134, 0.788581, 0.826113, 0.818935, 0.821845, 0.824904, 0.861018, 0.859821, 0.865889, 0.866672, 0.866426, 0.891832, 0.883907, 0.919634, 0.898061, 0.907465, 0.908204, 0.920349, 0.944996, 0.940119, 0.951117, 0.951148, 0.97002, 0.968302, 0.9791, 0.995074, 0.990786, 1.01328, 1.01539, 1.01638, 1.02567, 1.05161, 1.04176, 1.07708, 1.06662, 1.06657, 1.07305, 1.08798, 1.10946, 1.10175, 1.13082, 1.11905, 1.13103, 1.14045, 1.14512, 1.16987, 1.17396, 1.17413, 1.19947, 1.20137, 1.21313, 1.22226, 1.21852, 1.23329, 1.25412, 1.29469, 1.29197, 1.26908, 1.26785, 1.20121, 1.2101, 1.16739, 1.16809, 1.15801, 1.16478, 1.15449, 1.17053, 1.17858, 1.18264, 1.20075, 1.25464, 1.27525, 1.47109, 1.49615, 1.52424, 1.52018, 1.54557, 1.5718, 1.59626, 1.60652, 1.62891, 1.61285, 1.69563, 1.6973, 1.69346, 1.72762, 1.71987, 1.74618, 1.71103, 1.70817, 1.74395, 1.76905, 1.69638, 1.68307, 1.65147, 1.64377, 1.64054, 1.62467, 1.62374, 1.61035, 1.61279, 1.82521, 1.81663, 1.90939, 1.95915, 1.95943, 1.96277, 1.96553, 1.99982, 2.01746, 2.01709, 2.01712, 2.00798, 2.00541, 2.04173, 2.0433, 2.03495, 2.04594, 1.99752, 1.9973, 2.0183, 2.03428, 2.03789, 2.07643, 2.04149, 2.00714, 1.99657, 2.01771, 2.02103, 2.02219, 2.02375, 1.96271, 1.97025, 2.00968, 1.99673, 2.04487, 2.1238, 2.12196, 2.10399, 2.10672, 2.10721, 2.09171, 2.1012, 2.08609, 2.08573, 2.0749, 2.07848, 2.0793, 2.07741, 2.06291, 2.10228, 2.10193, 2.10116, 2.14656, 2.14629, 2.16782, 2.1904, 2.21351, 2.10061, 2.08055, 2.07242, 2.10712, 1.95962, 1.94977, 1.94842, 1.95456, 1.96473, 1.91755, 1.9421, 1.96353, 1.949, 2.22307, 2.22525, 2.22203, 2.23151, 2.25788, 2.25608, 2.26749, 2.28104, 2.28664, 2.2959, 2.2937, 2.31419, 2.30687, 2.317, 2.32803, 2.30837, 2.30147, 2.34704, 2.36555, 2.38355, 2.3803, 2.38187, 2.39878, 2.43001, 2.41129, 2.41678, 2.43584, 2.44884, 2.44184, 2.45302, 2.44863, 2.51078, 2.47532, 2.53133, 2.49417, 2.48809, 2.53335, 2.53062, 2.53498, 2.52935, 2.531, 2.54231, 2.54324, 2.58185, 2.62211, 2.5976, 2.58727, 2.63253, 2.62499, 2.62569, 2.62863, 2.63518, 2.64634, 2.66723, 2.68369, 2.68962, 2.67129, 2.67616, 2.72495, 2.75752, 2.73274, 2.75207, 2.76033, 2.74712, 2.75399, 2.76468, 2.77468, 2.79222, 
0.296915, 0.297044, 0.32353, 0.320649, 0.300896, 0.335552, 0.332588, 0.365856, 0.358638, 0.363497, 0.37732, 0.415903, 0.397225, 0.418018, 0.407738, 0.457058, 0.423947, 0.441855, 0.455837, 0.43848, 0.438772, 0.456307, 0.456865, 0.476778, 0.507187, 0.536105, 0.518394, 0.51584, 0.536237, 0.535605, 0.566905, 0.545459, 0.538401, 0.586643, 0.610655, 0.588144, 0.579967, 0.600477, 0.607754, 0.614551, 0.604974, 0.617872, 0.631935, 0.650663, 0.643685, 0.643008, 0.652811, 0.662539, 0.705058, 0.679265, 0.696544, 0.713925, 0.718262, 0.721, 0.718943, 0.731773, 0.729853, 0.767636, 0.753186, 0.75178, 0.766643, 0.785323, 0.797877, 0.806909, 0.804352, 0.804, 0.825162, 0.831901, 0.833388, 0.8337, 0.845903, 0.870755, 0.887071, 0.876599, 0.879677, 0.899414, 0.905043, 0.919625, 0.918579, 0.950655, 0.940452, 0.946602, 0.954057, 0.960165, 0.981284, 0.969868, 1.00039, 0.98764, 1.00495, 1.00351, 1.02044, 1.02316, 1.04067, 1.05508, 1.04153, 1.05518, 1.06393, 1.0817, 1.07492, 1.09784, 1.12268, 1.10295, 1.11527, 1.12639, 1.13525, 1.15346, 1.14516, 1.16408, 1.16159, 1.21009, 1.19324, 1.21117, 1.20991, 1.19821, 1.21841, 1.24579, 1.24462, 1.24053, 1.24382, 1.26392, 1.17525, 1.16451, 1.15284, 1.13987, 1.14073, 1.14232, 1.16062, 1.17685, 1.16411, 1.17798, 1.18836, 1.21543, 1.24657, 1.50377, 1.52841, 1.52149, 1.54873, 1.58364, 1.58282, 1.59957, 1.60919, 1.66458, 1.65333, 1.69897, 1.70202, 1.68471, 1.7409, 1.74843, 1.71318, 1.71389, 1.73168, 1.74163, 1.72778, 1.74772, 1.68158, 1.68262, 1.65046, 1.65095, 1.70612, 1.8067, 1.90994, 1.92379, 1.90056, 1.93715, 1.92784, 1.97101, 1.97042, 1.67314, 1.67237, 1.63467, 1.65145, 1.65867, 2.04867, 2.04834, 2.04791, 2.09826, 2.03985, 2.05847, 2.05303, 2.03733, 2.03772, 2.07612, 2.07913, 2.06525, 2.11752, 2.03094, 2.05193, 2.0056, 2.02877, 1.98479, 2.02721, 1.9811, 1.99039, 2.01885, 2.0216, 2.03874, 2.07993, 2.11619, 2.15624, 2.10417, 2.10353, 2.1132, 2.13234, 2.12502, 2.12315, 2.09757, 2.11113, 2.1403, 2.11729, 2.10566, 2.11468, 2.12136, 2.09569, 2.17415, 2.17727, 2.173, 2.16089, 2.16855, 2.16247, 1.96183, 1.96867, 1.93242, 1.9315, 1.97205, 1.9532, 1.95128, 1.91807, 1.95604, 1.9162, 1.91757, 1.91692, 1.94914, 1.9478, 1.92116, 1.9217, 2.22651, 2.25822, 2.26444, 2.27278, 2.24988, 2.2762, 2.28685, 2.28372, 2.29619, 2.29469, 2.29595, 2.34257, 2.29879, 2.36345, 2.37855, 2.35184, 2.34355, 2.38352, 2.39923, 2.3947, 2.4119, 2.42123, 2.40713, 2.41345, 2.44908, 2.44635, 2.44342, 2.43847, 2.45494, 2.45352, 2.47356, 2.49407, 2.48061, 2.50878, 2.54168, 2.52211, 2.53511, 2.54626, 2.53937, 2.53883, 2.59084, 2.57471, 2.55033, 2.61622, 2.59226, 2.61463, 2.62149, 2.61873, 2.62562, 2.62938, 2.62974, 2.63983, 2.68855, 2.68361, 2.686, 2.7252, 2.74678, 2.6978, 2.73392, 2.74701, 2.77833, 2.75211, 2.75388, 2.7543, 2.76302, 
0.293993, 0.302013, 0.310573, 0.310884, 0.348712, 0.349217, 0.352154, 0.328197, 0.373031, 0.373866, 0.386117, 0.367159, 0.376611, 0.414252, 0.401002, 0.442405, 0.425673, 0.408342, 0.422966, 0.43827, 0.438229, 0.455024, 0.46659, 0.458625, 0.51131, 0.492722, 0.510683, 0.511755, 0.511379, 0.520767, 0.525403, 0.534961, 0.552671, 0.565311, 0.565419, 0.572296, 0.572602, 0.586663, 0.617681, 0.599871, 0.601587, 0.602368, 0.639172, 0.64355, 0.630185, 0.666491, 0.683691, 0.680465, 0.660868, 0.697905, 0.697553, 0.701339, 0.705498, 0.718794, 0.719878, 0.753156, 0.756723, 0.735366, 0.73587, 0.762213, 0.763039, 0.769233, 0.782028, 0.801465, 0.799692, 0.821146, 0.808394, 0.810018, 0.832095, 0.841358, 0.866453, 0.86295, 0.868499, 0.883093, 0.884741, 0.885563, 0.891076, 0.905268, 0.905207, 0.931723, 0.920209, 0.93254, 0.953549, 0.948356, 0.963088, 0.971341, 0.974068, 1.00426, 0.999024, 1.00791, 1.01704, 1.03573, 1.02671, 1.02762, 1.04279, 1.05367, 1.05317, 1.06668, 1.07382, 1.09628, 1.09383, 1.10328, 1.10728, 1.11991, 1.13868, 1.14537, 1.14327, 1.16199, 1.16284, 1.17514, 1.18455, 1.18261, 1.19536, 1.19397, 1.21263, 1.20983, 1.25035, 1.24502, 1.24595, 1.29236, 1.29251, 1.15775, 1.13913, 1.13872, 1.13963, 1.14599, 1.14584, 1.15123, 1.16533, 1.18268, 1.21928, 1.21956, 1.23365, 1.24929, 1.53481, 1.58087, 1.60296, 1.58938, 1.58542, 1.62082, 1.64471, 1.66179, 1.69317, 1.71698, 1.70361, 1.7046, 1.75873, 1.73411, 1.7483, 1.75424, 1.76564, 1.76679, 1.75839, 1.74937, 1.75725, 1.71159, 1.73445, 1.75481, 1.7638, 1.79379, 1.79156, 1.91151, 1.88956, 1.88564, 1.90495, 1.70786, 1.64891, 1.63264, 1.61019, 1.60949, 1.59657, 1.61281, 1.63918, 2.06995, 2.06299, 2.05488, 2.04546, 2.07107, 2.04547, 2.06569, 2.10754, 2.06187, 2.08212, 2.07522, 2.07253, 2.08995, 2.05018, 2.05041, 1.98898, 2.00738, 2.06031, 1.99918, 2.01426, 2.02746, 2.05691, 2.07157, 2.15911, 2.14916, 2.15496, 2.15238, 2.14413, 2.1108, 2.10209, 2.11251, 2.11108, 2.10402, 2.10783, 2.1088, 2.16388, 2.17664, 2.17755, 2.17908, 2.16688, 2.16491, 2.18221, 2.16623, 2.16693, 2.16819, 1.97287, 1.94135, 1.94045, 1.93957, 1.9457, 1.98428, 2.21438, 2.05054, 1.98781, 2.00343, 2.02851, 2.06184, 2.00404, 1.98948, 1.93072, 1.92983, 1.92037, 1.92817, 1.92758, 1.93544, 2.25304, 2.27429, 2.28601, 2.2723, 2.2787, 2.30194, 2.32129, 2.29324, 2.3199, 2.31137, 2.32633, 2.33716, 2.37459, 2.35628, 2.39111, 2.36307, 2.37502, 2.40581, 2.39781, 2.39409, 2.4218, 2.4124, 2.43062, 2.46088, 2.43244, 2.43933, 2.45957, 2.4598, 2.45985, 2.48041, 2.50785, 2.50549, 2.53606, 2.52043, 2.54034, 2.54074, 2.58783, 2.56362, 2.57663, 2.5679, 2.58427, 2.60441, 2.61865, 2.59779, 2.6393, 2.63357, 2.63341, 2.64177, 2.64292, 2.6704, 2.68017, 2.68846, 2.68686, 2.68111, 2.68079, 2.70263, 2.73903, 2.70524, 2.76286, 2.77167, 2.7806, 2.76596, 
0.252979, 0.280909, 0.307148, 0.306874, 0.293497, 0.328224, 0.310306, 0.312833, 0.3411, 0.33145, 0.377322, 0.373045, 0.382442, 0.371124, 0.401917, 0.385909, 0.416495, 0.408785, 0.413704, 0.42579, 0.453205, 0.441075, 0.453143, 0.486694, 0.486511, 0.501634, 0.479445, 0.521255, 0.518414, 0.528587, 0.539218, 0.579455, 0.573072, 0.551722, 0.565806, 0.581996, 0.572288, 0.567607, 0.588688, 0.588406, 0.621225, 0.598695, 0.63557, 0.621949, 0.668083, 0.631272, 0.641772, 0.653581, 0.663749, 0.660272, 0.67132, 0.695103, 0.688743, 0.718694, 0.756012, 0.711651, 0.735009, 0.729744, 0.746822, 0.7498, 0.750607, 0.773856, 0.776556, 0.840088, 0.794036, 0.799031, 0.798719, 0.806247, 0.847, 0.845587, 0.866577, 0.857011, 0.866192, 0.859151, 0.870671, 0.874475, 0.885939, 0.905174, 0.905186, 0.914746, 0.918483, 0.928424, 0.959242, 0.947016, 0.956103, 0.979779, 0.991662, 0.991887, 0.993579, 0.996136, 1.00054, 1.01487, 1.04008, 1.02601, 1.0525, 1.06074, 1.06046, 1.07659, 1.06546, 1.09606, 1.09943, 1.0952, 1.10523, 1.1119, 1.12274, 1.13249, 1.14257, 1.14907, 1.17016, 1.1763, 1.17012, 1.16634, 1.16387, 1.17354, 1.17447, 1.1848, 1.22079, 1.25506, 1.26862, 1.27539, 1.29761, 1.17092, 1.15563, 1.18479, 1.15339, 1.15034, 1.15079, 1.1821, 1.17153, 1.18234, 1.20219, 1.20938, 1.24797, 1.29101, 1.58926, 1.58607, 1.61117, 1.60344, 1.62742, 1.63703, 1.66432, 1.70336, 1.70598, 1.68666, 1.73018, 1.72355, 1.75904, 1.80995, 1.73636, 1.76344, 1.78239, 1.76597, 1.75857, 1.77555, 1.76317, 1.74158, 1.78673, 1.74736, 1.74966, 1.79333, 1.80064, 1.76815, 1.78177, 1.79618, 1.79122, 1.82413, 1.79707, 1.57902, 1.57211, 1.5578, 1.56627, 1.57172, 1.57766, 2.07518, 2.0942, 2.07403, 2.09103, 2.0908, 2.07159, 2.10524, 2.10522, 2.06681, 2.11051, 2.15703, 2.08396, 2.087, 2.04909, 2.07372, 2.03526, 2.02151, 2.00671, 2.01125, 2.01793, 2.05508, 2.03718, 2.06858, 2.16391, 2.15778, 2.14862, 2.17598, 2.12007, 2.12604, 2.15985, 2.10409, 2.10495, 2.09778, 2.09469, 2.10236, 2.08694, 2.08767, 2.16344, 2.16246, 2.02885, 2.16497, 2.27303, 2.21899, 1.98424, 1.94384, 1.94799, 1.94891, 1.97782, 2.15561, 2.18941, 2.18929, 2.22806, 2.20342, 2.22204, 2.21882, 2.2111, 2.22828, 2.07169, 2.1124, 2.06491, 2.2315, 1.92691, 1.91645, 1.89399, 1.93124, 1.96649, 2.25216, 2.28006, 2.28036, 2.26941, 2.30121, 2.31978, 2.32904, 2.3008, 2.3454, 2.31892, 2.33578, 2.35209, 2.34947, 2.36132, 2.38008, 2.39914, 2.37406, 2.38497, 2.38583, 2.41097, 2.44676, 2.42279, 2.43256, 2.47983, 2.43004, 2.45908, 2.48742, 2.52201, 2.52176, 2.53562, 2.52623, 2.5352, 2.53803, 2.55951, 2.58358, 2.54663, 2.56024, 2.56026, 2.56017, 2.57098, 2.58051, 2.60865, 2.61579, 2.60219, 2.60134, 2.6013, 2.67326, 2.65511, 2.65509, 2.66886, 2.6875, 2.70117, 2.71154, 2.71219, 2.69395, 2.75001, 2.71906, 2.77831, 2.73183, 2.78197, 2.78408, 
0.262691, 0.311613, 0.310165, 0.277883, 0.321103, 0.318559, 0.309939, 0.308787, 0.332382, 0.372771, 0.356483, 0.39319, 0.383862, 0.374035, 0.40477, 0.405361, 0.418834, 0.407928, 0.433144, 0.461786, 0.420576, 0.425005, 0.476507, 0.477465, 0.470892, 0.477499, 0.471095, 0.5292, 0.507279, 0.497558, 0.532891, 0.532034, 0.545808, 0.54894, 0.548652, 0.552101, 0.563359, 0.591842, 0.606798, 0.596135, 0.615249, 0.644521, 0.597717, 0.625237, 0.657219, 0.662341, 0.635049, 0.674145, 0.661378, 0.666234, 0.667279, 0.696263, 0.683804, 0.729903, 0.702027, 0.719413, 0.733135, 0.729392, 0.728451, 0.756803, 0.755625, 0.764349, 0.783896, 0.774321, 0.791135, 0.803278, 0.833814, 0.802511, 0.814579, 0.823579, 0.83102, 0.842415, 0.859278, 0.857802, 0.871342, 0.871549, 0.891509, 0.8906, 0.897825, 0.919098, 0.92278, 0.921255, 0.937155, 0.935732, 0.945363, 0.953882, 0.966807, 0.964671, 0.986539, 0.994704, 0.996105, 1.00917, 1.02409, 1.02587, 1.03938, 1.03776, 1.04391, 1.06052, 1.08477, 1.0753, 1.09206, 1.09201, 1.10045, 1.10618, 1.11356, 1.12842, 1.14953, 1.15054, 1.18078, 1.1477, 1.1543, 1.14478, 1.14875, 1.15413, 1.15409, 1.19453, 1.24541, 1.28883, 1.2816, 1.28939, 1.33044, 1.32199, 1.18635, 1.18157, 1.16873, 1.16803, 1.17706, 1.17799, 1.18387, 1.19813, 1.20661, 1.22439, 1.2677, 1.26489, 1.32116, 1.56067, 1.57112, 1.618, 1.6206, 1.63145, 1.64385, 1.68295, 1.68218, 1.68086, 1.66514, 1.76238, 1.80038, 1.78681, 1.80126, 1.81309, 1.81338, 1.8135, 1.79592, 1.79361, 1.80395, 1.75492, 1.75172, 1.7508, 1.75076, 1.75921, 1.76209, 1.76713, 1.77163, 1.79581, 1.81578, 1.80747, 1.79975, 1.59289, 1.59842, 1.54154, 1.5308, 1.53405, 1.55571, 1.53442, 1.53764, 2.08316, 2.12402, 2.09487, 2.10929, 2.10111, 2.10879, 2.10902, 2.11733, 2.11374, 2.10411, 2.11263, 2.08062, 2.09151, 2.11932, 2.10389, 2.06544, 2.06, 2.0479, 2.08323, 2.1937, 2.2147, 2.19078, 2.16881, 2.22304, 2.17579, 2.14858, 2.14477, 2.14312, 2.11566, 2.11443, 2.11931, 2.08634, 2.08681, 2.08302, 2.04971, 2.02093, 2.00843, 1.99639, 1.99796, 2.02141, 1.95378, 1.96532, 1.92887, 1.96314, 2.19637, 2.19088, 2.20087, 2.18304, 2.19947, 2.16729, 2.16562, 2.19533, 2.21755, 2.23598, 2.24162, 2.18413, 2.21462, 2.21477, 2.22461, 2.22374, 2.22398, 1.90289, 1.91532, 1.94882, 1.97023, 2.26017, 2.26, 2.26999, 2.29379, 2.30723, 2.32894, 2.32977, 2.3455, 2.32589, 2.31903, 2.3396, 2.33999, 2.3831, 2.34944, 2.36417, 2.3929, 2.39032, 2.39136, 2.40246, 2.41925, 2.42661, 2.42386, 2.42074, 2.43289, 2.49412, 2.49501, 2.45878, 2.46652, 2.50495, 2.49713, 2.51107, 2.51351, 2.54591, 2.52999, 2.56122, 2.56726, 2.55296, 2.58559, 2.57013, 2.56971, 2.5726, 2.60269, 2.62253, 2.60272, 2.64983, 2.66077, 2.6438, 2.6696, 2.67415, 2.67432, 2.69525, 2.66847, 2.67779, 2.7084, 2.73331, 2.73845, 2.73312, 2.72836, 2.78492, 2.77803, 
0.276903, 0.283249, 0.297844, 0.302725, 0.321944, 0.292418, 0.313965, 0.320826, 0.351955, 0.359629, 0.374431, 0.356435, 0.355442, 0.386367, 0.398953, 0.452941, 0.414385, 0.415235, 0.408456, 0.437715, 0.425908, 0.424926, 0.454859, 0.482865, 0.470344, 0.458861, 0.501297, 0.490449, 0.488199, 0.49693, 0.537055, 0.539307, 0.552038, 0.51524, 0.495008, 0.542718, 0.570058, 0.569504, 0.586107, 0.576105, 0.624324, 0.592049, 0.593203, 0.6286, 0.624019, 0.633306, 0.626833, 0.663509, 0.676999, 0.677923, 0.679959, 0.664075, 0.68701, 0.701225, 0.698764, 0.698942, 0.706856, 0.715423, 0.740283, 0.771025, 0.7596, 0.7531, 0.773378, 0.794957, 0.784822, 0.786393, 0.787144, 0.806834, 0.818038, 0.826278, 0.846371, 0.832187, 0.859316, 0.847531, 0.874821, 0.897444, 0.884429, 0.890548, 0.903761, 0.904208, 0.91929, 0.917599, 0.938717, 0.953887, 0.957433, 0.946716, 0.974292, 0.981952, 0.972008, 1.00825, 0.998408, 1.00742, 1.01972, 1.01876, 1.02736, 1.03023, 1.04985, 1.0536, 1.07184, 1.07411, 1.07785, 1.08885, 1.11555, 1.11238, 1.11874, 1.13311, 1.13582, 1.15081, 1.1553, 1.15076, 1.13347, 1.128, 1.14107, 1.17798, 1.18961, 1.21588, 1.28679, 1.29205, 1.30185, 1.30997, 1.35197, 1.34671, 1.19536, 1.18076, 1.20461, 1.18816, 1.20028, 1.20343, 1.22728, 1.23251, 1.3064, 1.29607, 1.31026, 1.30612, 1.34276, 1.50391, 1.52324, 1.54579, 1.5886, 1.58223, 1.63932, 1.6618, 1.6837, 1.70741, 1.71375, 1.78219, 1.79299, 1.83467, 1.83464, 1.83707, 1.82741, 1.8271, 1.84051, 1.81559, 1.81407, 1.75603, 1.7555, 1.7693, 1.74224, 1.75637, 1.73261, 1.79089, 1.77909, 1.81146, 1.81127, 1.81765, 1.81438, 1.5684, 1.54099, 1.54224, 1.52645, 1.50654, 1.52414, 1.5039, 1.49288, 1.52252, 1.51645, 1.51064, 2.11378, 2.13702, 2.12693, 2.11324, 2.09624, 2.12008, 2.09532, 2.12118, 2.15294, 2.1162, 2.16347, 2.12478, 2.1582, 2.15446, 2.21745, 2.21728, 2.21755, 2.23136, 2.23774, 2.22423, 2.22433, 2.24285, 2.17696, 2.18929, 2.1744, 2.17866, 2.14531, 2.1872, 2.15874, 2.17537, 2.16986, 2.19449, 2.15308, 2.05684, 2.04239, 1.9515, 1.94523, 1.95813, 1.93252, 1.90784, 2.16369, 2.16924, 2.16961, 2.18841, 2.17769, 2.19979, 2.19475, 2.18272, 2.16787, 2.19941, 2.19848, 2.17841, 2.18933, 2.17781, 2.17895, 2.21315, 2.20854, 2.22155, 2.23891, 2.21362, 2.23213, 2.23282, 2.25901, 2.26886, 2.26872, 2.29409, 2.27437, 2.29238, 2.32157, 2.32074, 2.32333, 2.32194, 2.34224, 2.34806, 2.33973, 2.37345, 2.36804, 2.37827, 2.39286, 2.3926, 2.39548, 2.4092, 2.4494, 2.44579, 2.4241, 2.45174, 2.45897, 2.48782, 2.46697, 2.48904, 2.49412, 2.48794, 2.48987, 2.52294, 2.5544, 2.5444, 2.56457, 2.55944, 2.54556, 2.56229, 2.57788, 2.57737, 2.57612, 2.5832, 2.59145, 2.59904, 2.65743, 2.64917, 2.64204, 2.6674, 2.66091, 2.69204, 2.6536, 2.66641, 2.67295, 2.68482, 2.70904, 2.7102, 2.76176, 2.73277, 2.75934, 2.77375, 
0.268606, 0.280429, 0.269511, 0.290633, 0.283952, 0.304794, 0.304202, 0.344601, 0.313158, 0.33562, 0.331302, 0.35839, 0.384247, 0.384273, 0.368684, 0.367736, 0.413966, 0.414033, 0.413677, 0.42332, 0.470341, 0.462569, 0.441768, 0.455889, 0.48277, 0.466194, 0.502481, 0.482457, 0.484029, 0.481337, 0.502035, 0.504243, 0.521162, 0.544519, 0.548231, 0.541802, 0.550789, 0.553146, 0.591249, 0.576564, 0.584051, 0.592943, 0.613819, 0.613032, 0.612573, 0.611414, 0.631722, 0.663367, 0.656069, 0.697263, 0.696804, 0.697643, 0.697991, 0.699105, 0.705746, 0.726108, 0.728423, 0.724764, 0.736608, 0.747198, 0.746706, 0.775434, 0.776762, 0.76751, 0.791777, 0.787407, 0.808568, 0.801539, 0.800676, 0.820102, 0.820705, 0.838522, 0.843403, 0.843982, 0.855229, 0.869805, 0.872409, 0.895825, 0.890356, 0.896651, 0.899536, 0.922653, 0.939659, 0.929771, 0.94154, 0.943707, 0.952448, 0.994011, 0.981764, 0.980471, 0.9922, 0.998126, 0.995604, 1.01842, 1.02286, 1.027, 1.03943, 1.04816, 1.0617, 1.06785, 1.07094, 1.09832, 1.10886, 1.10367, 1.10812, 1.11005, 1.11481, 1.12594, 1.11263, 1.11096, 1.11257, 1.15739, 1.14925, 1.16866, 1.21723, 1.29282, 1.29467, 1.33304, 1.33083, 1.34353, 1.23331, 1.20738, 1.20788, 1.20632, 1.2301, 1.21884, 1.23497, 1.45857, 1.50313, 1.50641, 1.49089, 1.34379, 1.34632, 1.45672, 1.50739, 1.49599, 1.49376, 1.49289, 1.49398, 1.49551, 1.48965, 1.49179, 1.64185, 1.64262, 1.71631, 1.73803, 1.80772, 1.80747, 1.83516, 1.85327, 1.85174, 1.82813, 1.84113, 1.81313, 1.79964, 1.82048, 1.768, 1.77148, 1.80936, 1.80119, 1.76858, 1.78434, 1.80302, 1.80299, 1.83592, 1.83575, 1.82838, 1.82893, 1.56548, 1.5516, 1.53684, 1.50921, 1.47451, 1.46517, 1.46276, 1.46912, 1.45364, 1.4794, 1.47217, 1.45806, 1.47577, 1.47708, 2.14553, 2.16289, 2.17661, 2.17579, 2.13423, 2.16284, 2.16307, 2.14152, 2.18672, 2.19416, 2.20357, 2.18032, 2.21836, 2.18352, 2.18492, 2.19413, 2.22474, 2.22032, 2.20014, 2.19043, 2.14588, 2.18414, 2.18346, 2.14885, 2.1329, 2.11254, 2.11799, 2.12923, 2.09783, 2.07592, 1.97301, 1.99796, 1.92628, 1.89764, 1.89255, 1.9177, 2.16545, 2.16542, 2.16336, 2.16398, 2.15968, 2.19892, 2.19055, 2.19447, 2.18631, 2.20447, 2.19429, 2.18081, 2.19466, 2.17976, 2.20869, 2.20352, 2.21385, 2.22511, 2.24974, 2.23848, 2.22438, 2.24056, 2.2452, 2.26594, 2.27322, 2.27269, 2.272, 2.28768, 2.30967, 2.32495, 2.34493, 2.32216, 2.32043, 2.3388, 2.36583, 2.34516, 2.37291, 2.37988, 2.40161, 2.38409, 2.39693, 2.41472, 2.43889, 2.40794, 2.4417, 2.43639, 2.45653, 2.47664, 2.45337, 2.45952, 2.46638, 2.46769, 2.46996, 2.51118, 2.50413, 2.55119, 2.53, 2.53478, 2.55922, 2.54308, 2.56712, 2.59183, 2.56992, 2.60498, 2.60561, 2.61928, 2.63184, 2.61658, 2.6586, 2.63282, 2.65664, 2.67096, 2.65486, 2.70864, 2.67462, 2.66558, 2.691, 2.71006, 2.73912, 2.75729, 2.7667, 2.73549, 
0.266074, 0.301414, 0.266094, 0.320342, 0.282777, 0.283953, 0.290822, 0.31969, 0.337294, 0.327488, 0.35351, 0.364198, 0.378865, 0.380042, 0.369973, 0.368719, 0.368526, 0.381647, 0.436136, 0.422644, 0.411402, 0.455482, 0.445376, 0.43882, 0.475485, 0.454379, 0.463521, 0.462904, 0.482413, 0.487066, 0.539071, 0.521075, 0.524541, 0.512258, 0.52047, 0.549208, 0.550747, 0.55634, 0.583697, 0.567968, 0.576752, 0.61593, 0.612715, 0.60808, 0.618968, 0.619268, 0.623118, 0.646271, 0.666323, 0.683267, 0.662894, 0.662007, 0.683598, 0.678148, 0.719671, 0.701736, 0.728464, 0.721193, 0.73197, 0.730907, 0.756982, 0.746255, 0.76991, 0.77768, 0.764708, 0.772298, 0.791061, 0.832922, 0.80378, 0.808605, 0.836093, 0.836632, 0.852404, 0.840314, 0.873801, 0.860114, 0.88103, 0.884728, 0.904639, 0.895865, 0.925744, 0.912691, 0.92104, 0.925808, 0.928641, 0.939632, 0.953576, 0.957471, 0.972127, 0.988373, 0.98258, 0.991612, 1.00524, 1.01218, 1.02081, 1.02962, 1.04621, 1.05379, 1.07131, 1.07461, 1.08262, 1.09239, 1.09102, 1.10421, 1.09734, 1.10373, 1.11481, 1.11331, 1.12668, 1.14371, 1.13097, 1.16728, 1.19835, 1.20772, 1.28515, 1.32041, 1.34379, 1.33889, 1.34408, 1.23322, 1.25341, 1.25369, 1.2562, 1.256, 1.24751, 1.247, 1.47377, 1.48203, 1.46662, 1.48072, 1.51196, 1.50583, 1.50797, 1.53744, 1.58697, 1.57666, 1.58144, 1.56957, 1.50885, 1.47375, 1.46507, 1.4648, 1.42356, 1.42994, 1.40673, 1.3981, 1.40544, 1.39165, 1.40936, 1.4057, 1.40224, 1.40284, 1.39875, 1.40382, 1.42269, 1.43009, 1.44268, 1.44838, 1.80389, 1.76387, 1.79286, 1.85842, 1.74927, 1.77013, 1.79515, 1.84457, 1.82243, 1.82099, 1.62414, 1.58263, 1.56543, 1.53415, 1.51389, 1.48989, 1.46271, 1.45302, 1.44849, 1.45466, 1.45167, 1.42591, 1.4376, 1.42986, 1.44384, 1.50889, 2.1337, 2.13245, 2.13632, 2.13537, 2.16454, 2.16484, 2.16249, 2.16989, 2.16892, 2.1247, 2.08741, 2.08344, 2.07504, 2.05982, 2.08648, 2.07633, 2.05318, 2.06719, 2.05888, 2.05246, 2.0527, 2.14205, 2.1184, 2.12459, 2.115, 2.12967, 2.12843, 2.11895, 1.97936, 1.95513, 1.94991, 1.90727, 1.90387, 1.89147, 1.91231, 2.16881, 2.1729, 2.16417, 2.16332, 2.15929, 2.15949, 2.18782, 2.19116, 2.27025, 2.24653, 2.21136, 2.18495, 2.19339, 2.18583, 2.18644, 2.18683, 2.23449, 2.23591, 2.21521, 2.23957, 2.26194, 2.26066, 2.26945, 2.25171, 2.29794, 2.28889, 2.2894, 2.30743, 2.29753, 2.31521, 2.32749, 2.33041, 2.35361, 2.34147, 2.36263, 2.40059, 2.37337, 2.41185, 2.36673, 2.41851, 2.42079, 2.41429, 2.40416, 2.4047, 2.42182, 2.45256, 2.44533, 2.45483, 2.4799, 2.48688, 2.50139, 2.49335, 2.48904, 2.5125, 2.51445, 2.52197, 2.51882, 2.56626, 2.54939, 2.56479, 2.56441, 2.56433, 2.60852, 2.60747, 2.62104, 2.62969, 2.64631, 2.65328, 2.64997, 2.66355, 2.66981, 2.64675, 2.67023, 2.69446, 2.69478, 2.68418, 2.69918, 2.76075, 2.7399, 2.74859, 2.74643, 
0.264987, 0.255941, 0.278775, 0.283526, 0.284755, 0.292799, 0.335095, 0.305559, 0.323745, 0.328544, 0.338905, 0.324925, 0.323967, 0.370733, 0.370261, 0.369032, 0.367681, 0.386795, 0.404785, 0.411136, 0.417078, 0.417849, 0.446719, 0.481103, 0.473435, 0.486846, 0.466845, 0.459424, 0.476396, 0.503562, 0.494431, 0.501024, 0.513985, 0.510695, 0.562571, 0.55662, 0.535227, 0.580183, 0.58005, 0.569322, 0.583249, 0.620579, 0.607307, 0.601786, 0.601981, 0.627784, 0.622261, 0.639323, 0.646352, 0.680131, 0.680046, 0.69713, 0.680576, 0.701042, 0.722871, 0.7301, 0.711013, 0.709385, 0.717401, 0.732797, 0.748582, 0.738524, 0.75484, 0.75996, 0.763865, 0.774677, 0.780534, 0.788187, 0.811549, 0.811504, 0.813813, 0.820631, 0.85072, 0.840125, 0.856957, 0.867335, 0.879153, 0.869403, 0.891498, 0.891289, 0.898972, 0.905517, 0.91953, 0.919322, 0.933305, 0.942637, 0.949522, 0.950417, 0.965262, 0.968089, 0.986117, 0.999585, 1.00357, 1.00557, 1.02536, 1.04913, 1.04668, 1.05406, 1.05351, 1.05985, 1.07609, 1.10237, 1.08021, 1.07344, 1.09213, 1.08758, 1.0909, 1.10635, 1.12859, 1.15684, 1.19481, 1.23445, 1.27082, 1.27916, 1.32269, 1.34941, 1.35084, 1.35534, 1.35662, 1.36996, 1.00488, 1.02299, 1.017, 1.03276, 1.05149, 1.49145, 1.47834, 1.49012, 1.49508, 1.4867, 1.49905, 1.54024, 1.54398, 1.52959, 1.58143, 1.59152, 1.5884, 1.58509, 1.49242, 1.46121, 1.47434, 1.42694, 1.41845, 1.41416, 1.39124, 1.39845, 1.39184, 1.37785, 1.38638, 1.38823, 1.38785, 1.39268, 1.37643, 1.37717, 1.4125, 1.40546, 1.41346, 1.45452, 1.44696, 1.49256, 1.86486, 1.86939, 1.76705, 1.76093, 1.73353, 1.73096, 1.82329, 1.8216, 1.80705, 1.76293, 1.75937, 1.78999, 1.83217, 1.80299, 1.82048, 1.56513, 1.5439, 1.44027, 1.44643, 1.43738, 1.42087, 1.42677, 1.42987, 1.46218, 1.48691, 2.1469, 2.13934, 2.10181, 2.16361, 2.11094, 2.08733, 2.12418, 2.09133, 2.11414, 2.07002, 2.07981, 2.0652, 2.0859, 2.03446, 2.03631, 2.0242, 2.04079, 2.02035, 2.03896, 2.07027, 2.05158, 2.14174, 2.12242, 2.14239, 2.11693, 2.11087, 2.1042, 1.99346, 1.98189, 1.95216, 1.94373, 1.90114, 1.90952, 1.90732, 2.23539, 2.21493, 2.20687, 2.21112, 2.18404, 2.21017, 2.22491, 2.19068, 2.22834, 2.2403, 2.19258, 2.19106, 2.20427, 2.20841, 2.19144, 2.22236, 2.23908, 2.21773, 2.24549, 2.24209, 2.25224, 2.25206, 2.25019, 2.26618, 2.28135, 2.2845, 2.27965, 2.30489, 2.30401, 2.35227, 2.30982, 2.33521, 2.35528, 2.36276, 2.34099, 2.37778, 2.37663, 2.37579, 2.38787, 2.39395, 2.38976, 2.40362, 2.4245, 2.4236, 2.41408, 2.43116, 2.42535, 2.45986, 2.46336, 2.47788, 2.49299, 2.48455, 2.51243, 2.51128, 2.52213, 2.52971, 2.56281, 2.53918, 2.56409, 2.56608, 2.56021, 2.58734, 2.58424, 2.61668, 2.61755, 2.62656, 2.62817, 2.65628, 2.64116, 2.65341, 2.65634, 2.6699, 2.64615, 2.68063, 2.68797, 2.72996, 2.72098, 2.70252, 2.74007, 2.74962, 2.73534, 
0.237883, 0.307664, 0.254623, 0.25271, 0.271565, 0.302633, 0.304482, 0.292648, 0.291215, 0.329856, 0.331523, 0.32697, 0.373399, 0.35829, 0.376151, 0.387216, 0.376317, 0.3859, 0.400496, 0.441918, 0.410659, 0.445622, 0.42955, 0.449285, 0.479985, 0.450372, 0.449056, 0.464834, 0.491692, 0.49349, 0.490971, 0.496946, 0.550572, 0.51487, 0.514239, 0.51627, 0.587699, 0.546366, 0.54594, 0.580912, 0.56664, 0.591309, 0.614496, 0.609004, 0.611117, 0.635709, 0.635447, 0.645147, 0.662544, 0.660053, 0.640076, 0.658722, 0.68988, 0.694481, 0.706797, 0.701005, 0.711769, 0.708074, 0.712943, 0.718895, 0.733074, 0.756227, 0.749518, 0.766357, 0.758789, 0.77376, 0.780163, 0.829899, 0.798545, 0.808244, 0.819646, 0.822833, 0.830278, 0.838384, 0.85716, 0.869836, 0.868844, 0.898172, 0.890766, 0.897229, 0.899022, 0.911092, 0.915777, 0.925457, 0.923308, 0.934107, 0.946623, 0.966649, 0.971492, 0.972788, 0.994356, 0.987593, 1.01504, 1.00608, 1.019, 1.02224, 1.02692, 1.0473, 1.06287, 1.07158, 1.0722, 1.07525, 1.06785, 1.06818, 1.05758, 1.06562, 1.09528, 1.1136, 1.14682, 1.24366, 1.25428, 1.24081, 1.24766, 1.2789, 1.32325, 1.34828, 1.36958, 1.38123, 1.3678, 0.968525, 0.96794, 0.966788, 0.994943, 0.995645, 1.00744, 1.05348, 1.51379, 1.51287, 1.50972, 1.49607, 1.49547, 1.52019, 1.50628, 1.50634, 1.48246, 1.49486, 1.48299, 1.45198, 1.4829, 1.44033, 1.43065, 1.4316, 1.43254, 1.40043, 1.39351, 1.38955, 1.38758, 1.4144, 1.3861, 1.40128, 1.39682, 1.39557, 1.38922, 1.38879, 1.40068, 1.41158, 1.41323, 1.42706, 1.44322, 1.49344, 1.87988, 1.86573, 1.76221, 1.7805, 1.78208, 1.7355, 1.87595, 1.87855, 1.80691, 1.75568, 1.75707, 1.74036, 1.81297, 1.63554, 1.63439, 1.57261, 1.56405, 1.55554, 1.50226, 1.44751, 1.4346, 1.44699, 1.42817, 1.44779, 1.48595, 2.13849, 2.12343, 2.12921, 2.13982, 2.11154, 2.10087, 2.08109, 2.12922, 2.10332, 2.13208, 2.12486, 2.17326, 2.12648, 2.04886, 2.03979, 2.04768, 2.03341, 2.05252, 2.04152, 2.04371, 2.0585, 2.08358, 2.09363, 2.10997, 2.13473, 2.11071, 2.0981, 2.08403, 2.0068, 1.95134, 1.91581, 1.91637, 1.96907, 2.19472, 2.21506, 2.27935, 2.2083, 2.20863, 2.20976, 2.22547, 2.20681, 2.21659, 2.23599, 2.19431, 2.23839, 2.24383, 2.21185, 2.22061, 2.19996, 2.19749, 2.19821, 2.20391, 2.20022, 2.21324, 2.23608, 2.23634, 2.25005, 2.26298, 2.265, 2.27739, 2.29353, 2.30054, 2.29982, 2.31836, 2.3575, 2.31917, 2.3475, 2.32758, 2.32963, 2.346, 2.35268, 2.35614, 2.38714, 2.3951, 2.41227, 2.39808, 2.43758, 2.43849, 2.42783, 2.4266, 2.4247, 2.45632, 2.44319, 2.49427, 2.49357, 2.49818, 2.52188, 2.538, 2.56054, 2.54565, 2.53916, 2.55672, 2.55674, 2.52949, 2.56226, 2.59404, 2.60142, 2.62016, 2.60605, 2.60347, 2.61057, 2.62438, 2.6255, 2.68393, 2.66328, 2.66436, 2.68737, 2.68623, 2.66801, 2.68033, 2.67217, 2.72407, 2.73835, 2.7087, 2.76384, 
0.244401, 0.25021, 0.275556, 0.26957, 0.316734, 0.311488, 0.31161, 0.310378, 0.3397, 0.312248, 0.312339, 0.341477, 0.330316, 0.331364, 0.372913, 0.362906, 0.360143, 0.396707, 0.418363, 0.422289, 0.408157, 0.437966, 0.434826, 0.417974, 0.470199, 0.445187, 0.442423, 0.468891, 0.487285, 0.496434, 0.497125, 0.514918, 0.511865, 0.535075, 0.538733, 0.544851, 0.541722, 0.559735, 0.561596, 0.558921, 0.594067, 0.569564, 0.573175, 0.582768, 0.588033, 0.611222, 0.614852, 0.631794, 0.636607, 0.641481, 0.662428, 0.656377, 0.661208, 0.68736, 0.691092, 0.690923, 0.711816, 0.694839, 0.721894, 0.715645, 0.736317, 0.735554, 0.76408, 0.772644, 0.749226, 0.778309, 0.787243, 0.777646, 0.788009, 0.813528, 0.828201, 0.826318, 0.821928, 0.835628, 0.855503, 0.856795, 0.867137, 0.873568, 0.890642, 0.918936, 0.899907, 0.899203, 0.90206, 0.909324, 0.919368, 0.941651, 0.957175, 0.942148, 0.960494, 0.964343, 0.995493, 0.988929, 0.994386, 1.01305, 1.01967, 1.01683, 1.03382, 1.04635, 1.05683, 1.04556, 1.07427, 1.0579, 1.0669, 1.04534, 1.06696, 1.0962, 1.08081, 1.14018, 1.23789, 1.25026, 1.25801, 1.2721, 1.29737, 1.3417, 1.36887, 1.37153, 1.38881, 1.38526, 0.97645, 0.969516, 0.974887, 0.968252, 0.980667, 1.00331, 1.02767, 1.05058, 1.56484, 1.56258, 1.57637, 1.55445, 1.54256, 1.56452, 1.53436, 1.53343, 1.5316, 1.4955, 1.51618, 1.46598, 1.44432, 1.44615, 1.445, 1.46151, 1.40778, 1.4118, 1.42768, 1.41928, 1.42004, 1.41466, 1.42841, 1.54753, 1.55642, 1.60997, 1.61741, 1.52756, 1.49378, 1.49139, 1.44633, 1.45984, 1.45956, 1.49788, 1.85564, 1.8647, 1.86, 1.87677, 1.77992, 1.79348, 1.78986, 1.74703, 1.71724, 1.71757, 1.68765, 1.68668, 1.68005, 1.73095, 1.62002, 1.62066, 1.58596, 1.57396, 1.58038, 1.46194, 1.46098, 1.4439, 1.48266, 1.47852, 1.47844, 1.51131, 2.13221, 2.13258, 2.12512, 2.09909, 2.12754, 2.13128, 2.14525, 2.13816, 2.13958, 2.1225, 2.12566, 2.1348, 2.13194, 2.13046, 2.15506, 2.16292, 2.17341, 2.19453, 2.08418, 2.06593, 2.13092, 2.12606, 2.15942, 2.0997, 2.08777, 2.07694, 1.97497, 1.92312, 1.94606, 1.93464, 1.94109, 1.9745, 2.22445, 2.22017, 2.24868, 2.20124, 2.20706, 2.20013, 2.2261, 2.23955, 2.2034, 2.20521, 2.20343, 2.20572, 2.20775, 2.20027, 2.19863, 2.20837, 2.19989, 2.19879, 2.23453, 2.20044, 2.21005, 2.2008, 2.22571, 2.24191, 2.23598, 2.22444, 2.24565, 2.26868, 2.30503, 2.30324, 2.30079, 2.30334, 2.32151, 2.33086, 2.33039, 2.32838, 2.35937, 2.37231, 2.38613, 2.38269, 2.40462, 2.39791, 2.38751, 2.42355, 2.40782, 2.42272, 2.43967, 2.43251, 2.46038, 2.44147, 2.47322, 2.46732, 2.50612, 2.48219, 2.50585, 2.50567, 2.52593, 2.51425, 2.53499, 2.55696, 2.53844, 2.60132, 2.56943, 2.599, 2.59793, 2.56824, 2.60209, 2.60163, 2.62212, 2.62271, 2.66049, 2.64549, 2.66759, 2.66751, 2.69105, 2.67185, 2.68516, 2.70611, 2.72638, 2.70461, 2.71217, 2.72707, 
0.260239, 0.265412, 0.272215, 0.294074, 0.276557, 0.279317, 0.303943, 0.297683, 0.304335, 0.303391, 0.302416, 0.357298, 0.339112, 0.341956, 0.388898, 0.344891, 0.38084, 0.400812, 0.382218, 0.398824, 0.42309, 0.397074, 0.414147, 0.415841, 0.445417, 0.446485, 0.439899, 0.479428, 0.477039, 0.500195, 0.519141, 0.515466, 0.522015, 0.514436, 0.510834, 0.550414, 0.525767, 0.525705, 0.53903, 0.549135, 0.59462, 0.572371, 0.574245, 0.585405, 0.597876, 0.591287, 0.628624, 0.637817, 0.630104, 0.660141, 0.651589, 0.667385, 0.670369, 0.660266, 0.663449, 0.694744, 0.701918, 0.689822, 0.715963, 0.725085, 0.721211, 0.732527, 0.738964, 0.773995, 0.76438, 0.76132, 0.778504, 0.778974, 0.780616, 0.793447, 0.793557, 0.822584, 0.815535, 0.82063, 0.850511, 0.842369, 0.860426, 0.866714, 0.88904, 0.890353, 0.882499, 0.883837, 0.897951, 0.896962, 0.917431, 0.921633, 0.933724, 0.943217, 0.954339, 0.956984, 0.970177, 0.987825, 0.991188, 1.00948, 1.00877, 1.02039, 1.03598, 1.07704, 1.07873, 1.0265, 1.041, 1.04593, 1.036, 1.05341, 1.07654, 1.09534, 1.14323, 1.16075, 1.23535, 1.24227, 1.2707, 1.29359, 1.35867, 1.34106, 1.36895, 1.38438, 1.39187, 1.00534, 0.987107, 0.988761, 1.00174, 1.003, 1.0161, 1.01241, 1.03563, 1.05988, 1.57105, 1.57506, 1.56586, 1.58129, 1.56502, 1.54121, 1.54179, 1.51914, 1.51893, 1.51614, 1.52411, 1.46491, 1.43775, 1.45847, 1.45005, 1.40931, 1.41061, 1.41671, 1.41656, 1.43593, 1.4331, 1.46606, 1.46775, 1.53414, 1.57491, 1.58804, 1.60903, 1.63802, 1.72721, 1.7517, 1.74026, 1.74056, 1.81392, 1.83403, 1.81813, 1.81548, 1.87142, 1.77026, 1.76978, 1.75561, 1.7412, 1.71729, 1.70346, 1.70073, 1.69764, 1.67816, 1.6989, 1.65879, 1.65026, 1.6128, 1.588, 1.57298, 1.5701, 1.55767, 1.54277, 1.50747, 1.51008, 1.49507, 1.53853, 1.5526, 2.11737, 2.1456, 2.12488, 2.1506, 2.13071, 2.15604, 2.17445, 2.14639, 2.17098, 2.19857, 2.20354, 2.20102, 2.17812, 2.20436, 2.16693, 2.15303, 2.21787, 2.1468, 2.19362, 2.18756, 2.18917, 2.19034, 2.09041, 2.09075, 2.09954, 1.97167, 1.93918, 1.93079, 1.93094, 1.94492, 1.9554, 2.21306, 2.2108, 2.20749, 2.20672, 2.20177, 2.20238, 2.20544, 2.2043, 2.20196, 2.20427, 2.20512, 2.20404, 2.20162, 2.22414, 2.20187, 2.20191, 2.20017, 2.20095, 2.26558, 2.24969, 2.22705, 2.23269, 2.2155, 2.22229, 2.19407, 2.21201, 2.18987, 2.23566, 2.242, 2.25586, 2.30229, 2.3038, 2.31335, 2.29509, 2.33118, 2.32408, 2.32377, 2.34513, 2.35523, 2.35953, 2.36735, 2.38554, 2.36695, 2.40496, 2.38582, 2.4181, 2.43353, 2.42294, 2.43486, 2.42169, 2.44733, 2.45633, 2.46208, 2.50439, 2.4934, 2.49691, 2.50289, 2.51351, 2.52559, 2.5269, 2.53616, 2.55357, 2.55311, 2.54895, 2.56706, 2.59191, 2.58379, 2.59877, 2.5958, 2.61879, 2.61058, 2.62149, 2.63067, 2.66712, 2.63302, 2.65564, 2.67846, 2.68036, 2.67419, 2.68141, 2.72522, 2.69446, 2.72401, 
0.237425, 0.237217, 0.271405, 0.242947, 0.258752, 0.290732, 0.289908, 0.287969, 0.31469, 0.293629, 0.337658, 0.321574, 0.359669, 0.334691, 0.366574, 0.360527, 0.402779, 0.380112, 0.412076, 0.410271, 0.410955, 0.411537, 0.40144, 0.438796, 0.434475, 0.436677, 0.439717, 0.448306, 0.447235, 0.48775, 0.49373, 0.505218, 0.502593, 0.521093, 0.52289, 0.534284, 0.514642, 0.5502, 0.524967, 0.542613, 0.570666, 0.600952, 0.577308, 0.576513, 0.594359, 0.631348, 0.623145, 0.609074, 0.61617, 0.632493, 0.632213, 0.648577, 0.662424, 0.698551, 0.69887, 0.68833, 0.701077, 0.702637, 0.704792, 0.709022, 0.724685, 0.742784, 0.742441, 0.747479, 0.747139, 0.753491, 0.79419, 0.785768, 0.800518, 0.812088, 0.815627, 0.80886, 0.8119, 0.839104, 0.84894, 0.849915, 0.864544, 0.863939, 0.861048, 0.864817, 0.884138, 0.89465, 0.894544, 0.901036, 0.911778, 0.92065, 0.935721, 0.953031, 0.954372, 0.960877, 0.963945, 0.977252, 0.980124, 0.988388, 1.00335, 1.00418, 1.02875, 1.02322, 0.999103, 1.01539, 1.02008, 1.0046, 1.05151, 1.06505, 1.07969, 1.09789, 1.12888, 1.1718, 1.22232, 1.26535, 1.30354, 1.33568, 1.39103, 1.39019, 1.37781, 1.37823, 1.40894, 1.03818, 1.03103, 1.00657, 1.02543, 1.02992, 1.02895, 1.05429, 1.06149, 1.0729, 1.11156, 1.54072, 1.54023, 1.53992, 1.53414, 1.56477, 1.5529, 1.5134, 1.51042, 1.5105, 1.48079, 1.4555, 1.42287, 1.41981, 1.4267, 1.44577, 1.42383, 1.48014, 1.42735, 1.45389, 1.45827, 1.48336, 1.48173, 1.52104, 1.63365, 1.65069, 1.64915, 1.85192, 1.78909, 1.8314, 1.87214, 1.80939, 1.80718, 1.80727, 1.84804, 1.84962, 1.77967, 1.74411, 1.75027, 1.73879, 1.73751, 1.71968, 1.71512, 1.6875, 1.66373, 1.66435, 1.67827, 1.68622, 1.68793, 1.62746, 1.61006, 1.64062, 1.604, 1.59748, 1.55091, 1.55187, 1.5577, 1.57969, 1.56941, 1.57522, 2.11719, 2.16371, 2.13219, 2.15283, 2.19649, 2.1789, 2.19314, 2.16492, 2.15616, 2.22448, 2.15214, 2.20086, 2.20358, 2.20012, 2.19971, 2.20131, 2.22158, 2.21989, 2.17965, 2.18571, 2.18415, 2.17979, 2.18253, 2.1791, 2.17954, 1.94924, 1.94929, 1.99013, 1.95534, 1.95906, 2.21719, 2.26284, 2.21449, 2.2098, 2.2087, 2.20669, 2.21426, 2.21326, 2.20826, 2.21063, 2.20837, 2.20771, 2.20568, 2.20456, 2.20344, 2.20349, 2.2014, 2.2004, 2.20085, 2.20267, 2.20204, 2.25363, 2.19615, 2.19773, 2.21119, 2.19102, 2.22429, 2.21759, 2.2539, 2.22488, 2.24353, 2.25797, 2.30048, 2.29117, 2.31292, 2.31169, 2.31933, 2.32097, 2.36282, 2.39271, 2.35055, 2.37381, 2.40126, 2.39223, 2.38732, 2.37815, 2.39385, 2.39529, 2.41821, 2.44479, 2.43798, 2.4461, 2.45387, 2.452, 2.47029, 2.52902, 2.48576, 2.48407, 2.50775, 2.50915, 2.51426, 2.53287, 2.54, 2.55818, 2.56407, 2.56294, 2.61839, 2.58179, 2.58421, 2.60874, 2.61676, 2.61685, 2.64917, 2.66378, 2.63697, 2.64229, 2.68796, 2.67086, 2.69839, 2.68236, 2.6747, 2.71244, 2.7088, 2.72504, 
0.234989, 0.242083, 0.253022, 0.258694, 0.253544, 0.266169, 0.290737, 0.284684, 0.345683, 0.303104, 0.306909, 0.321117, 0.3313, 0.359155, 0.342383, 0.341087, 0.3546, 0.364031, 0.3908, 0.386827, 0.383861, 0.386518, 0.445955, 0.433108, 0.418152, 0.47368, 0.428061, 0.433527, 0.448129, 0.478462, 0.48893, 0.507666, 0.482519, 0.516662, 0.511876, 0.521566, 0.532154, 0.541279, 0.531402, 0.573547, 0.545344, 0.563389, 0.562512, 0.570788, 0.602799, 0.590595, 0.621981, 0.622023, 0.621572, 0.631872, 0.656456, 0.646926, 0.65198, 0.677358, 0.680961, 0.68093, 0.69131, 0.692131, 0.693545, 0.705845, 0.711866, 0.719258, 0.728015, 0.736201, 0.745227, 0.759119, 0.753825, 0.783039, 0.784088, 0.794019, 0.788112, 0.802159, 0.819557, 0.816502, 0.815155, 0.830087, 0.851788, 0.863311, 0.857673, 0.86204, 0.883357, 0.879604, 0.880722, 0.919248, 0.907026, 0.924958, 0.939715, 0.933082, 0.940464, 0.959239, 0.974087, 0.965376, 0.971701, 1.00409, 0.99888, 1.00912, 1.01995, 1.01963, 0.991248, 1.00227, 0.994998, 0.998094, 1.03013, 1.095, 1.12958, 1.17191, 1.17112, 1.27884, 1.26127, 1.26938, 1.31418, 1.28879, 1.39488, 1.31354, 1.33992, 1.36562, 1.4017, 1.38355, 1.0528, 1.0639, 1.07213, 1.05344, 1.05724, 1.05834, 1.07551, 1.08813, 1.11617, 1.11637, 1.1269, 1.58277, 1.56627, 1.568, 1.5307, 1.50522, 1.51954, 1.51653, 1.48774, 1.48427, 1.47844, 1.50628, 1.4971, 1.52315, 1.50307, 1.47964, 1.47365, 1.47547, 1.4425, 1.47534, 1.47221, 1.50899, 1.49809, 1.618, 1.76261, 1.82444, 1.85518, 1.80239, 1.80088, 1.80612, 1.81941, 1.7764, 1.79959, 1.80534, 1.76158, 1.75821, 1.75521, 1.75166, 1.72767, 1.72583, 1.72752, 1.71626, 1.67045, 1.68928, 1.69638, 1.69374, 1.63498, 1.63411, 1.6307, 1.64518, 1.61062, 1.62103, 1.59188, 1.59143, 1.57327, 1.5752, 1.60457, 1.61069, 2.14122, 2.17283, 2.17639, 2.1909, 2.19388, 2.21135, 2.16626, 2.1517, 2.15285, 2.15479, 2.22608, 2.21163, 2.22882, 2.22245, 2.15908, 2.17362, 2.20715, 2.22172, 2.17874, 2.17632, 2.17211, 2.18768, 2.1657, 1.9375, 1.95149, 1.94564, 1.92563, 1.94599, 1.93496, 1.95751, 2.2672, 2.26334, 2.2116, 2.20721, 2.20528, 2.21821, 2.2061, 2.20665, 2.21405, 2.21101, 2.20848, 2.20759, 2.20729, 2.20789, 2.20519, 2.20642, 2.20344, 2.20297, 2.20335, 2.20347, 2.20243, 2.20104, 2.20012, 2.19466, 2.19397, 2.18917, 2.1936, 2.18949, 2.23156, 2.23996, 2.26068, 2.22996, 2.27389, 2.30243, 2.29767, 2.30252, 2.31457, 2.3198, 2.35989, 2.32976, 2.34234, 2.37839, 2.36334, 2.36438, 2.39843, 2.38201, 2.4117, 2.40189, 2.44187, 2.43342, 2.48016, 2.44981, 2.451, 2.48717, 2.46641, 2.48311, 2.47852, 2.48058, 2.48167, 2.49788, 2.51043, 2.53398, 2.54683, 2.52929, 2.57408, 2.53517, 2.56431, 2.58254, 2.58495, 2.58155, 2.58161, 2.61215, 2.62597, 2.61929, 2.64774, 2.66348, 2.69415, 2.69147, 2.66686, 2.7261, 2.69057, 2.69349, 2.69167, 2.72238, 
0.207035, 0.205181, 0.242075, 0.266781, 0.277947, 0.262171, 0.28035, 0.292646, 0.303408, 0.293395, 0.324748, 0.321075, 0.334042, 0.317451, 0.345434, 0.358904, 0.354188, 0.355687, 0.349147, 0.365383, 0.384591, 0.384353, 0.407826, 0.423958, 0.43087, 0.432131, 0.436221, 0.432029, 0.438585, 0.446078, 0.462407, 0.487412, 0.506448, 0.528305, 0.516223, 0.523744, 0.522125, 0.521994, 0.528026, 0.544945, 0.552377, 0.553776, 0.583531, 0.587054, 0.570661, 0.590433, 0.598458, 0.621296, 0.599804, 0.607457, 0.637755, 0.649484, 0.636724, 0.648824, 0.674226, 0.665031, 0.674468, 0.68341, 0.683652, 0.700144, 0.719039, 0.718139, 0.732357, 0.745884, 0.758626, 0.747168, 0.760998, 0.767673, 0.77504, 0.78978, 0.778749, 0.792456, 0.79511, 0.809796, 0.826079, 0.842403, 0.852496, 0.870001, 0.858768, 0.855722, 0.876628, 0.880905, 0.890938, 0.900452, 0.900612, 0.908876, 0.928612, 0.926667, 0.935512, 0.959462, 0.95754, 0.977026, 0.968425, 0.987131, 0.992226, 0.971973, 0.981506, 0.967529, 0.964898, 0.971779, 0.977178, 0.989038, 1.03316, 1.09099, 1.13692, 1.19969, 1.21992, 1.26696, 1.2473, 1.305, 1.2808, 1.27682, 1.28087, 1.27788, 1.23317, 1.22433, 1.22611, 1.22493, 1.22048, 1.26159, 1.21, 1.22883, 1.22806, 1.10264, 1.08225, 1.08268, 1.11718, 1.1121, 1.13394, 1.37595, 1.52555, 1.53421, 1.55349, 1.52492, 1.50445, 1.52963, 1.50279, 1.49077, 1.49048, 1.49246, 1.48737, 1.48511, 1.48544, 1.49354, 1.50503, 1.48962, 1.4926, 1.50247, 1.50254, 1.48214, 1.75752, 1.735, 1.79399, 1.80714, 1.80528, 1.80485, 1.82058, 1.79277, 1.81328, 1.80023, 1.84488, 1.79267, 1.79252, 1.72836, 1.72781, 1.73237, 1.74234, 1.7761, 1.68953, 1.70681, 1.67358, 1.6728, 1.7137, 1.65632, 1.68046, 1.67654, 1.64792, 1.65063, 1.6224, 1.62086, 1.61371, 1.61342, 1.60858, 1.60766, 1.65231, 1.67249, 1.69042, 2.00435, 2.00829, 2.20652, 2.1678, 2.21262, 2.20343, 2.20484, 2.16704, 2.18317, 2.13502, 2.22067, 2.22139, 2.21873, 2.16637, 2.17258, 2.15789, 2.15484, 2.17937, 2.14232, 2.16641, 2.03029, 1.94666, 1.98999, 1.93428, 1.92505, 1.94116, 1.9419, 1.94861, 1.98708, 2.24238, 2.22503, 2.2125, 2.20319, 2.20193, 2.20322, 2.20264, 2.20814, 2.20481, 2.20968, 2.20755, 2.20674, 2.20664, 2.2055, 2.20706, 2.20571, 2.20533, 2.21156, 2.27327, 2.20465, 2.23506, 2.2462, 2.22874, 2.2314, 2.19329, 2.19207, 2.19003, 2.19723, 2.19751, 2.21883, 2.21244, 2.19745, 2.19978, 2.24644, 2.30922, 2.31817, 2.30377, 2.32156, 2.31762, 2.35908, 2.34987, 2.34164, 2.34362, 2.35023, 2.22017, 2.19824, 2.22139, 2.41914, 2.39486, 2.44235, 2.45952, 2.46592, 2.44963, 2.43561, 2.44709, 2.46106, 2.44993, 2.46706, 2.48347, 2.50103, 2.49246, 2.55035, 2.51667, 2.52853, 2.53241, 2.55059, 2.56236, 2.59832, 2.59053, 2.59036, 2.59725, 2.60776, 2.6088, 2.61493, 2.6817, 2.63188, 2.64209, 2.66083, 2.67152, 2.69762, 2.7299, 2.73009, 2.71822, 2.68193, 
0.228862, 0.282187, 0.255306, 0.221699, 0.249579, 0.246279, 0.276464, 0.27878, 0.266791, 0.300791, 0.302996, 0.313945, 0.314952, 0.30972, 0.335039, 0.353016, 0.334596, 0.36407, 0.379528, 0.386151, 0.409707, 0.379534, 0.399333, 0.398641, 0.431258, 0.432825, 0.452549, 0.4279, 0.439704, 0.435908, 0.469147, 0.468306, 0.48722, 0.484091, 0.518169, 0.509541, 0.545873, 0.529201, 0.531623, 0.532665, 0.553873, 0.552491, 0.559368, 0.565548, 0.56596, 0.579249, 0.577638, 0.610034, 0.613989, 0.646793, 0.619387, 0.652236, 0.649949, 0.66151, 0.643181, 0.677344, 0.680174, 0.697354, 0.676727, 0.711554, 0.71662, 0.722592, 0.726323, 0.755864, 0.75006, 0.738029, 0.766993, 0.766058, 0.797244, 0.783578, 0.784489, 0.800938, 0.798285, 0.797607, 0.817348, 0.815247, 0.83846, 0.829438, 0.845694, 0.853556, 0.85517, 0.871992, 0.88812, 0.902279, 0.901493, 0.92126, 0.915114, 0.921875, 0.950639, 0.953664, 0.96377, 0.964417, 0.971423, 0.988565, 0.971433, 0.970402, 0.97055, 0.956273, 0.958983, 0.963531, 1.00383, 1.00198, 1.05049, 1.13349, 1.18517, 1.20823, 1.22285, 1.2253, 1.23686, 1.24099, 1.22659, 1.2134, 1.2012, 1.19771, 1.20255, 1.17247, 1.17456, 1.19814, 1.20277, 1.17376, 1.21351, 1.21646, 1.20521, 1.21543, 1.17136, 1.12268, 1.11956, 1.1367, 1.20661, 1.22227, 1.36262, 1.51678, 1.51604, 1.52013, 1.54307, 1.50277, 1.49962, 1.49583, 1.4945, 1.51918, 1.49547, 1.49523, 1.49572, 1.49482, 1.52295, 1.52705, 1.53007, 1.53903, 1.58224, 1.89304, 1.78349, 1.80419, 1.80445, 1.79308, 1.79279, 1.82801, 1.82718, 1.84408, 1.82031, 1.83373, 1.85821, 1.85885, 1.83548, 1.83399, 1.83772, 1.76197, 1.76431, 1.76518, 1.75492, 1.73011, 1.73065, 1.70776, 1.68222, 1.72305, 1.7198, 1.6728, 1.66189, 1.66869, 1.64151, 1.65022, 1.64092, 1.6311, 1.63368, 1.63997, 1.64537, 1.67845, 1.70573, 1.86534, 1.99707, 1.93358, 2.09571, 2.14507, 2.13114, 2.12729, 2.0959, 2.11669, 2.1384, 2.18456, 2.18657, 2.18415, 2.17037, 2.17039, 2.16947, 2.12477, 2.14843, 2.17021, 2.05478, 1.99335, 1.96219, 1.95717, 1.97613, 1.9532, 1.96542, 1.96507, 1.97879, 2.25963, 2.25838, 2.26685, 2.20091, 2.23066, 2.2374, 2.23949, 2.20086, 2.20232, 2.20357, 2.20307, 2.20421, 2.20433, 2.20499, 2.2053, 2.20647, 2.20554, 2.2073, 2.2144, 2.20693, 2.26011, 2.21925, 2.2459, 2.20429, 2.20703, 2.2246, 2.22464, 2.26296, 2.2562, 2.19251, 2.21148, 2.22063, 2.22114, 2.23514, 2.20758, 2.29511, 2.30122, 2.29909, 2.32865, 2.32227, 2.32862, 2.32578, 2.36398, 2.37133, 2.39482, 2.35393, 2.22447, 2.2036, 2.19633, 2.40214, 2.40736, 2.42095, 2.42339, 2.44291, 2.45588, 2.44625, 2.45984, 2.49756, 2.49105, 2.49885, 2.49703, 2.50057, 2.5268, 2.52928, 2.51922, 2.52571, 2.5398, 2.53905, 2.59903, 2.58084, 2.56863, 2.58428, 2.58435, 2.62832, 2.66052, 2.60871, 2.65297, 2.64735, 2.64322, 2.67093, 2.70081, 2.70587, 2.67756, 2.70812, 2.69903, 
0.186309, 0.210596, 0.210592, 0.210575, 0.244164, 0.253037, 0.276779, 0.270018, 0.302909, 0.307165, 0.318, 0.338657, 0.32897, 0.317782, 0.345431, 0.343864, 0.341433, 0.339652, 0.386591, 0.351296, 0.379532, 0.396464, 0.398199, 0.393185, 0.408811, 0.434952, 0.405881, 0.445433, 0.427833, 0.44545, 0.467055, 0.478506, 0.480444, 0.499433, 0.484195, 0.491258, 0.507969, 0.551722, 0.53181, 0.528964, 0.528081, 0.529532, 0.594682, 0.569397, 0.580052, 0.596817, 0.597247, 0.577111, 0.587294, 0.622708, 0.611631, 0.634747, 0.648674, 0.646794, 0.64628, 0.644604, 0.65793, 0.683945, 0.682663, 0.683411, 0.690031, 0.718582, 0.733598, 0.724376, 0.749993, 0.759504, 0.742288, 0.750668, 0.783803, 0.762643, 0.781949, 0.796886, 0.795114, 0.809573, 0.822337, 0.816637, 0.837417, 0.829704, 0.839996, 0.862789, 0.870759, 0.875226, 0.872578, 0.899595, 0.88809, 0.90437, 0.908257, 0.922891, 0.927004, 0.945535, 0.939985, 0.94984, 0.974335, 0.979873, 0.956456, 0.953983, 0.941379, 0.953698, 0.9644, 0.966166, 0.957442, 1.01216, 1.02722, 1.15407, 1.18954, 1.2109, 1.2232, 1.2182, 1.22761, 1.21462, 1.19243, 1.18249, 1.17205, 1.15788, 1.15672, 1.15725, 1.15825, 1.35241, 1.34333, 1.35726, 1.36686, 1.36402, 1.26675, 1.44553, 1.25811, 1.23777, 1.1838, 1.20279, 1.27202, 1.30088, 1.36427, 1.51477, 1.5147, 1.50998, 1.50603, 1.53267, 1.49957, 1.49911, 1.49712, 1.49732, 1.49999, 1.50501, 1.50201, 1.51065, 1.51081, 1.53828, 1.55739, 1.58504, 2.0112, 2.06322, 2.08261, 2.0505, 1.8751, 1.85904, 1.81259, 1.95324, 1.80661, 1.83791, 1.95158, 1.86182, 1.84866, 1.85423, 1.84517, 1.85407, 1.84799, 1.85477, 1.86258, 1.87621, 1.73491, 1.73461, 1.70599, 1.73829, 1.74076, 1.7156, 1.73443, 1.69053, 1.68827, 1.71007, 1.67329, 1.67537, 1.66734, 1.67845, 1.66894, 1.69003, 1.68063, 1.71511, 1.76207, 1.8228, 1.87519, 1.94075, 1.97683, 2.08972, 2.10368, 2.08642, 2.08848, 2.11445, 2.06474, 2.09001, 2.08672, 2.07648, 2.07551, 2.04221, 2.04481, 2.03491, 1.99569, 2.01723, 1.97784, 1.99431, 1.98512, 1.95954, 1.9607, 1.97009, 1.98798, 1.98774, 2.27792, 2.25273, 2.25526, 2.25221, 2.18964, 2.21665, 2.19735, 2.19944, 2.20227, 2.202, 2.20144, 2.20452, 2.26928, 2.20425, 2.20759, 2.21358, 2.204, 2.21516, 2.21395, 2.21174, 2.22132, 2.21886, 2.21131, 2.23315, 2.22242, 2.21949, 2.23534, 2.21308, 2.26936, 2.23426, 2.23817, 2.25232, 2.2734, 2.31802, 2.29305, 2.2934, 2.29394, 2.29292, 2.2863, 2.30805, 2.31477, 2.35583, 2.32499, 2.36326, 2.35316, 2.37994, 2.36631, 2.41564, 2.38323, 2.24178, 2.21863, 2.196, 2.43854, 2.41413, 2.41457, 2.44626, 2.46936, 2.47816, 2.47669, 2.46946, 2.4643, 2.48819, 2.50662, 2.49563, 2.536, 2.53741, 2.53015, 2.53216, 2.53045, 2.56976, 2.5774, 2.59143, 2.57756, 2.57457, 2.60842, 2.61283, 2.61667, 2.62614, 2.66007, 2.626, 2.62291, 2.66409, 2.68031, 2.6866, 2.68772, 2.70532, 
0.194839, 0.219483, 0.211176, 0.246735, 0.246019, 0.252837, 0.249511, 0.278576, 0.245476, 0.266919, 0.320304, 0.308569, 0.296914, 0.31591, 0.342838, 0.326491, 0.322399, 0.357095, 0.348274, 0.36392, 0.376716, 0.369676, 0.369719, 0.387737, 0.417865, 0.415918, 0.416219, 0.445752, 0.440209, 0.479515, 0.442821, 0.456617, 0.489908, 0.489507, 0.475644, 0.482935, 0.49162, 0.529749, 0.525012, 0.525567, 0.5244, 0.524216, 0.548723, 0.569417, 0.553439, 0.591358, 0.594661, 0.59358, 0.581109, 0.629274, 0.602506, 0.6043, 0.621771, 0.620789, 0.660446, 0.660936, 0.683438, 0.676764, 0.687985, 0.687269, 0.70895, 0.732702, 0.722669, 0.718667, 0.745756, 0.723286, 0.739773, 0.770129, 0.769715, 0.761457, 0.760915, 0.781329, 0.796405, 0.794472, 0.801348, 0.811977, 0.832733, 0.821887, 0.839096, 0.861008, 0.847755, 0.878341, 0.883745, 0.884886, 0.884354, 0.888943, 0.9002, 0.90827, 0.915481, 0.947532, 0.946293, 0.961222, 0.970486, 0.954151, 0.954352, 0.943715, 0.932069, 0.932913, 0.939655, 0.963902, 0.980316, 0.995764, 1.03317, 1.20356, 1.20607, 1.21198, 1.21363, 1.21487, 1.21364, 1.22999, 1.20839, 1.18904, 1.16677, 1.15713, 1.14657, 1.1576, 1.30513, 1.29981, 1.29919, 1.35162, 1.3742, 1.40672, 1.43467, 1.44462, 1.44683, 1.26484, 1.27748, 1.28756, 1.28798, 1.33583, 1.34445, 1.52525, 1.52408, 1.50262, 1.50294, 1.49807, 1.49333, 1.49259, 1.4958, 1.51715, 1.51572, 1.51034, 1.5437, 1.52521, 1.54681, 1.67967, 1.66063, 1.69965, 1.69774, 1.72167, 1.74799, 1.76124, 1.77267, 1.80935, 1.76274, 1.78529, 1.78482, 1.80649, 1.95663, 1.94229, 1.95251, 1.87295, 1.87709, 1.86193, 1.88235, 1.85583, 1.87596, 1.86244, 1.86283, 1.90374, 1.89333, 1.75884, 1.73439, 1.75138, 1.76375, 1.80722, 1.72364, 1.75515, 1.71554, 1.71652, 1.70603, 1.71603, 1.71273, 1.72679, 1.73378, 1.76239, 1.78529, 1.86913, 1.9614, 1.9177, 2.07987, 2.08794, 2.07358, 2.07873, 2.06672, 2.07507, 2.09491, 2.06299, 2.07367, 2.04834, 2.03961, 2.03147, 2.01835, 2.01776, 2.00649, 2.0068, 1.98744, 1.99325, 1.98109, 2.00428, 2.00416, 1.99513, 2.01879, 2.02046, 2.05942, 2.1981, 2.23405, 2.18254, 2.21221, 2.22067, 2.24288, 2.20476, 2.20414, 2.19787, 2.19701, 2.25527, 2.2536, 2.21352, 2.24007, 2.24146, 2.21419, 2.23617, 2.24517, 2.21694, 2.23107, 2.22761, 2.28328, 2.2829, 2.25884, 2.25947, 2.21868, 2.23688, 2.25589, 2.26211, 2.25123, 2.27717, 2.30121, 2.30252, 2.33414, 2.32545, 2.31181, 2.29034, 2.30351, 2.30233, 2.31812, 2.31762, 2.3435, 2.34568, 2.36106, 2.35113, 2.36786, 2.35964, 2.22792, 2.20484, 2.1807, 2.19026, 2.43325, 2.42248, 2.43276, 2.43131, 2.46023, 2.46212, 2.45121, 2.49487, 2.4884, 2.4869, 2.5055, 2.50614, 2.51895, 2.51315, 2.51389, 2.55658, 2.56121, 2.5733, 2.57431, 2.55719, 2.57693, 2.60905, 2.60081, 2.63264, 2.59594, 2.62307, 2.63853, 2.63627, 2.67076, 2.65302, 2.6499, 2.68778, 2.71494, 2.7242, 
0.196408, 0.222221, 0.197744, 0.238231, 0.248488, 0.228917, 0.277466, 0.246976, 0.245719, 0.267004, 0.291457, 0.279939, 0.280586, 0.303636, 0.30349, 0.332488, 0.341871, 0.363636, 0.363026, 0.340289, 0.340238, 0.375142, 0.405644, 0.372512, 0.42874, 0.418722, 0.440776, 0.431492, 0.434548, 0.440994, 0.438167, 0.452389, 0.446777, 0.465103, 0.480555, 0.482436, 0.489731, 0.53541, 0.517165, 0.505662, 0.517409, 0.549531, 0.544737, 0.551963, 0.567228, 0.574051, 0.578925, 0.621306, 0.610114, 0.618353, 0.628474, 0.613572, 0.611876, 0.63913, 0.642134, 0.653363, 0.64283, 0.673211, 0.666862, 0.674425, 0.70197, 0.685161, 0.704178, 0.724862, 0.712294, 0.713431, 0.732703, 0.731379, 0.764468, 0.777609, 0.766782, 0.780682, 0.790579, 0.763199, 0.805914, 0.818163, 0.818713, 0.842217, 0.842025, 0.853002, 0.850641, 0.863965, 0.874768, 0.884599, 0.888564, 0.904232, 0.90095, 0.905922, 0.918574, 0.942605, 0.931432, 0.93746, 0.938009, 0.938865, 0.925634, 0.919777, 0.932629, 0.926844, 0.94124, 0.956598, 0.990149, 1.03569, 1.24279, 1.21224, 1.21362, 1.22352, 1.21873, 1.2175, 1.22059, 1.22694, 1.21102, 1.19515, 1.19765, 1.22943, 1.27123, 1.27212, 1.30548, 1.28743, 1.3196, 1.40286, 1.40726, 1.39454, 1.42806, 1.43816, 1.45199, 1.47229, 1.48784, 1.34809, 1.34657, 1.3742, 1.368, 1.52806, 1.4863, 1.52661, 1.50991, 1.5023, 1.49527, 1.49866, 1.51263, 1.51313, 1.49456, 1.51988, 1.53157, 1.62892, 1.65595, 1.65901, 1.70236, 1.67796, 1.68299, 1.73322, 1.75842, 1.74394, 1.73761, 1.77851, 1.78597, 1.80009, 1.77911, 1.80727, 1.81724, 1.97996, 2.01211, 2.0117, 1.96342, 1.96224, 1.93462, 1.8727, 1.87957, 1.8684, 1.87554, 1.89446, 1.89524, 1.89667, 1.73921, 1.73813, 1.7542, 1.75838, 1.74809, 1.74884, 1.78977, 1.76576, 1.76049, 1.76975, 1.78174, 1.7816, 1.78141, 1.83832, 1.84816, 2.00312, 1.93073, 2.12173, 2.12557, 2.13173, 2.13525, 2.10498, 2.14993, 2.09072, 2.09348, 2.10427, 2.09645, 2.12777, 2.09324, 2.0864, 2.06266, 2.06219, 2.05465, 2.1011, 2.09132, 2.03589, 2.03564, 2.04669, 2.05159, 2.0556, 2.04924, 2.05309, 2.03781, 2.04458, 2.04545, 2.11856, 2.07435, 2.07877, 2.07773, 2.08086, 2.07635, 2.0762, 2.10895, 2.11057, 2.11571, 2.11492, 2.18271, 2.13212, 2.1278, 2.11005, 2.13671, 2.13548, 2.23911, 2.26966, 2.25975, 2.25112, 2.28352, 2.27407, 2.2738, 2.24889, 2.27885, 2.26559, 2.30396, 2.30136, 2.30134, 2.31022, 2.31084, 2.3132, 2.32468, 2.31406, 2.31036, 2.30804, 2.29144, 2.29719, 2.30839, 2.3429, 2.32464, 2.36035, 2.36554, 2.36361, 2.37899, 2.18454, 2.19603, 2.19673, 2.41805, 2.43172, 2.43423, 2.43529, 2.44965, 2.46827, 2.46265, 2.48026, 2.49108, 2.48105, 2.5078, 2.49708, 2.49572, 2.51139, 2.53683, 2.53722, 2.53498, 2.55381, 2.55322, 2.57206, 2.56806, 2.58142, 2.60488, 2.60417, 2.6499, 2.6077, 2.65329, 2.66697, 2.68762, 2.65323, 2.65972, 2.65991, 2.68421, 2.6674, 
0.221308, 0.195344, 0.194305, 0.247753, 0.248944, 0.233471, 0.271053, 0.253377, 0.260028, 0.300897, 0.286984, 0.282727, 0.280887, 0.314733, 0.314631, 0.300271, 0.339956, 0.356033, 0.361176, 0.356669, 0.374605, 0.391377, 0.380466, 0.375396, 0.40246, 0.43226, 0.420533, 0.469893, 0.455662, 0.435225, 0.432603, 0.458116, 0.476485, 0.450277, 0.469433, 0.475699, 0.519651, 0.53292, 0.501604, 0.502371, 0.532525, 0.543169, 0.534599, 0.577309, 0.563673, 0.565422, 0.573659, 0.5836, 0.575235, 0.604186, 0.606574, 0.598778, 0.615012, 0.649166, 0.656151, 0.631807, 0.652485, 0.653833, 0.670066, 0.687343, 0.677261, 0.690536, 0.687832, 0.721057, 0.707457, 0.731413, 0.728029, 0.745607, 0.761674, 0.770223, 0.776704, 0.764754, 0.765575, 0.753089, 0.789847, 0.813424, 0.81648, 0.826893, 0.827059, 0.859886, 0.839527, 0.856605, 0.85637, 0.869589, 0.876581, 0.888685, 0.893651, 0.912297, 0.924879, 0.91963, 0.942405, 0.991798, 0.991095, 0.957421, 0.956534, 0.951383, 0.966633, 0.984899, 0.968975, 1.00159, 1.20671, 1.20303, 1.20534, 1.2183, 1.21563, 1.24049, 1.22604, 1.22599, 1.24549, 1.22997, 1.23962, 1.24135, 1.27125, 1.26717, 1.27983, 1.28488, 1.29035, 1.3056, 1.3449, 1.3611, 1.35509, 1.33693, 1.39012, 1.4474, 1.35884, 1.33982, 1.34041, 1.35707, 1.36703, 1.46846, 1.46078, 1.47958, 1.49614, 1.46945, 1.48468, 1.50337, 1.45789, 1.43818, 1.44915, 1.45224, 1.47146, 1.4861, 1.5393, 1.66918, 1.74477, 1.69582, 1.69344, 1.70434, 1.73719, 1.73049, 1.75801, 1.77126, 1.72498, 1.73208, 1.77822, 1.73234, 1.77571, 1.77457, 1.76692, 1.78599, 1.81562, 1.77668, 1.78345, 1.78769, 1.78158, 1.96014, 1.90036, 1.89949, 1.88536, 1.89644, 1.93801, 1.91335, 1.94372, 1.93746, 1.81625, 1.81801, 1.82998, 1.84583, 1.81624, 1.82221, 1.8177, 1.83459, 1.8519, 2.06619, 2.06616, 2.06876, 2.03586, 2.0377, 2.12142, 2.18818, 2.16257, 2.16969, 2.17969, 2.18031, 2.18292, 2.18371, 2.13153, 2.20385, 2.20494, 2.15891, 2.1448, 2.17964, 2.12549, 2.1289, 2.12831, 2.09189, 2.16377, 2.09777, 2.06155, 2.0596, 2.0415, 2.08393, 2.02869, 2.02519, 2.0247, 2.03544, 2.03772, 2.04941, 2.07709, 2.04324, 2.09059, 2.05558, 2.09556, 2.06057, 2.08031, 2.07118, 2.10164, 2.09378, 2.13559, 2.09029, 2.13565, 2.12146, 2.0993, 2.14537, 2.14461, 2.25259, 2.30026, 2.25153, 2.25097, 2.2543, 2.25572, 2.31409, 2.25321, 2.29964, 2.30063, 2.31143, 2.31386, 2.32798, 2.32813, 2.32154, 2.33681, 2.31727, 2.32484, 2.32413, 2.32074, 2.35373, 2.35573, 2.32676, 2.36256, 2.36919, 2.17249, 2.18291, 2.17733, 2.17676, 2.22226, 2.22754, 2.41807, 2.40848, 2.42204, 2.43267, 2.43572, 2.43558, 2.44327, 2.44394, 2.50171, 2.48701, 2.48651, 2.55685, 2.49906, 2.50112, 2.53941, 2.52935, 2.55989, 2.5604, 2.54932, 2.56805, 2.57855, 2.61161, 2.60976, 2.62561, 2.63509, 2.64412, 2.67107, 2.66251, 2.63262, 2.65996, 2.72495, 2.68933, 2.71656, 2.6982, 
0.20048, 0.19254, 0.218765, 0.235751, 0.226951, 0.234599, 0.242475, 0.275177, 0.286471, 0.256863, 0.274064, 0.262681, 0.299943, 0.299287, 0.287416, 0.30592, 0.334075, 0.362031, 0.341663, 0.342344, 0.345384, 0.344525, 0.390924, 0.38185, 0.408489, 0.380356, 0.432133, 0.42504, 0.452512, 0.460499, 0.462336, 0.469844, 0.487555, 0.472828, 0.483419, 0.505259, 0.496357, 0.513502, 0.496629, 0.508945, 0.508182, 0.559779, 0.541717, 0.551598, 0.547578, 0.591353, 0.555201, 0.592965, 0.56833, 0.591302, 0.593237, 0.617445, 0.617938, 0.628096, 0.676984, 0.637999, 0.65706, 0.642137, 0.666896, 0.6643, 0.682035, 0.698456, 0.699982, 0.711808, 0.727551, 0.743183, 0.723555, 0.725947, 0.756187, 0.766899, 0.766383, 0.763456, 0.78625, 0.777534, 0.80732, 0.793988, 0.835517, 0.835896, 0.835394, 0.833818, 0.846506, 0.845958, 0.854093, 0.901295, 0.89769, 0.881008, 0.907258, 0.918293, 0.933323, 0.94633, 0.952642, 1.06702, 1.03994, 1.02938, 1.00912, 0.994965, 0.988775, 0.998401, 1.01958, 1.1843, 1.18749, 1.20309, 1.22928, 1.20291, 1.22535, 1.22978, 1.22917, 1.23197, 1.23651, 1.2385, 1.24634, 1.26866, 1.31208, 1.27996, 1.28481, 1.28846, 1.31537, 1.32379, 1.30389, 1.31074, 1.31951, 1.32653, 1.34344, 1.34376, 1.34826, 1.36885, 1.39016, 1.43704, 1.43702, 1.44049, 1.45294, 1.45343, 1.44994, 1.44526, 1.43045, 1.42755, 1.41026, 1.41968, 1.4376, 1.49477, 1.60645, 1.62412, 1.6457, 1.64478, 1.73413, 1.77653, 1.68845, 1.68757, 1.69534, 1.69559, 1.70661, 1.74114, 1.72709, 1.71993, 1.75867, 1.76489, 1.77661, 1.76626, 1.78871, 1.77665, 1.79659, 1.75138, 1.75521, 1.75788, 1.76931, 1.77127, 1.80944, 1.78494, 1.79911, 1.92141, 1.92054, 1.93748, 1.93946, 1.96605, 1.93937, 1.88552, 1.84458, 1.89625, 1.86171, 1.85965, 1.87836, 1.95278, 2.0397, 2.07686, 2.06321, 2.04413, 2.06039, 2.10964, 2.14013, 2.1534, 2.21138, 2.13917, 2.15348, 2.1535, 2.14966, 2.15629, 2.20373, 2.24892, 2.21422, 2.19954, 2.19601, 2.16327, 2.16549, 2.14208, 2.14158, 2.12123, 2.13816, 2.13095, 2.11131, 2.10117, 2.05776, 2.05264, 2.07636, 2.05314, 2.05597, 2.0458, 2.05294, 2.04935, 2.09399, 2.05492, 2.06624, 2.07033, 2.07581, 2.0636, 2.10744, 2.12214, 2.08352, 2.13877, 2.11467, 2.15927, 2.09245, 2.09114, 2.09021, 2.13477, 2.13247, 2.15185, 2.25492, 2.28444, 2.27305, 2.27998, 2.27902, 2.33851, 2.201, 2.17078, 2.18012, 2.22593, 2.21739, 2.30633, 2.2939, 2.30028, 2.30174, 2.3204, 2.12326, 2.17246, 2.33273, 2.32435, 2.33242, 2.16225, 2.16335, 2.15981, 2.17993, 2.17096, 2.1911, 2.23088, 2.20364, 2.38343, 2.38333, 2.40179, 2.4107, 2.39822, 2.44148, 2.43604, 2.46637, 2.4662, 2.46774, 2.49545, 2.46712, 2.51826, 2.51471, 2.50898, 2.51076, 2.54358, 2.52862, 2.51565, 2.57142, 2.56007, 2.5808, 2.548, 2.61137, 2.59204, 2.60739, 2.59733, 2.60864, 2.64133, 2.61637, 2.65843, 2.65684, 2.68538, 2.68412, 2.70527, 
0.208145, 0.198632, 0.221039, 0.223559, 0.218997, 0.249167, 0.222181, 0.252391, 0.2613, 0.324607, 0.256441, 0.263197, 0.312627, 0.2875, 0.287284, 0.307205, 0.324554, 0.362575, 0.325594, 0.360088, 0.35323, 0.375373, 0.386575, 0.397622, 0.417324, 0.389037, 0.419147, 0.403956, 0.439547, 0.435956, 0.442556, 0.443344, 0.466006, 0.474012, 0.479531, 0.492889, 0.484334, 0.501216, 0.50329, 0.469223, 0.54552, 0.512568, 0.512106, 0.544399, 0.551541, 0.549031, 0.570169, 0.577602, 0.576981, 0.590931, 0.59477, 0.608129, 0.602061, 0.636276, 0.639256, 0.640596, 0.657332, 0.662057, 0.669264, 0.670027, 0.670035, 0.690501, 0.700605, 0.691921, 0.703962, 0.72122, 0.712581, 0.739129, 0.758966, 0.754002, 0.752556, 0.766647, 0.795141, 0.787065, 0.804417, 0.788604, 0.825675, 0.813972, 0.8414, 0.840387, 0.84542, 0.845577, 0.870095, 0.867599, 0.871429, 0.883844, 0.887664, 0.907728, 0.913085, 0.939206, 0.970871, 1.00965, 1.05544, 1.06206, 1.06689, 1.0788, 1.08795, 1.12654, 1.15116, 1.16416, 1.17276, 1.17458, 1.16543, 1.19554, 1.16788, 1.19732, 1.20301, 1.2371, 1.22348, 1.23448, 1.26826, 1.28256, 1.28763, 1.27747, 1.28552, 1.31411, 1.31677, 1.31846, 1.35124, 1.35531, 1.32551, 1.34701, 1.35316, 1.36896, 1.37763, 1.44756, 1.4239, 1.43316, 1.43628, 1.44358, 1.44294, 1.46181, 1.41377, 1.40656, 1.3784, 1.38521, 1.39463, 1.39542, 1.55031, 1.57259, 1.6055, 1.59704, 1.59361, 1.49877, 1.50142, 1.51435, 1.51476, 1.51751, 1.52346, 1.68402, 1.68574, 1.66983, 1.72281, 1.69362, 1.73441, 1.78148, 1.69789, 1.71629, 1.76054, 1.72526, 1.74564, 1.74376, 1.74689, 1.76639, 1.7724, 1.76886, 1.78743, 1.80658, 1.80331, 1.87014, 1.8565, 1.86387, 1.92141, 1.86351, 1.90362, 1.94634, 1.95557, 1.94393, 1.91492, 1.94081, 1.98388, 2.0094, 2.04567, 2.04524, 2.04696, 2.05209, 2.14575, 2.14574, 2.22765, 2.15353, 2.20207, 2.20315, 2.16062, 2.15958, 2.16061, 2.1617, 2.1601, 2.16022, 2.16086, 2.16889, 2.18786, 2.15461, 2.18545, 2.19476, 2.15369, 2.1607, 2.13886, 2.1868, 2.12599, 2.12958, 2.12306, 2.14331, 2.10345, 2.17244, 2.06492, 2.08451, 2.09766, 2.10022, 2.10086, 2.0788, 2.06976, 2.1183, 2.09381, 2.09631, 2.1366, 2.12875, 2.14354, 2.16643, 2.13735, 2.1655, 2.16594, 2.13566, 2.13542, 2.12421, 2.14705, 2.14385, 2.1613, 2.28702, 2.27094, 2.27267, 2.27594, 2.30524, 2.23259, 2.23328, 2.27706, 2.25624, 2.30752, 2.29417, 2.31135, 2.31697, 2.12521, 2.12608, 2.12419, 2.17696, 2.18692, 2.15551, 2.19406, 2.17321, 2.16687, 2.21145, 2.20334, 2.22311, 2.20913, 2.21152, 2.38783, 2.38842, 2.39076, 2.40514, 2.39421, 2.44507, 2.41433, 2.4316, 2.46097, 2.44579, 2.45033, 2.47943, 2.48702, 2.48564, 2.51183, 2.49138, 2.52533, 2.51546, 2.53974, 2.52921, 2.55625, 2.55022, 2.57372, 2.56607, 2.58364, 2.5979, 2.61616, 2.60423, 2.60664, 2.61807, 2.65268, 2.63683, 2.66692, 2.66761, 2.66212, 2.71515, 
0.201809, 0.215281, 0.21975, 0.238517, 0.222727, 0.222533, 0.220571, 0.236957, 0.259152, 0.248854, 0.261944, 0.275981, 0.296759, 0.324643, 0.293078, 0.327987, 0.325655, 0.323815, 0.308424, 0.356663, 0.370495, 0.382711, 0.356979, 0.401147, 0.427453, 0.412225, 0.400586, 0.41522, 0.423592, 0.427742, 0.445088, 0.425536, 0.467041, 0.501318, 0.459166, 0.4609, 0.476788, 0.486251, 0.497393, 0.477087, 0.509196, 0.510532, 0.527818, 0.536088, 0.533015, 0.555265, 0.543709, 0.549995, 0.556744, 0.557346, 0.568916, 0.602663, 0.61381, 0.611824, 0.625408, 0.663404, 0.643347, 0.642653, 0.640926, 0.669857, 0.686276, 0.68109, 0.701614, 0.688274, 0.691838, 0.723211, 0.715194, 0.720053, 0.727911, 0.750278, 0.74465, 0.767229, 0.770301, 0.770976, 0.784506, 0.7953, 0.785775, 0.814039, 0.810094, 0.824846, 0.85413, 0.833632, 0.859666, 0.87864, 0.878938, 0.870386, 0.891912, 0.913861, 0.894946, 0.955049, 0.991328, 1.00985, 1.07456, 1.12524, 1.11094, 1.16228, 1.14905, 1.14838, 1.14648, 1.14739, 1.16347, 1.17137, 1.14647, 1.13334, 1.1371, 1.05579, 1.06414, 1.04287, 1.03799, 1.2261, 1.24974, 1.25587, 1.26737, 1.27508, 1.30253, 1.31698, 1.32338, 1.32773, 1.34051, 1.34307, 1.35034, 1.36525, 1.39639, 1.44254, 1.44121, 1.45472, 1.46081, 1.4591, 1.43635, 1.43603, 1.49259, 1.4464, 1.4179, 1.39318, 1.35056, 1.36253, 1.36421, 1.40522, 1.55632, 1.4312, 1.61347, 1.43017, 1.46633, 1.45801, 1.45166, 1.46644, 1.48423, 1.48485, 1.49816, 1.53774, 1.70273, 1.66981, 1.67018, 1.69719, 1.68754, 1.71352, 1.68929, 1.71039, 1.73461, 1.76956, 1.76949, 1.73378, 1.74622, 1.75058, 1.75968, 1.77049, 1.8211, 1.82862, 1.82975, 1.85213, 1.88045, 1.90462, 1.85526, 1.86317, 1.9184, 1.89406, 1.93171, 1.9345, 1.92611, 2.05218, 2.01209, 2.01829, 2.04653, 2.07314, 2.0898, 2.11984, 2.13103, 2.13822, 2.16183, 2.15192, 2.20344, 2.15998, 2.16036, 2.16234, 2.16184, 2.1595, 2.19724, 2.19617, 2.18666, 2.1625, 2.16249, 2.16007, 2.15651, 2.15944, 2.179, 2.15098, 2.23623, 2.15599, 2.16996, 2.18705, 2.1707, 2.16652, 2.131, 2.17608, 2.13939, 2.14745, 2.14562, 2.18656, 2.19676, 2.17082, 2.15261, 2.15003, 1.9454, 1.95833, 2.13183, 2.00797, 1.98195, 2.01435, 2.0162, 2.05083, 2.26333, 2.27056, 2.13925, 2.17028, 2.13241, 2.1424, 2.17483, 2.20176, 2.29518, 2.29966, 2.29937, 2.32915, 2.29824, 2.32141, 2.30221, 2.27867, 2.29194, 2.29386, 2.29342, 2.29357, 2.17707, 2.16534, 2.18142, 2.16243, 2.17683, 2.1907, 2.19465, 2.17926, 2.31405, 2.33719, 2.35865, 2.34098, 2.24111, 2.24063, 2.37548, 2.37464, 2.40023, 2.40528, 2.40803, 2.4185, 2.42206, 2.41989, 2.42289, 2.44099, 2.46261, 2.4792, 2.4777, 2.49359, 2.49561, 2.50786, 2.48969, 2.50754, 2.51661, 2.54947, 2.55667, 2.54352, 2.55783, 2.56713, 2.59348, 2.56882, 2.57997, 2.59087, 2.58334, 2.60756, 2.60589, 2.61911, 2.61885, 2.65671, 2.67323, 2.68458, 
0.192386, 0.187051, 0.20885, 0.209656, 0.220589, 0.220689, 0.23394, 0.228108, 0.279038, 0.260145, 0.273275, 0.254791, 0.269232, 0.287022, 0.276234, 0.274522, 0.338194, 0.314101, 0.325398, 0.353291, 0.349939, 0.357094, 0.355108, 0.389007, 0.379706, 0.404218, 0.387307, 0.385195, 0.408214, 0.436531, 0.448853, 0.430055, 0.46751, 0.452661, 0.493394, 0.456673, 0.486627, 0.499046, 0.47694, 0.493476, 0.500525, 0.500223, 0.500909, 0.530012, 0.569614, 0.537271, 0.542278, 0.562583, 0.57117, 0.569881, 0.56993, 0.577778, 0.583497, 0.621327, 0.634285, 0.615021, 0.623494, 0.623858, 0.645632, 0.645967, 0.670194, 0.660002, 0.667082, 0.715872, 0.714965, 0.710755, 0.719667, 0.710978, 0.718718, 0.732338, 0.765672, 0.742417, 0.776376, 0.767016, 0.803488, 0.794654, 0.78406, 0.815373, 0.822006, 0.815925, 0.852727, 0.836631, 0.853736, 0.859871, 0.860231, 0.874282, 0.887628, 0.901654, 0.911903, 0.974994, 0.988661, 1.03011, 1.13951, 1.15314, 1.1781, 1.14356, 1.17413, 1.18022, 1.19542, 1.17745, 1.14438, 1.1158, 1.11673, 1.11445, 1.07076, 1.02642, 1.00843, 0.99838, 1.00569, 1.02223, 1.01139, 1.26122, 1.26098, 1.26771, 1.27852, 1.2849, 1.3224, 1.34657, 1.33623, 1.3329, 1.35724, 1.35912, 1.44101, 1.41238, 1.41333, 1.42187, 1.43008, 1.43503, 1.43963, 1.45232, 1.44205, 1.41831, 1.41365, 1.37203, 1.34839, 1.34847, 1.36907, 1.3878, 1.41349, 1.41434, 1.43641, 1.45756, 1.4234, 1.43294, 1.46474, 1.45782, 1.4793, 1.49109, 1.50169, 1.50712, 1.56588, 1.65947, 1.65865, 1.64509, 1.65921, 1.70704, 1.72795, 1.69948, 1.67287, 1.73482, 1.69654, 1.72151, 1.77857, 1.82872, 1.75969, 1.76629, 1.77227, 1.87967, 1.89042, 1.81523, 1.81436, 1.89045, 1.90279, 1.90151, 1.91773, 1.92854, 1.92881, 1.91828, 1.95228, 2.01544, 2.01678, 2.01544, 2.05944, 2.10399, 2.11534, 2.17711, 2.10713, 2.18016, 2.13442, 2.14317, 2.21473, 2.15915, 2.16765, 2.15895, 2.16286, 2.18379, 2.19749, 2.16894, 2.15645, 2.14924, 2.19, 2.18595, 2.15247, 2.16244, 2.15244, 2.15093, 2.15048, 2.17378, 2.16654, 2.17487, 2.2171, 2.1901, 2.15168, 2.17567, 2.17022, 2.15153, 2.18961, 2.23713, 2.1652, 2.24253, 2.17446, 2.21194, 1.98636, 1.91171, 1.8757, 1.88724, 1.96279, 2.00417, 2.00384, 2.03192, 2.05275, 2.10611, 2.19032, 2.1404, 2.14471, 2.13508, 2.20165, 2.19234, 2.30118, 2.30863, 2.30813, 2.32888, 2.30645, 2.30574, 2.28706, 2.31502, 2.31567, 2.3031, 2.28988, 2.30603, 2.13858, 2.17322, 2.172, 2.16296, 2.18713, 2.20729, 2.20479, 2.18907, 2.18964, 2.32739, 2.32708, 2.26774, 2.22529, 2.3647, 2.35759, 2.36006, 2.40779, 2.4007, 2.39104, 2.39694, 2.44007, 2.44665, 2.42263, 2.44854, 2.449, 2.4325, 2.4652, 2.45976, 2.49195, 2.48447, 2.51666, 2.52275, 2.52497, 2.52492, 2.55675, 2.53219, 2.55015, 2.55077, 2.57734, 2.57161, 2.58154, 2.59458, 2.59913, 2.6048, 2.69523, 2.61285, 2.66046, 2.68053, 2.6568, 2.65651, 
0.152185, 0.189695, 0.187398, 0.191793, 0.200902, 0.196271, 0.217618, 0.244865, 0.215803, 0.247195, 0.275759, 0.25645, 0.277399, 0.279594, 0.301665, 0.275509, 0.303366, 0.321065, 0.303782, 0.318002, 0.330377, 0.376052, 0.338569, 0.380661, 0.351345, 0.359885, 0.385601, 0.384772, 0.406947, 0.414884, 0.432842, 0.414947, 0.421793, 0.424503, 0.432705, 0.465087, 0.476608, 0.466924, 0.468208, 0.499838, 0.498999, 0.514893, 0.511132, 0.512661, 0.528895, 0.517095, 0.544601, 0.55579, 0.567146, 0.569223, 0.59886, 0.604151, 0.608804, 0.598796, 0.620994, 0.617921, 0.614545, 0.621765, 0.636491, 0.636342, 0.657516, 0.669526, 0.672942, 0.673948, 0.696763, 0.687717, 0.698913, 0.72258, 0.737038, 0.73838, 0.742373, 0.763152, 0.743267, 0.773606, 0.773435, 0.781537, 0.792202, 0.808755, 0.808528, 0.825901, 0.81584, 0.825897, 0.842534, 0.854801, 0.873865, 0.86496, 0.878589, 0.935614, 0.887848, 0.872326, 0.893064, 0.893891, 1.16445, 1.17467, 1.17241, 1.17161, 1.18567, 1.19898, 1.17169, 1.17136, 1.16421, 1.17499, 1.15754, 1.10854, 1.11137, 1.01946, 0.990072, 0.99004, 0.987834, 1.00261, 1.00542, 1.02033, 1.03919, 1.26378, 1.28309, 1.27922, 1.32891, 1.34035, 1.32357, 1.33068, 1.33968, 1.39694, 1.4182, 1.43698, 1.43179, 1.46218, 1.43399, 1.49067, 1.48172, 1.46162, 1.45211, 1.46028, 1.419, 1.39321, 1.39878, 1.35297, 1.36511, 1.36089, 1.56204, 1.56635, 1.44704, 1.44212, 1.41614, 1.46528, 1.46498, 1.4574, 1.461, 1.47357, 1.49151, 1.5158, 1.55234, 1.60363, 1.59541, 1.61794, 1.58949, 1.61488, 1.61561, 1.61364, 1.62139, 1.67559, 1.72373, 1.73727, 1.75884, 1.77207, 1.79239, 1.77292, 1.81448, 1.78981, 1.89144, 1.83083, 1.899, 1.90743, 1.92727, 1.87186, 1.92722, 1.96497, 1.92683, 1.9385, 1.94416, 1.98888, 2.03447, 2.03092, 2.0698, 2.10784, 2.12298, 2.12873, 2.17162, 2.17957, 2.13485, 2.20416, 2.14233, 2.14547, 2.1997, 2.17319, 2.19262, 2.15373, 2.15675, 2.16964, 2.1456, 2.13137, 2.14644, 2.13322, 2.15932, 2.13708, 2.15189, 2.18937, 2.14865, 2.16691, 2.16703, 2.18084, 2.18385, 2.18677, 2.19058, 2.17683, 2.22246, 2.18749, 2.21004, 2.27019, 2.23597, 2.23536, 2.2751, 2.26647, 2.24599, 1.92926, 1.90931, 1.86869, 1.85291, 1.99878, 2.01144, 2.05211, 2.05181, 2.04898, 2.142, 2.12205, 2.15326, 2.13729, 2.16506, 2.17333, 2.26979, 2.31105, 2.2961, 2.29019, 2.29272, 2.3073, 2.2938, 2.28009, 2.30102, 2.29092, 2.30476, 2.14174, 2.13878, 2.13962, 2.19227, 2.17985, 2.1902, 2.1845, 2.21081, 2.20596, 2.20243, 2.21093, 2.2329, 2.26108, 2.27205, 2.34155, 2.39027, 2.36965, 2.38997, 2.39344, 2.39172, 2.39879, 2.41302, 2.40681, 2.41968, 2.43891, 2.43486, 2.45574, 2.46668, 2.46008, 2.49036, 2.48768, 2.50484, 2.53578, 2.5517, 2.51887, 2.53641, 2.52495, 2.53537, 2.54662, 2.58892, 2.56298, 2.58157, 2.605, 2.63121, 2.6194, 2.61596, 2.62287, 2.62294, 2.61548, 2.64961, 2.66311, 
0.186175, 0.171468, 0.195535, 0.201876, 0.236259, 0.215513, 0.21583, 0.225387, 0.228151, 0.246026, 0.27176, 0.240833, 0.273041, 0.291072, 0.278518, 0.297096, 0.299804, 0.299345, 0.300406, 0.311538, 0.32834, 0.359275, 0.358431, 0.368484, 0.367202, 0.403205, 0.400015, 0.393513, 0.378651, 0.419391, 0.419146, 0.437791, 0.424737, 0.425523, 0.435766, 0.436929, 0.490551, 0.489832, 0.493149, 0.490578, 0.481392, 0.517904, 0.548722, 0.536632, 0.51565, 0.546461, 0.535472, 0.548364, 0.544711, 0.567253, 0.570966, 0.569813, 0.577663, 0.607139, 0.597265, 0.621637, 0.604535, 0.648761, 0.646091, 0.639495, 0.640565, 0.676937, 0.6572, 0.707562, 0.673128, 0.704533, 0.694168, 0.715284, 0.707636, 0.746263, 0.729755, 0.757415, 0.747481, 0.760786, 0.768274, 0.773842, 0.787668, 0.793827, 0.792072, 0.809666, 0.811666, 0.853009, 0.837684, 0.860685, 0.863382, 0.876196, 0.929263, 0.934452, 0.934744, 0.861327, 0.86978, 0.902722, 0.904546, 1.19119, 1.21453, 1.22571, 1.22009, 1.20971, 1.21694, 1.18713, 1.21596, 1.16439, 1.13759, 1.12284, 1.13007, 1.06659, 1.00254, 1.0338, 0.985041, 0.983689, 0.983662, 1.01568, 1.02535, 1.27505, 1.26128, 1.26624, 1.2965, 1.31775, 1.29629, 1.29692, 1.31525, 1.37858, 1.38013, 1.41261, 1.44977, 1.46524, 1.46479, 1.4817, 1.49549, 1.48734, 1.48931, 1.48626, 1.47024, 1.423, 1.39047, 1.3888, 1.37173, 1.51569, 1.52054, 1.51267, 1.54562, 1.46527, 1.46424, 1.46588, 1.45522, 1.45435, 1.48613, 1.50372, 1.50003, 1.49661, 1.52077, 1.52078, 1.54901, 1.55988, 1.59637, 1.60251, 1.6638, 1.64157, 1.61024, 1.64142, 1.66248, 1.69556, 1.73988, 1.73765, 1.75855, 1.76939, 1.77578, 1.81066, 1.82183, 1.82202, 1.84275, 1.88722, 1.88682, 1.90814, 1.97618, 1.98571, 1.92987, 1.99059, 1.96877, 2.00413, 2.0649, 2.07433, 2.06891, 2.1631, 2.1527, 2.09996, 2.10797, 2.13491, 2.13472, 2.14922, 2.21372, 2.13098, 2.21487, 2.14239, 2.14793, 2.1727, 2.12603, 2.18615, 2.12614, 2.16909, 2.12374, 2.16918, 2.1223, 2.14298, 2.18102, 2.18307, 2.143, 2.18424, 2.17306, 2.01382, 2.01404, 2.23037, 2.24818, 2.21171, 2.21763, 2.2153, 2.26645, 2.28372, 2.29764, 2.28917, 2.31812, 2.30455, 2.25228, 1.92829, 1.91025, 1.82309, 1.80062, 1.79454, 2.02859, 2.02798, 2.05901, 2.03905, 2.0584, 2.08657, 2.119, 2.19526, 2.16676, 2.16823, 2.30266, 2.31834, 2.31882, 2.28718, 2.28542, 2.30773, 2.2713, 2.30634, 2.31459, 2.32735, 2.15307, 2.15184, 2.14053, 2.19141, 2.14473, 2.20301, 2.22021, 2.21952, 2.19373, 2.21726, 2.23594, 2.25853, 2.23124, 2.27647, 2.24977, 2.38326, 2.37732, 2.36073, 2.37108, 2.37718, 2.38674, 2.40845, 2.40424, 2.43019, 2.4049, 2.47338, 2.43585, 2.44264, 2.44639, 2.45264, 2.50721, 2.46661, 2.49352, 2.48821, 2.51212, 2.51172, 2.54664, 2.53343, 2.56307, 2.54766, 2.56647, 2.5878, 2.58398, 2.56673, 2.59084, 2.59413, 2.60312, 2.61211, 2.64189, 2.60321, 2.64353, 2.6674, 
0.145939, 0.165116, 0.214019, 0.185819, 0.173563, 0.207986, 0.213756, 0.2324, 0.247892, 0.240359, 0.248658, 0.255675, 0.231016, 0.256777, 0.273423, 0.272095, 0.308738, 0.283489, 0.309594, 0.303246, 0.356268, 0.320157, 0.31869, 0.34489, 0.37269, 0.351877, 0.373144, 0.373813, 0.405086, 0.405418, 0.427504, 0.412189, 0.438191, 0.453168, 0.441528, 0.446549, 0.490319, 0.463475, 0.488129, 0.477296, 0.503651, 0.511014, 0.511117, 0.501026, 0.501374, 0.515403, 0.542228, 0.539618, 0.545959, 0.548924, 0.555929, 0.564267, 0.587209, 0.608727, 0.608625, 0.6109, 0.610693, 0.614189, 0.645953, 0.652184, 0.654324, 0.666789, 0.66907, 0.670761, 0.675377, 0.687579, 0.712177, 0.694797, 0.721854, 0.73308, 0.725103, 0.725667, 0.735065, 0.774035, 0.77512, 0.776732, 0.788086, 0.781138, 0.801419, 0.812861, 0.815179, 0.814711, 0.860083, 0.849174, 0.856188, 0.880857, 0.807823, 0.810682, 0.804112, 0.832839, 0.85382, 0.831729, 0.856573, 0.882316, 1.25499, 1.24018, 1.22733, 1.24313, 1.21483, 1.2011, 1.17801, 1.16089, 1.13773, 1.13726, 1.12521, 1.09025, 1.09824, 1.05096, 1.00503, 1.00569, 1.00417, 1.01169, 1.03628, 1.2502, 1.24656, 1.28347, 1.25361, 1.26182, 1.26151, 1.29881, 1.30643, 1.3221, 1.32499, 1.39452, 1.42306, 1.43481, 1.4429, 1.44441, 1.49939, 1.46193, 1.46751, 1.47492, 1.48248, 1.45606, 1.465, 1.4776, 1.42715, 1.49628, 1.52756, 1.48671, 1.496, 1.48203, 1.48688, 1.48271, 1.50661, 1.52752, 1.49464, 1.50666, 1.49959, 1.50143, 1.53778, 1.51729, 1.56196, 1.57377, 1.5741, 1.58602, 1.58298, 1.58267, 1.58245, 1.5831, 1.61193, 1.65511, 1.67725, 1.68199, 1.73421, 1.76351, 1.80562, 1.80573, 1.79921, 1.84197, 1.83105, 1.85033, 1.87898, 1.9528, 1.94816, 1.91757, 2.00085, 2.02098, 2.00662, 2.0057, 2.06115, 2.08736, 2.04344, 2.05265, 2.12862, 2.09805, 2.13956, 2.13198, 2.18266, 2.17676, 2.16356, 2.1633, 2.12801, 2.1286, 2.13436, 2.17233, 2.16739, 2.12509, 2.15621, 2.14955, 2.19167, 2.16956, 2.14404, 2.11814, 2.11424, 2.09819, 2.03534, 2.05896, 1.99744, 1.96495, 1.97781, 2.24464, 1.87707, 1.86151, 1.89196, 1.8236, 1.83146, 1.79113, 1.7954, 1.79251, 1.7796, 1.77256, 1.78221, 2.25216, 1.84511, 1.82583, 1.82945, 1.80327, 1.98416, 1.98323, 2.03871, 2.05995, 2.06862, 2.0944, 2.09369, 2.12795, 2.18681, 2.28837, 2.27296, 2.26362, 2.30366, 2.27386, 2.29449, 2.27211, 2.27658, 2.26539, 2.26413, 2.14875, 2.1492, 2.18144, 2.14594, 2.19142, 2.20406, 2.31456, 2.19608, 2.21559, 2.20957, 2.21893, 2.21073, 2.30148, 2.306, 2.32583, 2.3353, 2.36223, 2.36252, 2.38043, 2.39045, 2.36922, 2.39436, 2.40201, 2.4032, 2.39011, 2.41753, 2.43779, 2.4346, 2.43315, 2.45902, 2.44956, 2.46032, 2.47234, 2.47391, 2.47611, 2.51211, 2.49369, 2.52037, 2.49906, 2.56358, 2.53928, 2.56719, 2.5742, 2.55484, 2.56301, 2.56414, 2.61117, 2.5794, 2.59422, 2.61155, 2.62215, 2.63936, 2.6573, 
0.151444, 0.183596, 0.155915, 0.155757, 0.186838, 0.174786, 0.220352, 0.212927, 0.210403, 0.215058, 0.249233, 0.221666, 0.235577, 0.265121, 0.297333, 0.302707, 0.285289, 0.269501, 0.316456, 0.325117, 0.328613, 0.31906, 0.331058, 0.352564, 0.352893, 0.351458, 0.349247, 0.373002, 0.37414, 0.395007, 0.408941, 0.417761, 0.413155, 0.452032, 0.449963, 0.473235, 0.464246, 0.465437, 0.459177, 0.518053, 0.487682, 0.494292, 0.509085, 0.488215, 0.523311, 0.542344, 0.542943, 0.539825, 0.552998, 0.537761, 0.554481, 0.578965, 0.57629, 0.578457, 0.59647, 0.61258, 0.611212, 0.628904, 0.636669, 0.638481, 0.631804, 0.642118, 0.6744, 0.671028, 0.667645, 0.691496, 0.69269, 0.712526, 0.715457, 0.725129, 0.72583, 0.730885, 0.745394, 0.744213, 0.746112, 0.758502, 0.774202, 0.77464, 0.785702, 0.808836, 0.822235, 0.826411, 0.817638, 0.844952, 0.843384, 0.794837, 0.799827, 0.776833, 0.775084, 0.793598, 0.805361, 0.805707, 0.832324, 0.854589, 1.27084, 1.26439, 1.26246, 1.23789, 1.23072, 1.20207, 1.19109, 1.20596, 1.17155, 1.14637, 1.13643, 1.13597, 1.07898, 1.07794, 1.05992, 1.02898, 1.0082, 1.04349, 1.06681, 1.24349, 1.24443, 1.24416, 1.24459, 1.24399, 1.24393, 1.26408, 1.2649, 1.25241, 1.26039, 1.28527, 1.28117, 1.32262, 1.31747, 1.47617, 1.44363, 1.48363, 1.48499, 1.47315, 1.47497, 1.47517, 1.53074, 1.48971, 1.48804, 1.5077, 1.48022, 1.48495, 1.48744, 1.48898, 1.49243, 1.49154, 1.49356, 1.50389, 1.57841, 1.51715, 1.51671, 1.51831, 1.51821, 1.51684, 1.52331, 1.55054, 1.59628, 1.58242, 1.57644, 1.57468, 1.57208, 1.58483, 1.61613, 1.63378, 1.70217, 1.70804, 1.734, 1.73503, 1.76944, 1.78599, 1.83383, 1.8273, 1.85796, 1.85812, 1.88881, 1.94271, 1.96962, 2.00015, 2.00967, 2.00396, 2.00349, 2.05919, 2.00514, 2.07844, 2.0695, 2.09357, 2.15624, 2.12081, 2.0935, 2.16943, 2.10801, 2.11293, 2.11102, 2.14521, 2.1924, 2.12866, 2.16025, 2.13197, 2.18633, 2.20018, 2.14023, 2.22023, 2.18336, 2.14753, 2.16297, 2.17107, 2.11179, 2.11161, 2.04552, 1.97657, 1.97694, 1.96466, 1.94636, 1.88647, 1.82585, 1.82536, 1.82514, 1.84358, 1.85824, 1.79182, 1.79084, 1.77062, 1.7555, 1.75567, 1.76123, 1.76948, 1.77401, 1.84745, 1.80646, 1.82258, 1.82266, 2.00488, 2.05849, 2.0461, 2.08342, 2.0727, 2.14627, 2.13711, 2.14593, 2.2824, 2.28306, 2.28362, 2.30688, 2.26302, 2.27008, 2.27051, 2.27969, 2.27963, 2.12132, 2.14111, 2.12894, 2.05877, 2.08665, 2.07317, 2.30403, 2.30083, 2.29379, 2.31135, 2.32513, 2.32206, 2.34208, 2.33557, 2.32554, 2.34592, 2.33876, 2.34899, 2.33917, 2.34785, 2.35551, 2.36451, 2.37891, 2.36824, 2.40478, 2.38379, 2.42495, 2.4537, 2.4367, 2.45002, 2.4489, 2.44117, 2.4456, 2.46075, 2.5012, 2.49531, 2.49054, 2.49157, 2.4981, 2.51856, 2.53244, 2.51518, 2.54918, 2.57551, 2.55471, 2.55472, 2.58074, 2.62606, 2.5871, 2.59887, 2.64042, 2.60603, 2.60551, 2.63142, 
0.14066, 0.137911, 0.164807, 0.18177, 0.220936, 0.207334, 0.224578, 0.186729, 0.22366, 0.228785, 0.228863, 0.248164, 0.236386, 0.253538, 0.277313, 0.280889, 0.279405, 0.281235, 0.280297, 0.290747, 0.297633, 0.314223, 0.337311, 0.358022, 0.346447, 0.366461, 0.372763, 0.383556, 0.381188, 0.37954, 0.407622, 0.410638, 0.414224, 0.412836, 0.441245, 0.417057, 0.44539, 0.453287, 0.469814, 0.460165, 0.487313, 0.484215, 0.494643, 0.514185, 0.517891, 0.535688, 0.524983, 0.532179, 0.532111, 0.553467, 0.553198, 0.552474, 0.570804, 0.583999, 0.582078, 0.607274, 0.6127, 0.61203, 0.628873, 0.621974, 0.645515, 0.628763, 0.661121, 0.650083, 0.660239, 0.676976, 0.697261, 0.685282, 0.705864, 0.703489, 0.722528, 0.72204, 0.747011, 0.760894, 0.760961, 0.763472, 0.780719, 0.773418, 0.782389, 0.795253, 0.80428, 0.823631, 0.825119, 0.835098, 0.781669, 0.777596, 0.771365, 0.771153, 0.77857, 0.794493, 0.833763, 0.82947, 0.867061, 0.8595, 0.903816, 1.26702, 1.26779, 1.2397, 1.21957, 1.24984, 1.19838, 1.19977, 1.18118, 1.15455, 1.15693, 1.14557, 1.2023, 1.08133, 1.07233, 1.03993, 1.01636, 1.01627, 1.02901, 1.04273, 1.27555, 1.24284, 1.24771, 1.23624, 1.2538, 1.23345, 1.23042, 1.23639, 1.23624, 1.24699, 1.25825, 1.26115, 1.28925, 1.30112, 1.28781, 1.29154, 1.32716, 1.49131, 1.50411, 1.48209, 1.48106, 1.50798, 1.52172, 1.4718, 1.47097, 1.47857, 1.47845, 1.48535, 1.48808, 1.48944, 1.54916, 1.50602, 1.51008, 1.51738, 1.51832, 1.52, 1.51911, 1.52073, 1.52144, 1.55349, 1.5741, 1.56787, 1.56574, 1.57869, 1.58275, 1.59257, 1.64512, 1.67885, 1.66159, 1.68799, 1.7109, 1.73779, 1.75582, 1.79887, 1.8313, 1.84713, 1.84595, 1.8553, 1.89659, 1.88368, 1.93426, 1.93335, 2.03137, 2.0359, 2.03448, 2.01621, 2.09469, 2.07964, 2.05265, 2.15533, 2.12215, 2.093, 2.13277, 2.09684, 2.10602, 2.14198, 2.19373, 2.16686, 2.15498, 2.16561, 2.13814, 2.13784, 2.14418, 2.14429, 2.14361, 2.19311, 2.18453, 2.13463, 2.15575, 2.15171, 2.15296, 2.17916, 1.95894, 1.9198, 1.96548, 1.95241, 1.91707, 1.86069, 1.83818, 1.83854, 1.86385, 1.86603, 1.84716, 1.95531, 1.77924, 1.77779, 1.80638, 1.73947, 1.72319, 1.72307, 1.76563, 1.76587, 1.83172, 1.83052, 1.96657, 2.01343, 2.03469, 2.06193, 2.073, 2.11157, 2.2735, 2.24776, 2.23948, 2.23949, 2.25203, 2.27699, 2.26417, 2.27229, 2.29436, 2.27878, 2.11362, 2.08028, 2.1167, 2.06205, 2.02133, 2.02862, 2.07409, 2.08417, 2.29734, 2.3119, 2.29329, 2.29383, 2.31829, 2.31388, 2.32267, 2.32228, 2.31413, 2.33493, 2.33517, 2.3172, 2.34596, 2.32898, 2.3868, 2.36665, 2.39816, 2.37088, 2.37366, 2.40026, 2.39806, 2.41755, 2.42167, 2.42693, 2.43709, 2.46135, 2.44982, 2.46326, 2.47067, 2.47375, 2.47346, 2.48532, 2.51849, 2.51081, 2.54314, 2.53062, 2.54058, 2.52874, 2.555, 2.57863, 2.57051, 2.5816, 2.56685, 2.62522, 2.62936, 2.6113, 2.61161, 2.654, 
0.12463, 0.181991, 0.14888, 0.18524, 0.154635, 0.190179, 0.197851, 0.194183, 0.214632, 0.217886, 0.238575, 0.283959, 0.273384, 0.243526, 0.267172, 0.279855, 0.278757, 0.28782, 0.290888, 0.288617, 0.327609, 0.300775, 0.322289, 0.338542, 0.341385, 0.355576, 0.342779, 0.379783, 0.380691, 0.362418, 0.376775, 0.382893, 0.414745, 0.461922, 0.415607, 0.443844, 0.449362, 0.456345, 0.442383, 0.441583, 0.457973, 0.511835, 0.510974, 0.507685, 0.52722, 0.526767, 0.523617, 0.513184, 0.537068, 0.566894, 0.559236, 0.567009, 0.566832, 0.57453, 0.594329, 0.599723, 0.59565, 0.617769, 0.627725, 0.622114, 0.659671, 0.636067, 0.634904, 0.649888, 0.65953, 0.717932, 0.677032, 0.678193, 0.685207, 0.728248, 0.71897, 0.720491, 0.755955, 0.74652, 0.763046, 0.765682, 0.774153, 0.774461, 0.784851, 0.791979, 0.801571, 0.797843, 0.819493, 0.857009, 0.770279, 0.773108, 0.770136, 0.763054, 0.783425, 0.784395, 0.811535, 0.839554, 0.836597, 0.876369, 0.921212, 0.99188, 1.25439, 1.26393, 1.24263, 1.23881, 1.22119, 1.22027, 1.19554, 1.1751, 1.18533, 1.14921, 1.15877, 1.09075, 1.07835, 1.0676, 1.02475, 1.02258, 1.03279, 1.04645, 1.04825, 1.27442, 1.24499, 1.23764, 1.2359, 1.21172, 1.20827, 1.21644, 1.21566, 1.21877, 1.22603, 1.22983, 1.23147, 1.25753, 1.24841, 1.28593, 1.26766, 1.48231, 1.47386, 1.49006, 1.50162, 1.49844, 1.46933, 1.46632, 1.48119, 1.4791, 1.47041, 1.48022, 1.47967, 1.51572, 1.50285, 1.49968, 1.50486, 1.50673, 1.5268, 1.52383, 1.51417, 1.51877, 1.54963, 1.52697, 1.53284, 1.56827, 1.59583, 1.57107, 1.60732, 1.64415, 1.67281, 1.64804, 1.64772, 1.69179, 1.73518, 1.74961, 1.77043, 1.77943, 1.81835, 1.82638, 1.86281, 1.87876, 1.88548, 1.89909, 1.92319, 1.93853, 1.94433, 1.9611, 2.0454, 2.05663, 2.06469, 2.06996, 2.11009, 2.06218, 2.10463, 2.11712, 2.10091, 2.14982, 2.10512, 2.10663, 2.17313, 2.16714, 2.12465, 2.20793, 2.13439, 2.14895, 2.15101, 2.17443, 2.13561, 2.16197, 2.15961, 2.17632, 2.1732, 2.0284, 2.02682, 2.02048, 1.96674, 1.96679, 1.93249, 1.89869, 1.89993, 1.87582, 1.88718, 1.88012, 1.86884, 1.87984, 1.9214, 1.91474, 1.94422, 1.77802, 1.77689, 1.75857, 1.73219, 1.72134, 1.72006, 1.73529, 1.74135, 1.7439, 1.76863, 2.16329, 2.14539, 2.06335, 2.07641, 2.14148, 2.26291, 2.24206, 2.2666, 2.22581, 2.25929, 2.22855, 2.24655, 2.29716, 2.10328, 2.05083, 2.10028, 2.11073, 2.06315, 2.02743, 2.01044, 2.01708, 2.0212, 2.02146, 2.28324, 2.30893, 2.30745, 2.31785, 2.33354, 2.312, 2.32376, 2.30929, 2.34199, 2.32321, 2.3246, 2.33976, 2.33864, 2.34306, 2.33699, 2.34605, 2.35307, 2.36912, 2.38196, 2.38756, 2.40315, 2.41654, 2.41655, 2.4424, 2.44138, 2.44546, 2.44637, 2.4687, 2.48635, 2.48641, 2.50144, 2.48535, 2.50861, 2.51607, 2.54601, 2.53644, 2.52742, 2.55607, 2.5843, 2.56635, 2.61946, 2.55731, 2.56009, 2.5849, 2.59082, 2.6324, 2.60535, 2.63789, 
0.168904, 0.135325, 0.160182, 0.152815, 0.170221, 0.197918, 0.199375, 0.197461, 0.221089, 0.22499, 0.240548, 0.218093, 0.251738, 0.237603, 0.266722, 0.263074, 0.294505, 0.283094, 0.293352, 0.280654, 0.310886, 0.311415, 0.356684, 0.337326, 0.334875, 0.369524, 0.345458, 0.387233, 0.382969, 0.362325, 0.375998, 0.371046, 0.396354, 0.429002, 0.416174, 0.45887, 0.448861, 0.452646, 0.459739, 0.48467, 0.483024, 0.481271, 0.494785, 0.521674, 0.508747, 0.492161, 0.493886, 0.508349, 0.53161, 0.53569, 0.553383, 0.569934, 0.556929, 0.576405, 0.573793, 0.578198, 0.58335, 0.604397, 0.614922, 0.61508, 0.627066, 0.631418, 0.633027, 0.638862, 0.673351, 0.674639, 0.677478, 0.673893, 0.693973, 0.697085, 0.697903, 0.719448, 0.735833, 0.743156, 0.746795, 0.743548, 0.762055, 0.763407, 0.769228, 0.793563, 0.794808, 0.794758, 0.840492, 0.866575, 0.757386, 0.780729, 0.740127, 0.76386, 0.808256, 0.80493, 0.821046, 0.849836, 0.89864, 0.880703, 0.942355, 1.24603, 1.24722, 1.25801, 1.22943, 1.25086, 1.22544, 1.21402, 1.19869, 1.19453, 1.18476, 1.16396, 1.16295, 1.16357, 1.1269, 1.07515, 1.04081, 1.00755, 1.00995, 1.00786, 1.02124, 1.04763, 1.26852, 1.27096, 1.20539, 1.20596, 1.1886, 1.19537, 1.18584, 1.20104, 1.20435, 1.20584, 1.22209, 1.22624, 1.26231, 1.2683, 1.25095, 1.27026, 1.31759, 1.31953, 1.34838, 1.47047, 1.46258, 1.46173, 1.46165, 1.4614, 1.47635, 1.48563, 1.50255, 1.50552, 1.48383, 1.48845, 1.49846, 1.49773, 1.51671, 1.50693, 1.51284, 1.51493, 1.52074, 1.53166, 1.53364, 1.56768, 1.56765, 1.62389, 1.5995, 1.62583, 1.64832, 1.6469, 1.64599, 1.66311, 1.7197, 1.75809, 1.75767, 1.78279, 1.82366, 1.82362, 1.87719, 1.87542, 1.88674, 1.97268, 1.95092, 2.02078, 1.95986, 2.01018, 2.01064, 2.07049, 2.0728, 2.024, 2.09192, 2.04938, 2.07248, 2.12041, 2.13552, 2.19045, 2.13972, 2.13773, 2.10533, 2.16333, 2.1139, 2.16506, 2.17447, 2.19437, 2.13197, 2.19031, 2.07202, 2.13443, 2.10348, 2.09085, 2.07163, 2.04178, 2.01672, 2.01427, 1.97872, 1.99951, 1.98291, 1.98328, 1.90629, 1.92708, 1.96554, 1.91715, 1.89263, 1.89025, 1.8789, 1.88926, 1.87659, 1.87534, 1.78956, 1.78, 1.82435, 1.73842, 1.75105, 1.73009, 1.73552, 1.74451, 1.75846, 1.7803, 2.1849, 2.16561, 2.12596, 2.1313, 2.13307, 2.12115, 2.09481, 2.06981, 2.06948, 2.06531, 2.06506, 2.05721, 2.058, 2.0569, 2.05197, 2.08942, 2.0017, 1.98413, 1.98383, 2.02262, 2.02042, 2.32627, 2.31534, 2.32653, 2.3318, 2.3249, 2.33345, 2.31776, 2.32396, 2.31405, 2.32612, 2.32728, 2.33925, 2.3304, 2.35304, 2.35594, 2.34897, 2.36265, 2.37029, 2.38659, 2.38484, 2.40136, 2.38602, 2.38398, 2.41873, 2.47025, 2.42818, 2.42998, 2.44609, 2.46286, 2.45351, 2.46972, 2.47054, 2.48865, 2.52227, 2.5335, 2.53441, 2.53447, 2.512, 2.52701, 2.57013, 2.56671, 2.55964, 2.55766, 2.58803, 2.58072, 2.60921, 2.59147, 2.59152, 2.62961, 
0.13596, 0.139296, 0.16508, 0.163089, 0.186281, 0.202814, 0.206789, 0.209618, 0.210979, 0.213618, 0.232456, 0.235499, 0.23916, 0.258934, 0.245511, 0.273125, 0.259707, 0.296004, 0.328094, 0.315557, 0.29665, 0.292417, 0.32358, 0.305164, 0.341668, 0.367668, 0.37543, 0.378763, 0.372431, 0.372385, 0.373704, 0.406872, 0.401549, 0.384575, 0.407768, 0.424481, 0.458595, 0.441683, 0.448205, 0.47346, 0.465483, 0.486233, 0.493433, 0.474015, 0.493986, 0.500858, 0.542662, 0.566023, 0.532875, 0.542668, 0.542518, 0.560534, 0.548719, 0.587434, 0.578133, 0.604811, 0.600351, 0.611628, 0.612751, 0.6149, 0.631429, 0.617579, 0.627838, 0.639558, 0.648599, 0.653805, 0.67917, 0.670428, 0.713129, 0.711416, 0.705605, 0.726747, 0.728791, 0.733279, 0.735581, 0.744214, 0.763073, 0.77354, 0.761981, 0.808182, 0.796307, 0.832648, 0.835627, 0.753271, 0.735873, 0.733331, 0.742207, 0.763767, 0.765494, 0.805606, 0.846928, 0.887612, 0.932719, 1.10285, 1.09558, 1.27481, 1.2591, 1.234, 1.24046, 1.22205, 1.24357, 1.22303, 1.21205, 1.19854, 1.18134, 1.14837, 1.1677, 1.15622, 1.08451, 1.04711, 1.0154, 1.00946, 0.987561, 0.998154, 0.998824, 1.00884, 1.04054, 1.1376, 1.1384, 1.15503, 1.17127, 1.16933, 1.16928, 1.17154, 1.18149, 1.19909, 1.19875, 1.20544, 1.22093, 1.26323, 1.27632, 1.28183, 1.26923, 1.30928, 1.30921, 1.51062, 1.45719, 1.45535, 1.4918, 1.49179, 1.46999, 1.47389, 1.47356, 1.47924, 1.47957, 1.49007, 1.49074, 1.49222, 1.49557, 1.5074, 1.50524, 1.55162, 1.54122, 1.53028, 1.54081, 1.55109, 1.55516, 1.56429, 1.58823, 1.6062, 1.64002, 1.64149, 1.6672, 1.74013, 1.80368, 1.78323, 1.78945, 1.84114, 1.80935, 1.95214, 1.92408, 1.94864, 1.92033, 1.95212, 1.9238, 1.93827, 1.95677, 1.97944, 1.984, 2.01743, 2.0166, 2.03146, 2.04013, 2.10333, 2.09268, 2.09345, 2.08338, 2.13787, 2.08517, 2.12137, 2.1243, 2.17294, 2.10138, 2.19744, 2.09984, 2.12167, 2.11456, 2.14214, 2.1018, 2.07294, 2.07816, 2.10427, 2.06082, 2.12177, 2.024, 2.02429, 1.99401, 2.03919, 2.08032, 1.96038, 2.00738, 2.01047, 1.97617, 1.97063, 1.97202, 1.99105, 1.92841, 1.9043, 1.89989, 1.86613, 1.86464, 1.86347, 1.81556, 1.77816, 1.77736, 1.75526, 1.75491, 1.75203, 1.76575, 1.75466, 2.12827, 2.17667, 2.12157, 2.10308, 2.17306, 2.10337, 2.08219, 2.11408, 2.12771, 2.07299, 2.08444, 2.11778, 2.10044, 2.09649, 2.16945, 2.18789, 2.03316, 2.03505, 2.01551, 2.01504, 2.33608, 2.32422, 2.32437, 2.3461, 2.3188, 2.3291, 2.3296, 2.30323, 2.31752, 2.33217, 2.31461, 2.30469, 2.32086, 2.3208, 2.33213, 2.36722, 2.35294, 2.35684, 2.34191, 2.38313, 2.36414, 2.38072, 2.38759, 2.40835, 2.41029, 2.42468, 2.41636, 2.44875, 2.42356, 2.46197, 2.47376, 2.46216, 2.49887, 2.49221, 2.48301, 2.49439, 2.4924, 2.50953, 2.52572, 2.53986, 2.54528, 2.55793, 2.55821, 2.5656, 2.55725, 2.5878, 2.59533, 2.61607, 2.61511, 2.61725, 
0.137678, 0.120909, 0.134773, 0.138262, 0.17632, 0.21017, 0.202475, 0.210544, 0.204396, 0.194366, 0.238279, 0.224574, 0.231958, 0.242716, 0.255326, 0.270188, 0.266262, 0.280665, 0.309581, 0.294042, 0.321681, 0.312065, 0.339132, 0.318511, 0.318579, 0.341815, 0.356133, 0.366532, 0.35244, 0.376281, 0.355119, 0.369718, 0.383546, 0.414743, 0.422019, 0.407417, 0.410539, 0.435381, 0.421491, 0.439246, 0.439908, 0.455101, 0.454966, 0.487705, 0.491085, 0.494566, 0.511981, 0.53003, 0.549261, 0.529974, 0.544993, 0.55269, 0.550171, 0.566228, 0.569806, 0.590158, 0.605665, 0.585919, 0.612265, 0.600225, 0.600984, 0.634827, 0.644174, 0.642549, 0.6429, 0.659707, 0.659621, 0.677352, 0.679121, 0.68281, 0.701105, 0.714461, 0.734388, 0.742135, 0.740311, 0.759437, 0.745254, 0.757567, 0.758241, 0.772897, 0.784009, 0.832749, 0.735239, 0.733474, 0.721402, 0.727525, 0.732402, 0.753157, 0.805227, 0.847362, 0.913166, 0.984066, 1.09802, 1.22943, 1.22289, 1.17818, 1.15992, 1.14287, 1.11788, 1.09886, 1.10176, 1.07836, 1.09077, 1.10247, 1.048, 1.05789, 1.07488, 1.06242, 1.06498, 0.998697, 1.012, 0.985331, 0.97045, 0.995807, 0.97881, 1.00471, 1.03193, 1.11665, 1.11584, 1.12622, 1.13236, 1.1462, 1.16589, 1.15439, 1.18024, 1.18852, 1.19636, 1.19769, 1.20274, 1.21468, 1.2365, 1.26447, 1.28498, 1.26746, 1.34309, 1.44277, 1.44216, 1.44727, 1.45044, 1.45952, 1.4563, 1.49052, 1.51307, 1.48182, 1.48864, 1.48873, 1.48816, 1.48837, 1.48833, 1.48875, 1.50325, 1.53463, 1.5166, 1.56751, 1.54232, 1.55822, 1.54299, 1.57634, 1.57491, 1.63925, 1.62357, 1.63071, 1.67288, 1.6848, 1.71076, 1.74937, 1.7617, 1.80721, 1.87379, 1.85548, 1.91002, 1.93156, 1.93024, 1.93178, 1.94889, 1.95593, 1.96627, 1.99747, 1.98972, 2.01287, 2.0137, 2.02528, 2.06461, 2.05858, 2.07081, 2.07279, 2.08661, 2.07607, 2.07722, 2.08496, 2.08792, 2.09787, 2.09451, 2.09631, 2.09092, 2.09009, 2.08386, 2.08151, 2.07639, 2.07576, 2.06326, 2.06221, 2.05975, 2.06347, 2.06648, 2.08698, 2.06285, 2.09022, 2.06897, 2.05522, 2.04976, 2.04568, 2.03512, 2.05745, 2.0456, 2.02684, 2.09204, 1.97158, 1.97363, 2.09522, 2.00398, 1.88147, 1.86577, 1.79287, 1.7835, 1.77245, 1.76368, 1.7936, 1.7923, 1.7819, 2.13032, 2.14551, 2.125, 2.11574, 2.11767, 2.10044, 2.09219, 2.09631, 2.09318, 2.09438, 2.17293, 2.13552, 2.16192, 2.18725, 2.18601, 2.05605, 2.04046, 2.02552, 2.01959, 2.30428, 2.31488, 2.28086, 2.30509, 2.28763, 2.28788, 2.30336, 2.27908, 2.31042, 2.27621, 2.29493, 2.29448, 2.31841, 2.30792, 2.32017, 2.31836, 2.34567, 2.35379, 2.37755, 2.35193, 2.36951, 2.37039, 2.39857, 2.41176, 2.41043, 2.40483, 2.39362, 2.41976, 2.44787, 2.44968, 2.46651, 2.47383, 2.46221, 2.4945, 2.50162, 2.48474, 2.51647, 2.5126, 2.52245, 2.52078, 2.54557, 2.581, 2.52455, 2.5601, 2.5526, 2.58617, 2.59152, 2.5785, 2.60622, 2.61259, 2.62595, 
0.122654, 0.140726, 0.126991, 0.127584, 0.141302, 0.139209, 0.169353, 0.192923, 0.193353, 0.203537, 0.21062, 0.238278, 0.227969, 0.252311, 0.222312, 0.253066, 0.252822, 0.290285, 0.297045, 0.281395, 0.299065, 0.293405, 0.308049, 0.328295, 0.327615, 0.317023, 0.329659, 0.332596, 0.332125, 0.377453, 0.390213, 0.379911, 0.40891, 0.422552, 0.407748, 0.408506, 0.407391, 0.409216, 0.4596, 0.467709, 0.441572, 0.450059, 0.467525, 0.470497, 0.500454, 0.496985, 0.52477, 0.52757, 0.526245, 0.484626, 0.530255, 0.556204, 0.540116, 0.572533, 0.562169, 0.608339, 0.591971, 0.589956, 0.611724, 0.614559, 0.618245, 0.605216, 0.635373, 0.62712, 0.670122, 0.648191, 0.686427, 0.680879, 0.680417, 0.680879, 0.687516, 0.697754, 0.712279, 0.712842, 0.719466, 0.737901, 0.739317, 0.746361, 0.766174, 0.771147, 0.789927, 0.716355, 0.730039, 0.717472, 0.724758, 0.721784, 0.729695, 0.739972, 0.797422, 0.891396, 0.996271, 1.12226, 1.18265, 1.21784, 1.2265, 1.18845, 1.15352, 1.07489, 1.05687, 1.02787, 1.0082, 0.964403, 0.995374, 0.967098, 0.953029, 0.951135, 0.943533, 0.942901, 0.950231, 0.93503, 0.963253, 0.9523, 0.960335, 0.97381, 0.972132, 1.02556, 1.02529, 1.14006, 1.15055, 1.12947, 1.13155, 1.13435, 1.14787, 1.14701, 1.16753, 1.17481, 1.17716, 1.18501, 1.18605, 1.1991, 1.2644, 1.25026, 1.24432, 1.2459, 1.25722, 1.28199, 1.30242, 1.36981, 1.45521, 1.49166, 1.50584, 1.50757, 1.51236, 1.509, 1.63271, 1.60217, 1.56763, 1.50589, 1.52033, 1.47943, 1.53119, 1.535, 1.58407, 1.51685, 1.53772, 1.54884, 1.54618, 1.57837, 1.56118, 1.63077, 1.64313, 1.64345, 1.65813, 1.67471, 1.72091, 1.71672, 1.7511, 1.74731, 1.8541, 1.85212, 1.85853, 1.87399, 1.91141, 1.90877, 1.92748, 1.95524, 1.9656, 1.95478, 1.9839, 2.01265, 2.00215, 2.03783, 2.0324, 2.03068, 2.05753, 2.04843, 2.06829, 2.06708, 2.08863, 2.08121, 2.08752, 2.0887, 2.08987, 2.09317, 2.08936, 2.08913, 2.08654, 2.0855, 2.09042, 2.08326, 2.07985, 2.07894, 2.09596, 2.10756, 2.07974, 2.09022, 2.09127, 2.08722, 2.16277, 2.06637, 2.06914, 2.0657, 2.03366, 2.03169, 2.04516, 2.01071, 2.0186, 1.9867, 1.97944, 2.01605, 2.00997, 2.00567, 2.02846, 1.8642, 1.82819, 1.84599, 1.80421, 1.8031, 1.81967, 1.82369, 2.15995, 2.15856, 2.17981, 2.14993, 2.14485, 2.15245, 2.127, 2.09728, 2.09641, 2.09463, 2.11394, 2.14892, 2.12241, 2.14904, 2.03319, 2.03275, 2.0336, 2.05119, 2.30218, 2.29355, 2.24662, 2.26955, 2.29745, 2.29866, 2.27832, 2.30025, 2.28946, 2.28308, 2.27995, 2.32282, 2.29201, 2.2972, 2.29912, 2.30447, 2.30739, 2.32464, 2.32209, 2.32925, 2.35277, 2.3659, 2.36378, 2.38387, 2.4028, 2.38865, 2.42404, 2.41802, 2.42844, 2.42824, 2.42362, 2.46569, 2.43718, 2.45596, 2.47587, 2.47149, 2.48831, 2.48053, 2.50852, 2.50282, 2.52017, 2.50901, 2.56741, 2.56, 2.53957, 2.56743, 2.56734, 2.55582, 2.59117, 2.59546, 2.6008, 2.60845, 
0.127097, 0.126627, 0.125286, 0.152253, 0.152168, 0.147311, 0.187772, 0.189155, 0.179182, 0.172542, 0.232099, 0.218926, 0.242521, 0.231191, 0.249881, 0.275163, 0.264988, 0.252462, 0.279947, 0.285445, 0.27696, 0.300745, 0.28379, 0.308373, 0.305798, 0.315333, 0.338933, 0.357242, 0.364995, 0.383301, 0.393734, 0.384915, 0.394109, 0.398334, 0.383548, 0.400123, 0.431799, 0.431736, 0.435074, 0.419033, 0.430012, 0.455092, 0.463515, 0.466347, 0.479763, 0.479846, 0.479652, 0.484247, 0.515814, 0.512631, 0.516785, 0.552242, 0.542074, 0.550308, 0.559859, 0.560484, 0.58354, 0.583024, 0.577051, 0.591511, 0.618204, 0.618374, 0.626682, 0.624968, 0.642466, 0.64582, 0.662443, 0.65299, 0.682713, 0.674532, 0.680589, 0.696615, 0.700737, 0.715496, 0.718193, 0.747676, 0.74286, 0.754751, 0.751587, 0.759323, 0.759351, 0.871648, 0.87438, 0.726902, 0.72633, 0.725274, 0.728759, 0.739514, 0.841411, 1.01026, 1.0935, 1.18824, 1.18833, 1.23058, 1.15712, 1.1428, 1.07782, 1.04393, 0.99216, 0.962978, 0.929879, 0.93386, 0.9287, 0.940297, 0.933253, 0.921062, 0.919261, 0.925873, 0.926876, 0.92942, 0.953686, 0.975827, 0.961793, 0.964359, 0.975279, 1.01169, 1.20051, 1.22645, 1.15333, 1.14183, 1.13353, 1.13253, 1.13311, 1.1514, 1.15439, 1.19563, 1.15975, 1.17613, 1.21397, 1.22899, 1.22667, 1.21688, 1.24752, 1.30141, 1.26545, 1.27481, 1.32687, 1.32464, 1.38902, 1.35355, 1.36147, 1.40328, 1.6337, 1.58265, 1.54349, 1.5448, 1.55116, 1.49281, 1.49974, 1.47209, 1.49302, 1.54162, 1.54082, 1.5101, 1.52381, 1.52728, 1.54635, 1.55308, 1.57666, 1.57601, 1.6242, 1.66484, 1.64271, 1.73065, 1.73343, 1.71748, 1.76317, 1.80628, 1.82354, 1.82465, 1.85901, 1.88617, 1.90441, 1.93407, 1.94271, 1.95206, 1.95118, 1.96477, 1.98316, 1.98695, 1.9801, 2.0231, 2.04204, 2.02828, 2.049, 2.04819, 2.06621, 2.08316, 2.11146, 2.10299, 2.08345, 2.09077, 2.12156, 2.08557, 2.0894, 2.08897, 2.09311, 2.08498, 2.08332, 2.0828, 2.08294, 2.08599, 2.08708, 2.08739, 2.08664, 2.08652, 2.09269, 2.09297, 2.07199, 2.12343, 2.08018, 2.04932, 2.05177, 2.0268, 2.0203, 2.01728, 1.9658, 1.98711, 1.97551, 2.00918, 1.96579, 2.01379, 2.01325, 1.85117, 1.85569, 1.84417, 1.84785, 1.83319, 1.84498, 1.87858, 2.16002, 2.17257, 2.14772, 2.18005, 2.10369, 2.10468, 2.09619, 2.09615, 2.09617, 2.13682, 2.13952, 2.07633, 2.08395, 2.02064, 2.04158, 2.07028, 2.05649, 2.04214, 2.25559, 2.26764, 2.24571, 2.24538, 2.24797, 2.28381, 2.27344, 2.28042, 2.29064, 2.27719, 2.29473, 2.29765, 2.29063, 2.30057, 2.29886, 2.31869, 2.32112, 2.32803, 2.34396, 2.34252, 2.39496, 2.33984, 2.34272, 2.37108, 2.36594, 2.39692, 2.38422, 2.40182, 2.42434, 2.44652, 2.42149, 2.46047, 2.44901, 2.47065, 2.4565, 2.46562, 2.46552, 2.51088, 2.49024, 2.48691, 2.51628, 2.5303, 2.53256, 2.55292, 2.56043, 2.55971, 2.56776, 2.59283, 2.57041, 2.62631, 2.60926, 2.60911, 
0.109002, 0.131517, 0.139449, 0.137985, 0.138851, 0.165665, 0.175869, 0.186418, 0.16571, 0.188004, 0.20239, 0.201385, 0.194068, 0.224871, 0.214877, 0.24801, 0.265639, 0.242086, 0.271938, 0.304388, 0.277027, 0.318183, 0.311259, 0.307025, 0.313778, 0.333665, 0.32806, 0.326674, 0.324727, 0.376443, 0.374188, 0.36972, 0.366155, 0.400912, 0.379299, 0.384043, 0.448847, 0.427474, 0.411652, 0.411492, 0.428858, 0.45953, 0.446545, 0.457039, 0.485938, 0.494125, 0.4863, 0.49987, 0.521997, 0.499892, 0.513939, 0.527898, 0.536568, 0.546767, 0.554869, 0.565529, 0.583441, 0.586297, 0.596675, 0.596249, 0.609049, 0.605574, 0.632061, 0.620119, 0.646708, 0.645135, 0.669156, 0.651974, 0.696707, 0.686688, 0.701394, 0.711154, 0.70774, 0.691686, 0.722505, 0.724915, 0.725906, 0.73613, 0.743478, 0.763134, 0.762538, 0.70364, 0.703898, 0.701798, 0.703752, 0.739265, 0.732407, 0.818826, 0.845405, 1.03573, 1.19628, 1.19649, 1.23667, 1.21883, 1.20165, 1.15201, 1.03858, 0.986852, 0.963435, 0.935985, 0.927079, 0.923676, 0.923895, 0.932123, 0.924266, 0.932709, 0.941553, 0.940114, 0.942545, 0.960209, 0.966546, 0.957835, 0.984115, 0.966528, 0.991599, 0.991378, 1.25366, 1.20268, 1.19354, 1.1778, 1.145, 1.14211, 1.12999, 1.14032, 1.14406, 1.14646, 1.17871, 1.16223, 1.17455, 1.20945, 1.20493, 1.22541, 1.22984, 1.26501, 1.3056, 1.30296, 1.296, 1.37085, 1.36212, 1.35382, 1.34676, 1.38707, 1.37842, 1.41033, 1.58518, 1.57569, 1.54166, 1.46896, 1.47552, 1.47248, 1.4913, 1.48549, 1.5444, 1.48947, 1.50277, 1.52127, 1.52189, 1.56445, 1.56737, 1.58493, 1.58564, 1.62074, 1.65458, 1.66484, 1.71612, 1.7086, 1.71956, 1.72789, 1.84206, 1.81407, 1.87584, 1.86656, 1.86446, 1.91678, 1.92116, 1.93339, 1.9861, 1.97556, 1.97985, 1.97603, 2.00293, 2.00554, 2.02275, 2.05782, 2.05507, 2.07218, 2.05539, 2.08307, 2.08305, 2.07539, 2.07719, 2.09713, 2.08295, 2.08247, 2.08258, 2.08461, 2.08477, 2.08309, 2.08265, 2.08165, 2.0841, 2.08435, 2.08573, 2.08577, 2.08645, 2.08591, 2.09644, 2.07912, 2.07932, 2.09285, 2.07597, 2.06996, 2.05957, 2.04405, 2.04227, 1.99296, 1.94586, 1.92777, 1.92999, 1.93111, 1.92583, 1.93356, 1.8861, 1.88129, 1.86243, 1.87983, 1.87617, 1.88319, 2.15547, 2.14426, 2.14582, 2.14908, 2.13182, 2.13478, 2.10449, 2.12665, 2.13843, 2.14872, 2.10758, 2.07574, 2.07539, 2.06712, 2.03332, 2.02039, 2.02043, 2.02762, 2.25829, 2.27681, 2.28145, 2.26792, 2.28001, 2.28188, 2.27741, 2.27498, 2.2873, 2.26975, 2.28056, 2.27951, 2.28193, 2.2636, 2.28294, 2.32166, 2.28304, 2.32419, 2.29341, 2.32178, 2.3385, 2.3386, 2.35649, 2.34533, 2.33647, 2.37232, 2.37379, 2.38443, 2.38247, 2.40049, 2.39857, 2.43536, 2.41811, 2.42505, 2.42575, 2.44527, 2.45217, 2.47428, 2.47438, 2.47534, 2.51794, 2.49905, 2.53082, 2.50788, 2.55054, 2.53019, 2.51535, 2.56379, 2.55138, 2.59918, 2.59721, 2.61542, 2.59895, 2.60525, 
0.114233, 0.0890692, 0.132528, 0.130903, 0.128449, 0.176344, 0.168196, 0.158668, 0.16446, 0.155399, 0.179915, 0.180398, 0.227705, 0.228083, 0.214148, 0.225136, 0.22204, 0.228915, 0.278923, 0.242213, 0.273155, 0.272453, 0.314955, 0.291283, 0.31205, 0.313906, 0.352259, 0.344769, 0.370443, 0.377358, 0.390352, 0.39345, 0.401989, 0.373557, 0.407448, 0.405099, 0.41444, 0.445394, 0.412192, 0.410369, 0.4274, 0.426024, 0.452332, 0.456387, 0.473444, 0.490781, 0.474831, 0.513694, 0.49977, 0.507234, 0.498765, 0.538044, 0.536352, 0.543478, 0.555071, 0.539964, 0.553011, 0.563426, 0.596542, 0.590659, 0.60099, 0.598306, 0.608283, 0.617976, 0.637323, 0.638784, 0.645939, 0.646508, 0.65396, 0.673287, 0.670806, 0.697706, 0.702548, 0.700649, 0.705966, 0.715953, 0.729002, 0.760231, 0.743558, 0.745362, 0.76838, 0.684286, 0.695752, 0.692182, 0.690939, 0.700501, 0.736682, 0.849993, 0.984922, 1.14011, 1.18701, 1.17817, 1.22097, 1.20975, 1.16931, 1.14461, 1.11281, 0.966207, 0.979983, 0.970776, 0.946742, 0.937328, 0.936732, 0.968382, 0.971846, 0.995618, 1.16751, 1.21589, 1.22178, 1.26082, 0.988462, 0.988076, 0.987854, 0.980352, 0.980699, 1.01474, 1.19922, 1.19114, 1.20572, 1.15693, 1.15021, 1.11958, 1.1164, 1.11613, 1.11558, 1.11627, 1.13678, 1.16432, 1.17497, 1.18236, 1.20078, 1.2119, 1.24426, 1.2503, 1.28561, 1.27387, 1.33037, 1.31982, 1.32351, 1.33259, 1.33391, 1.39599, 1.3996, 1.40718, 1.55792, 1.57237, 1.54805, 1.41243, 1.46037, 1.45008, 1.44361, 1.47578, 1.4674, 1.47525, 1.50097, 1.50072, 1.51346, 1.54131, 1.56297, 1.57767, 1.61002, 1.5972, 1.62335, 1.64791, 1.67955, 1.70907, 1.70771, 1.74487, 1.76037, 1.84491, 1.85439, 1.85553, 1.90307, 1.9067, 1.90574, 1.94771, 1.94825, 1.96289, 1.9925, 1.99685, 1.99377, 2.0284, 2.02876, 2.0464, 2.04621, 2.0491, 2.05177, 2.0662, 2.06408, 2.08435, 2.10085, 2.07528, 2.07563, 2.07691, 2.07931, 2.09395, 2.07927, 2.08828, 2.08802, 2.08316, 2.08417, 2.08272, 2.0821, 2.08017, 2.07793, 2.07341, 2.07499, 2.09935, 2.08841, 2.04417, 2.04512, 2.04556, 2.00308, 2.00087, 1.9751, 1.97166, 1.98568, 1.96617, 1.94769, 1.95263, 2.20049, 2.20896, 2.21363, 1.87501, 2.1725, 2.16852, 2.14696, 2.1584, 2.15849, 2.14559, 2.14983, 2.16355, 2.13262, 2.12481, 2.12882, 2.13458, 2.09375, 2.11753, 2.09466, 2.05743, 2.07697, 2.03028, 2.07887, 2.09996, 2.08969, 2.2003, 2.24046, 2.24636, 2.25983, 2.27054, 2.27278, 2.26215, 2.28637, 2.27015, 2.2659, 2.31777, 2.27868, 2.27645, 2.29785, 2.26922, 2.28057, 2.2988, 2.28003, 2.29373, 2.30509, 2.34614, 2.32481, 2.33781, 2.33957, 2.36631, 2.33237, 2.34712, 2.35026, 2.38048, 2.38812, 2.41963, 2.41184, 2.41299, 2.40317, 2.43315, 2.41475, 2.42313, 2.44766, 2.45162, 2.44695, 2.48645, 2.47442, 2.46634, 2.48845, 2.52807, 2.54266, 2.54212, 2.55322, 2.54184, 2.55206, 2.54646, 2.57658, 2.60506, 2.61859, 2.59639, 
0.0782405, 0.102789, 0.103106, 0.16376, 0.110057, 0.142629, 0.189855, 0.18741, 0.156948, 0.166503, 0.162879, 0.199283, 0.238731, 0.21066, 0.227824, 0.227454, 0.228031, 0.227727, 0.248091, 0.27475, 0.301528, 0.253796, 0.306538, 0.291502, 0.287486, 0.318809, 0.32089, 0.320887, 0.318445, 0.317837, 0.377619, 0.359954, 0.382152, 0.359119, 0.381428, 0.414108, 0.38739, 0.408071, 0.40855, 0.442903, 0.410944, 0.450251, 0.452438, 0.450389, 0.456319, 0.483327, 0.489555, 0.479398, 0.479552, 0.494585, 0.515329, 0.531045, 0.547603, 0.564279, 0.531188, 0.554076, 0.567695, 0.579977, 0.577319, 0.57527, 0.584866, 0.618773, 0.611825, 0.621714, 0.639886, 0.645153, 0.642745, 0.654316, 0.646003, 0.682773, 0.693762, 0.683929, 0.677286, 0.703982, 0.729701, 0.708888, 0.71817, 0.725432, 0.760782, 0.755854, 0.762994, 0.680646, 0.682778, 0.667444, 0.681486, 0.682323, 0.718087, 0.768269, 1.02145, 1.16873, 1.21191, 1.1681, 1.20479, 1.20157, 1.14694, 1.18238, 1.11565, 1.08184, 1.05024, 1.07322, 1.00268, 1.06173, 1.06439, 1.1482, 1.15461, 1.15368, 1.16781, 1.20301, 1.23691, 1.26863, 1.25776, 1.24753, 1.25836, 1.23049, 1.19344, 1.19241, 1.21409, 1.17296, 1.1571, 1.14804, 1.12002, 1.1562, 1.11177, 1.10326, 1.09129, 1.1056, 1.11327, 1.18203, 1.19816, 0.791122, 0.773741, 0.801186, 0.752029, 0.770142, 0.74382, 0.752871, 0.755727, 1.35104, 1.31947, 1.36997, 1.3782, 1.35842, 1.39272, 1.51277, 1.54442, 1.5617, 1.51093, 1.40925, 1.49011, 1.46475, 1.43355, 1.43216, 1.49686, 1.49612, 1.47687, 1.47555, 1.4968, 1.52672, 1.53321, 1.6077, 1.6004, 1.60764, 1.60717, 1.61901, 1.66347, 1.67719, 1.70321, 1.78617, 1.77844, 1.82393, 1.83859, 1.8533, 1.8654, 1.90405, 1.90477, 1.9324, 1.93124, 1.95164, 1.9496, 1.98118, 1.98718, 2.00041, 2.01971, 2.02806, 2.04087, 2.09944, 2.05733, 2.06097, 2.06296, 2.06742, 2.08179, 2.07211, 2.06972, 2.08639, 2.07161, 2.08348, 2.08504, 2.0738, 2.07252, 2.09007, 2.08399, 2.06694, 2.06848, 2.08154, 2.08165, 2.09595, 2.15508, 2.04827, 2.04917, 2.03622, 2.03624, 2.02467, 1.98097, 2.02098, 1.98782, 1.96647, 2.01081, 1.99439, 1.96832, 2.0013, 2.19792, 2.21008, 2.1535, 2.17447, 2.12642, 2.12543, 2.13187, 2.18558, 2.26188, 2.20973, 2.20127, 2.1717, 2.14841, 2.13099, 2.13047, 2.13207, 2.08832, 2.1349, 2.12792, 2.17358, 2.15521, 2.22893, 2.21799, 2.20323, 2.19945, 2.21322, 2.19969, 2.25621, 2.20295, 2.2318, 2.27562, 2.29774, 2.25436, 2.26446, 2.26609, 2.26721, 2.28035, 2.2706, 2.28703, 2.28153, 2.28461, 2.28127, 2.28635, 2.28729, 2.31837, 2.2971, 2.31403, 2.31597, 2.33561, 2.32492, 2.34248, 2.35405, 2.35408, 2.36353, 2.38747, 2.37604, 2.40069, 2.40711, 2.40723, 2.42481, 2.44391, 2.43518, 2.44229, 2.43805, 2.47399, 2.50827, 2.47359, 2.47361, 2.4841, 2.49383, 2.53235, 2.51453, 2.51604, 2.5444, 2.55986, 2.56134, 2.5973, 2.58048, 2.58371, 2.57796, 
0.0768203, 0.106623, 0.127181, 0.124643, 0.165563, 0.160242, 0.121689, 0.140132, 0.16837, 0.197549, 0.207042, 0.218814, 0.212037, 0.212126, 0.209941, 0.211072, 0.214691, 0.231769, 0.272887, 0.231585, 0.252286, 0.277837, 0.292401, 0.26615, 0.314765, 0.306428, 0.297179, 0.297205, 0.322266, 0.352319, 0.354808, 0.356686, 0.351026, 0.362822, 0.367093, 0.367056, 0.383303, 0.40181, 0.387078, 0.418612, 0.449233, 0.440807, 0.4643, 0.465457, 0.456263, 0.476597, 0.485643, 0.472669, 0.472879, 0.50783, 0.501906, 0.501045, 0.525949, 0.525691, 0.557935, 0.556617, 0.555984, 0.549213, 0.581925, 0.587392, 0.594621, 0.584858, 0.595396, 0.616504, 0.608634, 0.636229, 0.635044, 0.657032, 0.659582, 0.653116, 0.661838, 0.683847, 0.697454, 0.679689, 0.697025, 0.704669, 0.731071, 0.75219, 0.735625, 0.739704, 0.759923, 0.683963, 0.690938, 0.690411, 0.669837, 0.69363, 0.715977, 0.756638, 0.989527, 1.19174, 1.20556, 1.19529, 1.17602, 1.17761, 1.15881, 1.13736, 1.1194, 1.0775, 1.06063, 1.05973, 1.0614, 1.18494, 1.17425, 1.16754, 1.14393, 1.13905, 1.12029, 1.07458, 1.0544, 1.05421, 1.06475, 1.21267, 1.18395, 1.18459, 1.19067, 1.19145, 1.21789, 0.972389, 0.955585, 0.982175, 0.959686, 0.943079, 0.9431, 0.932627, 0.935468, 0.970941, 0.954879, 0.961718, 0.964132, 0.929118, 0.736817, 0.756317, 0.753091, 0.739914, 0.733295, 0.72426, 0.729929, 0.732018, 0.766398, 0.766682, 1.33365, 1.33406, 1.40335, 1.40306, 1.50182, 1.51671, 1.50608, 1.39618, 1.39959, 1.41096, 1.46288, 1.42106, 1.46769, 1.43193, 1.45214, 1.45879, 1.48053, 1.52349, 1.53606, 1.54322, 1.57187, 1.58337, 1.58854, 1.61718, 1.67182, 1.6713, 1.70883, 1.70552, 1.77715, 1.78884, 1.81146, 1.82506, 1.85141, 1.8893, 1.88907, 1.90802, 1.92131, 1.94177, 1.94806, 1.97297, 1.98281, 1.98328, 2.00221, 2.02156, 2.01202, 2.00988, 2.02873, 2.06704, 2.03539, 2.0616, 2.06935, 2.08467, 2.08082, 2.05606, 2.08362, 2.07688, 2.07237, 2.09606, 2.06033, 2.05905, 2.0735, 2.05668, 2.06973, 2.05291, 2.0771, 2.05473, 2.04424, 2.02679, 2.0487, 2.00403, 1.99635, 2.01346, 2.00802, 2.02927, 1.97239, 1.9977, 1.97969, 1.96591, 2.24761, 2.22274, 2.23172, 2.22046, 2.19814, 2.16605, 2.21007, 2.24631, 2.2491, 2.24826, 2.2667, 2.25731, 2.24034, 2.23775, 2.19188, 2.25528, 2.12787, 2.13, 2.14974, 2.12223, 2.12845, 2.1806, 2.214, 2.22215, 2.19016, 2.18996, 2.22422, 2.19176, 2.22608, 2.23728, 2.20019, 2.23856, 2.20063, 2.25358, 2.25963, 2.26835, 2.26661, 2.26335, 2.24352, 2.27709, 2.26549, 2.27648, 2.25613, 2.25573, 2.25524, 2.2971, 2.27977, 2.30385, 2.30208, 2.32285, 2.34924, 2.33138, 2.36808, 2.33451, 2.33437, 2.34861, 2.38763, 2.36838, 2.41543, 2.3934, 2.41355, 2.41268, 2.40631, 2.43645, 2.42498, 2.44351, 2.46373, 2.48103, 2.49464, 2.48196, 2.50387, 2.49369, 2.51883, 2.58328, 2.53541, 2.53384, 2.58333, 2.54924, 2.54109, 2.56277, 2.56224, 2.58844, 
0.118634, 0.0924995, 0.117025, 0.138569, 0.166928, 0.127652, 0.120196, 0.154788, 0.156395, 0.17992, 0.191212, 0.187439, 0.192621, 0.210959, 0.221828, 0.247674, 0.238759, 0.256505, 0.234857, 0.25823, 0.236924, 0.272734, 0.266325, 0.265508, 0.272203, 0.321388, 0.302406, 0.332403, 0.322386, 0.338493, 0.35224, 0.35127, 0.342367, 0.365546, 0.351245, 0.383485, 0.396762, 0.402732, 0.401624, 0.420013, 0.435085, 0.414284, 0.44669, 0.469499, 0.470526, 0.4572, 0.484693, 0.467133, 0.484942, 0.497242, 0.488195, 0.532802, 0.524169, 0.531874, 0.533141, 0.538592, 0.549145, 0.557195, 0.565535, 0.560348, 0.579137, 0.584218, 0.607208, 0.621399, 0.620178, 0.618366, 0.628431, 0.624953, 0.673677, 0.668073, 0.681331, 0.67225, 0.686974, 0.698468, 0.683959, 0.695687, 0.708648, 0.742492, 0.735695, 0.723594, 0.7525, 0.695117, 0.674034, 0.665012, 0.663005, 0.690379, 0.710331, 0.774316, 1.20603, 1.20079, 1.19875, 1.20611, 1.18596, 1.16855, 1.1688, 1.13451, 1.12267, 1.10159, 1.09595, 1.07579, 1.16383, 1.14403, 1.16506, 1.14766, 1.11986, 1.08937, 1.0726, 1.0516, 1.06001, 1.07756, 1.20797, 1.2065, 1.18203, 1.19695, 1.1998, 1.18862, 1.22313, 1.22258, 0.952447, 0.939856, 0.919052, 0.914737, 0.912603, 0.950416, 0.928159, 0.956065, 0.949698, 0.994428, 1.00835, 0.984776, 0.756679, 0.765684, 0.729124, 0.721196, 0.697703, 0.718233, 0.712526, 0.738626, 0.73992, 0.767074, 1.33659, 1.32961, 1.33635, 1.3428, 1.36299, 1.34611, 1.37159, 1.43491, 1.36338, 1.39047, 1.39107, 1.39184, 1.41983, 1.42642, 1.45853, 1.45159, 1.47597, 1.49317, 1.52799, 1.55347, 1.54196, 1.55986, 1.57493, 1.5875, 1.60885, 1.63018, 1.71561, 1.69309, 1.74685, 1.76782, 1.80983, 1.81077, 1.83796, 1.87488, 1.89132, 1.93469, 1.93407, 1.92053, 1.93561, 1.98011, 1.96959, 2.01874, 2.00835, 1.98096, 2.0271, 2.02201, 2.01991, 2.02147, 2.05167, 2.05256, 2.07388, 2.10022, 2.09703, 2.05095, 2.08729, 2.05993, 2.05086, 2.04642, 2.04355, 2.04972, 2.04884, 2.08313, 2.08943, 2.05602, 2.06307, 2.05212, 2.03555, 2.02358, 2.00212, 2.00188, 2.00032, 1.99504, 2.02453, 2.00952, 2.0384, 1.99722, 2.26627, 2.25985, 2.24952, 2.26033, 2.29006, 2.23554, 2.24115, 2.25595, 2.27613, 2.25448, 2.25927, 2.25616, 2.20894, 2.23782, 2.2471, 2.23147, 2.20559, 2.19459, 2.20094, 2.22949, 2.23799, 2.24533, 2.23842, 2.20478, 2.21946, 2.21463, 2.24858, 2.21869, 2.26341, 2.19273, 2.21075, 2.18766, 2.2087, 2.21052, 2.21142, 2.22934, 2.23186, 2.26392, 2.26545, 2.23732, 2.28592, 2.24818, 2.2346, 2.23582, 2.25245, 2.25385, 2.27019, 2.26608, 2.27194, 2.28075, 2.34361, 2.30097, 2.32909, 2.35418, 2.32422, 2.32194, 2.34942, 2.38763, 2.36758, 2.4039, 2.39849, 2.39179, 2.3768, 2.41507, 2.41896, 2.4088, 2.44682, 2.45127, 2.44215, 2.452, 2.4528, 2.45428, 2.49447, 2.52646, 2.49733, 2.50587, 2.52663, 2.52086, 2.52893, 2.53709, 2.53697, 2.55324, 2.55277, 2.56928, 
0.0974949, 0.0956161, 0.0836521, 0.10378, 0.144238, 0.110357, 0.148234, 0.140845, 0.155444, 0.181984, 0.192926, 0.185763, 0.180843, 0.2428, 0.186169, 0.227312, 0.22925, 0.20741, 0.2584, 0.260054, 0.242176, 0.300716, 0.277795, 0.281713, 0.279003, 0.301607, 0.308221, 0.316781, 0.325257, 0.303533, 0.325614, 0.332152, 0.356604, 0.372417, 0.383719, 0.358881, 0.386775, 0.378698, 0.407948, 0.425228, 0.401701, 0.442234, 0.434749, 0.444711, 0.460641, 0.459901, 0.504132, 0.462667, 0.473888, 0.484835, 0.507438, 0.498102, 0.502296, 0.512777, 0.520381, 0.559473, 0.535727, 0.552953, 0.55823, 0.558531, 0.576746, 0.587573, 0.585821, 0.597672, 0.587747, 0.60501, 0.625698, 0.641164, 0.651982, 0.648809, 0.670359, 0.65703, 0.656871, 0.67401, 0.681189, 0.691924, 0.707942, 0.71312, 0.738858, 0.735299, 0.681258, 0.676388, 0.678831, 0.66311, 0.680889, 0.676023, 0.725621, 0.79099, 0.800336, 1.09402, 1.11944, 1.12222, 1.1384, 1.12413, 1.09935, 1.09942, 1.11732, 1.10388, 1.1641, 1.185, 1.14972, 1.20614, 1.14118, 1.1917, 1.18523, 1.22428, 1.06878, 1.04965, 1.051, 1.22179, 1.22025, 1.22851, 1.18211, 1.19593, 1.19551, 1.19285, 1.199, 1.18076, 1.21316, 1.20163, 1.188, 0.922823, 0.911957, 0.946925, 0.947806, 1.22336, 1.22916, 1.11544, 1.15426, 1.13793, 0.847951, 0.722, 0.684406, 0.691023, 0.690613, 0.697212, 0.738649, 0.732101, 0.776847, 1.32929, 1.32344, 1.32653, 1.32937, 1.33079, 1.3323, 1.34053, 1.35165, 1.35573, 1.41354, 1.39274, 1.42779, 1.39146, 1.42248, 1.41511, 1.43086, 1.45324, 1.48184, 1.48153, 1.4966, 1.51744, 1.53386, 1.53463, 1.57643, 1.58226, 1.59841, 1.5998, 1.65947, 1.69708, 1.69605, 1.74417, 1.78014, 1.79692, 1.831, 1.84628, 1.85671, 1.91008, 1.91019, 1.91294, 1.91189, 1.92791, 1.95154, 1.95041, 1.98293, 1.9863, 1.9793, 1.99617, 2.00285, 2.04299, 2.01596, 2.01782, 2.08147, 2.06318, 2.05657, 2.0504, 2.04881, 2.04631, 2.03808, 2.05076, 2.03631, 2.03665, 2.04561, 2.0382, 2.03245, 2.03133, 2.03062, 2.06787, 2.0201, 2.00704, 2.00435, 2.00381, 2.00075, 1.99915, 2.00445, 2.02589, 2.30766, 2.26954, 2.2361, 2.27409, 2.28366, 2.2304, 2.2528, 2.24341, 2.21131, 2.23587, 2.25359, 2.23875, 2.24133, 2.24792, 2.15979, 2.23153, 2.12804, 2.12142, 2.11542, 2.11304, 2.12793, 2.12724, 2.13301, 2.20507, 2.20543, 2.20537, 2.26933, 2.24928, 2.25256, 2.23929, 2.24248, 2.25982, 2.23846, 2.23192, 2.2335, 2.21422, 2.29072, 2.2324, 2.25576, 2.25792, 2.22364, 2.22296, 2.22433, 2.25031, 2.25683, 2.25845, 2.23741, 2.23505, 2.25984, 2.29453, 2.30375, 2.27241, 2.31466, 2.33123, 2.33843, 2.30718, 2.34059, 2.33113, 2.35876, 2.34635, 2.37306, 2.36368, 2.39209, 2.39999, 2.3751, 2.4363, 2.41096, 2.40413, 2.4152, 2.43274, 2.46135, 2.44907, 2.45759, 2.45369, 2.501, 2.50796, 2.49678, 2.51549, 2.51176, 2.53266, 2.5325, 2.54345, 2.547, 2.56049, 2.58051, 2.58599, 
0.075477, 0.079027, 0.115172, 0.0946067, 0.0936171, 0.114466, 0.128531, 0.127124, 0.17956, 0.172925, 0.159621, 0.186016, 0.210981, 0.213764, 0.214612, 0.217411, 0.190748, 0.246197, 0.220803, 0.239526, 0.22538, 0.253257, 0.269958, 0.253978, 0.329168, 0.317539, 0.30271, 0.317694, 0.325321, 0.313553, 0.33843, 0.345992, 0.331955, 0.339894, 0.33838, 0.396063, 0.372923, 0.370963, 0.387924, 0.380177, 0.396266, 0.428232, 0.438854, 0.444034, 0.44207, 0.463114, 0.478315, 0.476942, 0.474048, 0.490694, 0.492409, 0.50298, 0.485784, 0.550508, 0.517908, 0.55324, 0.550585, 0.548305, 0.545554, 0.555946, 0.569613, 0.565756, 0.591462, 0.607351, 0.596201, 0.617849, 0.606468, 0.630767, 0.629366, 0.645772, 0.642363, 0.6539, 0.666502, 0.666937, 0.675667, 0.693695, 0.695311, 0.72043, 0.710298, 0.728229, 0.683278, 0.672592, 0.684951, 0.677322, 0.708181, 0.687614, 0.743245, 0.832452, 0.832826, 1.08426, 1.08288, 1.10507, 1.10293, 1.11247, 1.1222, 1.12514, 1.12102, 1.13353, 1.12265, 1.14235, 1.16164, 1.14309, 1.1376, 1.15023, 1.07859, 1.07045, 1.04285, 1.03581, 1.03954, 1.05173, 1.0872, 1.21245, 1.21208, 1.18444, 1.11939, 1.16748, 1.11188, 1.19826, 1.19929, 1.20933, 1.20693, 1.20578, 1.14068, 1.12709, 1.12458, 1.14667, 1.09126, 1.11607, 1.08012, 0.690556, 0.684765, 0.684228, 0.683815, 0.687337, 0.698061, 0.723006, 0.724678, 1.32366, 1.32689, 1.3265, 1.33087, 1.32948, 1.35817, 1.32575, 1.32646, 1.327, 1.37087, 1.36221, 1.35025, 1.35056, 1.40478, 1.40591, 1.40728, 1.42106, 1.42732, 1.43873, 1.46283, 1.45557, 1.46868, 1.4934, 1.4963, 1.51488, 1.52759, 1.58175, 1.5766, 1.58258, 1.62521, 1.68032, 1.78181, 1.74192, 1.77615, 1.78395, 1.80372, 1.83119, 1.83302, 1.87477, 1.87021, 1.89819, 1.94368, 1.93779, 1.9363, 1.94636, 1.95994, 1.97658, 1.97533, 1.99264, 2.01604, 2.01374, 2.03922, 1.99731, 2.02686, 2.03458, 2.02153, 2.07002, 2.01785, 2.02523, 2.05267, 2.03893, 2.02696, 2.03167, 2.0291, 2.03531, 2.0519, 2.02608, 2.02614, 2.02978, 2.01706, 2.00309, 2.04831, 2.02007, 2.0132, 2.02612, 2.26065, 2.25984, 2.2352, 2.23379, 2.2727, 2.23438, 2.23067, 2.26341, 2.2716, 2.24735, 2.21774, 2.20632, 2.19027, 2.19539, 2.19558, 2.1868, 2.19837, 2.16878, 2.10083, 2.11375, 2.11761, 2.08365, 2.08227, 2.1339, 2.09498, 2.16056, 2.13502, 2.23936, 2.23834, 2.26005, 2.27991, 2.21434, 2.21466, 2.21281, 2.21259, 2.21393, 2.22174, 2.25331, 2.21903, 2.24249, 2.24921, 2.22458, 2.22299, 2.22319, 2.23376, 2.25713, 2.2217, 2.24115, 2.23899, 2.22757, 2.27097, 2.2716, 2.28415, 2.28173, 2.29365, 2.29681, 2.29775, 2.30494, 2.30494, 2.33546, 2.34987, 2.33477, 2.35154, 2.35681, 2.37965, 2.38127, 2.37976, 2.41037, 2.42606, 2.4458, 2.41666, 2.42598, 2.46033, 2.47691, 2.44219, 2.45773, 2.48136, 2.49797, 2.49718, 2.49285, 2.495, 2.53291, 2.51736, 2.52191, 2.55053, 2.56748, 2.56524, 2.57587, 
0.072407, 0.100583, 0.0717948, 0.0698312, 0.102979, 0.138274, 0.149011, 0.175725, 0.140167, 0.140828, 0.1617, 0.179258, 0.15352, 0.189926, 0.189169, 0.186382, 0.206914, 0.225804, 0.228234, 0.266721, 0.251758, 0.272836, 0.242508, 0.295607, 0.306581, 0.287973, 0.310223, 0.297971, 0.299574, 0.324207, 0.348527, 0.322182, 0.355715, 0.382091, 0.36326, 0.366329, 0.401093, 0.392007, 0.385928, 0.416525, 0.397157, 0.398281, 0.456206, 0.445909, 0.453507, 0.454826, 0.465039, 0.444673, 0.494798, 0.487154, 0.522134, 0.500183, 0.512227, 0.506526, 0.527076, 0.543242, 0.522241, 0.562225, 0.546142, 0.54732, 0.57325, 0.582464, 0.590343, 0.587078, 0.600371, 0.614459, 0.613097, 0.623058, 0.627579, 0.625591, 0.633336, 0.655029, 0.667904, 0.665375, 0.678113, 0.697699, 0.705693, 0.705921, 0.700934, 0.70119, 0.683309, 0.676789, 0.675588, 0.676188, 0.683803, 0.704581, 0.725007, 0.78129, 0.779939, 1.03843, 1.06918, 1.08018, 1.07836, 1.08913, 1.10669, 1.09169, 1.11822, 1.11662, 1.12836, 1.13373, 1.11161, 1.11639, 1.12242, 1.07824, 1.07643, 1.06631, 1.05811, 1.03206, 1.03062, 1.03806, 1.09782, 1.07158, 1.13004, 1.11226, 1.1188, 1.10622, 1.11297, 1.13952, 1.12654, 1.21922, 1.25333, 1.26811, 1.1292, 1.15419, 1.13658, 1.12247, 1.08878, 1.07272, 1.07759, 1.07443, 1.13416, 1.15072, 1.12876, 1.36129, 1.37836, 1.35112, 1.34988, 1.35299, 1.34681, 1.3376, 1.33828, 1.3398, 1.33632, 1.37166, 1.31966, 1.31938, 1.33127, 1.34353, 1.34831, 1.34336, 1.35681, 1.43094, 1.45372, 1.43259, 1.42619, 1.4258, 1.43866, 1.44178, 1.48968, 1.46843, 1.47259, 1.48226, 1.49861, 1.52055, 1.55149, 1.56585, 1.56778, 1.6371, 1.73011, 1.73776, 1.74888, 1.7595, 1.77595, 1.81731, 1.81844, 1.83887, 1.87836, 1.89111, 1.9143, 1.93678, 1.90402, 1.93789, 1.94894, 1.96882, 1.96574, 1.98632, 1.97249, 1.98731, 1.97774, 1.99623, 1.97231, 1.99777, 2.01081, 1.99574, 1.99324, 2.02493, 2.02138, 2.04096, 2.05879, 2.02455, 2.05569, 2.0186, 2.0291, 2.02995, 2.03027, 2.0287, 2.04786, 2.01952, 1.99576, 2.04595, 2.00683, 2.24808, 2.24721, 2.28306, 2.2862, 2.27057, 2.23483, 2.26312, 2.21886, 2.21098, 2.23522, 2.23051, 2.22387, 2.17201, 2.21756, 2.23455, 2.22114, 2.15679, 2.15702, 2.19378, 2.17252, 2.15912, 2.14137, 2.1266, 2.14443, 2.12671, 2.13542, 2.15764, 2.14649, 2.22684, 2.22607, 2.25884, 2.24134, 2.243, 2.25929, 2.21389, 2.23789, 2.22505, 2.25272, 2.22117, 2.22394, 2.26506, 2.22386, 2.22533, 2.25945, 2.26284, 2.23863, 2.2393, 2.26629, 2.24586, 2.23422, 2.23815, 2.26094, 2.25382, 2.2483, 2.27735, 2.30436, 2.28606, 2.31321, 2.30463, 2.35676, 2.32104, 2.34145, 2.34557, 2.36999, 2.33953, 2.39704, 2.38902, 2.39747, 2.38315, 2.39159, 2.4035, 2.40292, 2.41567, 2.44343, 2.45231, 2.44706, 2.44886, 2.47849, 2.48681, 2.49629, 2.49835, 2.49558, 2.51564, 2.5042, 2.53281, 2.52154, 2.54049, 2.54386, 2.56502, 
0.0864494, 0.0823368, 0.0829445, 0.0720712, 0.106496, 0.114678, 0.119207, 0.159943, 0.11155, 0.139512, 0.161606, 0.151437, 0.19642, 0.217754, 0.234438, 0.225588, 0.199293, 0.237156, 0.209805, 0.242322, 0.241183, 0.245603, 0.227616, 0.282692, 0.265359, 0.274455, 0.30401, 0.27375, 0.313758, 0.334979, 0.317357, 0.324958, 0.323934, 0.333991, 0.357283, 0.370483, 0.399804, 0.389639, 0.403857, 0.406935, 0.403192, 0.406661, 0.406492, 0.42468, 0.412168, 0.455458, 0.467106, 0.459097, 0.466324, 0.47353, 0.483413, 0.48336, 0.517111, 0.507853, 0.542673, 0.509041, 0.522299, 0.539482, 0.539294, 0.542769, 0.557046, 0.56549, 0.566927, 0.59839, 0.614883, 0.594831, 0.598556, 0.62669, 0.636916, 0.617632, 0.667165, 0.627087, 0.65429, 0.661193, 0.660323, 0.686918, 0.687155, 0.694657, 0.704442, 0.703907, 0.683525, 0.696774, 0.694674, 0.675241, 0.66891, 0.66909, 0.688145, 0.7336, 0.734742, 1.00797, 1.02578, 1.05814, 1.0623, 1.06848, 1.06678, 1.08508, 1.05272, 1.07424, 1.06062, 1.06354, 1.05093, 1.04931, 1.04514, 1.04619, 1.04355, 1.0464, 1.04339, 1.05128, 1.05375, 1.07995, 1.10115, 1.09265, 1.09408, 1.1286, 1.13294, 1.10476, 1.10769, 1.09479, 1.12607, 1.14255, 1.31136, 1.11907, 1.31225, 1.12786, 1.12393, 1.10312, 1.08183, 1.07478, 1.15156, 1.27688, 1.27836, 1.34661, 1.53339, 1.50976, 1.51038, 1.39192, 1.39158, 1.38507, 1.38575, 1.35049, 1.34894, 1.34512, 1.34366, 1.37726, 1.35143, 1.31273, 1.30974, 1.31222, 1.31911, 1.33032, 1.34086, 1.38624, 1.4463, 1.46174, 1.4602, 1.44709, 1.43616, 1.43724, 1.41252, 1.42021, 1.44024, 1.44062, 1.45912, 1.47798, 1.49485, 1.51431, 1.51952, 1.57154, 1.57786, 1.77204, 1.71084, 1.76062, 1.75581, 1.77962, 1.79188, 1.82934, 1.82502, 1.86031, 1.87433, 1.89616, 1.90352, 1.90424, 1.91608, 1.9339, 1.93314, 1.93437, 1.93374, 1.96318, 1.96355, 1.95368, 1.95266, 1.96939, 1.9866, 1.98818, 2.03256, 2.0039, 2.01381, 2.01459, 2.01878, 2.01702, 2.01229, 2.01012, 2.00899, 2.01179, 2.00861, 2.00637, 2.00417, 1.98802, 1.98955, 1.97547, 1.99052, 1.98216, 2.01656, 2.2214, 2.22117, 2.24648, 2.19844, 2.19729, 2.19771, 2.19711, 2.20864, 2.17639, 2.20518, 2.20134, 2.24489, 2.16621, 2.15848, 2.15912, 2.2016, 2.1531, 2.15245, 2.1835, 2.20944, 2.13144, 2.14354, 2.14298, 2.22854, 2.17076, 2.1711, 2.225, 2.23169, 2.23427, 2.24136, 2.24318, 2.24535, 1.83214, 1.79718, 1.82571, 1.78748, 1.83492, 1.80751, 1.87298, 1.86744, 2.23086, 2.25103, 2.25163, 2.21385, 2.24687, 2.24612, 2.25337, 2.25086, 2.24971, 2.24602, 2.26679, 2.28043, 2.28341, 2.28338, 2.2968, 2.29411, 2.30087, 2.32083, 2.34, 2.33492, 2.32531, 2.36641, 2.39076, 2.39213, 2.40378, 2.40122, 2.39571, 2.38557, 2.40126, 2.4325, 2.41867, 2.42878, 2.41425, 2.42993, 2.45525, 2.45678, 2.46015, 2.4607, 2.47364, 2.48706, 2.54968, 2.51031, 2.50598, 2.52836, 2.54036, 2.58065, 2.55271, 
0.0692882, 0.0687176, 0.0595406, 0.0582947, 0.0887352, 0.126055, 0.124207, 0.114852, 0.14292, 0.130584, 0.137006, 0.164929, 0.168931, 0.188763, 0.192962, 0.187073, 0.189316, 0.196988, 0.197069, 0.239049, 0.228017, 0.26297, 0.261892, 0.300514, 0.287531, 0.271009, 0.300413, 0.303163, 0.289513, 0.338265, 0.295702, 0.304129, 0.337915, 0.353326, 0.366283, 0.338713, 0.373462, 0.376516, 0.388998, 0.399853, 0.421022, 0.407323, 0.407474, 0.449797, 0.432158, 0.427397, 0.435218, 0.463354, 0.477262, 0.487214, 0.487325, 0.480382, 0.480109, 0.51991, 0.522148, 0.519432, 0.525494, 0.529378, 0.534574, 0.543316, 0.570624, 0.560664, 0.561084, 0.596068, 0.593534, 0.601503, 0.601579, 0.623179, 0.625834, 0.632791, 0.642471, 0.659911, 0.655276, 0.662699, 0.659533, 0.674718, 0.679533, 0.71088, 0.699566, 0.700004, 0.734298, 0.67734, 0.677383, 0.683098, 0.680853, 0.68758, 0.687181, 0.690714, 0.709172, 0.978495, 0.971946, 1.034, 1.04489, 1.03353, 1.03463, 1.03965, 1.05355, 1.03756, 1.01855, 1.03283, 1.01763, 1.0444, 1.01951, 1.02604, 1.03618, 1.04071, 1.04377, 1.06627, 1.06105, 1.08078, 1.0998, 1.08217, 1.08378, 1.09825, 1.14816, 1.13316, 1.12071, 1.11346, 1.11917, 1.13704, 1.08865, 1.12024, 1.09166, 1.10269, 1.08876, 1.05814, 1.06297, 1.06172, 1.18351, 1.24873, 1.26843, 1.44089, 1.44434, 1.43138, 1.53272, 1.5408, 1.40073, 1.39222, 1.39345, 1.39082, 1.39165, 1.35351, 1.35056, 1.36725, 1.34957, 1.42237, 1.42326, 1.43073, 1.43655, 1.33798, 1.34466, 1.46164, 1.4647, 1.49327, 1.56043, 1.44606, 1.44385, 1.32627, 1.32673, 1.38597, 1.3709, 1.41394, 1.42369, 1.43693, 1.45686, 1.48878, 1.51703, 1.50367, 1.57417, 1.57272, 1.66832, 1.71482, 1.71579, 1.76491, 1.77205, 1.79613, 1.79616, 1.83274, 1.85516, 1.86898, 1.87808, 1.90426, 1.89369, 1.92105, 1.92495, 1.94247, 1.93058, 1.92547, 1.94634, 1.94193, 1.94487, 1.94392, 1.95902, 1.94511, 1.99009, 1.98271, 1.97916, 1.97953, 1.97722, 2.00062, 2.01151, 2.01887, 2.02433, 1.99449, 2.00481, 2.02058, 1.99393, 1.99986, 2.01047, 1.99318, 1.97029, 1.97011, 1.98003, 1.99376, 2.23157, 2.27527, 2.24057, 2.23467, 2.25984, 2.18427, 2.1835, 2.19777, 2.17374, 2.19308, 2.20651, 2.17363, 2.15818, 2.1569, 2.1991, 2.15841, 2.18677, 2.18648, 2.14865, 2.1893, 2.13795, 2.13393, 2.13254, 2.13181, 2.22513, 2.16522, 2.18419, 2.2462, 2.23303, 1.97648, 1.91387, 1.78748, 1.78836, 1.78986, 1.76975, 1.80673, 1.78405, 1.83868, 1.83955, 1.87249, 2.23158, 2.21401, 2.24362, 2.21423, 2.21326, 2.25197, 2.21308, 2.24359, 2.23288, 2.2427, 2.2423, 2.26753, 2.28575, 2.28418, 2.27407, 2.30707, 2.29742, 2.35014, 2.31887, 2.31933, 2.32632, 2.3419, 2.37767, 2.37807, 2.39109, 2.39135, 2.3911, 2.40079, 2.40598, 2.43498, 2.42304, 2.42846, 2.44663, 2.44945, 2.45755, 2.45774, 2.50749, 2.47991, 2.51777, 2.49713, 2.51114, 2.51115, 2.50236, 2.53571, 2.52357, 2.54358, 
0.0564638, 0.0612619, 0.0606832, 0.0679731, 0.0890977, 0.0838753, 0.153028, 0.125845, 0.140798, 0.141131, 0.146016, 0.186797, 0.155552, 0.166676, 0.197833, 0.212609, 0.211524, 0.234549, 0.200401, 0.213647, 0.234731, 0.233496, 0.228142, 0.265386, 0.276186, 0.287511, 0.288821, 0.290955, 0.310941, 0.30813, 0.334064, 0.329083, 0.350484, 0.342595, 0.338782, 0.355858, 0.383562, 0.375533, 0.379722, 0.379964, 0.42899, 0.403309, 0.431824, 0.411515, 0.438308, 0.445934, 0.452508, 0.458334, 0.448777, 0.488609, 0.481149, 0.505665, 0.50606, 0.514275, 0.501078, 0.50306, 0.531489, 0.54606, 0.525415, 0.537666, 0.538509, 0.555528, 0.555457, 0.57732, 0.568731, 0.588792, 0.601587, 0.611082, 0.609704, 0.633813, 0.65452, 0.641324, 0.639208, 0.65663, 0.655436, 0.67429, 0.670975, 0.693832, 0.694022, 0.701857, 0.710993, 0.747203, 0.732657, 0.671365, 0.666373, 0.683718, 0.66385, 0.671704, 0.689082, 0.769225, 0.952719, 0.979293, 1.0014, 0.999864, 0.99939, 1.04629, 1.01987, 0.998948, 1.04396, 1.0393, 1.01058, 1.0051, 1.04423, 1.02822, 1.02523, 1.03872, 1.03912, 1.05005, 1.05343, 1.07424, 1.10278, 1.09763, 1.0991, 1.09396, 1.09394, 1.09875, 1.1147, 1.23419, 1.09275, 1.09504, 1.07902, 1.08082, 1.08028, 1.06235, 1.05028, 1.05104, 1.07267, 1.27099, 1.29888, 1.32474, 1.32382, 1.3519, 1.33004, 1.34791, 1.40951, 1.41636, 1.54419, 1.52642, 1.42761, 1.42571, 1.42365, 1.41392, 1.41684, 1.43457, 1.41448, 1.39763, 1.3913, 1.39839, 1.42312, 1.42073, 1.44396, 1.45077, 1.46209, 1.48682, 1.49213, 1.26073, 1.25895, 1.27877, 1.27776, 1.28567, 1.28881, 1.29161, 1.31511, 1.3329, 1.35196, 1.42373, 1.48228, 1.49558, 1.52745, 1.54534, 1.59093, 1.68555, 1.68321, 1.73875, 1.74798, 1.75925, 1.80739, 1.80977, 1.83053, 1.84439, 1.86103, 1.88279, 1.90179, 1.91308, 1.89194, 1.89281, 1.9194, 1.91053, 1.9079, 1.92186, 1.93701, 1.93547, 1.92792, 1.92849, 1.97051, 1.95966, 1.94483, 1.97955, 1.99731, 1.98268, 1.99208, 2.00651, 1.97446, 1.99389, 1.99065, 2.00251, 1.99629, 1.99211, 2.00478, 2.00912, 1.98658, 2.0003, 1.96753, 1.97208, 1.95531, 1.99419, 2.22928, 2.23158, 2.19084, 2.21147, 2.18124, 2.18426, 2.17905, 2.17782, 2.20228, 2.19563, 2.15217, 2.15746, 2.15815, 2.16836, 2.20502, 2.21083, 2.1911, 2.19717, 2.13894, 2.13773, 2.13477, 2.13296, 1.83818, 1.83819, 1.91726, 1.93766, 1.88265, 1.86691, 1.80051, 1.78805, 1.76039, 1.75941, 1.75827, 1.76858, 1.78744, 1.78712, 1.86056, 1.8629, 1.88978, 2.2149, 2.23581, 2.24325, 2.21125, 2.21186, 2.23113, 2.23183, 2.24193, 2.24014, 2.24662, 2.27609, 2.25753, 2.28733, 2.27614, 2.29455, 2.33943, 2.32967, 2.33589, 2.33887, 2.3423, 2.34461, 2.36275, 2.36493, 2.38738, 2.41443, 2.40179, 2.39764, 2.40998, 2.41055, 2.4218, 2.42427, 2.43979, 2.43211, 2.45607, 2.46467, 2.48419, 2.48067, 2.50928, 2.48873, 2.49162, 2.49708, 2.52274, 2.5563, 2.53618, 2.5891, 
0.0579489, 0.0475838, 0.0758853, 0.0588802, 0.0790641, 0.113154, 0.107867, 0.107628, 0.151068, 0.105367, 0.134554, 0.15891, 0.175501, 0.196241, 0.163305, 0.183606, 0.174924, 0.187831, 0.229533, 0.227968, 0.240777, 0.256245, 0.23775, 0.23648, 0.26617, 0.267859, 0.290034, 0.294806, 0.294298, 0.298159, 0.303405, 0.322032, 0.331008, 0.331259, 0.318558, 0.371899, 0.352649, 0.358555, 0.378832, 0.398369, 0.372569, 0.420658, 0.404243, 0.427996, 0.427251, 0.432341, 0.456604, 0.458064, 0.459877, 0.472431, 0.464366, 0.45982, 0.480442, 0.484258, 0.496818, 0.489978, 0.516167, 0.515211, 0.535513, 0.545901, 0.545447, 0.564045, 0.55602, 0.571206, 0.580919, 0.574299, 0.601796, 0.594601, 0.613804, 0.628558, 0.623172, 0.639369, 0.652766, 0.667498, 0.660341, 0.667288, 0.722921, 0.691466, 0.693706, 0.701601, 0.731475, 0.726139, 0.717858, 0.668828, 0.668462, 0.659634, 0.679012, 0.68084, 0.671755, 0.73683, 0.747781, 0.954051, 0.956332, 0.963656, 0.931921, 0.97096, 0.943293, 0.93572, 0.929129, 0.918295, 0.917511, 0.97776, 1.00596, 1.02255, 1.05374, 1.0353, 1.03242, 1.07035, 1.07838, 1.07645, 1.07557, 1.07991, 1.08863, 1.08518, 1.08709, 1.10868, 1.08637, 1.08685, 1.04882, 1.04584, 1.0465, 1.05285, 1.16832, 1.18691, 1.0738, 1.06373, 1.23772, 1.25684, 1.27547, 1.27608, 1.2997, 1.32336, 1.35444, 1.30033, 1.3187, 1.37176, 1.4093, 1.41876, 1.53672, 1.52342, 1.42877, 1.42956, 1.39525, 1.36491, 1.38555, 1.38536, 1.38903, 1.39062, 1.40273, 1.40743, 1.38897, 1.40568, 1.4014, 1.42283, 1.26894, 1.22434, 1.24689, 1.23363, 1.22194, 1.23584, 1.24212, 1.24432, 1.23922, 1.24794, 1.26664, 1.27084, 1.36409, 1.44861, 1.48664, 1.52768, 1.55064, 1.65049, 1.65285, 1.68558, 1.73439, 1.74209, 1.76573, 1.79887, 1.79702, 1.81684, 1.84343, 1.84529, 1.86929, 1.87143, 1.87125, 1.90092, 1.88622, 1.90096, 1.89302, 1.92251, 1.89087, 1.90723, 1.93737, 1.93865, 1.92025, 1.92093, 1.93394, 1.92581, 1.96208, 1.92812, 1.94791, 1.96519, 1.94148, 1.98601, 1.99252, 1.98785, 1.98753, 1.9883, 1.99085, 1.98892, 1.98749, 1.99944, 2.00033, 1.9313, 1.92164, 1.93469, 1.91102, 1.95606, 2.19734, 2.19729, 2.17092, 2.19406, 2.20401, 2.16264, 2.19674, 2.15491, 2.15233, 2.15926, 2.14776, 2.20122, 2.1586, 2.19359, 2.17351, 2.17997, 2.16088, 2.15792, 1.84803, 1.83556, 1.82721, 1.80125, 1.82759, 1.80613, 1.79962, 1.79112, 1.80338, 1.81118, 1.81386, 1.8175, 1.77483, 1.77526, 1.79604, 1.84813, 1.84533, 1.90015, 1.89673, 2.20811, 2.24334, 2.22459, 2.24411, 2.21954, 2.21594, 2.26246, 2.2309, 2.28687, 2.24024, 2.25149, 2.2754, 2.28749, 2.28783, 2.29592, 2.32095, 2.30305, 2.30554, 2.34545, 2.32774, 2.33259, 2.34889, 2.36995, 2.37078, 2.36007, 2.36851, 2.40401, 2.41478, 2.40193, 2.40059, 2.40818, 2.41208, 2.45769, 2.47319, 2.44558, 2.45812, 2.46259, 2.46196, 2.53924, 2.49105, 2.50058, 2.49084, 2.52726, 2.59127, 2.55977, 
0.0562851, 0.0555291, 0.0757713, 0.0905025, 0.111026, 0.0927911, 0.0787452, 0.102948, 0.146079, 0.107175, 0.106457, 0.132174, 0.152697, 0.161393, 0.174126, 0.16667, 0.176824, 0.175379, 0.179705, 0.186916, 0.218105, 0.235468, 0.269361, 0.238104, 0.254948, 0.279083, 0.265117, 0.279756, 0.278654, 0.300842, 0.301052, 0.321915, 0.328712, 0.329939, 0.314425, 0.349265, 0.327601, 0.376623, 0.387416, 0.386917, 0.396009, 0.383172, 0.38337, 0.428375, 0.436456, 0.407401, 0.42197, 0.444101, 0.469159, 0.448221, 0.473122, 0.463006, 0.480886, 0.497704, 0.509575, 0.514056, 0.548675, 0.527149, 0.546122, 0.544514, 0.544805, 0.55895, 0.57996, 0.597751, 0.581593, 0.593979, 0.593242, 0.5978, 0.616044, 0.623717, 0.619147, 0.632789, 0.670885, 0.633952, 0.667391, 0.665116, 0.658066, 0.692465, 0.690952, 0.690673, 0.6927, 0.71471, 0.725225, 0.670012, 0.656974, 0.649877, 0.669093, 0.647767, 0.70549, 0.669532, 0.676569, 0.667808, 0.784751, 0.877895, 0.915579, 0.914531, 0.895651, 0.884384, 0.891921, 0.872622, 0.854, 0.86543, 0.919007, 0.987629, 1.00331, 0.995279, 1.01174, 1.03991, 1.05273, 1.05004, 1.04845, 1.06527, 1.0568, 1.06296, 1.07046, 1.0878, 1.08681, 1.08142, 1.08148, 1.07432, 1.08256, 1.15009, 1.15613, 1.1563, 1.1844, 1.21848, 1.19932, 1.25445, 1.24385, 1.22289, 1.25496, 1.25462, 1.25701, 1.25191, 1.26402, 1.32418, 1.3505, 1.36895, 1.36832, 1.55531, 1.51238, 1.48959, 1.45045, 1.37802, 1.38137, 1.38302, 1.38892, 1.39907, 1.36759, 1.3715, 1.39989, 1.371, 1.41613, 1.44888, 1.4501, 1.45053, 1.25645, 1.24541, 1.24909, 1.25154, 1.20523, 1.19097, 1.20974, 1.2111, 1.21502, 1.24418, 1.26476, 1.27492, 1.28866, 1.47182, 1.50194, 1.60362, 1.62813, 1.66482, 1.68293, 1.7049, 1.72694, 1.76643, 1.76861, 1.80207, 1.79955, 1.81899, 1.84648, 1.85212, 1.83861, 1.87542, 1.87584, 1.86477, 1.89344, 1.872, 1.88278, 1.87824, 1.90853, 1.89781, 1.88954, 1.91554, 1.88775, 1.88769, 1.89662, 1.90646, 1.89746, 1.9347, 1.94481, 1.95186, 1.95111, 1.97876, 1.97828, 2.01066, 2.00761, 1.99119, 2.00295, 2.03111, 2.02965, 2.01205, 1.91832, 1.9315, 1.90255, 1.87872, 1.8758, 1.90974, 1.88312, 1.88295, 1.88184, 2.15595, 2.19349, 2.18315, 2.1461, 1.89196, 1.90095, 2.17652, 2.16654, 2.16658, 2.15192, 2.15104, 2.1562, 1.86991, 1.85349, 1.8317, 1.82703, 1.77844, 1.77754, 1.77543, 1.77427, 1.77277, 1.77186, 1.79983, 1.79832, 1.8007, 1.80536, 1.81631, 1.82353, 1.8686, 1.8994, 1.90047, 1.94535, 2.20227, 2.22816, 2.23813, 2.26626, 2.2347, 2.21599, 2.21428, 2.23463, 2.23512, 2.24489, 2.27751, 2.24629, 2.26573, 2.26536, 2.29564, 2.27266, 2.29666, 2.32735, 2.33997, 2.31171, 2.33603, 2.35584, 2.35582, 2.35586, 2.35642, 2.39481, 2.38427, 2.38776, 2.41281, 2.39085, 2.42428, 2.40733, 2.44484, 2.45097, 2.43946, 2.44996, 2.46344, 2.4621, 2.49112, 2.48516, 2.49212, 2.49203, 2.49144, 2.52934, 2.53527, 
0.0198077, 0.0545974, 0.110803, 0.040041, 0.0841529, 0.110502, 0.0920404, 0.113434, 0.113963, 0.101045, 0.115389, 0.116388, 0.137981, 0.130991, 0.183041, 0.158899, 0.200031, 0.169893, 0.183614, 0.210459, 0.259252, 0.22212, 0.256574, 0.216765, 0.271995, 0.244738, 0.283832, 0.268669, 0.265058, 0.263813, 0.297154, 0.358447, 0.300131, 0.326749, 0.31876, 0.36959, 0.325363, 0.358952, 0.35833, 0.380544, 0.378636, 0.369129, 0.41833, 0.421515, 0.422062, 0.411747, 0.436915, 0.417241, 0.448049, 0.450111, 0.472244, 0.466735, 0.465913, 0.504003, 0.502368, 0.514147, 0.517106, 0.520693, 0.514651, 0.511068, 0.553432, 0.563337, 0.583851, 0.565824, 0.604078, 0.570097, 0.599902, 0.580041, 0.615713, 0.61436, 0.601438, 0.62687, 0.631245, 0.62989, 0.644789, 0.676637, 0.681049, 0.669482, 0.673466, 0.685097, 0.705494, 0.706013, 0.728512, 0.716702, 0.737233, 0.736854, 0.821182, 0.814242, 0.819041, 0.644201, 0.644306, 0.672244, 0.74213, 0.829915, 0.829276, 0.839931, 0.828379, 0.841901, 0.851776, 0.850357, 0.836105, 0.823221, 0.808012, 0.783322, 0.779906, 0.802091, 0.768097, 1.00696, 1.00767, 1.03705, 1.03631, 1.01738, 1.01814, 1.03215, 0.969065, 1.08243, 1.08053, 0.673332, 0.651265, 0.670618, 1.14184, 1.15578, 1.1577, 1.15024, 1.17557, 1.17428, 1.16982, 1.208, 1.23138, 1.23419, 1.24436, 1.21643, 1.22025, 1.22344, 1.22978, 1.26147, 1.32625, 1.34455, 1.28224, 1.26735, 1.27916, 1.29496, 1.29591, 1.48089, 1.49104, 1.37323, 1.37498, 1.3682, 1.36772, 1.37205, 1.38788, 1.38557, 1.40514, 1.41061, 1.45776, 1.4301, 1.48258, 1.23913, 1.24046, 1.2257, 1.19661, 1.17178, 1.24092, 1.1912, 1.18932, 1.19783, 1.22471, 1.2237, 1.24423, 1.27907, 1.48081, 1.48301, 1.56838, 1.6162, 1.6478, 1.68482, 1.70735, 1.70741, 1.76485, 1.76653, 1.79418, 1.81397, 1.84623, 1.82386, 1.83061, 1.84814, 1.84955, 1.85514, 1.85402, 1.8636, 1.86931, 1.89131, 1.87514, 1.86814, 1.85979, 1.8724, 1.88347, 1.88547, 1.87161, 1.89712, 1.89101, 1.88303, 1.9203, 1.93084, 1.91282, 1.99946, 1.96302, 1.96512, 1.99203, 2.02164, 2.01623, 2.01858, 2.04834, 2.0568, 2.05472, 1.88299, 1.88212, 1.87641, 1.8722, 1.86222, 1.85918, 1.87439, 1.87665, 1.85067, 1.84986, 1.89776, 1.86194, 1.87603, 1.87883, 1.8844, 1.9141, 1.89858, 2.14182, 2.14179, 1.84831, 1.83158, 1.83396, 1.79201, 1.79025, 1.77798, 1.79689, 1.78926, 1.77882, 1.78935, 1.7937, 1.80814, 1.81854, 1.80106, 1.92453, 1.92406, 1.90943, 1.86499, 1.88216, 2.2141, 2.21346, 2.22222, 2.22584, 2.21749, 2.23966, 2.23113, 2.20581, 2.19693, 2.22856, 2.25822, 2.2422, 2.27334, 2.24947, 2.25321, 2.26281, 2.27082, 2.27399, 2.27675, 2.28755, 2.31874, 2.29786, 2.31857, 2.31912, 2.34597, 2.36187, 2.37216, 2.35645, 2.39828, 2.36186, 2.40875, 2.39066, 2.42432, 2.40436, 2.44133, 2.44206, 2.44399, 2.44372, 2.48341, 2.4704, 2.45286, 2.4972, 2.47947, 2.51777, 2.52429, 2.52456, 2.54288, 
0.0444931, 0.0416217, 0.0400312, 0.0382112, 0.0760436, 0.0791694, 0.0798252, 0.10616, 0.117502, 0.106134, 0.103722, 0.167998, 0.134437, 0.149457, 0.180569, 0.200273, 0.206088, 0.197949, 0.196435, 0.191781, 0.206397, 0.245289, 0.23105, 0.231181, 0.242374, 0.226569, 0.251778, 0.248175, 0.278579, 0.284115, 0.30169, 0.27115, 0.301174, 0.320131, 0.334417, 0.311476, 0.310675, 0.36317, 0.37385, 0.357593, 0.383385, 0.383208, 0.399474, 0.41251, 0.410287, 0.410534, 0.405131, 0.410047, 0.445409, 0.449574, 0.441037, 0.463136, 0.475292, 0.485599, 0.486257, 0.486273, 0.483546, 0.523028, 0.508394, 0.521344, 0.515308, 0.521915, 0.560277, 0.566174, 0.553058, 0.560849, 0.580314, 0.591626, 0.591159, 0.596967, 0.595449, 0.604137, 0.644118, 0.660107, 0.658428, 0.655128, 0.656738, 0.667509, 0.667696, 0.708351, 0.705374, 0.719863, 0.712858, 0.713905, 0.749065, 0.736759, 0.811688, 0.809314, 0.809055, 0.822427, 0.631147, 0.668556, 0.872003, 0.87147, 0.789002, 0.79365, 0.822669, 0.801021, 0.808142, 0.81525, 0.799029, 0.7712, 0.771655, 0.785294, 0.807382, 0.771811, 0.747007, 0.7525, 0.784339, 0.778012, 1.0087, 0.987337, 0.998597, 0.993068, 0.942191, 0.942182, 0.667219, 0.680591, 0.662853, 0.656917, 0.662729, 1.13528, 0.874849, 0.848736, 0.853438, 1.19793, 1.14126, 1.18043, 1.17372, 1.15631, 1.16363, 1.20961, 1.22825, 1.22237, 1.217, 1.21234, 1.23426, 1.24043, 1.24901, 1.24242, 1.24534, 1.2455, 1.27154, 1.27863, 1.5041, 1.51575, 1.43483, 1.4129, 1.41185, 1.37858, 1.38938, 1.39739, 1.41317, 1.41564, 1.41637, 1.45509, 1.53364, 1.27092, 1.23505, 1.23912, 1.22769, 1.18773, 1.19167, 1.16252, 1.16406, 1.18467, 1.20175, 1.22923, 1.23003, 1.22969, 1.24666, 1.26169, 1.29965, 1.31401, 1.61365, 1.66985, 1.68994, 1.70723, 1.70995, 1.76487, 1.75207, 1.79929, 1.79154, 1.8174, 1.80987, 1.83743, 1.85622, 1.8617, 1.87989, 1.8715, 1.8721, 1.86454, 1.87403, 1.87886, 1.86848, 1.8787, 1.85492, 1.85495, 1.85678, 1.86051, 1.87023, 1.89524, 1.88259, 1.90833, 1.91947, 1.94881, 1.9444, 1.96868, 1.93231, 2.0391, 2.05172, 2.0601, 2.05282, 2.09418, 2.09767, 2.10038, 1.88425, 1.90294, 1.86009, 1.87457, 1.8558, 1.85352, 1.85482, 1.85886, 1.8974, 1.85508, 1.84822, 1.86013, 1.86947, 1.86227, 1.86631, 1.85544, 1.86436, 1.86275, 1.88229, 1.86344, 1.83923, 1.83607, 1.81037, 1.8067, 1.84439, 1.81044, 1.85909, 1.8486, 2.16411, 1.99649, 2.01092, 1.97273, 1.97011, 1.9426, 1.91604, 1.89279, 1.92194, 2.22786, 2.19062, 2.18492, 2.20132, 2.23863, 2.20362, 2.21544, 2.21035, 2.21385, 2.19681, 2.25288, 2.226, 2.22739, 2.25795, 2.25628, 2.2541, 2.28193, 2.28848, 2.32119, 2.30719, 2.30173, 2.31386, 2.31487, 2.32726, 2.35952, 2.38721, 2.36386, 2.37403, 2.35979, 2.37906, 2.39172, 2.40865, 2.41171, 2.41924, 2.41766, 2.43569, 2.43926, 2.43955, 2.45643, 2.46627, 2.4497, 2.45571, 2.50955, 2.49647, 2.49183, 2.52781, 2.532, 
0.0587995, 0.0178834, 0.0171125, 0.064404, 0.085517, 0.0652691, 0.0905872, 0.0897531, 0.0839739, 0.101129, 0.100385, 0.125562, 0.130599, 0.121815, 0.152931, 0.148418, 0.18172, 0.166189, 0.208377, 0.177129, 0.221092, 0.221208, 0.197064, 0.230505, 0.233436, 0.260104, 0.251408, 0.276418, 0.274975, 0.276074, 0.315526, 0.307858, 0.320762, 0.301485, 0.296803, 0.311684, 0.333405, 0.345348, 0.348177, 0.400313, 0.373487, 0.377618, 0.377039, 0.380215, 0.404687, 0.405994, 0.404427, 0.44145, 0.443031, 0.449223, 0.463808, 0.450656, 0.445806, 0.50054, 0.472358, 0.493878, 0.499741, 0.491037, 0.516255, 0.516958, 0.522704, 0.524248, 0.54214, 0.542269, 0.54324, 0.556148, 0.568476, 0.569025, 0.580179, 0.606404, 0.597933, 0.617134, 0.651848, 0.616336, 0.617753, 0.628663, 0.652118, 0.652949, 0.67477, 0.666758, 0.686788, 0.707762, 0.702119, 0.700424, 0.722381, 0.7315, 0.781064, 0.801586, 0.811263, 0.813765, 0.808993, 0.883819, 0.861879, 0.878959, 0.885314, 0.877756, 0.886116, 0.804453, 0.794809, 0.767142, 0.763177, 0.777794, 0.775013, 0.766864, 0.745742, 0.752511, 0.750293, 0.738752, 0.712156, 0.724777, 0.701888, 0.701658, 0.730711, 0.71424, 0.666381, 0.707692, 0.659783, 0.697156, 0.669394, 0.693884, 0.703355, 0.713824, 0.883111, 0.886999, 1.15369, 1.12, 1.12689, 1.12997, 1.16374, 1.16428, 1.17195, 1.163, 1.17176, 1.2027, 1.1426, 1.11908, 1.13596, 1.22554, 1.22353, 1.16108, 1.22574, 1.22655, 1.25462, 1.2675, 1.26199, 1.2632, 1.28443, 1.28414, 1.50197, 1.53719, 1.53317, 1.53911, 1.57275, 1.35109, 1.32646, 1.38812, 1.54125, 1.55907, 1.29163, 1.29282, 1.21661, 1.20489, 1.20809, 1.17502, 1.15972, 1.16028, 1.17417, 1.18492, 1.24365, 1.25335, 1.29757, 1.29472, 1.3577, 1.32411, 1.38308, 1.40673, 1.41953, 1.68233, 1.70631, 1.72408, 1.7468, 1.74655, 1.77839, 1.81013, 1.80596, 1.80456, 1.82178, 1.85145, 1.82246, 1.84882, 1.86276, 1.87301, 1.84253, 1.85128, 1.85071, 1.84763, 1.8474, 1.8469, 1.84588, 1.85574, 1.87907, 1.88894, 1.88595, 1.89553, 1.8972, 1.91464, 1.91991, 1.91759, 1.94218, 2.07952, 2.05603, 2.13593, 2.13845, 2.09739, 2.13053, 2.12785, 2.10575, 2.10542, 2.07893, 2.0899, 2.10107, 2.09341, 1.88339, 1.90669, 2.0655, 1.88587, 1.87898, 1.87381, 1.86367, 1.88206, 1.86348, 1.86671, 1.8666, 1.89357, 1.85219, 1.86526, 1.83771, 1.82276, 2.06617, 2.08318, 2.08398, 2.14429, 2.15732, 2.17355, 2.13973, 2.16656, 2.19057, 1.97484, 1.95369, 1.97258, 1.96001, 1.96211, 2.14482, 2.22528, 2.19777, 2.19759, 2.22519, 2.19936, 2.22581, 2.19584, 2.19453, 2.2016, 2.23969, 2.20481, 2.21148, 2.25147, 2.23225, 2.2474, 2.25324, 2.27353, 2.28777, 2.27767, 2.29353, 2.28936, 2.30542, 2.30286, 2.32465, 2.31048, 2.34346, 2.33555, 2.34657, 2.3789, 2.36251, 2.38397, 2.39121, 2.37303, 2.41429, 2.40711, 2.44984, 2.44306, 2.44224, 2.44245, 2.43316, 2.45398, 2.45348, 2.46396, 2.49725, 2.52246, 2.5365, 2.51307, 
0.00394843, 0.0564242, 0.0382497, 0.0533093, 0.0520596, 0.0583541, 0.100729, 0.133219, 0.0689614, 0.112601, 0.0862174, 0.135528, 0.117141, 0.166557, 0.142415, 0.174878, 0.193794, 0.196981, 0.165294, 0.163056, 0.207389, 0.190294, 0.218439, 0.230642, 0.244851, 0.241519, 0.248588, 0.252898, 0.259059, 0.262608, 0.26636, 0.267448, 0.30501, 0.304875, 0.296532, 0.314806, 0.320961, 0.338089, 0.331827, 0.332525, 0.355831, 0.362543, 0.359388, 0.404032, 0.389662, 0.401621, 0.427018, 0.445791, 0.448302, 0.462781, 0.448785, 0.459565, 0.460571, 0.479238, 0.474891, 0.464527, 0.480351, 0.514733, 0.514616, 0.514207, 0.538847, 0.529786, 0.535346, 0.522604, 0.557368, 0.555744, 0.573556, 0.593912, 0.60138, 0.58015, 0.590804, 0.590634, 0.605271, 0.638043, 0.628131, 0.651712, 0.662631, 0.662732, 0.662352, 0.660594, 0.675179, 0.69256, 0.719065, 0.702247, 0.718562, 0.71704, 0.730671, 0.789801, 0.776778, 0.797761, 0.791633, 0.849225, 0.877265, 0.870835, 0.885274, 0.885011, 0.887797, 0.904654, 0.898294, 0.770935, 0.763135, 0.762834, 0.762128, 0.749454, 0.730397, 0.729773, 0.718663, 0.731786, 0.715412, 0.737423, 0.746494, 0.761854, 0.746162, 0.757437, 0.678405, 0.670524, 0.659024, 0.663546, 0.67003, 0.682961, 0.683642, 0.949861, 1.14475, 1.14363, 1.1498, 1.14492, 1.09399, 1.10469, 1.08797, 1.09818, 1.20911, 1.1137, 1.12613, 1.10861, 1.12674, 1.1019, 1.1197, 1.13344, 1.14124, 1.14015, 1.13464, 1.22347, 1.24478, 1.22801, 1.24466, 1.27232, 1.26939, 1.27203, 1.28421, 1.28852, 1.2952, 1.31556, 1.29825, 1.30925, 1.3206, 1.33792, 1.34823, 1.38248, 1.36597, 1.24455, 1.21336, 1.19617, 1.21685, 1.22883, 1.22401, 1.22417, 1.25541, 1.26765, 1.30986, 1.33048, 1.37048, 1.36997, 1.367, 1.36732, 1.36392, 1.40365, 1.40595, 1.63998, 1.66532, 1.71028, 1.7032, 1.73148, 1.75359, 1.77185, 1.79323, 1.79461, 1.80428, 1.82424, 1.81361, 1.82849, 1.82793, 1.82474, 1.84325, 1.8613, 1.85237, 1.85257, 1.85066, 1.86015, 1.859, 1.84688, 1.84318, 1.85183, 1.86982, 1.87392, 1.87159, 1.91768, 1.92174, 1.90676, 2.0291, 2.07441, 2.12119, 2.11566, 2.12739, 2.12834, 2.13953, 2.0702, 2.06937, 2.06912, 2.06565, 2.096, 2.09342, 2.09357, 2.10555, 2.09403, 2.06346, 2.06287, 2.10356, 2.09491, 2.05219, 2.0512, 2.04894, 2.04838, 2.04758, 2.04723, 2.04572, 2.09885, 2.11522, 2.14917, 2.15058, 2.14211, 2.11015, 2.15054, 2.13913, 2.1878, 2.18255, 2.20106, 2.22116, 2.16165, 2.16026, 2.15903, 2.14566, 2.18022, 2.14363, 2.14156, 2.1416, 2.14051, 2.20461, 2.20181, 2.19704, 2.17913, 2.18146, 2.2084, 2.247, 2.21823, 2.21715, 2.25258, 2.25887, 2.23303, 2.24546, 2.27647, 2.26662, 2.28027, 2.29709, 2.3054, 2.31805, 2.32584, 2.30376, 2.30171, 2.34736, 2.35239, 2.35577, 2.36896, 2.36779, 2.38969, 2.40818, 2.41116, 2.41207, 2.41442, 2.42217, 2.4323, 2.44209, 2.4418, 2.45467, 2.48303, 2.50007, 2.46897, 2.50216, 2.49522, 2.54583, 2.50196, 
0.0484766, 0.0550472, 0.0458017, 0.0210014, 0.0542522, 0.097017, 0.102717, 0.0642897, 0.115132, 0.134212, 0.130577, 0.125662, 0.124271, 0.162391, 0.141382, 0.158347, 0.155849, 0.14209, 0.20283, 0.183851, 0.209976, 0.206532, 0.206606, 0.231264, 0.231529, 0.210864, 0.266181, 0.267396, 0.249897, 0.262792, 0.254983, 0.259367, 0.284324, 0.316389, 0.335099, 0.32402, 0.342586, 0.344345, 0.343632, 0.335789, 0.35649, 0.35876, 0.345849, 0.373622, 0.416058, 0.404963, 0.396892, 0.409482, 0.407624, 0.431874, 0.453351, 0.427525, 0.441528, 0.458188, 0.471902, 0.472785, 0.463781, 0.497666, 0.494934, 0.51816, 0.512245, 0.51293, 0.527834, 0.52549, 0.573913, 0.548498, 0.597337, 0.577921, 0.576462, 0.573636, 0.61133, 0.612684, 0.622364, 0.621855, 0.627402, 0.649234, 0.638688, 0.664298, 0.655407, 0.677143, 0.698572, 0.698775, 0.696701, 0.694756, 0.714958, 0.718062, 0.718245, 0.726707, 0.770975, 0.757342, 0.811712, 0.78891, 0.801729, 0.825553, 0.864391, 0.895421, 0.893043, 0.866734, 0.895297, 0.918209, 0.929837, 0.921605, 0.785287, 0.732793, 0.735902, 0.746277, 0.741208, 0.708571, 0.802207, 0.801744, 0.826315, 0.79809, 0.785104, 0.763683, 0.743852, 0.687099, 0.702133, 0.691706, 0.915639, 0.921701, 0.924869, 1.09341, 1.11216, 1.13358, 1.14305, 1.15567, 1.15979, 1.14062, 1.1491, 1.15518, 1.06373, 1.03775, 1.07857, 1.10213, 1.083, 1.10814, 1.10815, 1.07893, 1.05961, 1.05645, 1.19472, 1.21599, 1.21998, 1.22075, 1.2407, 1.2407, 1.25103, 1.25316, 1.27459, 1.26735, 1.29235, 1.30094, 1.31617, 1.32742, 1.31272, 1.33227, 1.34435, 1.35104, 1.39321, 1.42341, 1.50609, 1.23482, 1.24285, 1.21019, 1.21879, 1.26359, 1.29239, 1.30914, 1.31342, 1.37023, 1.39862, 1.39304, 1.39598, 1.40362, 1.40863, 1.42735, 1.59505, 1.60593, 1.65499, 1.68819, 1.68524, 1.72759, 1.71351, 1.73671, 1.78572, 1.75847, 1.80615, 1.78684, 1.80503, 1.80671, 1.8356, 1.8382, 1.82771, 1.82839, 1.83174, 1.83838, 1.83784, 1.83695, 1.83502, 1.83411, 1.83466, 1.83374, 1.83434, 1.85306, 1.86611, 1.83419, 1.84054, 1.82278, 1.82024, 1.8076, 1.81541, 1.8009, 2.12779, 2.12802, 2.11348, 2.1166, 2.12154, 2.10154, 2.07267, 2.14629, 2.14309, 2.08039, 2.10332, 2.10398, 2.06334, 2.06381, 2.13413, 2.05214, 2.05145, 2.05044, 2.05164, 2.05763, 2.08346, 2.13152, 2.15304, 2.10154, 2.08729, 2.12249, 2.1527, 2.09794, 2.10633, 2.13593, 2.14249, 2.1503, 2.14963, 2.18005, 2.18443, 2.17955, 2.20006, 2.21484, 2.16263, 2.20301, 2.20241, 2.1753, 2.20273, 2.18638, 2.1807, 2.19784, 2.17765, 2.17068, 2.17266, 2.20512, 2.21609, 2.19906, 2.22952, 2.23526, 2.23328, 2.24228, 2.236, 2.25897, 2.28034, 2.25022, 2.27078, 2.28008, 2.28743, 2.32873, 2.33135, 2.31319, 2.3439, 2.33016, 2.37038, 2.36312, 2.36411, 2.36756, 2.37659, 2.37064, 2.39691, 2.39911, 2.42818, 2.42643, 2.43986, 2.44415, 2.4564, 2.48042, 2.45156, 2.46985, 2.46782, 2.46786, 2.4774, 2.49358, 
0.0167181, 0.0289415, 0.032016, 0.0496053, 0.058745, 0.0755136, 0.051898, 0.0826231, 0.0757139, 0.0874277, 0.158302, 0.10105, 0.155617, 0.124593, 0.118646, 0.116714, 0.166674, 0.165211, 0.176439, 0.166148, 0.193576, 0.227795, 0.186131, 0.18662, 0.218229, 0.262394, 0.248672, 0.226293, 0.262504, 0.281114, 0.265714, 0.269063, 0.28656, 0.268322, 0.334792, 0.31915, 0.317502, 0.306258, 0.33892, 0.338019, 0.342144, 0.335909, 0.390587, 0.378807, 0.411612, 0.407902, 0.415805, 0.415111, 0.408901, 0.431581, 0.411488, 0.441822, 0.441918, 0.435368, 0.448407, 0.468786, 0.497438, 0.4972, 0.490839, 0.489467, 0.511505, 0.508373, 0.539651, 0.559414, 0.55341, 0.557135, 0.565939, 0.56695, 0.580053, 0.589903, 0.579891, 0.607773, 0.598847, 0.600606, 0.633158, 0.624742, 0.625701, 0.649721, 0.653049, 0.677437, 0.664356, 0.664577, 0.689816, 0.70326, 0.702328, 0.717979, 0.738917, 0.725811, 0.76652, 0.788404, 0.75897, 0.82433, 0.836704, 0.835311, 0.846397, 0.859523, 0.877532, 0.892121, 0.922273, 0.91541, 0.915191, 0.932219, 0.922109, 0.953139, 0.954342, 0.801153, 0.842224, 0.842792, 0.833617, 0.818025, 0.80638, 0.806148, 0.805496, 1.03979, 0.783634, 0.775849, 0.777342, 1.02879, 1.02217, 1.03984, 1.06813, 1.07813, 1.07521, 1.07872, 1.09776, 1.09934, 1.12305, 0.999526, 1.00872, 1.00174, 1.01234, 1.15704, 1.05363, 1.05999, 1.05468, 1.0732, 0.967513, 0.967073, 0.984176, 1.02383, 1.19619, 1.19516, 1.22274, 1.22758, 1.23409, 1.24262, 1.25144, 1.25848, 1.26806, 1.26792, 1.28972, 1.28474, 1.30141, 1.30193, 1.31656, 1.3264, 1.32246, 1.33366, 1.34795, 1.51938, 1.52029, 1.43843, 1.31361, 1.23458, 1.22632, 1.23357, 1.31554, 1.31718, 1.36513, 1.42979, 1.42452, 1.48519, 1.4385, 1.4082, 1.4411, 1.44648, 1.47816, 1.5221, 1.62546, 1.67222, 1.70432, 1.72648, 1.69245, 1.70497, 1.77678, 1.72852, 1.77645, 1.77623, 1.78289, 1.79715, 1.80365, 1.81708, 1.81538, 1.83859, 1.83877, 1.84053, 1.84092, 1.84861, 1.84317, 1.84855, 1.84063, 1.86596, 1.83726, 1.83543, 1.84182, 1.83404, 1.81342, 1.78857, 1.78746, 1.81469, 1.79389, 1.77025, 1.77114, 1.78646, 1.73922, 2.12289, 2.12461, 2.10602, 1.71232, 2.14852, 2.12795, 2.13206, 2.13174, 2.0789, 2.12755, 2.11305, 2.08953, 2.07137, 2.05497, 1.84808, 1.84612, 2.05668, 2.05843, 2.11971, 2.07086, 2.07555, 2.12214, 2.12428, 2.14608, 2.13638, 2.13536, 2.09982, 2.12697, 2.11978, 2.14903, 2.1736, 2.1771, 2.16282, 2.16197, 2.18805, 2.22133, 2.20032, 2.17424, 2.17324, 2.17303, 2.18367, 2.19037, 2.18734, 2.17232, 2.15922, 2.15897, 2.18311, 2.18631, 2.18723, 2.21206, 2.23555, 2.23608, 2.23616, 2.22839, 2.23774, 2.25042, 2.24637, 2.28099, 2.28745, 2.3109, 2.29236, 2.33084, 2.31371, 2.34742, 2.32883, 2.35004, 2.35651, 2.35666, 2.36245, 2.37634, 2.37115, 2.37979, 2.39462, 2.40393, 2.40445, 2.419, 2.43291, 2.43411, 2.45292, 2.49048, 2.47667, 2.49716, 2.49715, 2.5073, 2.50508, 
0.0100327, 0.0139889, 0.0336554, 0.0486855, 0.0836651, 0.0695558, 0.0663426, 0.0940109, 0.0937121, 0.0677475, 0.0995949, 0.114745, 0.102872, 0.118624, 0.147719, 0.119015, 0.18331, 0.180375, 0.144638, 0.165926, 0.211538, 0.207527, 0.19348, 0.193821, 0.2461, 0.248424, 0.210393, 0.220747, 0.252923, 0.265096, 0.262447, 0.291373, 0.271722, 0.314312, 0.303914, 0.310073, 0.331995, 0.325578, 0.33122, 0.338095, 0.362051, 0.359664, 0.363847, 0.351131, 0.367449, 0.385664, 0.351217, 0.409519, 0.426073, 0.398043, 0.432085, 0.431151, 0.437393, 0.448611, 0.443676, 0.477496, 0.47763, 0.489499, 0.473907, 0.514419, 0.504831, 0.518206, 0.536997, 0.548759, 0.541021, 0.56673, 0.569652, 0.574104, 0.573384, 0.563776, 0.593622, 0.588067, 0.632614, 0.632075, 0.622832, 0.613836, 0.659524, 0.629709, 0.641541, 0.65343, 0.673863, 0.66731, 0.684972, 0.68503, 0.711461, 0.698049, 0.721908, 0.730171, 0.745579, 0.769516, 0.753726, 0.842495, 0.831815, 0.852629, 0.836824, 0.857775, 0.856383, 0.872473, 0.870886, 0.883505, 0.933085, 0.950818, 0.938726, 0.907717, 0.89915, 0.876941, 0.877807, 0.879614, 0.970403, 0.971974, 0.941037, 1.02549, 0.967145, 0.936025, 0.949595, 0.94857, 0.953491, 1.03159, 1.00992, 1.03196, 1.02603, 1.03529, 1.03345, 1.06733, 1.07079, 1.06616, 1.04649, 1.0743, 1.09257, 1.10253, 1.10002, 1.0144, 1.02443, 0.975128, 0.981098, 0.987878, 0.980832, 1.17438, 1.17497, 1.19566, 1.19118, 1.20411, 1.21654, 1.22907, 1.23642, 1.23308, 1.23342, 1.24449, 1.25562, 1.26622, 1.27569, 1.27325, 1.28202, 1.29184, 1.2993, 1.32037, 1.31171, 1.3292, 1.51302, 1.52715, 1.44055, 1.40636, 1.40618, 1.27774, 1.36285, 1.36304, 1.34328, 1.38214, 1.36332, 1.37249, 1.35868, 1.3821, 1.39976, 1.4168, 1.41715, 1.43407, 1.43707, 1.50399, 1.54797, 1.54895, 1.5867, 1.67504, 1.67931, 1.68225, 1.68307, 1.69859, 1.74823, 1.72539, 1.75066, 1.80662, 1.78857, 1.82105, 1.81248, 1.83519, 1.8428, 1.84273, 1.88346, 1.85245, 1.85279, 1.85798, 1.85459, 1.85861, 1.86265, 1.87348, 1.86982, 1.81341, 1.79811, 1.79959, 1.81305, 1.7791, 1.77443, 1.76317, 1.7557, 1.7267, 1.72216, 1.72204, 1.6995, 1.68869, 1.69476, 1.67524, 1.69279, 1.6956, 2.11747, 2.0918, 2.07479, 2.0946, 2.0626, 2.07736, 2.06631, 2.07744, 1.78374, 1.77294, 1.78553, 1.7587, 1.78658, 1.78581, 1.84113, 2.09157, 2.10731, 2.14117, 2.10296, 2.09883, 2.12456, 2.15371, 2.15971, 2.16033, 2.14784, 2.18371, 2.1978, 2.15873, 2.18618, 2.20326, 2.1957, 2.20049, 2.2003, 2.20025, 2.18649, 2.18314, 2.16333, 2.16643, 2.21724, 2.18633, 2.1866, 2.19482, 2.1974, 2.19397, 2.24215, 2.22055, 2.26354, 2.2433, 2.22943, 2.26154, 2.27054, 2.30098, 2.30313, 2.30084, 2.31462, 2.3219, 2.30221, 2.35739, 2.31733, 2.35642, 2.37276, 2.35044, 2.39119, 2.42798, 2.38999, 2.38888, 2.41056, 2.41614, 2.42394, 2.4499, 2.41248, 2.44165, 2.49049, 2.47308, 2.49079, 2.4834, 2.4839, 2.51879, 
0.0138401, 0.0170104, 0.00367112, 0.0462149, 0.0480569, 0.051477, 0.0764189, 0.0444019, 0.0726386, 0.113096, 0.064756, 0.116894, 0.0953148, 0.107722, 0.133113, 0.133975, 0.176153, 0.179474, 0.186471, 0.180613, 0.176944, 0.178483, 0.20057, 0.20198, 0.194191, 0.212334, 0.217944, 0.25631, 0.273581, 0.276638, 0.261951, 0.249586, 0.264233, 0.2721, 0.29098, 0.281023, 0.298631, 0.317644, 0.307831, 0.359431, 0.331312, 0.345057, 0.347279, 0.367244, 0.397475, 0.397233, 0.376161, 0.372862, 0.417716, 0.400194, 0.432165, 0.437178, 0.432584, 0.448692, 0.462363, 0.472835, 0.465323, 0.464076, 0.494174, 0.486962, 0.500606, 0.493801, 0.546354, 0.51891, 0.536088, 0.532681, 0.546568, 0.568789, 0.548833, 0.590164, 0.580209, 0.600432, 0.59158, 0.596476, 0.601704, 0.611739, 0.625591, 0.636715, 0.663091, 0.648415, 0.649676, 0.687327, 0.693258, 0.684782, 0.68655, 0.706143, 0.721273, 0.71577, 0.736598, 0.750439, 0.743749, 0.777321, 0.81528, 0.809768, 0.813053, 0.817651, 0.839557, 0.84657, 0.844161, 0.861914, 0.897222, 0.894392, 0.894469, 0.908299, 0.912444, 0.902826, 0.940079, 0.932689, 0.949502, 0.954595, 0.971201, 1.01438, 1.0043, 0.966816, 0.967961, 1.01688, 1.00722, 1.00907, 1.00211, 1.01196, 1.01117, 1.00985, 1.02946, 1.04145, 1.04758, 1.05182, 1.07131, 1.08913, 1.09039, 1.09253, 1.10254, 1.10406, 1.11993, 1.12277, 1.13053, 1.14374, 1.147, 1.16472, 1.18149, 1.1841, 1.20028, 1.19211, 1.20691, 1.22562, 1.21972, 1.24009, 1.25754, 1.24244, 1.24415, 1.26045, 1.27861, 1.26799, 1.28935, 1.28873, 1.30035, 1.30423, 1.32292, 1.33738, 1.44725, 1.34557, 1.33911, 1.3542, 1.39633, 1.38113, 1.41731, 1.44109, 1.44088, 1.29814, 1.30999, 1.31082, 1.33119, 1.314, 1.33105, 1.31913, 1.39836, 1.40036, 1.4169, 1.42914, 1.44678, 1.45533, 1.47455, 1.59892, 1.59273, 1.62612, 1.68578, 1.68813, 1.70741, 1.69452, 1.71573, 1.73777, 1.82179, 1.76632, 1.79704, 1.83065, 1.834, 1.85942, 1.86219, 1.85291, 1.86485, 1.86273, 1.86242, 1.85446, 1.8663, 1.49644, 1.45862, 1.44138, 1.44036, 1.43681, 1.80373, 1.8204, 1.76205, 1.74143, 1.7344, 1.70793, 1.70054, 1.71751, 1.66538, 1.65835, 1.62409, 1.63688, 1.66629, 1.66147, 1.65521, 2.09692, 2.09464, 2.09978, 2.06224, 2.02784, 2.07354, 2.05341, 1.77827, 1.77829, 1.73694, 1.77616, 1.79995, 1.78474, 1.80442, 2.08325, 2.10347, 2.1508, 2.11396, 2.09624, 2.11797, 2.12248, 2.14334, 2.14936, 2.14106, 2.1482, 2.18391, 2.18835, 2.22177, 2.12681, 2.16194, 2.1586, 2.16994, 2.21436, 2.18732, 2.16963, 2.14865, 2.17414, 2.18303, 2.1761, 2.17413, 2.19077, 2.20926, 2.21277, 2.21128, 2.23512, 2.22488, 2.22866, 2.22453, 2.26207, 2.24822, 2.27293, 2.2752, 2.29498, 2.32086, 2.32064, 2.34559, 2.34089, 2.3403, 2.35326, 2.34608, 2.35902, 2.34915, 2.3696, 2.3721, 2.36683, 2.40863, 2.4178, 2.43128, 2.41619, 2.42186, 2.44552, 2.45286, 2.47762, 2.46886, 2.4909, 2.50444, 2.51357, 
0.0088784, 0.0150764, 0.0207132, 0.0174289, 0.031629, 0.0285763, 0.0635367, 0.0835544, 0.0619233, 0.131381, 0.0733291, 0.0867762, 0.096588, 0.121486, 0.12076, 0.120473, 0.15883, 0.15283, 0.178634, 0.13598, 0.198198, 0.176889, 0.240987, 0.218134, 0.224636, 0.225568, 0.21556, 0.221794, 0.235272, 0.227737, 0.261582, 0.2616, 0.248205, 0.28426, 0.332674, 0.303938, 0.325558, 0.308356, 0.332378, 0.314736, 0.312593, 0.353081, 0.327914, 0.390157, 0.376617, 0.359806, 0.375272, 0.411617, 0.421813, 0.410633, 0.410464, 0.412674, 0.466001, 0.469329, 0.476216, 0.47589, 0.457189, 0.47093, 0.491681, 0.500927, 0.497591, 0.518564, 0.511001, 0.504338, 0.507313, 0.531254, 0.555915, 0.549761, 0.541596, 0.563881, 0.593585, 0.601303, 0.581206, 0.59718, 0.614454, 0.605787, 0.630635, 0.625386, 0.632914, 0.643159, 0.662976, 0.670242, 0.655791, 0.690215, 0.689293, 0.695714, 0.716207, 0.708057, 0.714088, 0.724336, 0.736017, 0.746741, 0.815569, 0.815856, 0.827042, 0.842365, 0.848783, 0.85656, 0.836871, 0.877258, 0.887956, 0.880604, 0.861165, 0.887386, 0.894747, 0.910155, 0.912619, 0.918764, 0.919384, 0.900558, 0.929924, 0.935745, 0.935522, 0.944529, 0.948377, 0.964302, 0.955969, 1.00528, 0.995917, 0.992042, 0.998402, 1.0266, 1.02431, 1.02631, 1.04309, 1.04226, 1.07198, 1.06372, 1.08502, 1.08181, 1.10338, 1.0948, 1.15145, 1.11437, 1.12242, 1.13986, 1.14436, 1.15956, 1.16551, 1.16884, 1.18487, 1.20464, 1.19116, 1.20092, 1.24731, 1.23977, 1.22373, 1.24241, 1.25078, 1.2534, 1.25768, 1.27315, 1.28146, 1.2993, 1.29871, 1.29907, 1.30571, 1.44785, 1.36866, 1.35142, 1.36104, 1.35188, 1.36641, 1.36681, 1.38197, 1.392, 1.28085, 1.28876, 1.28751, 1.27442, 1.27297, 1.31658, 1.30564, 1.30787, 1.40392, 1.41909, 1.40664, 1.40245, 1.43018, 1.43795, 1.40298, 1.40397, 1.39665, 1.38875, 1.38886, 1.66548, 1.63659, 1.64744, 1.73348, 1.69667, 1.75274, 1.76927, 1.77673, 1.81424, 1.84069, 1.85171, 1.84844, 1.87648, 1.86237, 1.86132, 1.86084, 1.85208, 1.84222, 1.82583, 1.47237, 1.4758, 1.47913, 1.49977, 1.51947, 1.5277, 1.74328, 1.74556, 1.40514, 1.40723, 1.39869, 1.38806, 1.62726, 1.61593, 1.5816, 1.57887, 1.58905, 1.59222, 1.61831, 1.65858, 2.01411, 2.03091, 2.00548, 2.00409, 2.0206, 2.07614, 1.96878, 1.796, 1.74265, 1.7423, 1.76109, 1.77249, 1.78274, 1.87124, 2.00293, 2.09736, 2.11375, 2.11429, 2.13191, 2.15296, 2.12548, 2.12907, 2.13781, 2.15902, 2.15302, 2.17, 2.1695, 2.14947, 2.13218, 2.12885, 2.17309, 2.18621, 2.19709, 2.1961, 2.1666, 2.15668, 2.16253, 2.17018, 2.18928, 2.18242, 2.18997, 2.18952, 2.21162, 2.23486, 2.22308, 2.23783, 2.23157, 2.24806, 2.2588, 2.26151, 2.28034, 2.29583, 2.30496, 2.28056, 2.31915, 2.34876, 2.31738, 2.32684, 2.37168, 2.34708, 2.34331, 2.36937, 2.40222, 2.39166, 2.39971, 2.40936, 2.42064, 2.39521, 2.41378, 2.42487, 2.44271, 2.44088, 2.46217, 2.47966, 2.46516, 2.48805, 
0.0182096, 0.0179647, 0.00688894, 0.0274857, 0.0288146, 0.0389109, 0.056349, 0.0755699, 0.0729569, 0.0690023, 0.0931692, 0.0655073, 0.0765712, 0.0837801, 0.124259, 0.131884, 0.144839, 0.159271, 0.157858, 0.159389, 0.176486, 0.195719, 0.190249, 0.224478, 0.222686, 0.224937, 0.203904, 0.234485, 0.20689, 0.225325, 0.229285, 0.261975, 0.259843, 0.294007, 0.337699, 0.29854, 0.328273, 0.290301, 0.35949, 0.314441, 0.346419, 0.344607, 0.35572, 0.355514, 0.358268, 0.359722, 0.372063, 0.404437, 0.417645, 0.403018, 0.42518, 0.443422, 0.434263, 0.458285, 0.447511, 0.545984, 0.466908, 0.457057, 0.452538, 0.465559, 0.500207, 0.489836, 0.490041, 0.507294, 0.517858, 0.518561, 0.52559, 0.568245, 0.56524, 0.5768, 0.577076, 0.586299, 0.584369, 0.603131, 0.600713, 0.60078, 0.611845, 0.612054, 0.629277, 0.653028, 0.647046, 0.678598, 0.677311, 0.665652, 0.702906, 0.708201, 0.721703, 0.694719, 0.719, 0.728324, 0.737896, 0.746623, 0.759856, 0.76649, 0.770921, 0.763636, 0.842919, 0.842848, 0.853131, 0.885285, 0.88282, 0.881884, 0.874665, 0.884691, 0.901922, 0.894924, 0.890241, 0.898418, 0.9167, 0.915675, 0.915735, 0.937042, 0.925597, 0.938732, 0.950485, 0.961173, 0.960557, 0.973011, 1.0014, 0.986982, 1.00207, 1.00452, 1.00748, 1.02898, 1.02962, 1.04337, 1.06162, 1.07012, 1.07338, 1.09494, 1.07332, 1.09498, 1.12647, 1.11298, 1.1224, 1.13984, 1.1474, 1.14748, 1.15227, 1.15839, 1.18802, 1.17748, 1.19, 1.20273, 1.2121, 1.21683, 1.22296, 1.23816, 1.2422, 1.24964, 1.26512, 1.26208, 1.28764, 1.28853, 1.29478, 1.30279, 1.30318, 1.30144, 1.40545, 1.36397, 1.34743, 1.34755, 1.25829, 1.39589, 1.38957, 1.38938, 1.39155, 1.29577, 1.30969, 1.31927, 1.30804, 1.31903, 1.33686, 1.37139, 1.37753, 1.38247, 1.37602, 1.37326, 1.38944, 1.3471, 1.3308, 1.33447, 1.32601, 1.35126, 1.38995, 1.63444, 1.62413, 1.64017, 1.64381, 1.66838, 1.63399, 1.64142, 1.65517, 1.69932, 1.79224, 1.81101, 1.86608, 1.84836, 1.8624, 1.85631, 1.86527, 1.8279, 1.82688, 1.50867, 1.4719, 1.51216, 1.51264, 1.50968, 1.48676, 1.50127, 1.50156, 1.39258, 1.38629, 1.35595, 1.38306, 1.38189, 1.36716, 1.379, 1.37599, 1.58202, 1.53695, 1.57147, 1.57668, 1.61012, 1.61187, 2.02154, 1.98672, 2.04598, 1.97647, 1.9684, 1.77215, 1.77358, 1.79115, 1.75804, 1.76181, 1.77584, 1.8014, 1.8754, 1.97678, 2.10845, 2.10572, 2.105, 2.15816, 2.13444, 2.12084, 2.08845, 2.09795, 2.11732, 2.14539, 2.14319, 2.18006, 2.16353, 2.12353, 2.13506, 2.14237, 2.17331, 2.16006, 2.16251, 2.16673, 2.15335, 2.16985, 2.17188, 2.16842, 2.21854, 2.18858, 2.201, 2.23192, 2.21703, 2.24707, 2.24254, 2.2443, 2.25352, 2.24469, 2.24407, 2.26318, 2.28018, 2.28256, 2.29719, 2.3247, 2.30535, 2.31135, 2.3357, 2.34974, 2.33122, 2.34575, 2.35402, 2.38144, 2.37441, 2.37614, 2.42286, 2.39188, 2.41349, 2.41507, 2.41798, 2.43863, 2.46436, 2.45901, 2.47287, 2.47929, 2.50857, 
0.00931117, 0.0154411, 0.0260385, 0.00931999, 0.0510561, 0.0323522, 0.0173801, 0.0252439, 0.0486882, 0.0688192, 0.0626437, 0.0973458, 0.0661428, 0.0660711, 0.11299, 0.14255, 0.127285, 0.117346, 0.142488, 0.162597, 0.183171, 0.183316, 0.155109, 0.196866, 0.184093, 0.20844, 0.253786, 0.218051, 0.214721, 0.225156, 0.225144, 0.244196, 0.242155, 0.29543, 0.272898, 0.276549, 0.272414, 0.339024, 0.319014, 0.331126, 0.327511, 0.331723, 0.376566, 0.356899, 0.363177, 0.366849, 0.363441, 0.397036, 0.374308, 0.374539, 0.406569, 0.415255, 0.404977, 0.44438, 0.44504, 0.566495, 0.483996, 0.466322, 0.455997, 0.47979, 0.480211, 0.476815, 0.489751, 0.488684, 0.499496, 0.541512, 0.525348, 0.546348, 0.545309, 0.561063, 0.577228, 0.57989, 0.597404, 0.617431, 0.622631, 0.595039, 0.601486, 0.625672, 0.632465, 0.629775, 0.642955, 0.642688, 0.67155, 0.661725, 0.677314, 0.69135, 0.702067, 0.695538, 0.72899, 0.715487, 0.721478, 0.745705, 0.740605, 0.771906, 0.769978, 0.771385, 0.783916, 0.800097, 0.829672, 0.83825, 0.837797, 0.863318, 0.879219, 0.898176, 0.898251, 0.894012, 0.898458, 0.894418, 0.894142, 0.896981, 0.912287, 0.911813, 0.91843, 0.928909, 0.946696, 0.953354, 0.952464, 0.960672, 0.960435, 0.978674, 0.988454, 1.00229, 0.996244, 1.01908, 1.0174, 1.03597, 1.03691, 1.04951, 1.05519, 1.08152, 1.08906, 1.08839, 1.10912, 1.11214, 1.11201, 1.11742, 1.14151, 1.15397, 1.15369, 1.14866, 1.1581, 1.18073, 1.19018, 1.19621, 1.20975, 1.20922, 1.22312, 1.22365, 1.23073, 1.24306, 1.24367, 1.25689, 1.27671, 1.27004, 1.2759, 1.2927, 1.3003, 1.30478, 1.38175, 1.36817, 1.26379, 1.2139, 1.26468, 1.25687, 1.27018, 1.2829, 1.30577, 1.39639, 1.30743, 1.30617, 1.427, 1.42723, 1.46872, 1.46743, 1.46935, 1.38659, 1.41065, 1.36077, 1.34292, 1.29866, 1.27793, 1.27542, 1.29307, 1.28923, 1.29065, 1.3091, 1.29336, 1.61121, 1.601, 1.63319, 1.63632, 1.64722, 1.67111, 1.66119, 1.66012, 1.70282, 1.65985, 1.66089, 1.67132, 1.84918, 1.57829, 1.48919, 1.46922, 1.43815, 1.42777, 1.40315, 1.44833, 1.42489, 1.42548, 1.48316, 1.69999, 1.67036, 1.68671, 1.35755, 1.36061, 1.33885, 1.32002, 1.34425, 1.34985, 1.3539, 1.33353, 1.51714, 1.55514, 1.57493, 1.60422, 1.65783, 1.929, 1.95937, 1.76109, 1.72773, 1.75519, 1.74433, 1.75294, 1.74552, 1.74493, 1.75716, 1.75776, 1.75091, 1.9393, 2.08842, 2.08162, 2.08336, 2.07954, 2.08955, 2.09094, 2.0791, 2.07674, 2.12234, 2.11761, 2.11954, 2.12034, 2.11232, 2.12875, 2.12267, 2.12312, 2.17217, 2.1709, 2.1617, 2.16327, 2.16643, 2.16763, 2.21456, 2.17005, 2.1692, 2.18021, 2.18013, 2.20567, 2.2043, 2.20735, 2.23001, 2.23228, 2.26948, 2.26954, 2.24795, 2.26407, 2.27477, 2.3021, 2.30644, 2.28819, 2.30178, 2.30118, 2.30875, 2.36986, 2.32331, 2.33949, 2.34859, 2.35931, 2.3769, 2.3941, 2.40864, 2.42916, 2.38829, 2.46048, 2.40952, 2.42868, 2.45722, 2.43316, 2.47226, 2.47833, 2.46953, 
0.00983591, 0.00647681, 0.0447686, 0.0234704, 0.00733083, 0.053779, 0.0607911, 0.0508355, 0.0632599, 0.0690789, 0.0421869, 0.0680239, 0.0667223, 0.110221, 0.114641, 0.100943, 0.144595, 0.154335, 0.15649, 0.140333, 0.143452, 0.166445, 0.194173, 0.187481, 0.183232, 0.193921, 0.195933, 0.220616, 0.221788, 0.223607, 0.245956, 0.228392, 0.286716, 0.274233, 0.271387, 0.276083, 0.276938, 0.294727, 0.3047, 0.302736, 0.327583, 0.355737, 0.34231, 0.341626, 0.37286, 0.366078, 0.361139, 0.366845, 0.413151, 0.369787, 0.418597, 0.415728, 0.423359, 0.438886, 0.439414, 0.456559, 0.479694, 0.47926, 0.472963, 0.460426, 0.456035, 0.467512, 0.513226, 0.50718, 0.524924, 0.538546, 0.525211, 0.524451, 0.528191, 0.553451, 0.581548, 0.572964, 0.567735, 0.587311, 0.588875, 0.588016, 0.628658, 0.606453, 0.60426, 0.623348, 0.662727, 0.649258, 0.666649, 0.668221, 0.663413, 0.695232, 0.683797, 0.715869, 0.709581, 0.728006, 0.73005, 0.731573, 0.741433, 0.753232, 0.766836, 0.771182, 0.808513, 0.77533, 0.785503, 0.7995, 0.809397, 0.822991, 0.826111, 0.824917, 0.86963, 0.880136, 0.871377, 0.894578, 0.882402, 0.894221, 0.901345, 0.910413, 0.909579, 0.920981, 0.942121, 0.945619, 0.945488, 0.954534, 0.963344, 0.971592, 0.988773, 0.984468, 0.988973, 1.01982, 1.0221, 1.03215, 1.04047, 1.03948, 1.04699, 1.0722, 1.08513, 1.0917, 1.09253, 1.0873, 1.10167, 1.11633, 1.12931, 1.12984, 1.16473, 1.14353, 1.16882, 1.16219, 1.17806, 1.20535, 1.20113, 1.1996, 1.21665, 1.22974, 1.2309, 1.23923, 1.24147, 1.24224, 1.26012, 1.26248, 1.28317, 1.29666, 1.29267, 1.31249, 1.373, 1.37425, 1.35771, 1.337, 1.26695, 1.27113, 1.27198, 1.26615, 1.28492, 1.3206, 1.30199, 1.34112, 1.41739, 1.42306, 1.4608, 1.43566, 1.44709, 1.46351, 1.21461, 1.21652, 1.23314, 1.2313, 1.2358, 1.23641, 1.26919, 1.26872, 1.24788, 1.25413, 1.2501, 1.2962, 1.28404, 1.67862, 1.7041, 1.67906, 1.68667, 1.78595, 1.80277, 1.68818, 1.67925, 1.67493, 1.67292, 1.56435, 1.56813, 1.56764, 1.46252, 1.41735, 1.3805, 1.38134, 1.38893, 1.41335, 1.39462, 1.3967, 1.405, 1.41976, 1.4747, 1.90427, 1.91106, 1.33569, 1.33384, 1.31879, 1.29774, 1.29423, 1.30186, 1.30012, 1.29544, 1.29601, 1.29915, 1.30967, 1.29761, 1.91678, 1.75017, 1.70999, 1.73478, 1.71993, 1.72013, 1.73088, 1.75101, 1.77958, 1.7823, 1.79058, 2.06618, 2.06277, 2.04816, 2.08723, 2.082, 2.08693, 2.09623, 2.08714, 2.08507, 2.08724, 2.12729, 2.08542, 2.12778, 2.11492, 2.10698, 2.12707, 2.1361, 2.15207, 2.16556, 2.16883, 2.19732, 2.15591, 2.12763, 2.15186, 2.15184, 2.16649, 2.1658, 2.22907, 2.19884, 2.20485, 2.21435, 2.21766, 2.23109, 2.23139, 2.24221, 2.26406, 2.26388, 2.24464, 2.30084, 2.27251, 2.28493, 2.31019, 2.30853, 2.3282, 2.32525, 2.33539, 2.3491, 2.36368, 2.35352, 2.36618, 2.41045, 2.41301, 2.38124, 2.4112, 2.40818, 2.41505, 2.43955, 2.47308, 2.43259, 2.42893, 2.48108, 2.46397, 
0.0178011, 0.0417062, 0.019383, 0.0207221, 0.0166852, 0.0195542, 0.0379042, 0.0385443, 0.0691853, 0.0492771, 0.110805, 0.0995049, 0.0577463, 0.0837668, 0.111205, 0.0945091, 0.160944, 0.116554, 0.130772, 0.142302, 0.13437, 0.163477, 0.177102, 0.187096, 0.185067, 0.172217, 0.210336, 0.221983, 0.277048, 0.203929, 0.23504, 0.233119, 0.241543, 0.254564, 0.249283, 0.249958, 0.257043, 0.290491, 0.283961, 0.300978, 0.300268, 0.333488, 0.37007, 0.331951, 0.331503, 0.333302, 0.34946, 0.349538, 0.367998, 0.370136, 0.401501, 0.413429, 0.396756, 0.410181, 0.451539, 0.453178, 0.469465, 0.472036, 0.476745, 0.481035, 0.47804, 0.496941, 0.48712, 0.487965, 0.489704, 0.517915, 0.51091, 0.54487, 0.534507, 0.530953, 0.561604, 0.57655, 0.566985, 0.567536, 0.567771, 0.584005, 0.604761, 0.600619, 0.621173, 0.619554, 0.637132, 0.632089, 0.646091, 0.663364, 0.657507, 0.686721, 0.681292, 0.686666, 0.698465, 0.713582, 0.719797, 0.736393, 0.752652, 0.746222, 0.753847, 0.77971, 0.773249, 0.76352, 0.79378, 0.78559, 0.794196, 0.807685, 0.808131, 0.830902, 0.836255, 0.868035, 0.856409, 0.862045, 0.88148, 0.883819, 0.891473, 0.898123, 0.914915, 0.915076, 0.92066, 0.939267, 0.939717, 0.957791, 0.949215, 0.961748, 0.961332, 0.974562, 0.977979, 0.985549, 1.0013, 1.00602, 1.02243, 1.03983, 1.04981, 1.0889, 1.08897, 1.07508, 1.07939, 1.08093, 1.10017, 1.10631, 1.11611, 1.11867, 1.13981, 1.13874, 1.14802, 1.16457, 1.16379, 1.16953, 1.157, 1.15736, 1.20619, 1.21288, 1.21244, 1.17373, 1.22762, 1.2612, 1.25032, 1.27067, 1.28437, 1.28982, 1.30021, 1.29315, 1.28571, 1.36792, 1.3613, 1.3538, 1.24079, 1.23623, 1.23796, 1.21569, 1.23356, 1.2417, 1.39701, 1.39298, 1.41493, 1.42633, 1.19454, 1.1939, 1.19301, 1.21115, 1.20948, 1.21979, 1.21189, 1.21206, 1.2152, 1.20962, 1.20886, 1.23464, 1.23598, 1.24384, 1.244, 1.64546, 1.64567, 1.65641, 1.66625, 1.68455, 1.68613, 1.6808, 1.70693, 1.79878, 1.76648, 1.76601, 1.52215, 1.52323, 1.53875, 1.53538, 1.52284, 1.45071, 1.43792, 1.42445, 1.42633, 1.39839, 1.41864, 1.4361, 1.44265, 1.42104, 1.42062, 1.42092, 1.90962, 1.37755, 1.34182, 1.27791, 1.24286, 1.26841, 1.26793, 1.2522, 1.28147, 1.25632, 1.2916, 1.26692, 1.28947, 1.7524, 1.91157, 1.93446, 1.93379, 1.92758, 1.92593, 1.74173, 1.74088, 1.75005, 2.04565, 2.04282, 2.06948, 2.05871, 2.05688, 2.06942, 2.06629, 2.07327, 2.08927, 2.10397, 2.08245, 2.0941, 2.1113, 2.10937, 2.11014, 2.13443, 2.13291, 2.10027, 2.09814, 2.13524, 2.14135, 2.15321, 2.15608, 2.14564, 2.14301, 2.14209, 2.16534, 2.14943, 2.15382, 2.18034, 2.20183, 2.21069, 2.20904, 2.21498, 2.21428, 2.21102, 2.22062, 2.25543, 2.27411, 2.24109, 2.27984, 2.27951, 2.27692, 2.31075, 2.29063, 2.32943, 2.33122, 2.3156, 2.31528, 2.33185, 2.33199, 2.34036, 2.39416, 2.38044, 2.38082, 2.39107, 2.42256, 2.42554, 2.43544, 2.44245, 2.41847, 2.42553, 2.42529, 2.464, 
0.00434935, 0.0294891, 0.018169, 0.0138864, 0.021184, 0.0213964, 0.0101146, 0.0419513, 0.0307236, 0.0572253, 0.0485415, 0.0791735, 0.0562282, 0.0662344, 0.0930139, 0.0961636, 0.0948696, 0.142332, 0.134438, 0.164962, 0.145568, 0.146077, 0.193493, 0.192764, 0.190649, 0.192596, 0.194012, 0.175304, 0.201415, 0.220708, 0.245081, 0.242455, 0.263267, 0.279579, 0.250106, 0.248204, 0.28332, 0.334229, 0.277432, 0.283551, 0.308392, 0.328706, 0.324733, 0.330895, 0.31826, 0.350414, 0.345573, 0.352282, 0.367854, 0.376907, 0.385743, 0.385711, 0.407701, 0.391938, 0.429343, 0.489976, 0.442953, 0.472369, 0.447863, 0.441349, 0.456296, 0.462764, 0.493838, 0.494767, 0.535697, 0.490968, 0.490909, 0.521635, 0.563024, 0.534215, 0.541305, 0.552016, 0.548181, 0.580563, 0.563411, 0.579406, 0.622064, 0.612303, 0.604133, 0.637124, 0.628193, 0.646036, 0.639376, 0.658561, 0.649843, 0.666355, 0.663558, 0.698248, 0.708891, 0.711889, 0.714839, 0.714866, 0.739095, 0.733249, 0.753179, 0.766763, 0.763786, 0.773036, 0.779588, 0.788215, 0.80166, 0.800909, 0.804847, 0.858967, 0.852178, 0.849752, 0.850011, 0.857685, 0.867202, 0.883542, 0.88367, 0.9019, 0.911536, 0.905409, 0.919534, 0.920069, 0.922886, 0.94286, 0.94969, 0.959077, 0.963173, 0.978102, 0.984474, 0.982767, 1.01273, 1.01845, 1.02661, 1.0375, 1.04327, 1.04823, 1.06088, 1.0597, 1.0636, 1.07204, 1.10897, 1.12997, 1.11205, 1.12986, 1.13301, 1.13954, 1.14401, 1.14447, 1.16116, 1.16797, 1.15931, 1.13798, 1.13838, 1.14692, 1.20823, 1.13771, 1.15482, 1.16832, 1.20337, 1.24054, 1.2475, 1.25819, 1.28504, 1.28779, 1.37151, 1.36381, 1.33788, 1.3357, 1.33615, 1.35185, 1.34884, 1.35054, 1.3642, 1.37499, 1.38897, 1.38268, 1.23749, 1.2129, 1.21513, 1.2159, 1.23396, 1.45238, 1.45489, 1.46003, 1.20349, 1.20926, 1.22609, 1.1844, 1.1961, 1.22102, 1.20039, 1.2048, 1.61743, 1.61098, 1.62802, 1.63115, 1.66737, 1.66067, 1.67871, 1.67395, 1.6892, 1.68503, 1.70607, 1.51899, 1.86145, 1.53083, 1.5312, 1.65892, 1.5194, 1.41877, 1.42901, 1.43612, 1.4796, 1.47818, 1.46812, 1.51289, 1.5341, 1.48906, 1.52033, 1.87009, 1.89801, 1.4234, 1.30296, 1.24234, 1.23516, 1.23339, 1.26117, 1.22053, 1.22478, 1.24302, 1.22882, 1.2508, 1.24507, 1.27478, 1.95901, 1.93047, 1.94173, 2.02895, 2.03155, 2.01112, 1.76117, 1.74723, 2.03579, 2.04525, 2.0525, 2.05638, 2.03749, 2.03548, 2.05878, 2.07849, 2.06289, 2.09242, 2.07694, 2.07613, 2.07921, 2.06893, 2.06738, 2.07957, 2.12426, 2.11703, 2.11446, 2.14637, 2.1178, 2.13854, 2.13646, 2.1595, 2.14859, 2.15576, 2.12544, 2.1469, 2.14842, 2.17011, 2.19472, 2.19325, 2.19296, 2.19432, 2.2134, 2.20471, 2.24477, 2.22841, 2.27052, 2.2622, 2.24866, 2.19614, 2.22139, 2.26162, 2.32989, 2.29288, 2.31839, 2.34156, 2.33006, 2.33133, 2.33031, 2.35227, 2.34595, 2.37353, 2.40488, 2.41135, 2.41897, 2.41086, 2.41443, 2.41879, 2.43453, 2.4515, 2.45302, 2.45952, 
0.030357, 0.0346245, 0.027369, 0.0316774, 0.0140575, 0.0213371, 0.0464152, 0.0457638, 0.0183084, 0.0560403, 0.0533128, 0.0519501, 0.0721202, 0.105996, 0.0662598, 0.0792679, 0.0996653, 0.124187, 0.106215, 0.106684, 0.141659, 0.179482, 0.168692, 0.164788, 0.16706, 0.181738, 0.201579, 0.178851, 0.217613, 0.216698, 0.208292, 0.210634, 0.217489, 0.237878, 0.248633, 0.249191, 0.259022, 0.265797, 0.28309, 0.331954, 0.277231, 0.327899, 0.313641, 0.342496, 0.324101, 0.332333, 0.36422, 0.383173, 0.361517, 0.385976, 0.404659, 0.380348, 0.410241, 0.393596, 0.434948, 0.413567, 0.418381, 0.454868, 0.459952, 0.46759, 0.46532, 0.46288, 0.460774, 0.500591, 0.491823, 0.497267, 0.491019, 0.520523, 0.517459, 0.510725, 0.553083, 0.542095, 0.56199, 0.558793, 0.560727, 0.562206, 0.603489, 0.60168, 0.609062, 0.611142, 0.628763, 0.628627, 0.640489, 0.666606, 0.652496, 0.67463, 0.673279, 0.680978, 0.689724, 0.711604, 0.702672, 0.728321, 0.72912, 0.75363, 0.731357, 0.743473, 0.75001, 0.752454, 0.772375, 0.780925, 0.782901, 0.790922, 0.819053, 0.808334, 0.837083, 0.835348, 0.853669, 0.860084, 0.859329, 0.867774, 0.881641, 0.88814, 0.896057, 0.898072, 0.899924, 0.912319, 0.920917, 0.938702, 0.967291, 0.954855, 0.96388, 0.983806, 0.977764, 0.979878, 1.00514, 0.999782, 1.01661, 1.02936, 1.03281, 1.02705, 1.04347, 1.06121, 1.06718, 1.06772, 1.08199, 1.07954, 1.10856, 1.10925, 1.12922, 1.13045, 1.13202, 1.13105, 1.15786, 1.15514, 1.15336, 1.11261, 1.11288, 1.13968, 1.13991, 1.14146, 1.17181, 1.15168, 1.14386, 1.1819, 1.16549, 1.2532, 1.26734, 1.35676, 1.34859, 1.29804, 1.30192, 1.33148, 1.33164, 1.33637, 1.3451, 1.34424, 1.37215, 1.36531, 1.36982, 1.3942, 1.39459, 1.39726, 1.43352, 1.42857, 1.42967, 1.42938, 1.45992, 1.45919, 1.46523, 1.46705, 1.19574, 1.19582, 1.20229, 1.54231, 1.54805, 1.54088, 1.55475, 1.55345, 1.59238, 1.61615, 1.61237, 1.64025, 1.64127, 1.62354, 1.6317, 1.68284, 1.6617, 1.5066, 1.50112, 1.54394, 1.77161, 1.77655, 1.65122, 1.44127, 1.22938, 1.22998, 1.4535, 1.14416, 1.14925, 1.17817, 1.82214, 1.21276, 1.21338, 1.24039, 1.24909, 1.21697, 1.23079, 1.23282, 1.22067, 1.20259, 1.18101, 1.18497, 1.1963, 1.20321, 1.23426, 1.25219, 1.27499, 1.97688, 2.01097, 1.98408, 2.00673, 2.01332, 2.0416, 2.02807, 1.9907, 1.99942, 2.02122, 2.02095, 2.02849, 2.03595, 2.04915, 2.04016, 2.09974, 2.0878, 2.07734, 2.05239, 2.05785, 2.06491, 2.07774, 2.0994, 2.09368, 2.10493, 2.10782, 2.12117, 2.14872, 2.11521, 2.12425, 2.11186, 2.11681, 2.10883, 2.11075, 2.11518, 2.13564, 2.15701, 2.1935, 2.15468, 2.15501, 2.17293, 2.1798, 2.19122, 2.2105, 2.22927, 2.23423, 2.25886, 2.22259, 2.23231, 2.14528, 2.18324, 2.18722, 2.27735, 2.28707, 2.30923, 2.30155, 2.33511, 2.35589, 2.3503, 2.37268, 2.35556, 2.35939, 2.36794, 2.36019, 2.35926, 2.45368, 2.38319, 2.43438, 2.41852, 2.40814, 2.41801, 2.41724, 2.44921, 
0.0265417, 0.017818, 0.0072643, 0.0139897, 0.00505855, 0.0113602, 0.0111933, 0.00999245, 0.0684865, 0.0574503, 0.0527026, 0.0682372, 0.0396411, 0.0732079, 0.117019, 0.0771248, 0.076244, 0.0886473, 0.108002, 0.114726, 0.14918, 0.137129, 0.120484, 0.135209, 0.178866, 0.172805, 0.193277, 0.174044, 0.218438, 0.218425, 0.236844, 0.231967, 0.240643, 0.256242, 0.2692, 0.266276, 0.259117, 0.277213, 0.290212, 0.325325, 0.290201, 0.293902, 0.307731, 0.293672, 0.356758, 0.327228, 0.328318, 0.363434, 0.354594, 0.356389, 0.390141, 0.405812, 0.390161, 0.38124, 0.401312, 0.411481, 0.418515, 0.453685, 0.450603, 0.446105, 0.445693, 0.467267, 0.462959, 0.500845, 0.504783, 0.507443, 0.512459, 0.505005, 0.502663, 0.529705, 0.542918, 0.547004, 0.567951, 0.559864, 0.566859, 0.566038, 0.592623, 0.573785, 0.614976, 0.620414, 0.613476, 0.621707, 0.642638, 0.651972, 0.642997, 0.651352, 0.682778, 0.68301, 0.680387, 0.707244, 0.700669, 0.726827, 0.707427, 0.717704, 0.751891, 0.748178, 0.748152, 0.780664, 0.775992, 0.788004, 0.77837, 0.78753, 0.807575, 0.810365, 0.820949, 0.821682, 0.826923, 0.855807, 0.86041, 0.866614, 0.878226, 0.877791, 0.880793, 0.896175, 0.895061, 0.916475, 0.94712, 0.93319, 0.941927, 0.963535, 0.964467, 0.974723, 0.969805, 0.977391, 0.991124, 0.992723, 1.0047, 1.0366, 1.03343, 1.0433, 1.05709, 1.05292, 1.05124, 1.07332, 1.07867, 1.07952, 1.09008, 1.10211, 1.1098, 1.11291, 1.13533, 1.1341, 1.13416, 1.16736, 1.17014, 1.16344, 1.11809, 1.09297, 1.13971, 1.1951, 1.2182, 1.18786, 1.14529, 1.14508, 1.19096, 1.2472, 1.3289, 1.33751, 1.32578, 1.28925, 1.30637, 1.3038, 1.32284, 1.33412, 1.33497, 1.35646, 1.35426, 1.36371, 1.38161, 1.40008, 1.38822, 1.40612, 1.42422, 1.4057, 1.44877, 1.43111, 1.43751, 1.44721, 1.4681, 1.46174, 1.48312, 1.49919, 1.51257, 1.5044, 1.51608, 1.54994, 1.53704, 1.54665, 1.55356, 1.56106, 1.56422, 1.57745, 1.5859, 1.64134, 1.6301, 1.65427, 1.48103, 1.50328, 1.53488, 1.74085, 1.77156, 1.21216, 1.16131, 1.12288, 1.12451, 1.09139, 1.09813, 1.09573, 1.11968, 1.12587, 1.14149, 1.17153, 1.19124, 1.19089, 1.21933, 1.22097, 1.20776, 1.20631, 1.18519, 1.15585, 1.15409, 1.88392, 1.85519, 1.93711, 1.94401, 1.94114, 1.95636, 1.99452, 1.99339, 1.98899, 1.95914, 1.99678, 1.98336, 1.97245, 1.96981, 1.96739, 1.9922, 1.99319, 2.01052, 2.00009, 2.01031, 2.03447, 2.01144, 2.01301, 2.04418, 2.04347, 2.05913, 2.08237, 2.09209, 2.10867, 2.11393, 2.12283, 2.10953, 2.12549, 2.09158, 2.0983, 2.09342, 2.09045, 2.10316, 2.11369, 2.12755, 2.1246, 2.14623, 2.16618, 2.16501, 2.16579, 2.18013, 2.17694, 2.17648, 2.17075, 2.19206, 2.19251, 2.23841, 2.22615, 2.22548, 2.22528, 2.1878, 2.2593, 2.25966, 2.26785, 2.29249, 2.28994, 2.30018, 2.33551, 2.30413, 2.31862, 2.32133, 2.39035, 2.35858, 2.35627, 2.35344, 2.39092, 2.39605, 2.41565, 2.41409, 2.41477, 2.45689, 2.45667, 2.43991, 2.42573, 
0.00625681, 0.00456988, 0.0121067, 0.00398995, 0.00360947, 0.0113023, 0.0114528, 0.059321, 0.0462474, 0.0434103, 0.064614, 0.0691681, 0.0876875, 0.0865255, 0.111083, 0.0905614, 0.0903163, 0.0918667, 0.0796875, 0.123824, 0.121947, 0.125721, 0.174033, 0.165248, 0.136028, 0.158782, 0.184679, 0.194706, 0.185686, 0.192732, 0.192104, 0.192166, 0.238944, 0.214825, 0.268959, 0.269535, 0.268882, 0.265127, 0.290189, 0.285502, 0.282648, 0.310691, 0.297383, 0.313458, 0.328456, 0.324419, 0.315549, 0.329287, 0.328315, 0.362629, 0.366178, 0.358578, 0.394877, 0.387617, 0.405565, 0.410995, 0.415567, 0.425522, 0.446126, 0.445228, 0.472523, 0.473954, 0.483424, 0.483716, 0.480706, 0.483043, 0.514483, 0.517222, 0.502424, 0.521468, 0.518791, 0.519939, 0.538681, 0.546869, 0.557162, 0.580187, 0.583269, 0.590945, 0.592028, 0.602061, 0.600896, 0.615263, 0.642586, 0.623731, 0.641663, 0.662421, 0.657326, 0.655095, 0.664963, 0.686154, 0.688663, 0.722172, 0.725153, 0.705676, 0.738083, 0.737793, 0.736937, 0.769931, 0.778032, 0.791949, 0.770681, 0.787728, 0.815656, 0.814905, 0.808422, 0.825367, 0.838136, 0.840373, 0.862098, 0.857012, 0.864252, 0.876762, 0.88293, 0.890186, 0.898624, 0.899257, 0.921474, 0.925539, 0.942407, 0.939194, 0.942554, 0.951187, 0.963922, 0.966064, 0.984714, 0.991919, 1.00587, 1.01006, 1.01756, 1.0188, 1.04631, 1.04812, 1.05041, 1.04987, 1.06916, 1.08324, 1.08896, 1.09094, 1.11138, 1.09863, 1.11592, 1.13024, 1.1313, 1.15404, 1.14659, 1.17248, 1.16421, 1.17767, 1.1817, 1.20959, 1.20302, 1.20547, 1.21245, 1.21593, 1.33459, 1.32413, 1.28138, 1.27494, 1.27531, 1.2875, 1.30098, 1.30285, 1.31952, 1.32279, 1.34008, 1.32914, 1.346, 1.34939, 1.37017, 1.37434, 1.41017, 1.38636, 1.41238, 1.40371, 1.41014, 1.43189, 1.43969, 1.44681, 1.4652, 1.45453, 1.46925, 1.47265, 1.51374, 1.49664, 1.49807, 1.50274, 1.53619, 1.54021, 1.55144, 1.56094, 1.56131, 1.5619, 1.57349, 1.57336, 1.61268, 1.62112, 1.61142, 1.62833, 1.65059, 1.72224, 1.72774, 1.71779, 1.74843, 1.36127, 1.37523, 1.36146, 1.3473, 1.36131, 1.35699, 1.35572, 1.47265, 1.46852, 1.23208, 1.21576, 1.24383, 1.24499, 1.88034, 1.87384, 1.89915, 1.87192, 1.8649, 1.86445, 1.90382, 1.94169, 1.92622, 1.95104, 1.93876, 1.98621, 1.94509, 1.96052, 1.96187, 1.97953, 1.97772, 1.95827, 1.95852, 1.96349, 1.94552, 1.99646, 1.97757, 1.98922, 2.00798, 2.00994, 2.00634, 2.04546, 2.02363, 2.03187, 2.04157, 2.05172, 2.08453, 2.11101, 2.07646, 2.06834, 2.08875, 2.08733, 2.08294, 2.06124, 2.07957, 2.10046, 2.09952, 2.09973, 2.13391, 2.13425, 2.13281, 2.12561, 2.13689, 2.17062, 2.17021, 2.18341, 2.17942, 2.20028, 2.19244, 2.19591, 2.20048, 2.20116, 2.22466, 2.15507, 2.19113, 2.14886, 2.26992, 2.30735, 2.28871, 2.28145, 2.26735, 2.29279, 2.30864, 2.31543, 2.32915, 2.32499, 2.35349, 2.37935, 2.36648, 2.41666, 2.41969, 2.41545, 2.41426, 2.39294, 2.41631, 2.44284, 2.40811, 2.43579, 
0.023563, 0.0526418, 0.00558495, 0.0316688, 0.0122753, 0.00862471, 0.00386746, 0.00403816, 0.0394808, 0.0405417, 0.0412106, 0.0339398, 0.0626302, 0.037484, 0.0650851, 0.0651702, 0.0995166, 0.0995248, 0.111404, 0.103652, 0.123936, 0.153801, 0.165817, 0.138149, 0.139471, 0.180159, 0.169183, 0.181859, 0.195464, 0.195849, 0.200153, 0.206395, 0.19959, 0.245191, 0.248946, 0.237918, 0.250672, 0.269621, 0.287305, 0.294294, 0.267292, 0.2763, 0.303277, 0.300586, 0.343011, 0.329008, 0.328955, 0.347105, 0.374249, 0.358819, 0.363913, 0.367616, 0.368234, 0.400738, 0.418086, 0.405399, 0.427111, 0.423699, 0.453389, 0.467171, 0.487309, 0.487028, 0.485919, 0.497432, 0.514749, 0.500626, 0.510587, 0.528319, 0.531912, 0.541615, 0.521709, 0.533546, 0.539954, 0.569599, 0.550183, 0.583, 0.574119, 0.590809, 0.592859, 0.595071, 0.624828, 0.622136, 0.615117, 0.622692, 0.663595, 0.646408, 0.6548, 0.65251, 0.663729, 0.674445, 0.715164, 0.704476, 0.725188, 0.698836, 0.739893, 0.736613, 0.736645, 0.773255, 0.753512, 0.75814, 0.770908, 0.790114, 0.790589, 0.797966, 0.823975, 0.803769, 0.813099, 0.827311, 0.856569, 0.838802, 0.856203, 0.862777, 0.879065, 0.891514, 0.8932, 0.90477, 0.916068, 0.916768, 0.918811, 0.927579, 0.948892, 0.957296, 0.953324, 0.96073, 0.973287, 0.994473, 0.987491, 1.00231, 1.01192, 1.02001, 1.03244, 1.027, 1.04414, 1.06486, 1.06443, 1.06613, 1.08144, 1.08284, 1.10557, 1.09877, 1.11424, 1.11206, 1.13861, 1.13299, 1.13006, 1.14144, 1.15929, 1.18207, 1.17446, 1.19781, 1.18343, 1.19911, 1.22802, 1.29355, 1.29248, 1.25128, 1.24935, 1.25114, 1.27329, 1.27526, 1.28694, 1.30536, 1.30611, 1.31758, 1.32048, 1.32905, 1.33407, 1.36148, 1.36449, 1.38215, 1.38919, 1.39426, 1.39519, 1.40238, 1.41578, 1.42353, 1.42366, 1.42976, 1.4315, 1.44219, 1.46017, 1.46381, 1.52345, 1.5229, 1.48506, 1.51808, 1.51921, 1.53577, 1.52703, 1.53628, 1.54797, 1.55322, 1.57122, 1.58279, 1.58176, 1.58995, 1.58848, 1.62381, 1.62004, 1.67584, 1.61864, 1.61708, 1.6161, 1.7174, 1.72917, 1.72906, 1.73331, 1.36016, 1.37864, 1.37551, 1.41741, 1.40914, 1.42612, 1.85135, 1.83202, 1.87852, 1.86945, 1.88213, 1.87405, 1.88018, 1.89906, 1.88384, 1.88605, 1.88719, 1.89747, 1.86563, 1.90742, 1.91336, 1.9048, 1.90372, 1.98276, 1.9728, 1.96819, 1.98318, 1.94186, 1.93118, 1.94386, 1.97637, 1.95368, 1.95966, 1.97418, 1.98036, 2.01682, 2.01949, 2.03188, 2.03384, 2.0423, 2.03863, 2.02913, 2.0393, 2.04428, 2.0248, 2.06508, 2.05324, 2.05282, 2.05189, 2.07402, 2.08377, 2.11108, 2.11142, 2.08641, 2.12439, 2.11598, 2.11607, 2.14015, 2.15215, 2.16916, 2.15881, 2.18074, 2.18444, 2.1938, 2.18672, 2.23961, 2.25382, 2.21048, 2.21046, 2.16469, 2.24273, 2.27814, 2.2384, 2.26465, 2.27666, 2.302, 2.29995, 2.3007, 2.32483, 2.31979, 2.33832, 2.33988, 2.39829, 2.38875, 2.37057, 2.35648, 2.35541, 2.39781, 2.41552, 2.41416, 2.44278, 2.43414, 2.44265, 
0.0174442, 0.0450646, 0.0168186, 0.0201358, 0.00702283, 0.0239003, 0.0177641, 0.0133536, 0.0262147, 0.0449393, 0.0494109, 0.0543809, 0.0416356, 0.0498417, 0.0755285, 0.0727262, 0.0944596, 0.103364, 0.10547, 0.118543, 0.12051, 0.116114, 0.118156, 0.165882, 0.175196, 0.166205, 0.173301, 0.170537, 0.217596, 0.248445, 0.183288, 0.202371, 0.201405, 0.207404, 0.266458, 0.224114, 0.248649, 0.255587, 0.244483, 0.273302, 0.29368, 0.306637, 0.338715, 0.3046, 0.288038, 0.310562, 0.327946, 0.324544, 0.342197, 0.358811, 0.334955, 0.383841, 0.369458, 0.392333, 0.387181, 0.389445, 0.409519, 0.427393, 0.424444, 0.458501, 0.462264, 0.466715, 0.435247, 0.483504, 0.46437, 0.483351, 0.48497, 0.51193, 0.51464, 0.521222, 0.527582, 0.522997, 0.536405, 0.552899, 0.549789, 0.549054, 0.56839, 0.566134, 0.594133, 0.591377, 0.603932, 0.614308, 0.611675, 0.622756, 0.636725, 0.681774, 0.667621, 0.667998, 0.68473, 0.692866, 0.692993, 0.68653, 0.711747, 0.723237, 0.711337, 0.739796, 0.737013, 0.764194, 0.737954, 0.772639, 0.751259, 0.771894, 0.778233, 0.791877, 0.794015, 0.792825, 0.795294, 0.839095, 0.833471, 0.846399, 0.860199, 0.854688, 0.871402, 0.886642, 0.892297, 0.892149, 0.909771, 0.909758, 0.926755, 0.949673, 0.924851, 0.938864, 0.952405, 0.961546, 0.967724, 0.994635, 0.995143, 1.00652, 0.999913, 1.00001, 1.0095, 1.03298, 1.0503, 1.05055, 1.05499, 1.0562, 1.06874, 1.07427, 1.09051, 1.09896, 1.10749, 1.11436, 1.11534, 1.12394, 1.14054, 1.14738, 1.14685, 1.14944, 1.17324, 1.18613, 1.19873, 1.20301, 1.20618, 1.25774, 1.23612, 1.2326, 1.2397, 1.25393, 1.25609, 1.27622, 1.2753, 1.29882, 1.30107, 1.29968, 1.31216, 1.31274, 1.31929, 1.36604, 1.34847, 1.35397, 1.38283, 1.38291, 1.39914, 1.40765, 1.39655, 1.40698, 1.4197, 1.43079, 1.43006, 1.44828, 1.45571, 1.4524, 1.48913, 1.48182, 1.49346, 1.48848, 1.51905, 1.50312, 1.52288, 1.52823, 1.53616, 1.54777, 1.56116, 1.56706, 1.57515, 1.59965, 1.58646, 1.60975, 1.61614, 1.62977, 1.63829, 1.64107, 1.63242, 1.67586, 1.70107, 1.70285, 1.71391, 1.73821, 1.37928, 1.36944, 1.38565, 1.41025, 1.41495, 1.82838, 1.82914, 1.8205, 1.81714, 1.81084, 1.86149, 1.83885, 1.85547, 1.89964, 1.89389, 1.88674, 1.87248, 1.87344, 1.89929, 1.91797, 1.88885, 1.91088, 1.89677, 1.94582, 1.95518, 1.93748, 1.98665, 1.94361, 2.03176, 1.86883, 1.82903, 1.97217, 1.98565, 1.98234, 2.00203, 2.00101, 1.99348, 2.0328, 2.0135, 2.02063, 2.03482, 2.04487, 2.04638, 2.03521, 2.05835, 2.0498, 2.05548, 2.07318, 2.06579, 2.08369, 2.08522, 2.08424, 2.10993, 2.11362, 2.11338, 2.13135, 2.14182, 2.14501, 2.17713, 2.14357, 2.14814, 2.18014, 2.19062, 2.2036, 2.19379, 2.19997, 2.19796, 2.22346, 2.15843, 2.17606, 2.262, 2.25007, 2.28537, 2.274, 2.29413, 2.30871, 2.30006, 2.30671, 2.30424, 2.31938, 2.32108, 2.31925, 2.37656, 2.36012, 2.37871, 2.38771, 2.4031, 2.39836, 2.40489, 2.42922, 2.39872, 2.41787, 
0.0645104, 0.0378602, 0.0550568, 0.0139334, 0.0239579, 0.0201475, 0.0169376, 0.0128032, 0.0126128, 0.0236694, 0.0350936, 0.0377734, 0.0279191, 0.0498312, 0.0563177, 0.0724176, 0.0945408, 0.0957739, 0.0923771, 0.0968129, 0.133843, 0.117329, 0.116011, 0.186354, 0.154495, 0.150882, 0.173265, 0.186984, 0.165104, 0.176219, 0.184863, 0.194951, 0.219655, 0.217905, 0.201853, 0.221096, 0.223822, 0.255454, 0.241665, 0.282289, 0.252401, 0.265559, 0.262926, 0.321521, 0.297625, 0.333876, 0.334616, 0.339655, 0.342146, 0.342256, 0.340392, 0.369601, 0.348754, 0.383834, 0.367369, 0.397256, 0.415933, 0.442483, 0.400513, 0.46704, 0.436755, 0.435037, 0.434882, 0.445167, 0.477053, 0.496275, 0.484413, 0.497878, 0.514362, 0.508356, 0.532523, 0.510437, 0.541128, 0.541045, 0.550374, 0.550401, 0.558003, 0.612917, 0.573567, 0.573779, 0.617557, 0.601876, 0.618883, 0.618482, 0.617667, 0.635625, 0.635533, 0.664238, 0.654446, 0.666404, 0.682878, 0.68457, 0.701426, 0.705137, 0.731346, 0.717051, 0.722061, 0.752202, 0.739685, 0.763284, 0.763295, 0.770814, 0.807193, 0.787165, 0.781762, 0.81153, 0.806076, 0.817546, 0.833083, 0.842696, 0.840535, 0.847789, 0.860127, 0.881887, 0.878203, 0.90462, 0.89221, 0.905526, 0.907475, 0.919006, 0.945648, 0.938128, 0.958033, 0.947932, 0.977959, 0.978286, 0.991232, 0.991916, 0.987527, 1.00483, 1.0189, 1.03649, 1.02785, 1.04672, 1.04677, 1.05428, 1.0661, 1.07422, 1.0758, 1.08469, 1.10242, 1.10125, 1.10246, 1.11699, 1.12977, 1.12864, 1.14461, 1.14815, 1.16685, 1.17049, 1.17837, 1.17829, 1.18749, 1.19638, 1.2449, 1.23328, 1.23651, 1.25374, 1.24331, 1.26586, 1.26511, 1.28292, 1.28872, 1.31713, 1.31342, 1.30524, 1.32984, 1.32993, 1.33344, 1.36482, 1.35352, 1.37857, 1.37883, 1.38618, 1.40302, 1.40665, 1.42902, 1.42275, 1.43224, 1.43251, 1.45229, 1.46843, 1.45777, 1.49245, 1.47794, 1.4839, 1.49643, 1.50011, 1.50944, 1.52624, 1.53516, 1.53108, 1.5437, 1.56385, 1.57862, 1.56218, 1.58413, 1.58018, 1.59366, 1.616, 1.61591, 1.67561, 1.66837, 1.66083, 1.68927, 1.70291, 1.72497, 1.728, 1.72683, 1.37928, 1.39692, 1.3988, 1.42486, 1.79034, 1.79108, 1.81767, 1.85894, 1.83424, 1.86082, 1.87301, 1.91772, 1.97628, 1.88536, 1.86835, 1.85151, 1.85017, 1.85111, 1.89979, 1.88615, 1.89012, 1.87698, 1.88245, 1.90431, 1.90859, 1.79516, 1.8124, 1.79563, 1.80438, 1.84468, 1.8382, 1.83883, 1.85743, 1.84887, 1.95188, 1.98709, 1.98727, 2.01376, 2.02989, 2.02838, 2.02832, 2.00643, 2.03902, 2.0225, 2.03823, 2.05298, 2.04809, 2.07281, 2.06674, 2.09318, 2.12583, 2.09267, 2.11811, 2.125, 2.12447, 2.12119, 2.14522, 2.15241, 2.14503, 2.16511, 2.15937, 2.19587, 2.17444, 2.18301, 2.21884, 2.23543, 2.16011, 2.15934, 2.16678, 2.25604, 2.28068, 2.27812, 2.28029, 2.2984, 2.28933, 2.31978, 2.32175, 2.31481, 2.32884, 2.33184, 2.31864, 2.33492, 2.35744, 2.36983, 2.38954, 2.37979, 2.38528, 2.41461, 2.40172, 2.42912, 2.41551, 
0.0841646, 0.0841106, 0.0592057, 0.0597537, 0.0117042, 0.01086, 0.0106711, 0.0103529, 0.00504109, 0.0618391, 0.0152907, 0.00332213, 0.0337785, 0.0446336, 0.0420644, 0.0696697, 0.110476, 0.0798879, 0.126427, 0.110515, 0.0937014, 0.111013, 0.122077, 0.140982, 0.114011, 0.14437, 0.183304, 0.164769, 0.169121, 0.16517, 0.190451, 0.21459, 0.209748, 0.212824, 0.214203, 0.255263, 0.263094, 0.262415, 0.271973, 0.249911, 0.293655, 0.266016, 0.265232, 0.288917, 0.296212, 0.341939, 0.324001, 0.307763, 0.3611, 0.352375, 0.363664, 0.390334, 0.390679, 0.385875, 0.37626, 0.375258, 0.381542, 0.414387, 0.415471, 0.435008, 0.417496, 0.442975, 0.491702, 0.438103, 0.458822, 0.470624, 0.484122, 0.473698, 0.492589, 0.485607, 0.514106, 0.516902, 0.551451, 0.530076, 0.529578, 0.541342, 0.549695, 0.572794, 0.564003, 0.594868, 0.611904, 0.621573, 0.627267, 0.627856, 0.625924, 0.636566, 0.640484, 0.654807, 0.683545, 0.678451, 0.670582, 0.698683, 0.697259, 0.708726, 0.702842, 0.722203, 0.733098, 0.735404, 0.73621, 0.745781, 0.749635, 0.766147, 0.768075, 0.768252, 0.796393, 0.818867, 0.795475, 0.816052, 0.829559, 0.831659, 0.832242, 0.858844, 0.86457, 0.870239, 0.864361, 0.888397, 0.887056, 0.89664, 0.920257, 0.921071, 0.929054, 0.930018, 0.942883, 0.945329, 0.957114, 0.967861, 0.970415, 0.981046, 0.994618, 0.996698, 1.00114, 1.01437, 1.02079, 1.03628, 1.03403, 1.04433, 1.06527, 1.06399, 1.06969, 1.07139, 1.09836, 1.09916, 1.10876, 1.10668, 1.11842, 1.13152, 1.13354, 1.14317, 1.15343, 1.16337, 1.18102, 1.16835, 1.18336, 1.18868, 1.19939, 1.21734, 1.22916, 1.23062, 1.25804, 1.25082, 1.26094, 1.26481, 1.28448, 1.29567, 1.29164, 1.31319, 1.33406, 1.32063, 1.33904, 1.35089, 1.35887, 1.36848, 1.36781, 1.37521, 1.38479, 1.41024, 1.40524, 1.41256, 1.4302, 1.4306, 1.44426, 1.44411, 1.44923, 1.45503, 1.49668, 1.4984, 1.49655, 1.49516, 1.52791, 1.53151, 1.52617, 1.52592, 1.55104, 1.54994, 1.56505, 1.56688, 1.59343, 1.58986, 1.61605, 1.60449, 1.59273, 1.64856, 1.6585, 1.67054, 1.65895, 1.66977, 1.68527, 1.69536, 1.69957, 1.40749, 1.40596, 1.71301, 1.76958, 1.76467, 1.76308, 1.78256, 1.79363, 1.79281, 1.79491, 1.83448, 1.87837, 1.89225, 1.87988, 1.86899, 1.86843, 1.85844, 1.84122, 1.84183, 1.87642, 1.86664, 1.87141, 1.88019, 1.8223, 1.82767, 1.78525, 1.80445, 1.81373, 1.80809, 1.82246, 1.84075, 1.84965, 1.84875, 1.8646, 1.82589, 1.96463, 1.97303, 2.00006, 2.00148, 2.00324, 2.01293, 1.99596, 2.01545, 2.02619, 2.03554, 2.03535, 2.06522, 2.04444, 2.0533, 2.08596, 2.08919, 2.10607, 2.09041, 2.12173, 2.11132, 2.12771, 2.14266, 2.14064, 2.15158, 2.14929, 2.19277, 2.17732, 2.18569, 2.18636, 2.20411, 2.20461, 2.18007, 2.16054, 2.18054, 2.18689, 2.24246, 2.26591, 2.27696, 2.27714, 2.27908, 2.29127, 2.29125, 2.30338, 2.30352, 2.31819, 2.32721, 2.3255, 2.34864, 2.33713, 2.38862, 2.37456, 2.38841, 2.38851, 2.42854, 2.42167, 2.41528, 
0.0682868, 0.0519083, 0.0581977, 0.0128162, 0.0408487, 0.0406413, 0.0176179, 0.0288269, 0.0272731, 0.011105, 0.0407873, 0.0202322, 0.0152893, 0.044439, 0.0518698, 0.0826986, 0.0772547, 0.0722403, 0.0946681, 0.0961178, 0.0953824, 0.10067, 0.131276, 0.146774, 0.130534, 0.131085, 0.166136, 0.137809, 0.172648, 0.194569, 0.204546, 0.196589, 0.186886, 0.214003, 0.206173, 0.206383, 0.216968, 0.244887, 0.266297, 0.267024, 0.283105, 0.267228, 0.28607, 0.293527, 0.293143, 0.307525, 0.311336, 0.304425, 0.313742, 0.315393, 0.359345, 0.33164, 0.373507, 0.371438, 0.396046, 0.383818, 0.379663, 0.417128, 0.432685, 0.44607, 0.474194, 0.463578, 0.445737, 0.441725, 0.459393, 0.50067, 0.490113, 0.47712, 0.479894, 0.484223, 0.501611, 0.524402, 0.525155, 0.51399, 0.527341, 0.559007, 0.548607, 0.566795, 0.561371, 0.597539, 0.606656, 0.605606, 0.599453, 0.607964, 0.630088, 0.630884, 0.635487, 0.66766, 0.642084, 0.645994, 0.679274, 0.701823, 0.683293, 0.702478, 0.704159, 0.710605, 0.724887, 0.720397, 0.744703, 0.74317, 0.746371, 0.748546, 0.73975, 0.780786, 0.794749, 0.790733, 0.789508, 0.822194, 0.812729, 0.818269, 0.854671, 0.838282, 0.860098, 0.864156, 0.863739, 0.883552, 0.890418, 0.883944, 0.904559, 0.900972, 0.911584, 0.934559, 0.936354, 0.935267, 0.956364, 0.963644, 0.959592, 0.976134, 0.984712, 0.993094, 0.998263, 1.0234, 1.02335, 1.02228, 1.03441, 1.04147, 1.04604, 1.06029, 1.06333, 1.07233, 1.086, 1.10015, 1.10541, 1.10922, 1.124, 1.10986, 1.10907, 1.13619, 1.14841, 1.16824, 1.15762, 1.1712, 1.17953, 1.18462, 1.20173, 1.20736, 1.21572, 1.23248, 1.2322, 1.24582, 1.25794, 1.26767, 1.26685, 1.28317, 1.28831, 1.30654, 1.31541, 1.32613, 1.32305, 1.32993, 1.35112, 1.35627, 1.35577, 1.36727, 1.38088, 1.39176, 1.40304, 1.4168, 1.42321, 1.43112, 1.42074, 1.45385, 1.45262, 1.44585, 1.45554, 1.48406, 1.48626, 1.4881, 1.51335, 1.51356, 1.52703, 1.54531, 1.52271, 1.5367, 1.56913, 1.57835, 1.59933, 1.59533, 1.59153, 1.61435, 1.62259, 1.66543, 1.66234, 1.68343, 1.68026, 1.67875, 1.67628, 1.66313, 1.66137, 1.68191, 1.68338, 1.72522, 1.69235, 1.74173, 1.7813, 1.77099, 1.78757, 1.78395, 1.81211, 1.81584, 1.8144, 1.82025, 1.8661, 1.87382, 1.85513, 1.83184, 1.83956, 1.84036, 1.86606, 1.89027, 1.87627, 1.8966, 1.86219, 1.84172, 1.83495, 1.81668, 1.80026, 1.81684, 1.81992, 1.84517, 1.81443, 1.8067, 1.81496, 1.95025, 1.95076, 1.98343, 1.95928, 1.97281, 1.99669, 2.01186, 2.01157, 2.03854, 2.02535, 2.03215, 2.06872, 2.05645, 2.05167, 2.0493, 2.08151, 2.07669, 2.0752, 2.1146, 2.14184, 2.11622, 2.10499, 2.14541, 2.1275, 2.13414, 2.1338, 2.18684, 2.17017, 2.18109, 2.20367, 2.18902, 2.2124, 2.21187, 2.22848, 2.24488, 2.17317, 2.17261, 2.2454, 2.2533, 2.25437, 2.28765, 2.29702, 2.28106, 2.33116, 2.34928, 2.31655, 2.31889, 2.35246, 2.34337, 2.32517, 2.35632, 2.39158, 2.40451, 2.39781, 2.40019, 2.41822, 2.40566, 
0.0624021, 0.0650532, 0.0236476, 0.0118899, 0.027747, 0.0370077, 0.0214923, 0.00690763, 0.0310927, 0.00359786, 0.00668181, 0.0179824, 0.0268067, 0.0334153, 0.0893709, 0.0682948, 0.0705906, 0.0520639, 0.0520067, 0.0962061, 0.117658, 0.0931047, 0.0928931, 0.133719, 0.137759, 0.137114, 0.138437, 0.137729, 0.163246, 0.186855, 0.183912, 0.203171, 0.212, 0.215241, 0.208496, 0.215046, 0.213972, 0.223169, 0.245651, 0.265268, 0.276047, 0.269562, 0.282887, 0.281075, 0.31164, 0.307723, 0.317236, 0.331544, 0.356416, 0.324804, 0.358731, 0.335363, 0.370083, 0.375619, 0.36665, 0.36602, 0.417399, 0.410281, 0.400054, 0.397871, 0.438599, 0.425374, 0.439537, 0.476249, 0.448076, 0.461584, 0.501763, 0.485711, 0.482993, 0.482261, 0.52504, 0.498036, 0.52196, 0.514327, 0.543409, 0.542079, 0.534985, 0.542747, 0.601394, 0.567023, 0.566033, 0.604468, 0.598186, 0.598405, 0.619787, 0.613372, 0.645733, 0.632446, 0.667179, 0.642828, 0.666785, 0.673725, 0.671412, 0.680819, 0.681364, 0.705232, 0.722118, 0.728981, 0.74117, 0.74572, 0.749848, 0.746476, 0.775061, 0.769767, 0.777704, 0.771724, 0.785777, 0.801811, 0.814837, 0.81259, 0.830307, 0.840136, 0.84866, 0.856422, 0.877257, 0.880675, 0.888335, 0.888107, 0.897095, 0.900638, 0.912364, 0.920419, 0.922465, 0.933814, 0.941879, 0.96393, 0.955661, 0.962813, 0.970792, 0.976932, 0.998707, 1.00736, 0.996161, 1.0264, 1.02722, 1.02851, 1.03115, 1.06412, 1.06086, 1.06352, 1.07701, 1.09183, 1.09634, 1.10855, 1.11245, 1.12933, 1.12936, 1.15138, 1.14653, 1.1476, 1.15962, 1.16263, 1.17932, 1.18135, 1.19187, 1.20506, 1.21615, 1.22722, 1.22848, 1.25779, 1.25032, 1.25025, 1.25864, 1.27141, 1.27537, 1.28246, 1.29794, 1.31578, 1.3197, 1.31978, 1.34958, 1.34821, 1.35517, 1.35431, 1.36739, 1.37902, 1.36943, 1.39925, 1.40799, 1.42288, 1.42328, 1.42828, 1.43273, 1.45271, 1.46926, 1.47425, 1.49391, 1.47839, 1.50647, 1.50145, 1.52399, 1.5242, 1.53999, 1.53128, 1.53983, 1.55782, 1.54741, 1.57053, 1.56839, 1.58365, 1.58881, 1.6306, 1.62282, 1.61118, 1.63823, 1.63825, 1.64693, 1.66178, 1.67099, 1.67343, 1.67708, 1.68259, 1.68204, 1.7201, 1.74372, 1.7213, 1.73363, 1.73366, 1.73239, 1.73479, 1.73968, 1.7642, 1.78035, 1.76899, 1.83616, 1.8365, 1.86065, 1.83564, 1.84719, 1.82066, 1.82325, 1.85481, 1.85878, 1.81179, 1.81259, 1.82772, 1.81956, 1.82485, 1.81722, 1.82278, 1.82397, 1.82016, 1.94142, 1.94492, 1.96924, 1.95301, 1.96232, 1.97507, 1.98767, 1.99232, 2.0108, 2.01738, 2.03224, 2.01451, 2.02762, 2.04613, 2.07289, 2.06616, 2.06537, 2.08631, 2.08355, 2.10027, 2.09081, 2.10383, 2.10162, 2.11879, 2.11712, 2.14896, 2.14914, 2.1483, 2.148, 2.19654, 2.17968, 2.20711, 2.19041, 2.20711, 2.2059, 2.2383, 2.22644, 2.25986, 2.22927, 2.2676, 2.26822, 2.2654, 2.29178, 2.312, 2.32132, 2.29687, 2.32526, 2.32869, 2.34684, 2.35953, 2.34579, 2.3379, 2.36066, 2.34903, 2.37719, 2.39006, 2.3907, 2.42591, 
0.0965754, 0.0735517, 0.00397738, 0.024838, 0.0475967, 0.0229626, 0.0327223, 0.01997, 0.0131414, 0.0158772, 0.0147613, 0.00361783, 0.0314367, 0.0648037, 0.0271129, 0.0628046, 0.0450861, 0.0668727, 0.0868203, 0.0966257, 0.0632379, 0.0943963, 0.106671, 0.14421, 0.130612, 0.147714, 0.125109, 0.165469, 0.169075, 0.159533, 0.173537, 0.189118, 0.206381, 0.21713, 0.19704, 0.225283, 0.228485, 0.208372, 0.248019, 0.273569, 0.278883, 0.241228, 0.261952, 0.270143, 0.29761, 0.287547, 0.289472, 0.285916, 0.313116, 0.327123, 0.315519, 0.34163, 0.353415, 0.341705, 0.342755, 0.390415, 0.395911, 0.405333, 0.380257, 0.396753, 0.405421, 0.420643, 0.440989, 0.455765, 0.445417, 0.461865, 0.459225, 0.466764, 0.476227, 0.483731, 0.510664, 0.514324, 0.521856, 0.508901, 0.540146, 0.538575, 0.558899, 0.563677, 0.566031, 0.566194, 0.591617, 0.576325, 0.58377, 0.604, 0.604634, 0.639493, 0.632625, 0.636993, 0.640516, 0.656775, 0.656493, 0.661135, 0.669989, 0.700462, 0.714472, 0.713708, 0.704281, 0.699548, 0.739117, 0.743317, 0.756181, 0.736329, 0.770022, 0.777345, 0.771672, 0.787819, 0.783621, 0.79756, 0.808176, 0.811187, 0.833985, 0.826819, 0.850179, 0.846369, 0.869938, 0.870144, 0.869515, 0.884437, 0.8883, 0.891332, 0.900772, 0.911375, 0.916917, 0.925374, 0.938812, 0.945873, 0.974939, 0.963264, 0.969548, 0.973552, 0.982287, 0.996128, 1.00068, 1.00441, 1.04046, 1.02866, 1.04024, 1.03865, 1.04935, 1.07068, 1.06991, 1.07166, 1.0813, 1.09144, 1.10783, 1.11093, 1.11665, 1.12643, 1.13611, 1.14704, 1.14593, 1.18505, 1.17838, 1.1787, 1.1778, 1.20526, 1.20335, 1.237, 1.22628, 1.23673, 1.2399, 1.25223, 1.26687, 1.26249, 1.29187, 1.2769, 1.28598, 1.31131, 1.30505, 1.32745, 1.32697, 1.34464, 1.34389, 1.36126, 1.36754, 1.37435, 1.39887, 1.39201, 1.39217, 1.41084, 1.41017, 1.41759, 1.42404, 1.43698, 1.45145, 1.45379, 1.45768, 1.464, 1.49293, 1.49525, 1.50649, 1.53063, 1.51971, 1.51947, 1.53753, 1.54459, 1.53411, 1.55872, 1.57579, 1.56936, 1.58226, 1.62505, 1.61422, 1.6145, 1.6176, 1.61617, 1.63122, 1.65236, 1.65347, 1.65182, 1.67248, 1.70613, 1.71315, 1.71309, 1.69334, 1.72556, 1.70828, 1.72756, 1.72034, 1.7416, 1.7588, 1.7544, 1.74846, 1.78661, 1.75884, 1.85477, 1.84042, 1.82194, 1.80445, 1.82093, 1.82999, 1.82822, 1.85252, 1.82387, 1.8136, 1.80326, 1.8069, 1.82742, 1.8004, 1.80018, 1.80443, 1.83578, 1.92917, 1.92448, 1.96045, 1.95476, 1.9636, 1.96975, 1.97857, 2.02689, 2.00153, 1.99987, 2.0062, 2.00807, 2.01105, 2.03023, 2.02805, 2.06084, 2.0619, 2.06245, 2.08635, 2.07563, 2.09637, 2.10811, 2.1155, 2.12034, 2.1184, 2.13833, 2.15498, 2.13902, 2.16045, 2.15922, 2.16838, 2.19562, 2.18715, 2.20446, 2.20399, 2.22067, 2.2248, 2.24616, 2.24498, 2.22491, 2.25994, 2.27607, 2.30719, 2.2835, 2.30746, 2.29328, 2.29172, 2.32747, 2.33164, 2.32862, 2.34055, 2.36261, 2.35864, 2.37337, 2.40085, 2.37362, 2.39196, 2.39762, 
0.0692446, 0.0735285, 0.00431477, 0.0865138, 0.0695107, 0.00740981, 0.0171359, 0.020743, 0.0241272, 0.00960283, 0.0153025, 0.014363, 0.0200147, 0.0285253, 0.0435465, 0.0292133, 0.0865113, 0.0583227, 0.0973431, 0.0785315, 0.0791395, 0.0691941, 0.0780945, 0.0952427, 0.0937795, 0.128267, 0.134207, 0.135593, 0.156269, 0.135974, 0.152809, 0.152851, 0.177498, 0.175893, 0.217236, 0.237743, 0.203365, 0.233201, 0.238421, 0.243536, 0.232322, 0.243222, 0.24271, 0.258737, 0.273045, 0.310392, 0.286171, 0.292613, 0.300785, 0.317529, 0.306404, 0.330863, 0.357376, 0.359423, 0.355383, 0.356055, 0.356409, 0.36509, 0.373426, 0.420843, 0.427071, 0.39974, 0.427796, 0.428256, 0.470624, 0.462119, 0.442665, 0.475507, 0.498462, 0.479785, 0.479367, 0.522187, 0.514422, 0.509465, 0.54417, 0.540106, 0.539165, 0.53215, 0.546369, 0.550113, 0.555582, 0.584832, 0.587321, 0.587556, 0.601121, 0.605013, 0.609231, 0.616231, 0.619651, 0.620612, 0.660699, 0.66068, 0.67991, 0.678398, 0.67394, 0.680068, 0.68153, 0.723275, 0.702677, 0.739689, 0.745883, 0.7221, 0.737032, 0.749067, 0.776829, 0.776046, 0.76873, 0.780553, 0.785106, 0.828432, 0.815094, 0.836273, 0.815681, 0.836015, 0.881858, 0.857363, 0.877241, 0.887226, 0.888638, 0.880553, 0.880764, 0.900381, 0.906336, 0.913551, 0.93285, 0.934459, 0.952999, 0.953244, 0.960839, 0.968942, 0.98829, 0.995083, 0.994951, 0.99712, 1.01797, 1.02012, 1.02935, 1.04544, 1.04338, 1.0471, 1.05372, 1.08125, 1.08145, 1.09784, 1.09956, 1.10598, 1.12333, 1.13417, 1.12335, 1.14015, 1.17644, 1.17086, 1.17248, 1.1756, 1.16735, 1.19796, 1.19913, 1.21283, 1.23671, 1.21899, 1.23801, 1.23683, 1.24025, 1.25714, 1.27426, 1.27555, 1.28201, 1.2853, 1.29967, 1.30053, 1.29925, 1.32786, 1.32961, 1.34583, 1.35311, 1.3646, 1.37386, 1.37449, 1.3959, 1.39602, 1.40984, 1.41203, 1.41304, 1.42467, 1.43115, 1.44952, 1.47015, 1.46782, 1.48073, 1.48189, 1.49555, 1.49604, 1.52029, 1.50602, 1.53046, 1.55199, 1.54547, 1.54654, 1.57678, 1.56376, 1.56225, 1.59588, 1.59566, 1.59221, 1.61065, 1.62804, 1.62863, 1.63499, 1.65621, 1.65565, 1.65381, 1.67448, 1.67515, 1.68243, 1.69938, 1.69631, 1.71436, 1.72172, 1.7387, 1.75282, 1.75172, 1.76259, 1.76496, 1.76412, 1.78291, 1.79791, 1.78721, 1.8323, 1.82767, 1.82306, 1.82979, 1.82592, 1.8316, 1.79231, 1.78266, 1.77243, 1.79441, 1.79909, 1.79367, 1.794, 1.76679, 1.78953, 1.9316, 1.93028, 1.94267, 1.93356, 1.98198, 1.95695, 1.96522, 1.98342, 1.97657, 2.00298, 1.99096, 2.02302, 2.00845, 2.05541, 2.03102, 2.06026, 2.05063, 2.0767, 2.07401, 2.07824, 2.07692, 2.12566, 2.12943, 2.09048, 2.11814, 2.148, 2.1272, 2.13944, 2.1374, 2.16586, 2.16756, 2.1579, 2.19431, 2.20453, 2.19677, 2.19589, 2.21751, 2.24305, 2.24236, 2.23805, 2.2321, 2.28001, 2.25257, 2.27031, 2.31017, 2.32394, 2.28914, 2.33752, 2.32387, 2.31625, 2.33498, 2.32306, 2.36087, 2.3457, 2.36654, 2.35458, 2.37589, 2.39764, 
0.095819, 0.0659706, 0.0096116, 0.0343406, 0.0273502, 0.0544997, 0.0323666, 0.00429549, 0.0238424, 0.0137084, 0.015931, 0.0315933, 0.0135831, 0.0617985, 0.0582081, 0.0310936, 0.0651308, 0.0542508, 0.0544666, 0.0812799, 0.0721975, 0.0933174, 0.0934037, 0.0897872, 0.151327, 0.11433, 0.144145, 0.129048, 0.141278, 0.138452, 0.161187, 0.167107, 0.151329, 0.182931, 0.203605, 0.201955, 0.203346, 0.232536, 0.239044, 0.233242, 0.23103, 0.249369, 0.248599, 0.274154, 0.275216, 0.275889, 0.312144, 0.29636, 0.296941, 0.310436, 0.322625, 0.334616, 0.393134, 0.362962, 0.376925, 0.387462, 0.358359, 0.376895, 0.387265, 0.411575, 0.410514, 0.393688, 0.407329, 0.454526, 0.436889, 0.457283, 0.454204, 0.444075, 0.493921, 0.48405, 0.488121, 0.514071, 0.501164, 0.500451, 0.501258, 0.51191, 0.524649, 0.545829, 0.566605, 0.563077, 0.547929, 0.560082, 0.604401, 0.604363, 0.587012, 0.598353, 0.628817, 0.628981, 0.614549, 0.622755, 0.654923, 0.659565, 0.664136, 0.669949, 0.6867, 0.684227, 0.68328, 0.694715, 0.692928, 0.716991, 0.752477, 0.721824, 0.752596, 0.746889, 0.745847, 0.765795, 0.773062, 0.794266, 0.785601, 0.815611, 0.810849, 0.831634, 0.82737, 0.844681, 0.839475, 0.853815, 0.859461, 0.86394, 0.888034, 0.895392, 0.894653, 0.909118, 0.922121, 0.914657, 0.931836, 0.931917, 0.936422, 0.957693, 0.951019, 0.974986, 0.9666, 0.980077, 0.988354, 0.9873, 1.00286, 1.01659, 1.02004, 1.02301, 1.03218, 1.06414, 1.0532, 1.07998, 1.07745, 1.0888, 1.08482, 1.09853, 1.11214, 1.1129, 1.11428, 1.13713, 1.13754, 1.14949, 1.16714, 1.16852, 1.18433, 1.18293, 1.18279, 1.19024, 1.20736, 1.20687, 1.22914, 1.23198, 1.25406, 1.25819, 1.27105, 1.26679, 1.27143, 1.29949, 1.29051, 1.31365, 1.31962, 1.31232, 1.32773, 1.33742, 1.33669, 1.35725, 1.36059, 1.36969, 1.39292, 1.38333, 1.4016, 1.41569, 1.42702, 1.41867, 1.42951, 1.43059, 1.43736, 1.45306, 1.4648, 1.4749, 1.48706, 1.49566, 1.50927, 1.51095, 1.52755, 1.54492, 1.54465, 1.54492, 1.55317, 1.56157, 1.58362, 1.58011, 1.58554, 1.58933, 1.59973, 1.61194, 1.64782, 1.65201, 1.67263, 1.65268, 1.66351, 1.67386, 1.6759, 1.68066, 1.67841, 1.69302, 1.69551, 1.70992, 1.72344, 1.73095, 1.73513, 1.73462, 1.74397, 1.75272, 1.76293, 1.78318, 1.77564, 1.78572, 1.83215, 1.82133, 1.8232, 1.81124, 1.83575, 1.83249, 1.76802, 1.75585, 1.75691, 1.75161, 1.74618, 1.74538, 1.76202, 1.74901, 1.78318, 1.92161, 1.92073, 1.93749, 1.98356, 1.96188, 1.96648, 1.96198, 1.96827, 1.98017, 2.01006, 1.99147, 2.02806, 2.00664, 2.03113, 2.05002, 2.02386, 2.11119, 2.07083, 2.07193, 2.06937, 2.08321, 2.10732, 2.10438, 2.10548, 2.10816, 2.11706, 2.14568, 2.13886, 2.1422, 2.16884, 2.17742, 2.18368, 2.17926, 2.22859, 2.19785, 2.24312, 2.21971, 2.23616, 2.25782, 2.2445, 2.24887, 2.27255, 2.2503, 2.30058, 2.30181, 2.32468, 2.32579, 2.33018, 2.32562, 2.33973, 2.33032, 2.3263, 2.36039, 2.36028, 2.36194, 2.35882, 2.37815, 
0.104119, 0.0601154, 0.0719127, 0.0829738, 0.0369551, 0.0211796, 0.05951, 0.010854, 0.0103043, 0.0248015, 0.00408445, 0.0174061, 0.00672855, 0.0778678, 0.0670176, 0.0598374, 0.100217, 0.0727266, 0.0762496, 0.0579015, 0.0542189, 0.0701209, 0.0896982, 0.101217, 0.126594, 0.121001, 0.129848, 0.121941, 0.130356, 0.162738, 0.159306, 0.148977, 0.163387, 0.165899, 0.163788, 0.190425, 0.210979, 0.210356, 0.210304, 0.241828, 0.212507, 0.241151, 0.240685, 0.249767, 0.264965, 0.280653, 0.259697, 0.318362, 0.293463, 0.293472, 0.325773, 0.334696, 0.334596, 0.337558, 0.363507, 0.351322, 0.359406, 0.35763, 0.366616, 0.386085, 0.400484, 0.384141, 0.417857, 0.418286, 0.417418, 0.462061, 0.449903, 0.437609, 0.477244, 0.500726, 0.501248, 0.503294, 0.514483, 0.488488, 0.481659, 0.507541, 0.525677, 0.57625, 0.539095, 0.579734, 0.563209, 0.598852, 0.594122, 0.583659, 0.58959, 0.598857, 0.613067, 0.618236, 0.6259, 0.628265, 0.635929, 0.653104, 0.65079, 0.650356, 0.663584, 0.684693, 0.684288, 0.704715, 0.72089, 0.725247, 0.722367, 0.729465, 0.763612, 0.763131, 0.738431, 0.754363, 0.78234, 0.767461, 0.767035, 0.805427, 0.802559, 0.807645, 0.833726, 0.845365, 0.859472, 0.838464, 0.856179, 0.860493, 0.861148, 0.883285, 0.881153, 0.897298, 0.906678, 0.915189, 0.936391, 0.926922, 0.941562, 0.956916, 0.947121, 0.959807, 0.962864, 0.969523, 0.9694, 0.994199, 1.00188, 1.00523, 1.01552, 1.029, 1.02953, 1.05374, 1.06512, 1.06009, 1.0625, 1.075, 1.07905, 1.0997, 1.10732, 1.10966, 1.11803, 1.11208, 1.12658, 1.13737, 1.14079, 1.16874, 1.1675, 1.17801, 1.1801, 1.19859, 1.19416, 1.21967, 1.24027, 1.22901, 1.24237, 1.24354, 1.25856, 1.25521, 1.26442, 1.28175, 1.29202, 1.29299, 1.3013, 1.31802, 1.3357, 1.32324, 1.33071, 1.33877, 1.36827, 1.36606, 1.38116, 1.39776, 1.38933, 1.42306, 1.42265, 1.41323, 1.4276, 1.43342, 1.43714, 1.44472, 1.45682, 1.46755, 1.48797, 1.48887, 1.49652, 1.50045, 1.51051, 1.52002, 1.51982, 1.53467, 1.54372, 1.56033, 1.56104, 1.57351, 1.59088, 1.58938, 1.59604, 1.62402, 1.61996, 1.63711, 1.63584, 1.6363, 1.65013, 1.65535, 1.6785, 1.67752, 1.7094, 1.68953, 1.69562, 1.70002, 1.71284, 1.74368, 1.73965, 1.73368, 1.74877, 1.76191, 1.7897, 1.76743, 1.80054, 1.7991, 1.80363, 1.80427, 1.82337, 1.84938, 1.8241, 1.83541, 1.84493, 1.84853, 1.8628, 1.85452, 1.86188, 1.87033, 1.88924, 1.91431, 1.91156, 1.91154, 1.94343, 1.94896, 1.95815, 1.9732, 1.96877, 1.9676, 1.96263, 1.97717, 2.00328, 2.00228, 2.01643, 2.02439, 2.02509, 2.02118, 2.03713, 2.03752, 2.05219, 2.07841, 2.10246, 2.10053, 2.08765, 2.10053, 2.10363, 2.10061, 2.11777, 2.12419, 2.12763, 2.13528, 2.18687, 2.17451, 2.20752, 2.17573, 2.17421, 2.21043, 2.21697, 2.21567, 2.21842, 2.21712, 2.21544, 2.25902, 2.24586, 2.25997, 2.28271, 2.28107, 2.28638, 2.31552, 2.31147, 2.31241, 2.31039, 2.33473, 2.35314, 2.35224, 2.34741, 2.37354, 2.37587, 2.37747, 
0.0697047, 0.0680204, 0.0654972, 0.0551782, 0.0359128, 0.0561784, 0.0375114, 0.0478464, 0.0269813, 0.0164999, 0.0047247, 0.0103232, 0.02437, 0.00974405, 0.0728136, 0.100609, 0.0429414, 0.0277401, 0.0594472, 0.0751904, 0.0728986, 0.069065, 0.0771167, 0.105264, 0.102747, 0.110023, 0.132123, 0.114772, 0.130833, 0.129035, 0.174472, 0.17155, 0.162465, 0.189042, 0.162363, 0.183117, 0.183385, 0.209336, 0.192887, 0.210134, 0.218141, 0.245087, 0.244526, 0.244943, 0.261755, 0.249167, 0.299849, 0.297894, 0.304871, 0.312517, 0.328122, 0.323883, 0.350112, 0.32122, 0.331529, 0.34556, 0.37311, 0.369157, 0.38111, 0.390059, 0.369851, 0.376889, 0.400007, 0.396748, 0.413572, 0.411584, 0.418984, 0.441417, 0.451666, 0.4483, 0.467312, 0.507901, 0.506066, 0.496039, 0.527921, 0.501578, 0.544326, 0.541996, 0.551879, 0.557208, 0.536343, 0.54833, 0.564424, 0.604688, 0.577424, 0.573165, 0.604546, 0.598231, 0.611902, 0.638735, 0.646531, 0.653195, 0.65717, 0.655508, 0.666968, 0.680565, 0.694496, 0.707796, 0.690686, 0.725321, 0.711402, 0.725087, 0.755448, 0.741901, 0.760182, 0.769614, 0.754417, 0.776612, 0.777324, 0.793261, 0.792722, 0.817819, 0.818874, 0.815137, 0.844198, 0.839125, 0.849851, 0.859637, 0.858951, 0.859491, 0.879624, 0.887025, 0.894361, 0.892276, 0.90546, 0.928933, 0.925769, 0.950527, 0.951187, 0.966895, 0.961134, 0.959894, 0.968218, 0.998872, 1.00531, 1.00267, 1.00284, 1.01037, 1.02366, 1.04283, 1.03854, 1.04913, 1.0649, 1.06255, 1.07834, 1.08189, 1.11262, 1.09635, 1.10613, 1.1067, 1.13036, 1.15386, 1.15143, 1.15036, 1.16278, 1.16813, 1.18598, 1.18444, 1.2077, 1.1977, 1.21259, 1.22157, 1.22262, 1.22772, 1.24122, 1.26365, 1.26755, 1.26726, 1.27753, 1.29215, 1.28861, 1.30947, 1.31589, 1.32046, 1.32424, 1.34776, 1.34383, 1.35277, 1.36486, 1.36731, 1.40235, 1.39467, 1.39553, 1.40388, 1.42615, 1.4409, 1.44139, 1.43838, 1.46261, 1.45589, 1.4708, 1.4801, 1.48204, 1.493, 1.5131, 1.51249, 1.53029, 1.52737, 1.54017, 1.55517, 1.55661, 1.56631, 1.59663, 1.59369, 1.59512, 1.59939, 1.60897, 1.6178, 1.6299, 1.63446, 1.65707, 1.65299, 1.65299, 1.67796, 1.6841, 1.68574, 1.69763, 1.69464, 1.69919, 1.70725, 1.71126, 1.7413, 1.74749, 1.74113, 1.74907, 1.77465, 1.78492, 1.78719, 1.81274, 1.79373, 1.80828, 1.80065, 1.80963, 1.82885, 1.83371, 1.85219, 1.85434, 1.86639, 1.87233, 1.87363, 1.89431, 1.8794, 1.89939, 1.95145, 1.95116, 1.92722, 1.92783, 1.94487, 1.95225, 1.947, 1.97927, 1.96405, 1.98806, 1.99295, 1.99877, 2.00223, 2.03054, 2.10775, 2.07758, 2.07691, 2.07996, 2.06884, 2.06045, 2.09018, 2.10165, 2.09646, 2.0945, 2.11561, 2.1018, 2.1257, 2.12194, 2.14946, 2.14434, 2.17379, 2.1777, 2.17651, 2.18715, 2.17958, 2.21087, 2.21171, 2.23174, 2.21486, 2.23581, 2.26, 2.25913, 2.26306, 2.28788, 2.25635, 2.30554, 2.30847, 2.29803, 2.3119, 2.32805, 2.34232, 2.33166, 2.34643, 2.37329, 2.36613, 2.35706, 2.38926, 
0.0874182, 0.127143, 0.0707831, 0.0690231, 0.0371231, 0.0813873, 0.042184, 0.0272939, 0.0246335, 0.0487641, 0.0464068, 0.0267711, 0.00966102, 0.0162757, 0.0080332, 0.0184825, 0.0514677, 0.0169471, 0.0519149, 0.0518651, 0.0662923, 0.0665217, 0.0889342, 0.106595, 0.104786, 0.1073, 0.0910151, 0.132298, 0.137011, 0.144621, 0.138295, 0.137352, 0.178814, 0.180511, 0.18808, 0.186924, 0.182557, 0.179784, 0.199294, 0.199829, 0.240471, 0.262678, 0.266384, 0.237908, 0.25224, 0.26131, 0.320602, 0.296653, 0.282832, 0.279311, 0.301683, 0.318309, 0.321648, 0.351634, 0.313723, 0.356162, 0.357261, 0.357122, 0.352684, 0.39342, 0.379676, 0.412053, 0.417538, 0.43257, 0.399869, 0.411452, 0.455139, 0.4562, 0.457437, 0.462769, 0.456216, 0.456391, 0.497638, 0.518291, 0.511553, 0.532841, 0.516458, 0.504031, 0.531653, 0.528853, 0.576604, 0.578033, 0.563011, 0.563524, 0.601568, 0.590733, 0.597653, 0.614497, 0.621443, 0.630269, 0.643392, 0.625476, 0.645311, 0.636965, 0.667312, 0.65247, 0.679339, 0.67833, 0.687185, 0.74466, 0.711504, 0.7258, 0.734228, 0.748266, 0.738155, 0.739167, 0.773297, 0.760637, 0.780709, 0.783957, 0.787391, 0.804737, 0.798556, 0.808706, 0.829746, 0.843316, 0.828964, 0.835734, 0.863668, 0.859308, 0.867989, 0.893229, 0.899278, 0.904054, 0.899157, 0.920798, 0.940513, 0.930519, 0.959317, 0.951145, 0.95373, 0.963735, 0.963221, 0.981195, 0.979465, 0.98516, 1.00735, 1.01708, 1.03201, 1.04299, 1.04067, 1.04727, 1.06502, 1.09059, 1.07362, 1.09487, 1.0842, 1.09932, 1.09139, 1.1127, 1.11749, 1.14023, 1.13071, 1.14398, 1.1633, 1.16421, 1.16054, 1.17754, 1.18172, 1.19189, 1.19816, 1.216, 1.22011, 1.21838, 1.24693, 1.25728, 1.26108, 1.27074, 1.27856, 1.2924, 1.28161, 1.29963, 1.30587, 1.3074, 1.31291, 1.32708, 1.33496, 1.35198, 1.36137, 1.36844, 1.37466, 1.37841, 1.38918, 1.39048, 1.41695, 1.41625, 1.42409, 1.43352, 1.45983, 1.4543, 1.46825, 1.4753, 1.48222, 1.48974, 1.49262, 1.49988, 1.53261, 1.52713, 1.53501, 1.55005, 1.5477, 1.57682, 1.56748, 1.57022, 1.5849, 1.59409, 1.58864, 1.60256, 1.62657, 1.6361, 1.62706, 1.64863, 1.64739, 1.65069, 1.6634, 1.69279, 1.70301, 1.69154, 1.69059, 1.70015, 1.7164, 1.7142, 1.73158, 1.73365, 1.74892, 1.75518, 1.77354, 1.76759, 1.79601, 1.80654, 1.80722, 1.81512, 1.82574, 1.8199, 1.82048, 1.84636, 1.83774, 1.85816, 1.87172, 1.87246, 1.87942, 1.89301, 1.89346, 1.90027, 1.9142, 1.92856, 1.93942, 1.93851, 1.96548, 1.95535, 1.96015, 1.97682, 1.99634, 1.99472, 1.99381, 2.00061, 2.00054, 2.0182, 2.08018, 2.09229, 2.0717, 2.06691, 2.04263, 2.08684, 2.10287, 2.10398, 2.0994, 2.10096, 2.09132, 2.10635, 2.10608, 2.13776, 2.15652, 2.15121, 2.16345, 2.1597, 2.17815, 2.19905, 2.20045, 2.19845, 2.20756, 2.23054, 2.24324, 2.22191, 2.24122, 2.2804, 2.30409, 2.27517, 2.2701, 2.30653, 2.2898, 2.3008, 2.29647, 2.35806, 2.36276, 2.31408, 2.34307, 2.38557, 2.38552, 2.37993, 
0.11056, 0.0965378, 0.0961441, 0.0682048, 0.0791468, 0.0708805, 0.0714961, 0.0445696, 0.0309924, 0.0305649, 0.0514463, 0.00639553, 0.00465768, 0.00407989, 0.0161206, 0.00647612, 0.00419062, 0.0100176, 0.0338516, 0.0441482, 0.0334841, 0.0623897, 0.00788941, 0.008253, 0.00379184, 0.104991, 0.103884, 0.0244263, 0.118051, 0.12074, 0.00498985, 0.161375, 0.152101, 0.0936772, 0.0939852, 0.083624, 0.203234, 0.197808, 0.221334, 0.245736, 0.199536, 0.21783, 0.237899, 0.237708, 0.237454, 0.24811, 0.262235, 0.261569, 0.303341, 0.279909, 0.295412, 0.33544, 0.316757, 0.313263, 0.333852, 0.334505, 0.342972, 0.373405, 0.387431, 0.363297, 0.390433, 0.370439, 0.411749, 0.397137, 0.388209, 0.418932, 0.421527, 0.449769, 0.425051, 0.435755, 0.475748, 0.462331, 0.477608, 0.480712, 0.498126, 0.491272, 0.526154, 0.514987, 0.533436, 0.549908, 0.546401, 0.569494, 0.568208, 0.575404, 0.57457, 0.567486, 0.595602, 0.605282, 0.60786, 0.594992, 0.610011, 0.636071, 0.635305, 0.645611, 0.649495, 0.650168, 0.654177, 0.698176, 0.696907, 0.707495, 0.691918, 0.70245, 0.703489, 0.745148, 0.730484, 0.749245, 0.749002, 0.761429, 0.763145, 0.800909, 0.818928, 0.798903, 0.812944, 0.82928, 0.809303, 0.838303, 0.835051, 0.836177, 0.862522, 0.863468, 0.864505, 0.885457, 0.910721, 0.911991, 0.899199, 0.904679, 0.903502, 0.932632, 0.933117, 0.959352, 0.959952, 0.957644, 0.967054, 0.972789, 0.990873, 0.978333, 0.992317, 1.01198, 1.01362, 1.02588, 1.03574, 1.03672, 1.04042, 1.05765, 1.06216, 1.06361, 1.10156, 1.09743, 1.09676, 1.10159, 1.10582, 1.12714, 1.13791, 1.12855, 1.14288, 1.14668, 1.16859, 1.15686, 1.18191, 1.20099, 1.21386, 1.20573, 1.21909, 1.23254, 1.23173, 1.24944, 1.25124, 1.25637, 1.26396, 1.26417, 1.27485, 1.29496, 1.29994, 1.31564, 1.31317, 1.32297, 1.34745, 1.34703, 1.36423, 1.37168, 1.38218, 1.37448, 1.38517, 1.40452, 1.3993, 1.42419, 1.42501, 1.42371, 1.43846, 1.44359, 1.45884, 1.48121, 1.48307, 1.4917, 1.48568, 1.50743, 1.51309, 1.5257, 1.52097, 1.55142, 1.54085, 1.55053, 1.56412, 1.59242, 1.57316, 1.58344, 1.5918, 1.58717, 1.6377, 1.63052, 1.62492, 1.63002, 1.63714, 1.63896, 1.65568, 1.66974, 1.66684, 1.68823, 1.68901, 1.69539, 1.70656, 1.70439, 1.72936, 1.72474, 1.74939, 1.76285, 1.7642, 1.76338, 1.76531, 1.78635, 1.79006, 1.80414, 1.80056, 1.80529, 1.82207, 1.84457, 1.85901, 1.85826, 1.88401, 1.87031, 1.89578, 1.88394, 1.90302, 1.89899, 1.90481, 1.91116, 1.91706, 1.9322, 1.95512, 1.96469, 1.97186, 1.96762, 1.96477, 1.98328, 1.99621, 2.02122, 2.00682, 2.03543, 2.03226, 2.04549, 2.0522, 2.04667, 2.04848, 2.05146, 2.07289, 2.08638, 2.11162, 2.09475, 2.09602, 2.0964, 2.10987, 2.13062, 2.15694, 2.13254, 2.16401, 2.17017, 2.15931, 2.17994, 2.18244, 2.17987, 2.21017, 2.24437, 2.24255, 2.2254, 2.22127, 2.2669, 2.24448, 2.24197, 2.29751, 2.28044, 2.29751, 2.29619, 2.31538, 2.31425, 2.33486, 2.32241, 2.34215, 2.34736, 2.37751, 2.35631, 
0.0970701, 0.122355, 0.0622637, 0.067545, 0.0700138, 0.0754278, 0.0666513, 0.0583819, 0.0116409, 0.0476638, 0.00486903, 0.0169766, 0.00493662, 0.0051792, 0.00654785, 0.00683621, 0.0663302, 0.0518749, 0.0175131, 0.0562059, 0.0413742, 0.00390385, 0.0214046, 0.0186295, 0.00485465, 0.0209011, 0.0168803, 0.0108728, 0.0250795, 0.0141567, 0.0249268, 0.0133834, 0.0144482, 0.102704, 0.091745, 0.090035, 0.125077, 0.125448, 0.189635, 0.1882, 0.187354, 0.224799, 0.255776, 0.255477, 0.242053, 0.29305, 0.24609, 0.246199, 0.283338, 0.300037, 0.308561, 0.314753, 0.315055, 0.318635, 0.308498, 0.354994, 0.339456, 0.373818, 0.367172, 0.367209, 0.366814, 0.380147, 0.380253, 0.40803, 0.386676, 0.422563, 0.407222, 0.436492, 0.449214, 0.462736, 0.449168, 0.476293, 0.459711, 0.524901, 0.506776, 0.501719, 0.493425, 0.522901, 0.541796, 0.548376, 0.54945, 0.54501, 0.56036, 0.561877, 0.560554, 0.579877, 0.578615, 0.592818, 0.618322, 0.621928, 0.628429, 0.611988, 0.636034, 0.626676, 0.655189, 0.656367, 0.676746, 0.673528, 0.686943, 0.689626, 0.687656, 0.699384, 0.717542, 0.753102, 0.729971, 0.739302, 0.735508, 0.774875, 0.759043, 0.767574, 0.794992, 0.811868, 0.785503, 0.819242, 0.822137, 0.82269, 0.836052, 0.838306, 0.837396, 0.845278, 0.861866, 0.859972, 0.889504, 0.89534, 0.914966, 0.892545, 0.9091, 0.929798, 0.925951, 0.940209, 0.933099, 0.967266, 0.96669, 0.953774, 0.976039, 0.995478, 1.00103, 1.00257, 1.01328, 1.0416, 1.03402, 1.05206, 1.03937, 1.05774, 1.05331, 1.0488, 1.06731, 1.09162, 1.09368, 1.09913, 1.10449, 1.11232, 1.1166, 1.14755, 1.15098, 1.15537, 1.15838, 1.17426, 1.17808, 1.18175, 1.18409, 1.20595, 1.20454, 1.22545, 1.23603, 1.24713, 1.24193, 1.24681, 1.26032, 1.26441, 1.28146, 1.28548, 1.30057, 1.29909, 1.31214, 1.32205, 1.3375, 1.33634, 1.35619, 1.36555, 1.35889, 1.37666, 1.39975, 1.38308, 1.38891, 1.41123, 1.41299, 1.43149, 1.43738, 1.44115, 1.44776, 1.46069, 1.46877, 1.46888, 1.48327, 1.49626, 1.50251, 1.51067, 1.52457, 1.52132, 1.54276, 1.54732, 1.54714, 1.55443, 1.56914, 1.60163, 1.57456, 1.5939, 1.61263, 1.61213, 1.61308, 1.62877, 1.63048, 1.64011, 1.65764, 1.66767, 1.66681, 1.66672, 1.68661, 1.69666, 1.69306, 1.70749, 1.71586, 1.71476, 1.73858, 1.74805, 1.75908, 1.7524, 1.76523, 1.78905, 1.78903, 1.81991, 1.79689, 1.83741, 1.81366, 1.82981, 1.83064, 1.82974, 1.87996, 1.85044, 1.87288, 1.85857, 1.87969, 1.88925, 1.89225, 1.90546, 1.92167, 1.92111, 1.93945, 1.95825, 1.95959, 1.94448, 1.97547, 1.97623, 2.00394, 2.00357, 2.00377, 2.0256, 2.03048, 2.02298, 2.03947, 2.07314, 2.03769, 2.03872, 2.0558, 2.06991, 2.06613, 2.08435, 2.08427, 2.14596, 2.11473, 2.13189, 2.13081, 2.14643, 2.1626, 2.16572, 2.17935, 2.16382, 2.16428, 2.18991, 2.21556, 2.22295, 2.20683, 2.23802, 2.23747, 2.24614, 2.27045, 2.25379, 2.2567, 2.29417, 2.29195, 2.33143, 2.2873, 2.30404, 2.30093, 2.29832, 2.32295, 2.36486, 2.35085, 2.33447, 
0.134588, 0.114713, 0.0837476, 0.0964994, 0.100668, 0.0755775, 0.00386168, 0.0301623, 0.010748, 0.0387736, 0.0490538, 0.0241271, 0.00417192, 0.0173621, 0.011801, 0.00490643, 0.0313308, 0.0164018, 0.00358958, 0.0439193, 0.0311236, 0.0212131, 0.0139448, 0.0211251, 0.0182588, 0.0415795, 0.0404931, 0.0234704, 0.0134942, 0.0140271, 0.00475391, 0.0143294, 0.00458948, 0.0315311, 0.0615495, 0.107101, 0.0924654, 0.126585, 0.192793, 0.21733, 0.200145, 0.228594, 0.22494, 0.228237, 0.242334, 0.266406, 0.256079, 0.302425, 0.266583, 0.293908, 0.286908, 0.283825, 0.283884, 0.341708, 0.310291, 0.309657, 0.328103, 0.334853, 0.338317, 0.368885, 0.367074, 0.360658, 0.363271, 0.390309, 0.415495, 0.405275, 0.406814, 0.418716, 0.443375, 0.421783, 0.472594, 0.473091, 0.473492, 0.472692, 0.483952, 0.477567, 0.49128, 0.51777, 0.516784, 0.533397, 0.526728, 0.550402, 0.570072, 0.563208, 0.577032, 0.583323, 0.570043, 0.593096, 0.60161, 0.590337, 0.609931, 0.621206, 0.611294, 0.643878, 0.639845, 0.639592, 0.676438, 0.683338, 0.686022, 0.691299, 0.725259, 0.72142, 0.700123, 0.708234, 0.706225, 0.721049, 0.749086, 0.756107, 0.767067, 0.768913, 0.795673, 0.771546, 0.811062, 0.816395, 0.803937, 0.803318, 0.845564, 0.828793, 0.840231, 0.850278, 0.860132, 0.859218, 0.888225, 0.875908, 0.892913, 0.886408, 0.908253, 0.898021, 0.918382, 0.931801, 0.943326, 0.950624, 0.960688, 0.960912, 0.966993, 0.968309, 0.98237, 0.99573, 0.992435, 1.01655, 1.01474, 1.02053, 1.02641, 1.03475, 1.0435, 1.07488, 1.07228, 1.07459, 1.09889, 1.09646, 1.11205, 1.1014, 1.1234, 1.12573, 1.13197, 1.15329, 1.17452, 1.17491, 1.18058, 1.18119, 1.18037, 1.18235, 1.19552, 1.20826, 1.21843, 1.23457, 1.23824, 1.25106, 1.25369, 1.25479, 1.26919, 1.27507, 1.27868, 1.2958, 1.30596, 1.32588, 1.32612, 1.32987, 1.35189, 1.34333, 1.35632, 1.35713, 1.36966, 1.37788, 1.39979, 1.40729, 1.41905, 1.41852, 1.43745, 1.42266, 1.44428, 1.46152, 1.46629, 1.46447, 1.46264, 1.48277, 1.49968, 1.50085, 1.52284, 1.51713, 1.52968, 1.53393, 1.55079, 1.54988, 1.55797, 1.55766, 1.57981, 1.5995, 1.59521, 1.61336, 1.60558, 1.61133, 1.63073, 1.6305, 1.6649, 1.65912, 1.67197, 1.67132, 1.68471, 1.69962, 1.71364, 1.6999, 1.70814, 1.72709, 1.72277, 1.74114, 1.74255, 1.75791, 1.75727, 1.78017, 1.77921, 1.77995, 1.81486, 1.81643, 1.81986, 1.81945, 1.81929, 1.82823, 1.83544, 1.85509, 1.84687, 1.87223, 1.87223, 1.87283, 1.87291, 1.90127, 1.90707, 1.94844, 1.92055, 1.95461, 1.92924, 1.97982, 1.97284, 1.96283, 1.97491, 1.97207, 2.0215, 2.00793, 2.00198, 2.02551, 2.00583, 2.04518, 2.03122, 2.03639, 2.04856, 2.08977, 2.06201, 2.07517, 2.11657, 2.1324, 2.10927, 2.14623, 2.14622, 2.1357, 2.16927, 2.16992, 2.15672, 2.19783, 2.1838, 2.20342, 2.22315, 2.22878, 2.23179, 2.21226, 2.21715, 2.25013, 2.22759, 2.25173, 2.25624, 2.2973, 2.27601, 2.3021, 2.29262, 2.31915, 2.32123, 2.32944, 2.31372, 2.34544, 2.34978, 2.35979, 
0.124481, 0.123552, 0.111795, 0.097507, 0.0934301, 0.0932921, 0.0900625, 0.0560814, 0.0656802, 0.0199778, 0.00623673, 0.0507853, 0.0281717, 0.0445264, 0.00727711, 0.00940572, 0.0102123, 0.0339696, 0.0254339, 0.00374506, 0.0174776, 0.00491765, 0.0202113, 0.00797396, 0.0237193, 0.0150877, 0.0151797, 0.0245389, 0.0203235, 0.0247059, 0.0500742, 0.0340264, 0.0504494, 0.0870978, 0.127802, 0.148345, 0.111359, 0.152805, 0.162705, 0.207049, 0.185253, 0.231027, 0.242216, 0.26819, 0.234164, 0.248552, 0.291252, 0.293589, 0.26257, 0.269765, 0.290168, 0.289976, 0.314889, 0.283458, 0.346317, 0.338866, 0.314675, 0.352594, 0.3624, 0.356544, 0.36277, 0.36282, 0.362733, 0.394345, 0.393581, 0.387708, 0.417583, 0.415451, 0.407699, 0.432037, 0.431608, 0.445876, 0.46025, 0.476007, 0.474178, 0.49912, 0.494545, 0.513834, 0.515124, 0.525628, 0.538375, 0.559274, 0.532435, 0.532466, 0.566259, 0.566805, 0.559775, 0.591088, 0.589712, 0.588409, 0.607006, 0.62882, 0.627622, 0.641861, 0.62654, 0.640397, 0.673128, 0.653579, 0.660826, 0.674844, 0.694962, 0.701349, 0.713539, 0.718014, 0.734561, 0.726407, 0.729549, 0.741902, 0.759626, 0.763317, 0.768259, 0.772869, 0.787492, 0.787081, 0.787011, 0.816467, 0.818043, 0.823602, 0.82488, 0.847908, 0.850039, 0.856197, 0.882904, 0.874556, 0.90107, 0.884579, 0.884056, 0.913733, 0.911806, 0.931484, 0.931837, 0.954592, 0.952974, 0.966852, 0.977019, 0.985871, 0.971398, 0.98943, 0.987669, 0.994916, 1.02363, 1.00881, 1.04045, 1.04736, 1.04716, 1.06458, 1.06464, 1.07358, 1.09118, 1.08985, 1.11287, 1.1132, 1.11988, 1.12277, 1.13265, 1.14219, 1.14327, 1.1478, 1.15724, 1.17433, 1.1853, 1.20451, 1.19697, 1.20418, 1.21561, 1.21999, 1.24458, 1.2449, 1.24993, 1.25687, 1.27139, 1.28973, 1.27975, 1.29829, 1.30745, 1.31158, 1.323, 1.31932, 1.34008, 1.34005, 1.36243, 1.35879, 1.39011, 1.36805, 1.38632, 1.39329, 1.40178, 1.41526, 1.41677, 1.42467, 1.43761, 1.43992, 1.45739, 1.45322, 1.46326, 1.49871, 1.50387, 1.4918, 1.50549, 1.5055, 1.52463, 1.53666, 1.54917, 1.54842, 1.54812, 1.55917, 1.5657, 1.57616, 1.58259, 1.6014, 1.6038, 1.61058, 1.62626, 1.62959, 1.64136, 1.64422, 1.65538, 1.65695, 1.68262, 1.68621, 1.67695, 1.72796, 1.71364, 1.72426, 1.71591, 1.72647, 1.73747, 1.74611, 1.77174, 1.77288, 1.78863, 1.78373, 1.78321, 1.79885, 1.81706, 1.8345, 1.8084, 1.84461, 1.83492, 1.84073, 1.85247, 1.86146, 1.88428, 1.9007, 1.90052, 1.89503, 1.91203, 1.9086, 1.92997, 1.93713, 1.94162, 1.94152, 1.94852, 1.94648, 1.9758, 1.98982, 1.99058, 2.00499, 2.01348, 2.0146, 2.04259, 2.04201, 2.03134, 2.05754, 2.05196, 2.06575, 2.07966, 2.08372, 2.09899, 2.11749, 2.09438, 2.14447, 2.15566, 2.12865, 2.12051, 2.14568, 2.17644, 2.16084, 2.20376, 2.20191, 2.222, 2.18789, 2.19855, 2.23464, 2.2347, 2.24171, 2.24568, 2.24584, 2.27427, 2.30012, 2.29159, 2.26573, 2.28323, 2.31153, 2.30236, 2.328, 2.33812, 2.3387, 2.34727, 2.36095, 
0.143047, 0.115766, 0.124424, 0.099802, 0.0757374, 0.0924909, 0.0466875, 0.0591034, 0.0107381, 0.0256137, 0.0344108, 0.0412817, 0.0243338, 0.0486646, 0.0213045, 0.00605717, 0.00839059, 0.0131855, 0.0171072, 0.0100214, 0.0240614, 0.0103297, 0.00744339, 0.0274306, 0.0792238, 0.0693512, 0.079303, 0.027659, 0.0307507, 0.0312469, 0.0298476, 0.0313248, 0.0413556, 0.0931899, 0.140991, 0.1552, 0.154939, 0.186591, 0.160023, 0.191322, 0.196763, 0.206088, 0.219849, 0.265748, 0.241083, 0.244836, 0.240867, 0.272398, 0.278166, 0.269216, 0.271985, 0.293169, 0.293901, 0.303998, 0.287416, 0.346022, 0.332178, 0.363137, 0.352738, 0.346605, 0.35185, 0.383433, 0.362606, 0.400406, 0.372845, 0.404329, 0.451988, 0.398283, 0.402102, 0.446252, 0.458807, 0.45953, 0.442923, 0.475932, 0.489273, 0.508051, 0.507442, 0.514034, 0.497628, 0.533983, 0.516949, 0.53198, 0.534366, 0.556596, 0.549295, 0.563484, 0.584154, 0.596498, 0.596722, 0.593455, 0.645179, 0.599406, 0.600342, 0.632928, 0.663573, 0.640997, 0.658926, 0.65667, 0.693521, 0.693706, 0.687077, 0.68809, 0.712746, 0.690821, 0.715863, 0.72141, 0.724113, 0.745782, 0.75328, 0.758254, 0.774494, 0.761286, 0.770603, 0.789141, 0.791452, 0.797953, 0.821568, 0.822169, 0.831813, 0.841204, 0.833852, 0.839686, 0.856969, 0.874902, 0.887592, 0.887197, 0.895882, 0.895024, 0.910014, 0.911778, 0.931951, 0.932052, 0.931151, 0.956168, 0.948565, 0.963917, 0.974086, 0.973621, 0.991931, 0.983518, 0.994308, 1.00413, 1.03041, 1.03676, 1.03938, 1.0379, 1.05412, 1.06641, 1.08593, 1.08451, 1.08215, 1.09548, 1.10192, 1.10975, 1.14416, 1.12856, 1.14053, 1.14609, 1.14773, 1.17188, 1.1703, 1.19046, 1.19899, 1.19476, 1.20526, 1.22291, 1.22876, 1.23868, 1.23774, 1.26514, 1.25755, 1.26048, 1.27842, 1.27861, 1.28243, 1.30007, 1.30266, 1.31357, 1.33448, 1.3239, 1.35262, 1.35984, 1.35895, 1.36845, 1.38551, 1.39194, 1.39625, 1.40937, 1.42641, 1.4303, 1.42712, 1.45136, 1.44899, 1.45821, 1.45954, 1.4767, 1.47471, 1.50456, 1.49598, 1.50442, 1.5173, 1.51765, 1.5299, 1.54129, 1.54366, 1.56217, 1.5515, 1.56628, 1.57984, 1.59705, 1.60204, 1.60257, 1.61246, 1.63704, 1.62338, 1.63401, 1.66112, 1.65704, 1.683, 1.66615, 1.6994, 1.67976, 1.71343, 1.73394, 1.71627, 1.71047, 1.74152, 1.75782, 1.75146, 1.75964, 1.76148, 1.78155, 1.79101, 1.79237, 1.79852, 1.81916, 1.82103, 1.82885, 1.82749, 1.87206, 1.85294, 1.86482, 1.8645, 1.89946, 1.88929, 1.92016, 1.93165, 1.94132, 1.94464, 1.91982, 1.93217, 1.95184, 1.95451, 1.99363, 1.96689, 1.98043, 1.97748, 1.99724, 2.00642, 2.04219, 2.02761, 2.04469, 2.02806, 2.0444, 2.05527, 2.05221, 2.0543, 2.06848, 2.08646, 2.08964, 2.12108, 2.09028, 2.12736, 2.11831, 2.12524, 2.15272, 2.15254, 2.17476, 2.16894, 2.20305, 2.19184, 2.21762, 2.21565, 2.1959, 2.19903, 2.23413, 2.24637, 2.24811, 2.24817, 2.28145, 2.26206, 2.2694, 2.29723, 2.31135, 2.30872, 2.32526, 2.32556, 2.33162, 2.34881, 2.34936, 
0.135398, 0.142252, 0.0938347, 0.100668, 0.101362, 0.118069, 0.112299, 0.0809977, 0.0821932, 0.0753031, 0.0484748, 0.0378107, 0.0210678, 0.0143848, 0.0145038, 0.00417135, 0.0341852, 0.0108961, 0.0212074, 0.0202416, 0.0700289, 0.0423702, 0.0352692, 0.0613984, 0.0504118, 0.0967598, 0.0828297, 0.107675, 0.100302, 0.0282779, 0.0104928, 0.00405162, 0.0102754, 0.0126706, 0.133951, 0.133925, 0.169734, 0.165803, 0.165501, 0.226338, 0.174957, 0.196088, 0.232825, 0.228113, 0.217612, 0.233919, 0.245188, 0.267299, 0.246046, 0.269671, 0.28393, 0.281457, 0.299151, 0.297517, 0.300772, 0.321042, 0.321428, 0.313625, 0.341641, 0.335487, 0.358709, 0.386538, 0.389468, 0.402226, 0.373925, 0.407626, 0.410595, 0.448915, 0.406162, 0.414346, 0.434378, 0.432413, 0.439289, 0.473836, 0.473098, 0.474072, 0.490153, 0.498631, 0.500878, 0.524283, 0.549198, 0.532418, 0.540578, 0.539551, 0.532966, 0.549778, 0.577023, 0.579585, 0.579349, 0.598499, 0.601429, 0.595026, 0.612316, 0.651676, 0.617133, 0.615204, 0.642197, 0.667168, 0.658865, 0.677706, 0.68775, 0.679614, 0.683128, 0.708871, 0.697484, 0.721282, 0.711128, 0.721167, 0.756367, 0.74961, 0.777437, 0.769583, 0.769592, 0.792478, 0.788981, 0.802017, 0.815358, 0.811874, 0.809798, 0.818598, 0.834987, 0.850105, 0.859688, 0.850932, 0.880624, 0.872716, 0.906882, 0.892676, 0.89829, 0.922765, 0.915102, 0.92338, 0.928887, 0.932648, 0.973478, 0.967882, 0.97698, 0.978347, 0.992068, 0.995008, 1.00173, 1.00247, 1.01429, 1.01346, 1.03346, 1.03695, 1.0568, 1.05627, 1.0841, 1.07698, 1.08848, 1.08597, 1.1048, 1.10483, 1.12996, 1.11956, 1.12054, 1.17156, 1.16431, 1.1672, 1.16763, 1.16788, 1.18266, 1.18851, 1.20893, 1.21888, 1.21973, 1.21955, 1.22968, 1.23935, 1.25859, 1.26618, 1.27422, 1.26591, 1.29963, 1.29882, 1.30188, 1.30506, 1.34396, 1.32344, 1.32688, 1.36389, 1.35694, 1.37752, 1.36888, 1.39341, 1.39628, 1.39017, 1.40679, 1.42998, 1.43033, 1.44379, 1.43206, 1.45018, 1.48239, 1.47838, 1.48246, 1.48029, 1.48449, 1.51573, 1.51156, 1.5117, 1.51455, 1.52968, 1.52946, 1.54864, 1.54901, 1.5778, 1.57512, 1.5767, 1.58902, 1.59938, 1.62343, 1.65235, 1.61972, 1.6499, 1.66503, 1.6725, 1.66973, 1.67911, 1.66807, 1.68262, 1.70927, 1.69053, 1.71767, 1.7161, 1.73729, 1.74725, 1.75459, 1.78318, 1.7612, 1.77148, 1.79406, 1.77871, 1.80434, 1.82975, 1.80376, 1.81188, 1.83084, 1.84747, 1.83774, 1.84787, 1.86747, 1.86663, 1.86018, 1.88, 1.91, 1.89279, 1.90733, 1.90745, 1.93619, 1.94216, 1.94048, 1.94912, 1.95105, 1.95361, 1.9898, 1.98288, 2.01719, 2.02471, 2.01505, 2.03434, 2.0309, 2.03477, 2.03052, 2.02887, 2.05714, 2.06211, 2.07608, 2.08293, 2.1138, 2.11173, 2.11862, 2.11895, 2.13958, 2.14452, 2.14358, 2.16167, 2.15972, 2.16641, 2.18279, 2.19331, 2.20331, 2.20165, 2.19711, 2.21116, 2.23862, 2.24963, 2.24907, 2.2567, 2.24916, 2.25407, 2.29036, 2.30672, 2.31724, 2.33484, 2.34453, 2.37672, 2.3761, 2.3705, 
0.120528, 0.0968733, 0.11791, 0.130583, 0.101419, 0.0835594, 0.0849131, 0.0658445, 0.0660799, 0.0588266, 0.0736731, 0.0484558, 0.00307173, 0.0295845, 0.0454871, 0.011547, 0.00376638, 0.00665707, 0.00391683, 0.0451844, 0.0280268, 0.0236759, 0.0385081, 0.0733538, 0.0579332, 0.049212, 0.0618125, 0.0930535, 0.0854339, 0.085945, 0.0127873, 0.00495039, 0.0122047, 0.0243372, 0.118587, 0.143859, 0.141871, 0.139971, 0.165152, 0.177696, 0.182613, 0.170281, 0.203065, 0.228442, 0.201379, 0.240751, 0.242078, 0.251932, 0.24887, 0.283355, 0.258171, 0.279553, 0.301254, 0.30673, 0.28746, 0.318765, 0.326504, 0.314243, 0.346355, 0.332073, 0.352121, 0.368571, 0.35594, 0.366432, 0.394516, 0.373161, 0.386254, 0.409353, 0.412102, 0.429497, 0.454769, 0.41485, 0.452318, 0.497131, 0.448698, 0.458315, 0.465805, 0.494195, 0.493905, 0.481169, 0.543388, 0.525814, 0.526308, 0.547107, 0.545846, 0.550601, 0.563041, 0.577642, 0.57361, 0.5742, 0.600056, 0.629546, 0.618662, 0.621807, 0.646376, 0.634575, 0.65085, 0.645959, 0.633222, 0.663181, 0.671179, 0.705299, 0.693756, 0.711789, 0.70157, 0.726448, 0.731543, 0.746407, 0.731916, 0.746873, 0.77777, 0.770269, 0.776698, 0.777759, 0.790094, 0.811565, 0.800575, 0.805616, 0.819386, 0.827969, 0.848843, 0.848026, 0.848373, 0.853768, 0.866677, 0.877524, 0.871994, 0.902124, 0.894204, 0.912469, 0.923287, 0.93283, 0.91871, 0.94784, 0.952971, 0.95845, 0.969389, 0.962745, 0.964063, 0.997639, 1.00772, 0.997485, 1.00533, 1.02163, 1.02451, 1.02361, 1.05733, 1.05453, 1.06876, 1.08729, 1.07331, 1.09133, 1.09411, 1.10163, 1.09925, 1.12261, 1.11988, 1.13347, 1.14272, 1.14486, 1.17094, 1.18442, 1.19373, 1.1903, 1.19652, 1.21666, 1.21879, 1.22732, 1.22031, 1.23009, 1.24771, 1.24809, 1.27855, 1.26222, 1.28979, 1.27538, 1.30055, 1.30456, 1.30388, 1.3125, 1.32674, 1.33716, 1.34099, 1.35893, 1.36349, 1.37526, 1.37766, 1.40131, 1.39717, 1.40651, 1.4252, 1.4337, 1.43453, 1.44046, 1.45518, 1.4481, 1.46144, 1.46591, 1.47403, 1.48381, 1.50595, 1.50654, 1.51984, 1.55724, 1.52718, 1.53837, 1.55535, 1.5622, 1.57112, 1.57253, 1.57991, 1.62243, 1.5921, 1.61063, 1.61491, 1.64382, 1.64983, 1.63007, 1.66877, 1.68261, 1.68281, 1.67207, 1.68174, 1.6891, 1.69898, 1.7036, 1.70359, 1.72811, 1.73361, 1.73852, 1.7559, 1.76627, 1.76978, 1.77464, 1.78238, 1.80364, 1.80306, 1.81345, 1.82408, 1.82471, 1.84111, 1.8293, 1.8511, 1.86128, 1.85592, 1.87799, 1.88343, 1.90038, 1.90057, 1.93846, 1.91429, 1.92495, 1.94432, 1.95751, 1.96124, 1.94664, 1.9558, 1.98727, 1.9999, 1.98734, 2.01693, 2.01039, 2.02789, 2.03898, 2.05211, 2.04906, 2.06034, 2.05848, 2.06675, 2.08619, 2.0941, 2.11809, 2.12179, 2.10801, 2.11939, 2.13029, 2.13399, 2.16283, 2.16224, 2.17649, 2.18418, 2.20165, 2.19071, 2.19774, 2.21979, 2.2129, 2.25754, 2.21061, 2.23072, 2.22963, 2.25596, 2.25355, 2.28741, 2.26708, 2.30809, 2.31171, 2.31788, 2.31885, 2.33533, 2.33412, 
0.132222, 0.101701, 0.139035, 0.0998282, 0.108056, 0.123825, 0.117539, 0.109113, 0.0945771, 0.0722661, 0.0629902, 0.0733519, 0.0513041, 0.0247857, 0.0250588, 0.0283691, 0.0169821, 0.00505336, 0.0167093, 0.0203371, 0.034718, 0.0592677, 0.0366478, 0.0339842, 0.0651378, 0.0871496, 0.0630548, 0.0617344, 0.0913796, 0.0949449, 0.0199873, 0.00911323, 0.0307818, 0.00502635, 0.0125132, 0.125438, 0.125908, 0.124649, 0.184538, 0.223708, 0.182187, 0.157045, 0.156267, 0.18703, 0.20642, 0.206547, 0.241394, 0.242635, 0.270584, 0.245516, 0.290261, 0.256052, 0.269186, 0.273569, 0.282811, 0.283984, 0.348544, 0.328094, 0.318051, 0.347971, 0.342021, 0.364032, 0.376242, 0.370758, 0.355803, 0.396252, 0.369451, 0.401041, 0.392827, 0.392988, 0.403882, 0.452611, 0.437878, 0.46374, 0.474976, 0.480986, 0.486848, 0.48521, 0.511824, 0.490178, 0.505067, 0.516261, 0.520855, 0.545999, 0.545562, 0.526967, 0.546545, 0.559821, 0.570008, 0.569304, 0.593558, 0.608735, 0.612583, 0.628461, 0.610537, 0.633112, 0.645425, 0.626425, 0.664104, 0.642454, 0.659556, 0.666134, 0.684666, 0.677636, 0.696079, 0.690718, 0.711414, 0.726697, 0.736707, 0.728962, 0.756955, 0.751519, 0.766749, 0.760996, 0.762394, 0.789201, 0.807828, 0.804641, 0.801868, 0.814611, 0.81254, 0.831801, 0.866644, 0.84962, 0.853704, 0.880319, 0.884129, 0.882408, 0.887346, 0.888683, 0.900354, 0.929587, 0.924907, 0.925879, 0.952792, 0.94618, 0.96394, 0.95591, 0.977986, 0.997908, 0.993656, 1.00473, 1.00489, 1.0052, 1.02014, 1.02076, 1.04, 1.06034, 1.05975, 1.06152, 1.0639, 1.07502, 1.07927, 1.0954, 1.09483, 1.10877, 1.11972, 1.13084, 1.1528, 1.14539, 1.15224, 1.16055, 1.19105, 1.18449, 1.20627, 1.21024, 1.19981, 1.21147, 1.22778, 1.22931, 1.23884, 1.24637, 1.26691, 1.26322, 1.27623, 1.27193, 1.29613, 1.30619, 1.31272, 1.3262, 1.31632, 1.32565, 1.35191, 1.3361, 1.35109, 1.37192, 1.3723, 1.38198, 1.38529, 1.40915, 1.41366, 1.42682, 1.43431, 1.42381, 1.45223, 1.44838, 1.46873, 1.46566, 1.47227, 1.48623, 1.49885, 1.51478, 1.50233, 1.54079, 1.56262, 1.52613, 1.54843, 1.56084, 1.55101, 1.58233, 1.58015, 1.61298, 1.58175, 1.59362, 1.60717, 1.63281, 1.63608, 1.64906, 1.64176, 1.64836, 1.69391, 1.65712, 1.68255, 1.69743, 1.68725, 1.71003, 1.72444, 1.72671, 1.75531, 1.73233, 1.7447, 1.76456, 1.75656, 1.76905, 1.81686, 1.79319, 1.80914, 1.83134, 1.84863, 1.81349, 1.84553, 1.83598, 1.84697, 1.87137, 1.87647, 1.89529, 1.88039, 1.87189, 1.8992, 1.93428, 1.91272, 1.92256, 1.93076, 1.94423, 1.96913, 1.96851, 1.99288, 1.99426, 1.9721, 1.98409, 2.00648, 2.01919, 2.01424, 2.01563, 2.03985, 2.03944, 2.04424, 2.05339, 2.05171, 2.09795, 2.08937, 2.10461, 2.11274, 2.11229, 2.12753, 2.14953, 2.13489, 2.14622, 2.1356, 2.16289, 2.17692, 2.16876, 2.18435, 2.18031, 2.23168, 2.21295, 2.2367, 2.24246, 2.24934, 2.2532, 2.25959, 2.25941, 2.26733, 2.29158, 2.30454, 2.30428, 2.34638, 2.33918, 2.32053, 2.33525, 
0.152205, 0.0798455, 0.00366568, 0.14578, 0.113409, 0.110098, 0.107825, 0.0585992, 0.101854, 0.076161, 0.0592975, 0.00371671, 0.0593506, 0.0390498, 0.0141982, 0.0315784, 0.00985778, 0.0165119, 0.00397493, 0.019515, 0.0132958, 0.0217074, 0.0233468, 0.0235081, 0.0433593, 0.0659976, 0.0361162, 0.0830968, 0.114448, 0.0632225, 0.1148, 0.0104516, 0.0043437, 0.103763, 0.0180999, 0.130968, 0.151049, 0.12609, 0.176452, 0.176526, 0.164447, 0.198567, 0.177454, 0.176353, 0.222266, 0.239761, 0.249079, 0.238073, 0.249085, 0.258712, 0.234181, 0.287772, 0.258582, 0.307367, 0.301097, 0.300509, 0.311391, 0.310995, 0.321139, 0.333514, 0.338245, 0.345171, 0.332588, 0.366643, 0.362614, 0.360818, 0.370455, 0.37057, 0.396811, 0.407978, 0.424797, 0.427782, 0.41832, 0.429129, 0.501413, 0.462443, 0.470228, 0.477877, 0.486289, 0.507899, 0.50683, 0.500344, 0.532001, 0.529791, 0.548391, 0.559544, 0.57981, 0.547584, 0.541474, 0.580232, 0.580578, 0.595343, 0.597297, 0.61955, 0.63218, 0.642364, 0.626122, 0.629982, 0.658961, 0.642145, 0.657293, 0.665335, 0.681095, 0.673851, 0.69407, 0.708976, 0.69649, 0.715413, 0.715404, 0.724434, 0.732102, 0.736192, 0.761655, 0.764272, 0.774024, 0.780451, 0.788708, 0.794537, 0.801183, 0.832502, 0.832341, 0.836105, 0.856314, 0.841777, 0.893307, 0.859716, 0.861888, 0.868676, 0.86755, 0.889166, 0.895473, 0.928642, 0.923312, 0.93009, 0.933327, 0.931985, 0.955763, 0.953381, 0.97876, 0.974638, 0.990647, 0.989076, 0.997565, 1.00547, 1.01309, 1.03179, 1.02261, 1.04758, 1.04724, 1.06759, 1.06783, 1.07942, 1.08228, 1.09542, 1.09519, 1.11584, 1.12272, 1.14774, 1.13763, 1.14998, 1.14745, 1.17308, 1.17526, 1.17831, 1.19165, 1.21597, 1.2119, 1.21193, 1.2111, 1.23605, 1.23737, 1.24957, 1.26824, 1.25548, 1.27107, 1.28185, 1.27651, 1.3082, 1.30648, 1.3193, 1.3127, 1.33242, 1.34246, 1.34361, 1.34826, 1.35209, 1.36428, 1.38263, 1.40043, 1.4197, 1.42061, 1.40298, 1.41846, 1.44635, 1.43289, 1.4544, 1.46452, 1.46981, 1.47863, 1.47484, 1.48581, 1.48535, 1.49948, 1.52114, 1.53114, 1.53445, 1.54101, 1.56225, 1.57237, 1.57173, 1.57006, 1.56866, 1.60662, 1.60566, 1.61012, 1.61725, 1.62774, 1.62671, 1.63574, 1.64778, 1.67402, 1.67338, 1.65731, 1.67129, 1.69013, 1.70544, 1.70723, 1.70844, 1.72852, 1.72827, 1.73309, 1.74028, 1.74418, 1.77911, 1.79899, 1.79482, 1.80651, 1.80688, 1.81975, 1.81729, 1.83484, 1.8213, 1.83832, 1.84572, 1.84746, 1.84809, 1.87332, 1.87674, 1.89604, 1.89432, 1.92098, 1.92793, 1.92817, 1.93589, 1.94524, 1.9835, 1.95182, 1.95821, 1.97075, 1.98873, 1.98996, 2.01395, 2.01215, 2.00715, 2.03424, 2.03422, 2.04504, 2.05918, 2.06454, 2.08601, 2.08688, 2.06801, 2.0911, 2.11147, 2.10939, 2.11702, 2.14062, 2.13899, 2.14852, 2.15497, 2.16761, 2.16697, 2.17453, 2.1968, 2.1993, 2.21208, 2.20037, 2.22238, 2.21218, 2.21572, 2.27372, 2.29056, 2.29, 2.2661, 2.3114, 2.27433, 2.32623, 2.34209, 2.30028, 2.29765, 
0.151656, 0.148725, 0.13103, 0.124112, 0.103934, 0.121051, 0.0964375, 0.0890953, 0.0889883, 0.0869674, 0.0624232, 0.0348402, 0.011119, 0.0739374, 0.0443696, 0.0194416, 0.00989873, 0.00717062, 0.00842174, 0.00616662, 0.0161898, 0.0059738, 0.0311351, 0.0212728, 0.0350632, 0.0407989, 0.0491441, 0.0831214, 0.0749025, 0.120897, 0.0695065, 0.100556, 0.105633, 0.111868, 0.109205, 0.114695, 0.127875, 0.132212, 0.151036, 0.144497, 0.185862, 0.186828, 0.179232, 0.175107, 0.189636, 0.226689, 0.262859, 0.235, 0.25838, 0.230984, 0.273641, 0.241612, 0.258581, 0.29061, 0.303108, 0.291802, 0.301004, 0.34189, 0.340556, 0.338674, 0.314686, 0.350126, 0.348587, 0.36181, 0.380934, 0.355916, 0.365676, 0.388649, 0.415018, 0.414004, 0.413348, 0.434514, 0.444133, 0.469308, 0.452681, 0.452772, 0.464473, 0.477077, 0.477497, 0.477478, 0.474056, 0.521572, 0.515885, 0.520543, 0.529125, 0.545992, 0.525654, 0.531433, 0.560356, 0.573862, 0.573201, 0.56759, 0.594139, 0.617247, 0.621063, 0.621138, 0.621531, 0.632833, 0.676411, 0.655666, 0.650058, 0.65197, 0.653955, 0.70724, 0.674701, 0.720676, 0.70492, 0.697621, 0.731012, 0.728868, 0.73, 0.728696, 0.751235, 0.755205, 0.769592, 0.76717, 0.79095, 0.800575, 0.807429, 0.807308, 0.820914, 0.833858, 0.837844, 0.85066, 0.84363, 0.86783, 0.853896, 0.859628, 0.865667, 0.884757, 0.890314, 0.911875, 0.912678, 0.915445, 0.93739, 0.942896, 0.950447, 0.958357, 0.966828, 0.992927, 0.970457, 0.998313, 0.984481, 1.00905, 1.00768, 1.01601, 1.0333, 1.04403, 1.06041, 1.05975, 1.06991, 1.07873, 1.09341, 1.08157, 1.09567, 1.1094, 1.10293, 1.1223, 1.12427, 1.13296, 1.1496, 1.1531, 1.17114, 1.16854, 1.17241, 1.1779, 1.21367, 1.22217, 1.22105, 1.21349, 1.23935, 1.25068, 1.2388, 1.26438, 1.25958, 1.28311, 1.2836, 1.28059, 1.29875, 1.3001, 1.30987, 1.31185, 1.33557, 1.34451, 1.35491, 1.34997, 1.35406, 1.38123, 1.38145, 1.3927, 1.4, 1.39732, 1.43235, 1.43058, 1.43603, 1.44838, 1.44129, 1.5055, 1.46765, 1.47573, 1.48257, 1.49337, 1.49204, 1.51043, 1.52264, 1.52119, 1.52165, 1.55844, 1.54456, 1.56164, 1.57838, 1.57928, 1.58683, 1.60915, 1.62737, 1.61993, 1.61264, 1.61973, 1.6232, 1.64778, 1.6615, 1.65023, 1.67253, 1.69376, 1.67318, 1.70286, 1.69311, 1.69286, 1.7148, 1.72536, 1.74808, 1.73931, 1.73865, 1.76101, 1.81074, 1.78517, 1.77956, 1.78439, 1.78362, 1.81, 1.82807, 1.84765, 1.8311, 1.83947, 1.87172, 1.86931, 1.86207, 1.87692, 1.8964, 1.88014, 1.89691, 1.91855, 1.92416, 1.9247, 1.94096, 1.92472, 1.98383, 1.96089, 1.96227, 1.96207, 2.00797, 2.02432, 2.00581, 2.00755, 2.01396, 2.05474, 2.03522, 2.03611, 2.05683, 2.06459, 2.08303, 2.08409, 2.08319, 2.10026, 2.11817, 2.11237, 2.11891, 2.13026, 2.15156, 2.15904, 2.15903, 2.16333, 2.20424, 2.18098, 2.18737, 2.20754, 2.20902, 2.20841, 2.23953, 2.24099, 2.23975, 2.26499, 2.2599, 2.276, 2.27007, 2.29186, 2.29067, 2.28868, 2.32413, 2.32813, 
0.155375, 0.131775, 0.158849, 0.149793, 0.133875, 0.122412, 0.139428, 0.0896244, 0.120363, 0.0719918, 0.0953957, 0.0759705, 0.0690188, 0.0170619, 0.0361598, 0.0295682, 0.00896974, 0.0274108, 0.0273808, 0.0415265, 0.021096, 0.0179763, 0.013634, 0.0244028, 0.0100086, 0.100517, 0.0966651, 0.0797022, 0.0728064, 0.114139, 0.0697799, 0.121052, 0.106088, 0.110987, 0.127048, 0.146642, 0.117174, 0.134842, 0.168481, 0.159454, 0.144261, 0.169111, 0.165013, 0.17597, 0.214798, 0.214107, 0.208987, 0.231276, 0.246637, 0.248343, 0.241575, 0.232489, 0.27241, 0.269431, 0.273264, 0.266555, 0.307075, 0.317437, 0.314758, 0.300345, 0.321185, 0.329438, 0.341018, 0.366119, 0.359207, 0.376926, 0.357379, 0.379118, 0.369152, 0.383399, 0.401387, 0.428836, 0.426676, 0.427213, 0.438649, 0.425691, 0.48345, 0.478019, 0.477032, 0.483101, 0.46629, 0.500415, 0.508589, 0.496857, 0.533202, 0.512826, 0.555283, 0.554477, 0.579486, 0.573137, 0.560458, 0.586855, 0.577323, 0.582214, 0.583188, 0.615998, 0.610628, 0.625458, 0.646324, 0.635877, 0.636246, 0.658586, 0.700852, 0.671306, 0.693676, 0.714865, 0.686584, 0.71148, 0.698716, 0.732844, 0.728009, 0.733526, 0.76426, 0.757153, 0.749917, 0.764038, 0.766273, 0.804022, 0.812715, 0.802638, 0.828967, 0.827762, 0.836213, 0.839511, 0.848472, 0.843959, 0.856906, 0.873885, 0.884255, 0.884082, 0.92852, 0.895241, 0.915523, 0.918598, 0.935824, 0.945646, 0.946641, 0.935888, 0.96973, 0.974816, 0.971316, 0.984766, 0.994393, 1.00132, 1.00083, 1.00142, 1.02313, 1.02318, 1.04057, 1.04702, 1.04906, 1.06328, 1.07547, 1.0792, 1.09916, 1.09951, 1.11954, 1.1209, 1.11381, 1.1584, 1.15399, 1.13865, 1.16375, 1.16056, 1.17911, 1.18684, 1.18857, 1.19479, 1.21999, 1.21142, 1.23516, 1.2364, 1.24413, 1.26608, 1.27072, 1.27188, 1.28928, 1.28169, 1.31565, 1.29255, 1.30024, 1.30832, 1.32871, 1.32932, 1.34447, 1.36737, 1.35416, 1.3541, 1.37266, 1.38037, 1.4065, 1.39431, 1.41757, 1.40583, 1.4309, 1.43364, 1.44051, 1.45529, 1.45748, 1.46562, 1.47772, 1.47849, 1.48984, 1.53696, 1.50063, 1.5209, 1.52719, 1.54085, 1.57113, 1.54495, 1.57831, 1.5628, 1.57643, 1.59719, 1.59326, 1.59596, 1.60303, 1.61909, 1.63243, 1.64358, 1.65108, 1.65169, 1.65374, 1.67285, 1.68806, 1.68747, 1.68916, 1.71065, 1.70634, 1.72411, 1.73045, 1.73043, 1.77602, 1.7705, 1.77201, 1.7657, 1.77969, 1.78355, 1.8066, 1.80097, 1.82094, 1.82742, 1.83113, 1.84336, 1.85919, 1.88223, 1.85143, 1.87152, 1.88271, 1.88344, 1.91083, 1.92037, 1.92206, 1.93881, 1.98521, 1.94618, 1.94593, 1.97963, 1.97866, 1.95924, 1.99689, 2.00454, 2.01803, 2.03766, 2.00645, 2.00501, 2.07612, 2.06846, 2.06974, 2.04907, 2.07272, 2.06343, 2.06616, 2.09386, 2.11344, 2.10765, 2.12193, 2.19062, 2.13522, 2.16223, 2.1625, 2.17549, 2.17335, 2.1667, 2.17108, 2.22377, 2.24106, 2.20559, 2.24104, 2.23767, 2.23616, 2.24215, 2.25122, 2.26627, 2.27437, 2.27228, 2.28383, 2.29821, 2.30466, 2.30459, 
0.140049, 0.144259, 0.164839, 0.147559, 0.116707, 0.138396, 0.113532, 0.111407, 0.115107, 0.0828844, 0.111653, 0.103265, 0.0913424, 0.0495472, 0.0602765, 0.025681, 0.0456725, 0.0436071, 0.00721348, 0.0303624, 0.0209518, 0.0104688, 0.00999234, 0.00796787, 0.0257216, 0.0544185, 0.0449854, 0.0516073, 0.048742, 0.107337, 0.0797908, 0.0819543, 0.0651204, 0.107853, 0.130497, 0.150203, 0.151461, 0.110315, 0.128284, 0.127633, 0.149077, 0.178524, 0.182588, 0.197207, 0.204875, 0.193931, 0.203824, 0.221252, 0.228081, 0.220681, 0.259495, 0.244956, 0.245086, 0.250329, 0.249056, 0.275006, 0.308976, 0.299028, 0.312071, 0.299539, 0.319706, 0.324722, 0.349298, 0.352597, 0.390407, 0.358199, 0.359536, 0.363781, 0.371052, 0.376597, 0.404644, 0.405095, 0.430797, 0.448742, 0.463304, 0.435148, 0.48418, 0.466218, 0.47429, 0.459407, 0.503591, 0.490133, 0.500136, 0.50962, 0.517762, 0.525194, 0.546179, 0.543633, 0.535595, 0.560823, 0.564053, 0.576547, 0.586332, 0.621387, 0.580643, 0.635338, 0.626504, 0.616042, 0.651191, 0.636034, 0.638713, 0.687401, 0.64519, 0.684234, 0.68188, 0.680318, 0.698236, 0.712611, 0.70037, 0.697281, 0.735646, 0.729618, 0.72967, 0.729697, 0.762886, 0.790449, 0.763094, 0.79161, 0.773998, 0.791909, 0.817286, 0.813661, 0.843828, 0.835591, 0.854051, 0.861121, 0.848404, 0.860234, 0.870759, 0.874504, 0.889313, 0.900847, 0.891162, 0.919739, 0.912201, 0.925134, 0.93621, 0.932542, 0.956036, 0.949064, 0.958439, 0.994291, 0.974805, 0.991647, 0.991673, 1.01656, 1.00993, 1.02326, 1.02569, 1.03744, 1.06059, 1.07224, 1.08181, 1.07283, 1.08459, 1.09265, 1.10991, 1.10919, 1.11208, 1.14257, 1.13622, 1.12799, 1.16059, 1.15439, 1.17048, 1.18085, 1.19941, 1.18855, 1.19018, 1.20995, 1.21325, 1.22063, 1.24718, 1.24246, 1.25681, 1.2508, 1.26331, 1.27099, 1.2914, 1.29231, 1.2925, 1.3137, 1.31564, 1.31039, 1.32297, 1.33347, 1.34664, 1.35985, 1.37473, 1.38245, 1.39997, 1.39476, 1.40258, 1.41575, 1.42294, 1.43512, 1.43942, 1.45198, 1.45314, 1.46254, 1.48482, 1.47046, 1.48878, 1.50787, 1.50599, 1.52128, 1.51734, 1.53771, 1.53724, 1.54498, 1.54528, 1.55581, 1.5829, 1.59133, 1.60408, 1.611, 1.62235, 1.63662, 1.62035, 1.63832, 1.6307, 1.64841, 1.64802, 1.65021, 1.68393, 1.7044, 1.68932, 1.68675, 1.70253, 1.71365, 1.74198, 1.72379, 1.74931, 1.76285, 1.76516, 1.77347, 1.77433, 1.79992, 1.79991, 1.79078, 1.81132, 1.82344, 1.81447, 1.81655, 1.8516, 1.84817, 1.85908, 1.86002, 1.85894, 1.89358, 1.88276, 1.88673, 1.90611, 1.9103, 1.91402, 1.95186, 1.94844, 1.96859, 1.97952, 1.95462, 1.99018, 1.98395, 1.98766, 2.01277, 2.0208, 2.00093, 2.03037, 2.05959, 2.06717, 2.0663, 2.0665, 2.05738, 2.05863, 2.08741, 2.08782, 2.11421, 2.11525, 2.14621, 2.16351, 2.1626, 2.15824, 2.15543, 2.17972, 2.19526, 2.17379, 2.18685, 2.21063, 2.2251, 2.22083, 2.23438, 2.21125, 2.22451, 2.29158, 2.25675, 2.27312, 2.24708, 2.26667, 2.27327, 2.29988, 2.3398, 
0.110298, 0.124793, 0.141216, 0.111235, 0.138944, 0.136269, 0.0972519, 0.136592, 0.121665, 0.124447, 0.11275, 0.112795, 0.0653991, 0.00329612, 0.0320401, 0.0134064, 0.0421245, 0.0356095, 0.044622, 0.00667536, 0.0165132, 0.0279004, 0.0164094, 0.00947164, 0.0235813, 0.0460817, 0.0458115, 0.061652, 0.0395375, 0.0423134, 0.0878708, 0.0618834, 0.0867799, 0.0684212, 0.123981, 0.141747, 0.118265, 0.153089, 0.152028, 0.186767, 0.158601, 0.156727, 0.181839, 0.172054, 0.172251, 0.210225, 0.214682, 0.23124, 0.265608, 0.21309, 0.214092, 0.283341, 0.228504, 0.249395, 0.26745, 0.29908, 0.278586, 0.283495, 0.296498, 0.286263, 0.338656, 0.314271, 0.3319, 0.328778, 0.363942, 0.332047, 0.375215, 0.376307, 0.367868, 0.378868, 0.377119, 0.393879, 0.426048, 0.462542, 0.42791, 0.421276, 0.456848, 0.445529, 0.465199, 0.4532, 0.497738, 0.482002, 0.479869, 0.516376, 0.529668, 0.519402, 0.534483, 0.524558, 0.56286, 0.558333, 0.560845, 0.565772, 0.567094, 0.563439, 0.607298, 0.593894, 0.592374, 0.594335, 0.628775, 0.620789, 0.635614, 0.648182, 0.691, 0.656325, 0.656332, 0.68665, 0.671158, 0.705241, 0.704477, 0.717302, 0.708348, 0.71879, 0.735362, 0.745749, 0.763758, 0.759299, 0.760565, 0.75375, 0.790664, 0.777926, 0.796026, 0.810895, 0.822079, 0.82262, 0.823181, 0.853129, 0.846867, 0.845889, 0.880127, 0.887731, 0.882211, 0.894314, 0.911379, 0.897872, 0.911595, 0.929778, 0.930006, 0.939798, 0.939143, 0.954561, 0.960747, 0.98165, 0.988881, 1.00504, 1.00722, 1.00224, 1.00498, 1.0094, 1.02557, 1.02533, 1.04073, 1.05041, 1.05818, 1.06489, 1.07081, 1.0845, 1.10206, 1.1114, 1.1243, 1.11028, 1.1232, 1.149, 1.15989, 1.14517, 1.16833, 1.17517, 1.19536, 1.19555, 1.19649, 1.21569, 1.22547, 1.21908, 1.23139, 1.25773, 1.25951, 1.24954, 1.26564, 1.2781, 1.2754, 1.27573, 1.28245, 1.31919, 1.30545, 1.31106, 1.32134, 1.32647, 1.34654, 1.36096, 1.35558, 1.35807, 1.37846, 1.38691, 1.38819, 1.40053, 1.41187, 1.44504, 1.43616, 1.44073, 1.4413, 1.45096, 1.46827, 1.46218, 1.48488, 1.50724, 1.49201, 1.50279, 1.5234, 1.52321, 1.53763, 1.54651, 1.54112, 1.54875, 1.55964, 1.57125, 1.61629, 1.58977, 1.59258, 1.61497, 1.63393, 1.63172, 1.6157, 1.63115, 1.6416, 1.65467, 1.67767, 1.68231, 1.70995, 1.6894, 1.69906, 1.72653, 1.73446, 1.73316, 1.75721, 1.75973, 1.75577, 1.76279, 1.7583, 1.77356, 1.81013, 1.80235, 1.78491, 1.80448, 1.83553, 1.84412, 1.85149, 1.85249, 1.84347, 1.87881, 1.88021, 1.8828, 1.88975, 1.92045, 1.90862, 1.91056, 1.91651, 1.93703, 1.9594, 1.95678, 1.97349, 1.98371, 1.98372, 1.9993, 1.98998, 2.01389, 2.00441, 2.00689, 2.02047, 2.04902, 2.0514, 2.0491, 2.05897, 2.09365, 2.05387, 2.11173, 2.08333, 2.11887, 2.13097, 2.11158, 2.15134, 2.13172, 2.14789, 2.17344, 2.17342, 2.20556, 2.19759, 2.19662, 2.19462, 2.21903, 2.22897, 2.21224, 2.23546, 2.21899, 2.2282, 2.25735, 2.24973, 2.24836, 2.27952, 2.27483, 2.28507, 2.28875, 
0.131081, 0.175151, 0.163642, 0.1459, 0.00340883, 0.124923, 0.1178, 0.134154, 0.113333, 0.122088, 0.0905432, 0.0507798, 0.00597998, 0.0514633, 0.0852137, 0.0630873, 0.0207289, 0.0370653, 0.0319103, 0.01863, 0.0203974, 0.0174729, 0.0135228, 0.0101528, 0.018523, 0.0215489, 0.0583799, 0.0490162, 0.0387783, 0.0358873, 0.0693103, 0.0710139, 0.0895321, 0.0933276, 0.0909002, 0.0898895, 0.158082, 0.144417, 0.138321, 0.131651, 0.155555, 0.161759, 0.159699, 0.155365, 0.160966, 0.193184, 0.19381, 0.201255, 0.210845, 0.230372, 0.259675, 0.218072, 0.255422, 0.245096, 0.279141, 0.26519, 0.276667, 0.266176, 0.290861, 0.331771, 0.300769, 0.342115, 0.34819, 0.35193, 0.386635, 0.359131, 0.351978, 0.363342, 0.391724, 0.406081, 0.394895, 0.398131, 0.413172, 0.41143, 0.445764, 0.448577, 0.445383, 0.473186, 0.4419, 0.473517, 0.472532, 0.46655, 0.494773, 0.507778, 0.514908, 0.53891, 0.531237, 0.530894, 0.519589, 0.536881, 0.552789, 0.548525, 0.566686, 0.563807, 0.576368, 0.601502, 0.638382, 0.608015, 0.591493, 0.646061, 0.645487, 0.628417, 0.657299, 0.663377, 0.678642, 0.683839, 0.663131, 0.687085, 0.70859, 0.71581, 0.716203, 0.716913, 0.731425, 0.729718, 0.753465, 0.75925, 0.750391, 0.763141, 0.788015, 0.786897, 0.787655, 0.822044, 0.821204, 0.805147, 0.832375, 0.842068, 0.847139, 0.856433, 0.857129, 0.86605, 0.867289, 0.883824, 0.894356, 0.908323, 0.906257, 0.905084, 0.915304, 0.92907, 0.929194, 0.945167, 0.964356, 0.96738, 0.97249, 0.991673, 1.00178, 1.00338, 1.00923, 1.01178, 1.01944, 1.0359, 1.03918, 1.04814, 1.05725, 1.05589, 1.07804, 1.07677, 1.08561, 1.09504, 1.10572, 1.11632, 1.12783, 1.12163, 1.14403, 1.13867, 1.16131, 1.15329, 1.18134, 1.18744, 1.18918, 1.20743, 1.20774, 1.20873, 1.22214, 1.24067, 1.22995, 1.23824, 1.24586, 1.26134, 1.27626, 1.27525, 1.27439, 1.30261, 1.30943, 1.3103, 1.33642, 1.34178, 1.33088, 1.36592, 1.35671, 1.35529, 1.37822, 1.37445, 1.40207, 1.39597, 1.41982, 1.41335, 1.41999, 1.42338, 1.4343, 1.44205, 1.4684, 1.46817, 1.47209, 1.49457, 1.51239, 1.50945, 1.5187, 1.52988, 1.54201, 1.53704, 1.55458, 1.55673, 1.57848, 1.5696, 1.59607, 1.58638, 1.59771, 1.60995, 1.61325, 1.618, 1.61166, 1.62294, 1.65143, 1.67845, 1.64808, 1.68119, 1.68526, 1.69926, 1.7191, 1.7134, 1.72192, 1.73453, 1.74131, 1.73987, 1.73384, 1.74195, 1.76776, 1.76509, 1.78097, 1.78596, 1.80195, 1.82417, 1.82473, 1.81833, 1.83791, 1.82898, 1.83545, 1.87907, 1.85905, 1.87467, 1.88242, 1.91649, 1.90474, 1.93021, 1.91546, 1.93821, 1.93707, 1.94463, 1.96238, 1.95188, 1.96948, 1.98626, 1.98602, 1.99396, 2.00456, 2.01761, 2.01614, 2.02865, 2.04104, 2.04827, 2.03552, 2.05875, 2.07984, 2.0792, 2.10047, 2.09709, 2.13136, 2.13243, 2.12415, 2.11859, 2.12454, 2.16588, 2.17332, 2.14541, 2.16308, 2.1967, 2.19544, 2.17941, 2.21423, 2.23694, 2.24224, 2.22866, 2.24467, 2.26121, 2.25001, 2.25374, 2.27794, 2.288, 2.27003, 2.2966, 
0.176552, 0.18308, 0.168714, 0.140869, 0.135209, 0.132134, 0.130441, 0.162158, 0.109101, 0.0177143, 0.111093, 0.0975119, 0.0875005, 0.093226, 0.0740757, 0.0702577, 0.0136484, 0.0407245, 0.0209843, 0.0253579, 0.00948325, 0.0350421, 0.0102987, 0.0109486, 0.0129669, 0.00411791, 0.0279454, 0.0532688, 0.0309837, 0.0247049, 0.0489244, 0.0709862, 0.0716688, 0.0999224, 0.103251, 0.11341, 0.123605, 0.0970632, 0.148519, 0.118103, 0.127232, 0.190781, 0.15153, 0.169313, 0.183924, 0.186671, 0.210384, 0.197662, 0.195058, 0.192302, 0.213388, 0.248739, 0.265768, 0.248815, 0.248021, 0.288218, 0.253379, 0.311119, 0.280558, 0.290741, 0.299945, 0.329761, 0.309851, 0.31872, 0.318582, 0.341202, 0.375695, 0.36548, 0.359887, 0.377337, 0.39617, 0.422693, 0.431644, 0.413629, 0.413861, 0.413842, 0.47891, 0.425696, 0.442413, 0.442472, 0.496071, 0.491009, 0.499741, 0.486678, 0.511734, 0.51319, 0.524657, 0.518363, 0.517057, 0.520566, 0.56066, 0.573559, 0.553112, 0.582003, 0.594831, 0.573468, 0.609163, 0.586675, 0.611179, 0.613028, 0.618012, 0.639739, 0.633598, 0.660423, 0.650422, 0.68794, 0.690889, 0.687745, 0.712564, 0.7017, 0.711465, 0.72697, 0.716885, 0.742688, 0.738737, 0.74272, 0.749385, 0.772819, 0.762174, 0.780641, 0.797648, 0.826333, 0.816827, 0.829269, 0.825649, 0.840079, 0.84708, 0.833357, 0.877172, 0.857243, 0.871091, 0.86973, 0.89262, 0.904593, 0.892027, 0.910694, 0.919352, 0.920996, 0.938688, 0.933786, 0.943116, 0.955411, 0.961248, 0.98316, 0.98406, 0.998025, 0.994218, 1.00406, 1.01462, 1.03116, 1.05427, 1.03757, 1.05687, 1.06321, 1.07446, 1.07421, 1.07781, 1.10414, 1.09677, 1.11091, 1.1133, 1.13558, 1.14295, 1.13612, 1.16321, 1.15767, 1.18896, 1.18338, 1.19194, 1.202, 1.19609, 1.21037, 1.21637, 1.22528, 1.24727, 1.23552, 1.2388, 1.26596, 1.28798, 1.26401, 1.28709, 1.28122, 1.30209, 1.29787, 1.31785, 1.33323, 1.33703, 1.35921, 1.34586, 1.37979, 1.36214, 1.37506, 1.3997, 1.39989, 1.39707, 1.40396, 1.41961, 1.42704, 1.42927, 1.45502, 1.44439, 1.46054, 1.48881, 1.4689, 1.48916, 1.49921, 1.50554, 1.51698, 1.53041, 1.5231, 1.55923, 1.55204, 1.54352, 1.57542, 1.59176, 1.60376, 1.58312, 1.59291, 1.58938, 1.61715, 1.61744, 1.613, 1.63666, 1.64061, 1.64851, 1.66112, 1.66089, 1.68212, 1.68067, 1.71412, 1.72694, 1.74886, 1.74347, 1.74099, 1.74947, 1.74196, 1.75758, 1.78402, 1.78879, 1.78183, 1.80237, 1.81453, 1.81335, 1.83431, 1.82473, 1.83624, 1.84561, 1.86157, 1.8792, 1.8794, 1.88305, 1.86656, 1.86925, 1.90371, 1.90739, 1.9563, 1.94458, 1.95341, 1.93124, 1.97288, 1.99081, 1.96153, 1.98745, 1.9874, 1.989, 2.00245, 2.00305, 2.02181, 2.05128, 2.025, 2.04776, 2.04702, 2.07374, 2.06366, 2.10623, 2.0903, 2.12485, 2.08682, 2.0966, 2.1226, 2.13549, 2.13845, 2.14037, 2.18923, 2.16693, 2.16585, 2.21101, 2.19698, 2.22697, 2.22651, 2.19765, 2.23328, 2.21108, 2.24049, 2.24193, 2.25499, 2.29475, 2.28853, 2.28757, 2.29339, 
0.194542, 0.182885, 0.139909, 0.134953, 0.161775, 0.130131, 0.125456, 0.124898, 0.110792, 0.13506, 0.0734793, 0.110086, 0.0796085, 0.0751399, 0.0558187, 0.0561539, 0.00416874, 0.0292147, 0.0465494, 0.0144818, 0.0172423, 0.0215259, 0.0167404, 0.02774, 0.0154738, 0.0348438, 0.00786817, 0.0208689, 0.0282051, 0.0594693, 0.0886946, 0.0754242, 0.0654697, 0.0693618, 0.121537, 0.0793048, 0.120229, 0.117101, 0.119482, 0.158823, 0.161739, 0.154738, 0.142155, 0.141269, 0.176051, 0.196894, 0.217174, 0.214897, 0.193557, 0.20631, 0.231932, 0.204054, 0.2253, 0.218402, 0.25087, 0.272847, 0.311069, 0.302493, 0.3012, 0.287038, 0.294104, 0.287048, 0.306964, 0.311698, 0.312378, 0.363685, 0.361769, 0.338131, 0.349439, 0.382657, 0.39273, 0.376414, 0.395234, 0.422797, 0.409117, 0.423698, 0.417163, 0.416117, 0.425828, 0.461768, 0.441726, 0.468992, 0.508796, 0.503718, 0.480609, 0.504297, 0.512903, 0.500638, 0.534404, 0.542284, 0.562178, 0.569572, 0.559167, 0.557655, 0.559664, 0.571579, 0.573558, 0.621724, 0.6126, 0.628828, 0.618197, 0.625448, 0.671748, 0.670137, 0.710994, 0.672642, 0.668846, 0.696351, 0.714673, 0.696905, 0.709535, 0.712524, 0.708845, 0.715445, 0.719606, 0.75389, 0.760431, 0.7495, 0.757818, 0.7683, 0.800331, 0.79298, 0.810959, 0.790891, 0.823363, 0.835696, 0.832379, 0.836706, 0.85779, 0.856757, 0.866635, 0.861737, 0.886909, 0.897222, 0.897666, 0.896027, 0.921258, 0.914546, 0.925118, 0.925708, 0.942187, 0.950015, 0.967234, 0.968818, 0.991751, 0.97903, 0.995092, 1.00868, 1.01102, 1.02793, 1.01964, 1.03587, 1.0395, 1.06063, 1.08237, 1.08114, 1.08202, 1.0917, 1.09637, 1.11667, 1.11376, 1.11924, 1.12946, 1.12947, 1.14167, 1.14994, 1.15188, 1.172, 1.17712, 1.19965, 1.20516, 1.1944, 1.20614, 1.21596, 1.22544, 1.23796, 1.23979, 1.25671, 1.25756, 1.25868, 1.28879, 1.28528, 1.29801, 1.29473, 1.31874, 1.311, 1.33078, 1.34009, 1.3737, 1.36187, 1.36075, 1.37291, 1.38521, 1.42021, 1.39907, 1.40848, 1.4057, 1.41545, 1.42345, 1.43683, 1.44552, 1.46865, 1.46114, 1.49475, 1.48675, 1.47742, 1.51926, 1.517, 1.51454, 1.53591, 1.52514, 1.53422, 1.5413, 1.56482, 1.56655, 1.57163, 1.58823, 1.58513, 1.60592, 1.59963, 1.60684, 1.62635, 1.63705, 1.65371, 1.65281, 1.64962, 1.67091, 1.68098, 1.67924, 1.69486, 1.72808, 1.71666, 1.7158, 1.73148, 1.73247, 1.75213, 1.7621, 1.74184, 1.78998, 1.79581, 1.78265, 1.7932, 1.80033, 1.84713, 1.81706, 1.81723, 1.84714, 1.84698, 1.85504, 1.84449, 1.87194, 1.87354, 1.90399, 1.89345, 1.9033, 1.92103, 1.92231, 1.92705, 1.95993, 1.94576, 1.97981, 1.96623, 1.96911, 2.01062, 1.98787, 2.00486, 2.02176, 2.00661, 2.00746, 2.01986, 2.03753, 2.06056, 2.05951, 2.08036, 2.09877, 2.07239, 2.09458, 2.09407, 2.11412, 2.13003, 2.13217, 2.14336, 2.17689, 2.15999, 2.17331, 2.18021, 2.15477, 2.16933, 2.22177, 2.22473, 2.21729, 2.2271, 2.22286, 2.22943, 2.22858, 2.22677, 2.27742, 2.30134, 2.27127, 2.29787, 
0.193394, 0.205351, 0.157615, 0.155195, 0.158336, 0.139088, 0.14184, 0.10741, 0.128326, 0.130747, 0.131929, 0.0925053, 0.114658, 0.0847214, 0.0937951, 0.0961718, 0.0610297, 0.0754623, 0.0376164, 0.0210959, 0.00835233, 0.0189314, 0.0103228, 0.0228974, 0.0228945, 0.00797744, 0.0551085, 0.0471947, 0.0550675, 0.0631275, 0.0789342, 0.0554375, 0.0538102, 0.0688576, 0.0868841, 0.079192, 0.107834, 0.120722, 0.110574, 0.13001, 0.134763, 0.138248, 0.13887, 0.139008, 0.189523, 0.172225, 0.189758, 0.180952, 0.192677, 0.193576, 0.203306, 0.193424, 0.221809, 0.235321, 0.227494, 0.227118, 0.252762, 0.314425, 0.297701, 0.297425, 0.286932, 0.30649, 0.314478, 0.328002, 0.352897, 0.353179, 0.370877, 0.354036, 0.40396, 0.360046, 0.373336, 0.415021, 0.432052, 0.422171, 0.414974, 0.405904, 0.421745, 0.41455, 0.444423, 0.43876, 0.447054, 0.467591, 0.470043, 0.483342, 0.49342, 0.497036, 0.492454, 0.524905, 0.515146, 0.535421, 0.543004, 0.545707, 0.552842, 0.552942, 0.552446, 0.593584, 0.597151, 0.617948, 0.622415, 0.626415, 0.628515, 0.624588, 0.638851, 0.653126, 0.643691, 0.670621, 0.666698, 0.666567, 0.695446, 0.692043, 0.698595, 0.713545, 0.714628, 0.726462, 0.724588, 0.766001, 0.739194, 0.754272, 0.76076, 0.784866, 0.79117, 0.78934, 0.784937, 0.815095, 0.81347, 0.8171, 0.818054, 0.823254, 0.826896, 0.845841, 0.847182, 0.877837, 0.876544, 0.87222, 0.902081, 0.893286, 0.908239, 0.936482, 0.914956, 0.919168, 0.93987, 0.957259, 0.951524, 0.974681, 0.98989, 0.985712, 0.998214, 1.0083, 1.00173, 1.01408, 1.01009, 1.03647, 1.03699, 1.03887, 1.05612, 1.07752, 1.08429, 1.06848, 1.09243, 1.10319, 1.10482, 1.11011, 1.12222, 1.13694, 1.15044, 1.15002, 1.14674, 1.15724, 1.16342, 1.18893, 1.1801, 1.2008, 1.21172, 1.22552, 1.20737, 1.22326, 1.23875, 1.25733, 1.26839, 1.26662, 1.26931, 1.2876, 1.29826, 1.30918, 1.29894, 1.3144, 1.31999, 1.33766, 1.37565, 1.34457, 1.36033, 1.36425, 1.39129, 1.38795, 1.41353, 1.39581, 1.41646, 1.41333, 1.41323, 1.43486, 1.45025, 1.44294, 1.45538, 1.46549, 1.4652, 1.49938, 1.49301, 1.51834, 1.50105, 1.51516, 1.51655, 1.53685, 1.55071, 1.56184, 1.57261, 1.56441, 1.57837, 1.59285, 1.61021, 1.60939, 1.61905, 1.63135, 1.61738, 1.63264, 1.63099, 1.65499, 1.6608, 1.6965, 1.67404, 1.68448, 1.69648, 1.70731, 1.71204, 1.72922, 1.73544, 1.77259, 1.74692, 1.75059, 1.76581, 1.7683, 1.78301, 1.80054, 1.81286, 1.83083, 1.82844, 1.83388, 1.83772, 1.83359, 1.85014, 1.85211, 1.89497, 1.91503, 1.86855, 1.90604, 1.92745, 1.91412, 1.91511, 1.94203, 1.92107, 1.95288, 1.93913, 1.97694, 1.96607, 1.98298, 1.98556, 1.97965, 2.00254, 2.0254, 2.02213, 2.04055, 2.04561, 2.04889, 2.05999, 2.07537, 2.08425, 2.09211, 2.10053, 2.08771, 2.09602, 2.13065, 2.12527, 2.13824, 2.16251, 2.15581, 2.15511, 2.17582, 2.16539, 2.19424, 2.19157, 2.20716, 2.22501, 2.22265, 2.24154, 2.21228, 2.23943, 2.24187, 2.26338, 2.27292, 2.25648, 2.25513, 
0.211455, 0.214427, 0.178997, 0.155401, 0.137739, 0.144548, 0.131937, 0.145719, 0.12589, 0.152401, 0.123413, 0.138079, 0.121133, 0.113166, 0.0786979, 0.0935976, 0.0959566, 0.0546226, 0.0489754, 0.0344187, 0.0558345, 0.0297163, 0.0174605, 0.00461679, 0.0374137, 0.0107326, 0.028688, 0.0250279, 0.0241857, 0.0240429, 0.0593845, 0.0621148, 0.0688949, 0.0415665, 0.0799501, 0.0897975, 0.124593, 0.0824623, 0.104186, 0.104336, 0.145118, 0.15291, 0.140458, 0.134739, 0.135595, 0.192586, 0.186041, 0.166938, 0.180542, 0.187276, 0.185987, 0.229134, 0.227834, 0.262672, 0.26856, 0.228027, 0.270396, 0.26729, 0.29328, 0.290694, 0.277922, 0.307568, 0.293247, 0.293645, 0.302117, 0.320901, 0.337524, 0.336208, 0.342484, 0.396976, 0.38029, 0.380658, 0.41834, 0.401627, 0.407069, 0.404677, 0.424369, 0.431992, 0.412549, 0.419379, 0.43162, 0.465868, 0.459845, 0.469434, 0.466835, 0.48867, 0.487441, 0.492065, 0.518906, 0.54263, 0.541725, 0.558656, 0.555718, 0.556958, 0.55734, 0.558454, 0.557286, 0.598097, 0.597525, 0.599604, 0.613732, 0.622375, 0.622355, 0.635247, 0.657085, 0.670285, 0.680345, 0.681592, 0.676826, 0.693839, 0.674392, 0.70271, 0.721652, 0.718316, 0.721902, 0.734888, 0.747975, 0.75716, 0.764489, 0.780829, 0.765124, 0.763104, 0.774905, 0.794318, 0.795753, 0.81916, 0.826497, 0.856713, 0.8566, 0.856938, 0.859262, 0.867893, 0.881082, 0.891313, 0.877289, 0.878133, 0.910129, 0.918408, 0.939506, 0.942114, 0.933076, 0.939589, 0.940687, 0.958005, 0.967819, 0.980671, 0.9842, 0.981009, 0.994511, 1.0189, 1.01919, 1.03363, 1.04448, 1.04547, 1.05808, 1.05618, 1.05743, 1.0742, 1.09549, 1.10543, 1.09063, 1.11511, 1.11547, 1.12888, 1.15202, 1.15177, 1.16022, 1.16113, 1.17865, 1.18573, 1.18779, 1.20054, 1.20462, 1.20651, 1.20596, 1.23399, 1.23955, 1.24731, 1.25432, 1.26212, 1.27889, 1.27722, 1.28754, 1.29724, 1.31231, 1.31192, 1.31154, 1.34659, 1.32123, 1.36151, 1.34477, 1.36421, 1.37371, 1.38578, 1.37955, 1.39857, 1.38912, 1.41107, 1.42057, 1.42089, 1.45156, 1.44366, 1.44858, 1.47509, 1.46273, 1.48242, 1.48996, 1.48771, 1.51474, 1.52669, 1.51366, 1.54537, 1.54607, 1.55457, 1.55862, 1.55806, 1.57119, 1.5725, 1.58721, 1.59169, 1.60776, 1.63043, 1.64456, 1.63082, 1.64747, 1.64825, 1.66867, 1.66274, 1.66297, 1.68674, 1.68528, 1.70181, 1.74013, 1.72726, 1.7139, 1.72433, 1.74913, 1.74432, 1.76197, 1.76944, 1.76563, 1.80615, 1.82338, 1.79277, 1.81538, 1.83421, 1.83463, 1.82812, 1.82794, 1.87335, 1.89009, 1.85025, 1.87648, 1.89401, 1.90234, 1.92839, 1.91931, 1.9343, 1.93382, 1.94566, 1.95001, 1.95927, 1.96127, 1.98131, 1.97967, 1.98389, 2.00681, 2.00802, 2.03893, 2.01917, 2.05705, 2.02937, 2.03146, 2.03557, 2.04895, 2.06022, 2.10497, 2.09786, 2.11622, 2.09633, 2.12422, 2.10828, 2.1147, 2.1319, 2.15088, 2.15248, 2.18674, 2.15825, 2.18343, 2.21078, 2.19066, 2.20786, 2.23275, 2.23044, 2.26617, 2.26646, 2.27266, 2.27145, 2.28313, 2.27935, 
0.203782, 0.192738, 0.185996, 0.161879, 0.160499, 0.151349, 0.152561, 0.153271, 0.168215, 0.117024, 0.0782844, 0.113893, 0.0123295, 0.0826332, 0.082696, 0.0313408, 0.0994222, 0.0700731, 0.0543716, 0.0550297, 0.0478575, 0.0286608, 0.0269109, 0.00414729, 0.0129515, 0.007345, 0.00644792, 0.00640833, 0.0269321, 0.0092939, 0.0681666, 0.0768759, 0.0472662, 0.0593922, 0.0897494, 0.0907128, 0.0667644, 0.100617, 0.107317, 0.095874, 0.107799, 0.117849, 0.141706, 0.115912, 0.15296, 0.178225, 0.174991, 0.217165, 0.20671, 0.171079, 0.186421, 0.19724, 0.224865, 0.23467, 0.254454, 0.25788, 0.242106, 0.258236, 0.266911, 0.272861, 0.288937, 0.296628, 0.303247, 0.341008, 0.303173, 0.3029, 0.344748, 0.331454, 0.352313, 0.377375, 0.373781, 0.397445, 0.400192, 0.401516, 0.380502, 0.432855, 0.407528, 0.421285, 0.431159, 0.458496, 0.458739, 0.467798, 0.472613, 0.477598, 0.480402, 0.480491, 0.481568, 0.514738, 0.514437, 0.507078, 0.526285, 0.558363, 0.541511, 0.56514, 0.563228, 0.557471, 0.584326, 0.584956, 0.586942, 0.634732, 0.601209, 0.631901, 0.648152, 0.630157, 0.648886, 0.634775, 0.659174, 0.67123, 0.684415, 0.696275, 0.682359, 0.702062, 0.686747, 0.724469, 0.708706, 0.735021, 0.733093, 0.740813, 0.799199, 0.791207, 0.77369, 0.781308, 0.771167, 0.796828, 0.802315, 0.800166, 0.822262, 0.815667, 0.834811, 0.850156, 0.853951, 0.866045, 0.859653, 0.859271, 0.870313, 0.898944, 0.894328, 0.909343, 0.908801, 0.923112, 0.929574, 0.946393, 0.95021, 0.946295, 0.960611, 0.976935, 0.985282, 1.01679, 1.0025, 1.00558, 1.00292, 1.02598, 1.05803, 1.05011, 1.04934, 1.06138, 1.06409, 1.06691, 1.08097, 1.09293, 1.10924, 1.10272, 1.11642, 1.1195, 1.12987, 1.123, 1.1376, 1.16864, 1.17813, 1.18476, 1.19508, 1.19273, 1.19305, 1.20866, 1.21375, 1.21761, 1.23134, 1.23573, 1.23531, 1.24774, 1.26463, 1.27418, 1.27927, 1.28919, 1.30018, 1.29849, 1.32303, 1.31938, 1.3225, 1.34396, 1.35041, 1.34166, 1.35753, 1.36863, 1.3859, 1.38636, 1.39502, 1.40896, 1.41323, 1.42161, 1.42369, 1.43233, 1.44824, 1.4605, 1.46217, 1.4745, 1.49107, 1.50072, 1.50231, 1.50138, 1.50207, 1.52759, 1.52777, 1.52955, 1.55116, 1.56256, 1.5897, 1.56574, 1.58336, 1.58578, 1.6197, 1.60911, 1.63103, 1.62656, 1.64192, 1.65358, 1.65272, 1.66121, 1.6644, 1.67345, 1.7317, 1.72111, 1.68735, 1.70751, 1.7373, 1.73796, 1.75167, 1.75589, 1.74428, 1.79266, 1.79651, 1.80761, 1.81724, 1.78946, 1.82429, 1.81947, 1.84779, 1.84052, 1.83127, 1.84736, 1.86105, 1.87659, 1.88668, 1.88704, 1.89514, 1.9002, 1.9185, 1.90694, 1.93031, 1.96463, 1.95275, 1.95378, 1.96552, 1.96483, 1.97321, 2.00517, 2.00545, 2.00494, 2.00722, 2.00745, 2.01727, 2.01561, 2.06939, 2.09461, 2.07301, 2.05704, 2.09513, 2.08143, 2.12993, 2.09712, 2.09939, 2.11604, 2.13101, 2.14512, 2.13862, 2.14057, 2.18704, 2.16281, 2.17242, 2.20071, 2.22884, 2.22557, 2.21856, 2.22098, 2.22299, 2.24294, 2.25615, 2.26584, 2.27645, 2.27686, 
0.227452, 0.224538, 0.154536, 0.153134, 0.206228, 0.147008, 0.149158, 0.105049, 0.128088, 0.00370684, 0.108369, 0.0925829, 0.0928593, 0.0705695, 0.105802, 0.095793, 0.0177482, 0.0696462, 0.0716035, 0.0643832, 0.0578302, 0.0338401, 0.0138064, 0.00934565, 0.0136454, 0.0212985, 0.0145292, 0.0254125, 0.0201961, 0.0167613, 0.0495995, 0.0437584, 0.0600133, 0.0662083, 0.072378, 0.0746093, 0.0580222, 0.127691, 0.15071, 0.119905, 0.100121, 0.120988, 0.162766, 0.158471, 0.130419, 0.137768, 0.169173, 0.200665, 0.197142, 0.211343, 0.211303, 0.222924, 0.2153, 0.203301, 0.276352, 0.25536, 0.254662, 0.27354, 0.255049, 0.273477, 0.279077, 0.275001, 0.305993, 0.320665, 0.297842, 0.341017, 0.341687, 0.351054, 0.352642, 0.354094, 0.387529, 0.393108, 0.358921, 0.389365, 0.402932, 0.38395, 0.411022, 0.407263, 0.41604, 0.417728, 0.449871, 0.446414, 0.435741, 0.449085, 0.459597, 0.497428, 0.490784, 0.508012, 0.512654, 0.528611, 0.541472, 0.509403, 0.541854, 0.566979, 0.55624, 0.575919, 0.560581, 0.587294, 0.589787, 0.589802, 0.594534, 0.604083, 0.61764, 0.607472, 0.657573, 0.629165, 0.675075, 0.645967, 0.687358, 0.667614, 0.677287, 0.691038, 0.726059, 0.705664, 0.698453, 0.728882, 0.759768, 0.73, 0.735333, 0.756523, 0.747506, 0.76225, 0.790351, 0.788809, 0.802211, 0.788856, 0.802571, 0.803614, 0.853088, 0.850808, 0.847269, 0.846028, 0.847106, 0.857258, 0.882433, 0.877661, 0.877129, 0.901561, 0.928985, 0.924778, 0.931386, 0.936347, 0.938853, 0.949337, 0.94334, 0.96759, 0.980723, 0.988198, 1.00563, 1.01874, 1.02117, 1.01164, 1.03307, 1.04105, 1.05809, 1.0602, 1.05687, 1.0712, 1.06451, 1.09739, 1.08302, 1.09441, 1.1056, 1.12928, 1.1127, 1.12934, 1.12925, 1.13931, 1.16794, 1.16718, 1.1786, 1.17826, 1.18828, 1.19153, 1.19256, 1.21196, 1.21667, 1.2429, 1.24037, 1.23993, 1.25828, 1.26492, 1.27753, 1.28447, 1.29453, 1.28999, 1.29866, 1.32683, 1.317, 1.33531, 1.34364, 1.34411, 1.3435, 1.35938, 1.38592, 1.38169, 1.39619, 1.38649, 1.42394, 1.40676, 1.42151, 1.43026, 1.4347, 1.44196, 1.46436, 1.46669, 1.48959, 1.47864, 1.48939, 1.48947, 1.52396, 1.51424, 1.52092, 1.53368, 1.5386, 1.55802, 1.54882, 1.5574, 1.57453, 1.60268, 1.60929, 1.59951, 1.6294, 1.61344, 1.6285, 1.65108, 1.63712, 1.66286, 1.66253, 1.65738, 1.68969, 1.68953, 1.71601, 1.68994, 1.73047, 1.73069, 1.74608, 1.74987, 1.75769, 1.76776, 1.75006, 1.77289, 1.81435, 1.80682, 1.78996, 1.79905, 1.82203, 1.83307, 1.85817, 1.83663, 1.85499, 1.86617, 1.85825, 1.86938, 1.89151, 1.90018, 1.92609, 1.9378, 1.92012, 1.93799, 1.92093, 1.91972, 1.96281, 1.98297, 1.98225, 1.98076, 1.99161, 2.00603, 2.00637, 2.00643, 2.0246, 2.04612, 2.05199, 2.04998, 2.04871, 2.05565, 2.08748, 2.10089, 2.07625, 2.11446, 2.12227, 2.16651, 2.11816, 2.14572, 2.15289, 2.15277, 2.17889, 2.16199, 2.19464, 2.16935, 2.2083, 2.20819, 2.20217, 2.24113, 2.21971, 2.24648, 2.24567, 2.24232, 2.24579, 2.27596, 
0.204735, 0.196245, 0.206662, 0.18348, 0.198531, 0.117287, 0.195645, 0.155466, 0.163171, 0.135795, 0.121928, 0.122294, 0.10831, 0.0940827, 0.114638, 0.0961568, 0.0303603, 0.0575506, 0.0583149, 0.0586446, 0.0649915, 0.0273902, 0.0579847, 0.00425789, 0.03167, 0.0108008, 0.00843425, 0.0118119, 0.0187168, 0.0304838, 0.00405188, 0.0248084, 0.0253716, 0.0452282, 0.0349742, 0.086173, 0.0856045, 0.0579109, 0.0868089, 0.127607, 0.093062, 0.127115, 0.148514, 0.145932, 0.151276, 0.166874, 0.159657, 0.186575, 0.177167, 0.205313, 0.172096, 0.18403, 0.198485, 0.202584, 0.21034, 0.212957, 0.248257, 0.275952, 0.245001, 0.257848, 0.262663, 0.253985, 0.283365, 0.306918, 0.324928, 0.3212, 0.310478, 0.321901, 0.353637, 0.354568, 0.361002, 0.339445, 0.366471, 0.39477, 0.397876, 0.408285, 0.413623, 0.422855, 0.417691, 0.449549, 0.445936, 0.449686, 0.431621, 0.469879, 0.469491, 0.490295, 0.484083, 0.493849, 0.510196, 0.49245, 0.491913, 0.507829, 0.511239, 0.529, 0.546179, 0.556572, 0.558327, 0.566607, 0.572357, 0.592201, 0.59023, 0.584414, 0.603576, 0.602311, 0.617816, 0.632916, 0.65312, 0.667756, 0.652033, 0.656769, 0.671021, 0.698916, 0.697549, 0.687178, 0.704801, 0.718747, 0.715361, 0.728501, 0.760409, 0.749873, 0.757434, 0.750665, 0.777812, 0.771274, 0.781156, 0.807203, 0.808633, 0.826997, 0.823926, 0.822812, 0.83166, 0.852973, 0.843448, 0.874725, 0.876475, 0.884053, 0.888176, 0.902182, 0.892892, 0.933609, 0.921939, 0.923238, 0.936673, 0.943709, 0.969406, 0.968012, 0.977875, 0.989047, 0.978044, 1.01487, 0.996095, 1.01607, 1.02109, 1.04046, 1.03036, 1.03919, 1.05375, 1.05823, 1.07726, 1.07803, 1.08558, 1.09478, 1.10438, 1.1261, 1.11699, 1.11758, 1.11959, 1.13222, 1.15189, 1.15064, 1.16135, 1.17808, 1.18274, 1.18487, 1.19818, 1.22135, 1.22269, 1.21701, 1.21943, 1.23913, 1.24784, 1.2471, 1.255, 1.26994, 1.29416, 1.29161, 1.31586, 1.29926, 1.31232, 1.31905, 1.32741, 1.36435, 1.36371, 1.37594, 1.37566, 1.37717, 1.38377, 1.39214, 1.40293, 1.39829, 1.41636, 1.43821, 1.44511, 1.4333, 1.4546, 1.4515, 1.46053, 1.47475, 1.48379, 1.50014, 1.49215, 1.51304, 1.54443, 1.51513, 1.54767, 1.54701, 1.54264, 1.55015, 1.57134, 1.57968, 1.57819, 1.60513, 1.60297, 1.62163, 1.62959, 1.62676, 1.64636, 1.65674, 1.64408, 1.66044, 1.67831, 1.67902, 1.71051, 1.70387, 1.69389, 1.73064, 1.70808, 1.75905, 1.7411, 1.75993, 1.77648, 1.77971, 1.79252, 1.79986, 1.80132, 1.80231, 1.79951, 1.79866, 1.82715, 1.84448, 1.83588, 1.87159, 1.85769, 1.88521, 1.88857, 1.87621, 1.89189, 1.91442, 1.91303, 1.94519, 1.92362, 1.95551, 1.94606, 1.94504, 1.95563, 1.96536, 1.96841, 1.96888, 2.00469, 2.00328, 1.99792, 2.02857, 2.04637, 2.04539, 2.03495, 2.06076, 2.07658, 2.05202, 2.05915, 2.09433, 2.08412, 2.15482, 2.13065, 2.11923, 2.12042, 2.1215, 2.13966, 2.15394, 2.15235, 2.19025, 2.20429, 2.19749, 2.19117, 2.19299, 2.23652, 2.21844, 2.25021, 2.24094, 2.26283, 2.26631, 
0.244144, 0.196123, 0.142722, 0.196455, 0.207379, 0.192288, 0.103781, 0.114198, 0.161758, 0.141634, 0.138013, 0.121495, 0.107144, 0.114448, 0.0829373, 0.102869, 0.0916447, 0.091137, 0.0611144, 0.0629051, 0.0614644, 0.0625537, 0.043838, 0.0302827, 0.0333376, 0.0122272, 0.00360733, 0.0101232, 0.00405589, 0.0172956, 0.00391037, 0.0512596, 0.0589391, 0.05788, 0.0682667, 0.0518637, 0.0697951, 0.0903234, 0.100226, 0.100914, 0.0812198, 0.156002, 0.109312, 0.137801, 0.151363, 0.124327, 0.167016, 0.153434, 0.154844, 0.152536, 0.172439, 0.206724, 0.197261, 0.19114, 0.244805, 0.244737, 0.230436, 0.253128, 0.255826, 0.273281, 0.25907, 0.249622, 0.289645, 0.289976, 0.292443, 0.283508, 0.303124, 0.323746, 0.335363, 0.332262, 0.354899, 0.348909, 0.3711, 0.377347, 0.400846, 0.378512, 0.389511, 0.387737, 0.399111, 0.408101, 0.427721, 0.442615, 0.457817, 0.458, 0.457153, 0.482638, 0.486558, 0.495429, 0.524071, 0.517258, 0.500918, 0.503148, 0.521079, 0.514296, 0.53294, 0.565804, 0.550123, 0.556721, 0.571648, 0.576814, 0.602154, 0.580215, 0.616035, 0.608087, 0.646802, 0.625684, 0.669867, 0.658062, 0.655563, 0.659785, 0.688666, 0.680815, 0.696927, 0.710778, 0.718123, 0.720112, 0.70161, 0.736799, 0.743108, 0.729843, 0.744808, 0.754522, 0.784085, 0.778617, 0.783714, 0.784107, 0.792419, 0.807987, 0.826796, 0.825213, 0.825658, 0.832066, 0.849771, 0.839963, 0.849887, 0.86502, 0.883308, 0.895319, 0.893705, 0.902235, 0.902306, 0.923242, 0.946504, 0.925018, 0.942375, 0.947004, 0.965268, 0.967275, 0.992902, 0.97449, 1.00554, 0.992838, 0.995134, 1.02302, 1.02398, 1.04221, 1.05001, 1.04388, 1.04799, 1.05659, 1.08796, 1.08449, 1.09986, 1.09173, 1.10287, 1.10851, 1.13047, 1.14087, 1.14054, 1.14359, 1.15678, 1.15962, 1.1784, 1.19914, 1.19036, 1.201, 1.21286, 1.21317, 1.22556, 1.22608, 1.24806, 1.25082, 1.27076, 1.27784, 1.26683, 1.28238, 1.31185, 1.31012, 1.33485, 1.31417, 1.32824, 1.34797, 1.35479, 1.35047, 1.37769, 1.3877, 1.37742, 1.37609, 1.4104, 1.39593, 1.40943, 1.43455, 1.44021, 1.43016, 1.4421, 1.44878, 1.4527, 1.47553, 1.47937, 1.47726, 1.49956, 1.5001, 1.49921, 1.5229, 1.53421, 1.5451, 1.55072, 1.55205, 1.60324, 1.56615, 1.57073, 1.6063, 1.5924, 1.59045, 1.61713, 1.62823, 1.63338, 1.64067, 1.65508, 1.66191, 1.68278, 1.68922, 1.70238, 1.70477, 1.70627, 1.71617, 1.70768, 1.74953, 1.72476, 1.75717, 1.75734, 1.76804, 1.77646, 1.7924, 1.79292, 1.82064, 1.80291, 1.82736, 1.83763, 1.8317, 1.84373, 1.8409, 1.8548, 1.87174, 1.87688, 1.89281, 1.93461, 1.91919, 1.91665, 1.91414, 1.92953, 1.93882, 1.93691, 1.93267, 1.97929, 1.98023, 1.95903, 1.97643, 2.00047, 2.01718, 2.02751, 2.01664, 2.0204, 2.03602, 2.05541, 2.05015, 2.07159, 2.07306, 2.10128, 2.07504, 2.08412, 2.10418, 2.11923, 2.14194, 2.11728, 2.13898, 2.14593, 2.14633, 2.15251, 2.18224, 2.17236, 2.21087, 2.1788, 2.20978, 2.20943, 2.22475, 2.22241, 2.21998, 2.26948, 2.25932, 
0.235676, 0.182656, 0.23152, 0.156035, 0.177584, 0.202039, 0.179372, 0.171616, 0.137757, 0.145634, 0.144818, 0.103098, 0.133867, 0.111302, 0.100527, 0.0924264, 0.09166, 0.0798603, 0.0759246, 0.0488832, 0.0681713, 0.0415514, 0.0195002, 0.048222, 0.034297, 0.0323127, 0.0102841, 0.0182293, 0.0119055, 0.00393356, 0.00365208, 0.0178479, 0.0386556, 0.0669098, 0.0506776, 0.0785174, 0.0518235, 0.064349, 0.103656, 0.100052, 0.100293, 0.105732, 0.105341, 0.127546, 0.138639, 0.165553, 0.183105, 0.151844, 0.164927, 0.16482, 0.183013, 0.202566, 0.197248, 0.180898, 0.203209, 0.217542, 0.234585, 0.221134, 0.244053, 0.266057, 0.27409, 0.26674, 0.294774, 0.28433, 0.273913, 0.284959, 0.284888, 0.352168, 0.320662, 0.338524, 0.322374, 0.363191, 0.364028, 0.397685, 0.368294, 0.383786, 0.384696, 0.391726, 0.40146, 0.430867, 0.402623, 0.414287, 0.421047, 0.427976, 0.45284, 0.48854, 0.491173, 0.480417, 0.47774, 0.503953, 0.529791, 0.532268, 0.53483, 0.515303, 0.538628, 0.545045, 0.530723, 0.544578, 0.583385, 0.576189, 0.567569, 0.622104, 0.607429, 0.598665, 0.608803, 0.645257, 0.619551, 0.654069, 0.634304, 0.669767, 0.670887, 0.663905, 0.679548, 0.695256, 0.693727, 0.723163, 0.694432, 0.732208, 0.722889, 0.734189, 0.75923, 0.738629, 0.761673, 0.763126, 0.780217, 0.818248, 0.797645, 0.794739, 0.813424, 0.821607, 0.842535, 0.8523, 0.849527, 0.860089, 0.851438, 0.853905, 0.88585, 0.889786, 0.903348, 0.910661, 0.932788, 0.904662, 0.92198, 0.922519, 0.938038, 0.94986, 0.953447, 0.958455, 0.971389, 0.981246, 0.987423, 1.00303, 1.00909, 1.02024, 1.01255, 1.03035, 1.05797, 1.03645, 1.06406, 1.0636, 1.07466, 1.08843, 1.09845, 1.09295, 1.10367, 1.10805, 1.11733, 1.14688, 1.13871, 1.15395, 1.15625, 1.15747, 1.17001, 1.17694, 1.19559, 1.20504, 1.20527, 1.21358, 1.22427, 1.22534, 1.24755, 1.24722, 1.24913, 1.27804, 1.28124, 1.27885, 1.27901, 1.28445, 1.31226, 1.30293, 1.32553, 1.32635, 1.33316, 1.34943, 1.36145, 1.35746, 1.37178, 1.38674, 1.39586, 1.39611, 1.39528, 1.41079, 1.41226, 1.42296, 1.45691, 1.44451, 1.4444, 1.45803, 1.47264, 1.49631, 1.47907, 1.51013, 1.51051, 1.51457, 1.51557, 1.53942, 1.55403, 1.53382, 1.57885, 1.56605, 1.58275, 1.58012, 1.59627, 1.62262, 1.59633, 1.62765, 1.62855, 1.64122, 1.64196, 1.65333, 1.67791, 1.69579, 1.70176, 1.69707, 1.72874, 1.72078, 1.71796, 1.70641, 1.72267, 1.74898, 1.75319, 1.76689, 1.80085, 1.76158, 1.78253, 1.79298, 1.79662, 1.79735, 1.8377, 1.81573, 1.8462, 1.82316, 1.86479, 1.86953, 1.86613, 1.89675, 1.87397, 1.8749, 1.91789, 1.90351, 1.96627, 1.93735, 1.9527, 1.92747, 1.92496, 1.97084, 1.97533, 1.97313, 1.98906, 2.01492, 2.0174, 1.98938, 2.05574, 2.06439, 2.06645, 2.04011, 2.05327, 2.06896, 2.0898, 2.08701, 2.0773, 2.11768, 2.12305, 2.11447, 2.11637, 2.11744, 2.17882, 2.15484, 2.17334, 2.17353, 2.18596, 2.19244, 2.19122, 2.20321, 2.2107, 2.22212, 2.22488, 2.22197, 2.27023, 2.24904, 
0.2073, 0.202654, 0.228229, 0.197416, 0.215435, 0.197327, 0.204225, 0.193261, 0.155943, 0.154549, 0.153683, 0.158308, 0.1161, 0.131092, 0.112637, 0.117553, 0.123787, 0.0923517, 0.083282, 0.0490568, 0.0535183, 0.072563, 0.0421904, 0.0652283, 0.0037867, 0.00358375, 0.0238471, 0.0068993, 0.0107648, 0.0123517, 0.00491763, 0.0303418, 0.00993377, 0.0929613, 0.0634167, 0.04847, 0.0672737, 0.0550715, 0.0980993, 0.107322, 0.123999, 0.113006, 0.100467, 0.122646, 0.144272, 0.130694, 0.14968, 0.167699, 0.175115, 0.175738, 0.168544, 0.168523, 0.187459, 0.170489, 0.216889, 0.247348, 0.200256, 0.251587, 0.248599, 0.225878, 0.240957, 0.279649, 0.29751, 0.275135, 0.293129, 0.28717, 0.287042, 0.321564, 0.339015, 0.310303, 0.32811, 0.380675, 0.363659, 0.358898, 0.377397, 0.375737, 0.367262, 0.388165, 0.395259, 0.425009, 0.412573, 0.435076, 0.430393, 0.425994, 0.444626, 0.435873, 0.441518, 0.466452, 0.48948, 0.487003, 0.501493, 0.505188, 0.51044, 0.532396, 0.545815, 0.520969, 0.555831, 0.551316, 0.546419, 0.602828, 0.574673, 0.598333, 0.594352, 0.613524, 0.625208, 0.622257, 0.626693, 0.628339, 0.638918, 0.638657, 0.669557, 0.667225, 0.664405, 0.66675, 0.703422, 0.686714, 0.704062, 0.704898, 0.722089, 0.742786, 0.742743, 0.744061, 0.740253, 0.752986, 0.753084, 0.77362, 0.787189, 0.797032, 0.815113, 0.811029, 0.815803, 0.822741, 0.832835, 0.849983, 0.838011, 0.848187, 0.862499, 0.869642, 0.881219, 0.894926, 0.919178, 0.922796, 0.913723, 0.941632, 0.951512, 0.943234, 0.939102, 0.95074, 0.953583, 0.982872, 0.992547, 1.00166, 1.00054, 1.0111, 1.00816, 1.0133, 1.05065, 1.03514, 1.05403, 1.04909, 1.06807, 1.08083, 1.07184, 1.08518, 1.11488, 1.09743, 1.10586, 1.13719, 1.13758, 1.13307, 1.15436, 1.14718, 1.17844, 1.18544, 1.1943, 1.19297, 1.19289, 1.20271, 1.21646, 1.21236, 1.2202, 1.2435, 1.23588, 1.26395, 1.26135, 1.27419, 1.29404, 1.30238, 1.30714, 1.30869, 1.30976, 1.32032, 1.33789, 1.33362, 1.34249, 1.34844, 1.37813, 1.36092, 1.40299, 1.4026, 1.40545, 1.40584, 1.42572, 1.43008, 1.43837, 1.44736, 1.45098, 1.46143, 1.49006, 1.48282, 1.48305, 1.51184, 1.48892, 1.51276, 1.51012, 1.5488, 1.52982, 1.56618, 1.57134, 1.54837, 1.57834, 1.57203, 1.57947, 1.58285, 1.59578, 1.61363, 1.6061, 1.63443, 1.63241, 1.65865, 1.64728, 1.68511, 1.67126, 1.67235, 1.70765, 1.69954, 1.71503, 1.73298, 1.74263, 1.72703, 1.72619, 1.74327, 1.77591, 1.76403, 1.77598, 1.77974, 1.81433, 1.80165, 1.82551, 1.83049, 1.82399, 1.8259, 1.84526, 1.85411, 1.88339, 1.8539, 1.86895, 1.89381, 1.89051, 1.90286, 1.92411, 1.94508, 1.93071, 1.9348, 1.96223, 1.95837, 1.9654, 1.9963, 1.9765, 1.97641, 2.02357, 2.01097, 2.00749, 2.01974, 2.03327, 2.02831, 2.02172, 2.05656, 2.06593, 2.0626, 2.08961, 2.10784, 2.11687, 2.08976, 2.10393, 2.14413, 2.13892, 2.17647, 2.18918, 2.15165, 2.1589, 2.17772, 2.20138, 2.17216, 2.18854, 2.20221, 2.22114, 2.21373, 2.21163, 2.26384, 
0.162656, 0.163962, 0.173558, 0.217505, 0.192808, 0.205918, 0.172368, 0.203482, 0.165713, 0.139116, 0.155066, 0.158264, 0.134724, 0.143006, 0.158437, 0.0729366, 0.079557, 0.0655978, 0.0649995, 0.0784484, 0.0719155, 0.0877778, 0.0615514, 0.00324581, 0.0319887, 0.0368535, 0.0168199, 0.0278984, 0.0212756, 0.00697721, 0.010546, 0.00364182, 0.00386372, 0.00979962, 0.0300668, 0.0273214, 0.0932307, 0.0450645, 0.103581, 0.0627669, 0.0762662, 0.10315, 0.096435, 0.086559, 0.104474, 0.141363, 0.139868, 0.149267, 0.173194, 0.148959, 0.152403, 0.168711, 0.17012, 0.179413, 0.221413, 0.206635, 0.206548, 0.229304, 0.224825, 0.244529, 0.261589, 0.266268, 0.273763, 0.291234, 0.290234, 0.283453, 0.285243, 0.313217, 0.284055, 0.336315, 0.341798, 0.362552, 0.354951, 0.355186, 0.351686, 0.36256, 0.373143, 0.370677, 0.43443, 0.421963, 0.426081, 0.411081, 0.407731, 0.45616, 0.438762, 0.459015, 0.466988, 0.50597, 0.494163, 0.50553, 0.495063, 0.494434, 0.501653, 0.502863, 0.556686, 0.520997, 0.552432, 0.553323, 0.541736, 0.565651, 0.58863, 0.559312, 0.581176, 0.581286, 0.583784, 0.61549, 0.619095, 0.61856, 0.623746, 0.641869, 0.671871, 0.664577, 0.688572, 0.664847, 0.694757, 0.69973, 0.697334, 0.711819, 0.72276, 0.731839, 0.731348, 0.749733, 0.773068, 0.773714, 0.763351, 0.781238, 0.769631, 0.796845, 0.806523, 0.807125, 0.81167, 0.825684, 0.818772, 0.840197, 0.859002, 0.849871, 0.867596, 0.879603, 0.88139, 0.892916, 0.906735, 0.912184, 0.929614, 0.935084, 0.962567, 0.938014, 0.944465, 0.950765, 0.953538, 0.970812, 0.967742, 1.00016, 1.00028, 1.00539, 1.01073, 1.01272, 1.02233, 1.03268, 1.0575, 1.06779, 1.05537, 1.07828, 1.08867, 1.08082, 1.08223, 1.11273, 1.11546, 1.12239, 1.13979, 1.15477, 1.16827, 1.1424, 1.15766, 1.16031, 1.17566, 1.19502, 1.19215, 1.19556, 1.20914, 1.20544, 1.22661, 1.23358, 1.24955, 1.2374, 1.25064, 1.28224, 1.29083, 1.28273, 1.29686, 1.31764, 1.30962, 1.34172, 1.33717, 1.36706, 1.33395, 1.34798, 1.37826, 1.37408, 1.37383, 1.37951, 1.41036, 1.42082, 1.39976, 1.41685, 1.41355, 1.4337, 1.46509, 1.46288, 1.49333, 1.48893, 1.47824, 1.47829, 1.50655, 1.50538, 1.50665, 1.53024, 1.53277, 1.55388, 1.53388, 1.55519, 1.56667, 1.59517, 1.59645, 1.60741, 1.60945, 1.60342, 1.60274, 1.64457, 1.6485, 1.65048, 1.6647, 1.66156, 1.67025, 1.66654, 1.71725, 1.71655, 1.72474, 1.70953, 1.71012, 1.7501, 1.76083, 1.75965, 1.75081, 1.74853, 1.77589, 1.7799, 1.8088, 1.80646, 1.82724, 1.82674, 1.84988, 1.84202, 1.84236, 1.86185, 1.8556, 1.85591, 1.85467, 1.89288, 1.90603, 1.92692, 1.9138, 1.92725, 1.92797, 1.92984, 1.94452, 1.96235, 1.97984, 1.96295, 1.97941, 1.97945, 2.01156, 2.0186, 2.02449, 2.00624, 2.00854, 2.06578, 2.07343, 2.06625, 2.06607, 2.08714, 2.06538, 2.08607, 2.10441, 2.09054, 2.17375, 2.13943, 2.11167, 2.127, 2.12449, 2.14868, 2.16325, 2.17276, 2.20089, 2.1703, 2.19697, 2.19392, 2.24905, 2.23916, 2.25116, 2.26268, 
0.172362, 0.162457, 0.209454, 0.214786, 0.127797, 0.186192, 0.148692, 0.206414, 0.156398, 0.195356, 0.145084, 0.161553, 0.148714, 0.134583, 0.102985, 0.111381, 0.123492, 0.0978115, 0.06306, 0.0910298, 0.0790507, 0.0924022, 0.0611715, 0.0622674, 0.0292804, 0.0180147, 0.0276292, 0.0171326, 0.0105174, 0.0107313, 0.00950881, 0.037116, 0.00729291, 0.0134297, 0.020468, 0.0211349, 0.0717607, 0.0382064, 0.0496988, 0.0758019, 0.0789602, 0.121382, 0.10354, 0.0782654, 0.0992803, 0.108565, 0.109747, 0.179848, 0.135288, 0.151167, 0.152593, 0.169715, 0.174113, 0.179288, 0.201704, 0.211285, 0.19664, 0.231255, 0.247792, 0.234436, 0.258895, 0.255197, 0.254069, 0.246119, 0.280527, 0.281046, 0.297704, 0.307444, 0.321479, 0.335444, 0.323214, 0.332349, 0.336204, 0.328077, 0.351016, 0.347704, 0.385172, 0.386036, 0.406636, 0.41569, 0.415127, 0.395505, 0.410264, 0.411059, 0.453562, 0.439027, 0.431175, 0.441391, 0.462676, 0.507455, 0.501191, 0.512345, 0.495287, 0.530838, 0.510835, 0.511778, 0.52056, 0.52073, 0.541357, 0.563197, 0.55631, 0.615826, 0.601046, 0.591908, 0.592733, 0.610361, 0.605118, 0.637286, 0.643625, 0.643004, 0.64668, 0.656929, 0.676625, 0.653922, 0.690275, 0.677088, 0.67631, 0.725006, 0.717736, 0.718133, 0.72029, 0.732518, 0.747096, 0.733668, 0.774939, 0.770645, 0.78807, 0.79192, 0.81215, 0.806619, 0.834931, 0.827944, 0.828504, 0.823392, 0.833245, 0.852323, 0.861127, 0.877241, 0.872495, 0.88193, 0.881431, 0.904825, 0.902288, 0.918981, 0.919121, 0.919946, 0.942817, 0.967492, 0.947114, 0.98182, 0.979419, 0.970879, 1.00811, 0.990225, 0.995307, 1.01585, 1.04414, 1.05787, 1.04684, 1.03539, 1.05723, 1.06106, 1.06071, 1.07157, 1.08224, 1.10257, 1.12265, 1.10344, 1.12627, 1.12224, 1.15067, 1.161, 1.16729, 1.15736, 1.16426, 1.18868, 1.19149, 1.20018, 1.20008, 1.2173, 1.21031, 1.2338, 1.2265, 1.23602, 1.27523, 1.3022, 1.26723, 1.27139, 1.28088, 1.28972, 1.31209, 1.31997, 1.31195, 1.31973, 1.34277, 1.34447, 1.36259, 1.36446, 1.36734, 1.39293, 1.38462, 1.40813, 1.41174, 1.42343, 1.42988, 1.44345, 1.44597, 1.4514, 1.45043, 1.45924, 1.4582, 1.47962, 1.4992, 1.51292, 1.51232, 1.51335, 1.49529, 1.5107, 1.52057, 1.51893, 1.56516, 1.56711, 1.59568, 1.60297, 1.60324, 1.61829, 1.61944, 1.62681, 1.63501, 1.64491, 1.65225, 1.67641, 1.69003, 1.68912, 1.66778, 1.68939, 1.68924, 1.69331, 1.71782, 1.72317, 1.74578, 1.74241, 1.7429, 1.76243, 1.76263, 1.78333, 1.77645, 1.78984, 1.80108, 1.82874, 1.80883, 1.80941, 1.82369, 1.83468, 1.85514, 1.86596, 1.87355, 1.87631, 1.87642, 1.88948, 1.92836, 1.92186, 1.93952, 1.9428, 1.92666, 1.96166, 1.95402, 1.95431, 1.96618, 1.99692, 2.00072, 2.01349, 2.02478, 2.0244, 2.02456, 2.04063, 2.05007, 2.04309, 2.03535, 2.03488, 2.08302, 2.08262, 2.06706, 2.10122, 2.09178, 2.12203, 2.1495, 2.11008, 2.1466, 2.17974, 2.1455, 2.18706, 2.18305, 2.18405, 2.20405, 2.20745, 2.20071, 2.21213, 2.2239, 2.23842, 
0.266034, 0.165752, 0.200926, 0.258066, 0.209399, 0.200381, 0.201176, 0.176361, 0.199768, 0.182647, 0.179138, 0.16839, 0.145207, 0.155018, 0.116456, 0.110715, 0.127847, 0.120832, 0.0865977, 0.00404169, 0.097935, 0.100528, 0.0721796, 0.0477476, 0.0345214, 0.0585331, 0.0514989, 0.0301827, 0.0413044, 0.0131535, 0.00459834, 0.00494272, 0.0427548, 0.0236117, 0.0214637, 0.0172067, 0.0754756, 0.0603578, 0.0849248, 0.0873542, 0.110663, 0.118766, 0.094473, 0.101122, 0.117906, 0.116604, 0.140837, 0.131226, 0.131358, 0.155698, 0.149729, 0.149022, 0.181983, 0.173368, 0.187985, 0.192647, 0.203359, 0.193411, 0.231258, 0.239794, 0.265109, 0.234861, 0.263467, 0.262403, 0.262176, 0.261578, 0.30412, 0.318912, 0.283229, 0.318246, 0.352976, 0.324678, 0.335009, 0.34906, 0.354347, 0.393165, 0.366057, 0.37159, 0.380596, 0.379526, 0.377147, 0.411217, 0.437223, 0.415687, 0.437895, 0.449709, 0.430557, 0.439131, 0.463804, 0.463983, 0.473363, 0.503936, 0.48632, 0.492603, 0.518456, 0.502447, 0.531684, 0.580063, 0.552415, 0.560294, 0.555881, 0.57626, 0.59758, 0.594191, 0.592838, 0.596904, 0.604547, 0.618137, 0.620036, 0.645786, 0.646744, 0.643032, 0.675258, 0.674715, 0.667096, 0.680781, 0.680319, 0.698093, 0.726457, 0.718528, 0.73285, 0.73361, 0.731847, 0.74912, 0.765181, 0.770401, 0.755482, 0.770968, 0.790756, 0.800996, 0.803448, 0.821853, 0.81616, 0.850393, 0.837281, 0.846928, 0.86035, 0.869661, 0.881504, 0.877976, 0.884718, 0.888482, 0.904087, 0.908613, 0.930027, 0.916958, 0.951613, 0.944184, 0.94658, 0.971896, 0.972054, 0.979131, 0.979862, 1.00244, 1.0011, 1.00463, 1.01539, 1.04111, 1.03861, 1.04739, 1.03923, 1.06141, 1.07185, 1.07241, 1.11231, 1.11209, 1.11167, 1.11242, 1.11303, 1.13447, 1.12369, 1.13267, 1.14862, 1.15904, 1.18299, 1.18395, 1.19668, 1.2048, 1.20774, 1.20321, 1.21559, 1.24498, 1.24766, 1.24944, 1.23816, 1.27065, 1.25894, 1.26936, 1.27103, 1.29617, 1.30906, 1.29754, 1.30863, 1.33621, 1.34336, 1.33818, 1.35543, 1.37091, 1.36484, 1.39504, 1.38246, 1.40564, 1.41722, 1.4316, 1.41257, 1.4313, 1.44054, 1.44845, 1.45416, 1.46074, 1.48246, 1.47863, 1.51969, 1.49976, 1.50632, 1.50351, 1.51754, 1.50251, 1.50298, 1.50835, 1.50743, 1.58033, 1.59821, 1.5671, 1.59351, 1.59614, 1.62977, 1.62755, 1.6169, 1.6168, 1.64732, 1.64094, 1.68009, 1.68861, 1.68314, 1.68386, 1.69314, 1.69343, 1.70575, 1.73032, 1.71924, 1.71745, 1.74445, 1.75179, 1.75184, 1.77347, 1.76039, 1.79369, 1.79401, 1.80757, 1.81749, 1.81677, 1.81835, 1.83476, 1.87357, 1.85017, 1.88699, 1.8771, 1.87557, 1.88278, 1.90972, 1.92927, 1.92761, 1.92156, 1.95618, 1.94777, 1.95481, 1.9548, 1.9848, 1.9741, 1.98034, 1.9803, 2.01066, 2.01699, 2.02269, 2.04228, 2.03269, 2.03468, 2.08677, 2.05653, 2.08434, 2.07582, 2.09294, 2.10758, 2.14822, 2.1271, 2.11581, 2.14124, 2.14431, 2.1398, 2.13865, 2.18628, 2.1771, 2.17274, 2.18717, 2.18198, 2.21464, 2.21338, 2.21393, 2.25565, 
0.275799, 0.218821, 0.234163, 0.25803, 0.23871, 0.1895, 0.182215, 0.189905, 0.20362, 0.195027, 0.185187, 0.162148, 0.124783, 0.121937, 0.167264, 0.124103, 0.106249, 0.106776, 0.107714, 0.100289, 0.0851464, 0.0814892, 0.0759216, 0.04807, 0.0389835, 0.0625519, 0.0382089, 0.040332, 0.0118332, 0.0148961, 0.00332868, 0.0059358, 0.0044543, 0.0107763, 0.0440436, 0.0445645, 0.0269305, 0.0266362, 0.0395307, 0.0866119, 0.0856587, 0.0767524, 0.145686, 0.0745871, 0.0865371, 0.106471, 0.113156, 0.131591, 0.171834, 0.147974, 0.141641, 0.161933, 0.192543, 0.182753, 0.178079, 0.18724, 0.210562, 0.204428, 0.2226, 0.238362, 0.259866, 0.272934, 0.266309, 0.271955, 0.288443, 0.30494, 0.289608, 0.290322, 0.296895, 0.313673, 0.338191, 0.345132, 0.327722, 0.320915, 0.362454, 0.341457, 0.382763, 0.351956, 0.365233, 0.385645, 0.407475, 0.407619, 0.404781, 0.42264, 0.424231, 0.453229, 0.459436, 0.458228, 0.45582, 0.450058, 0.476353, 0.492725, 0.495162, 0.496456, 0.522633, 0.511141, 0.537973, 0.542727, 0.525886, 0.526122, 0.557801, 0.571171, 0.570384, 0.599175, 0.596274, 0.609359, 0.637267, 0.591298, 0.624162, 0.616077, 0.617397, 0.656068, 0.663667, 0.663343, 0.688467, 0.688099, 0.702787, 0.704518, 0.692551, 0.732181, 0.731573, 0.730853, 0.746884, 0.746799, 0.771528, 0.768572, 0.770209, 0.777708, 0.792939, 0.788934, 0.808272, 0.824427, 0.823617, 0.819166, 0.845547, 0.836574, 0.846941, 0.855605, 0.854697, 0.874984, 0.891685, 0.909576, 0.899127, 0.900387, 0.908003, 0.91022, 0.926029, 0.933772, 0.937782, 0.950793, 0.950726, 0.964942, 1.00193, 0.990529, 0.996043, 1.02196, 1.02198, 1.01606, 1.04192, 1.04251, 1.03462, 1.04294, 1.07143, 1.08218, 1.07343, 1.08882, 1.10055, 1.10646, 1.10668, 1.11509, 1.14308, 1.14895, 1.16252, 1.15539, 1.15977, 1.18136, 1.19092, 1.17935, 1.20453, 1.20814, 1.21994, 1.21601, 1.25396, 1.24666, 1.25504, 1.25122, 1.25777, 1.26904, 1.2795, 1.27915, 1.31622, 1.32973, 1.31952, 1.32123, 1.35348, 1.34114, 1.33986, 1.36676, 1.36254, 1.37594, 1.38748, 1.3881, 1.40598, 1.43056, 1.41373, 1.43196, 1.42778, 1.44017, 1.4417, 1.45024, 1.45389, 1.47855, 1.49357, 1.49682, 1.49289, 1.51601, 1.51301, 1.52675, 1.52648, 1.55162, 1.53388, 1.55517, 1.5676, 1.58206, 1.57144, 1.60196, 1.58667, 1.62006, 1.63465, 1.62134, 1.63749, 1.66176, 1.64802, 1.64778, 1.68095, 1.67894, 1.67932, 1.6986, 1.72148, 1.6965, 1.7244, 1.74095, 1.75156, 1.74052, 1.74405, 1.75777, 1.79254, 1.77191, 1.79745, 1.79669, 1.82551, 1.80089, 1.79998, 1.81759, 1.8582, 1.84196, 1.86126, 1.86869, 1.86265, 1.87205, 1.8973, 1.90953, 1.92189, 1.91863, 1.92867, 1.94542, 1.95951, 1.969, 1.95173, 1.94884, 1.99472, 1.99672, 2.02849, 1.99386, 2.02918, 2.00293, 2.04553, 2.04543, 2.0672, 2.05957, 2.06543, 2.08, 2.11097, 2.08979, 2.08432, 2.09999, 2.09924, 2.10362, 2.14459, 2.14542, 2.1512, 2.14729, 2.17039, 2.16927, 2.15369, 2.18934, 2.19074, 2.23208, 2.22538, 2.21098, 
0.176401, 0.239285, 0.224513, 0.258788, 0.216732, 0.211228, 0.217128, 0.179181, 0.182163, 0.169763, 0.108163, 0.182041, 0.162154, 0.162855, 0.123605, 0.167963, 0.0829146, 0.133691, 0.123986, 0.0757395, 0.0941913, 0.0959734, 0.0553593, 0.059389, 0.0483298, 0.0583624, 0.0173097, 0.045285, 0.0315386, 0.0120911, 0.00392072, 0.0106513, 0.0071197, 0.00786093, 0.00994844, 0.0377844, 0.0342751, 0.0337838, 0.0377726, 0.038409, 0.106718, 0.11292, 0.0832087, 0.0822137, 0.0863764, 0.130449, 0.124405, 0.10642, 0.152264, 0.133986, 0.165326, 0.138326, 0.156612, 0.179557, 0.169104, 0.19748, 0.20159, 0.203399, 0.212187, 0.211874, 0.230093, 0.243211, 0.243024, 0.248394, 0.247093, 0.269143, 0.275716, 0.290786, 0.302798, 0.305391, 0.322049, 0.310458, 0.312706, 0.338855, 0.352801, 0.330274, 0.339823, 0.355101, 0.355087, 0.410501, 0.399324, 0.410881, 0.424358, 0.422232, 0.414542, 0.42806, 0.425091, 0.44256, 0.469297, 0.475785, 0.459729, 0.463178, 0.473936, 0.518646, 0.487508, 0.532006, 0.515288, 0.532292, 0.542492, 0.547237, 0.546001, 0.567968, 0.557402, 0.566942, 0.576412, 0.600177, 0.591182, 0.625852, 0.626148, 0.614999, 0.614077, 0.621734, 0.667563, 0.670065, 0.646677, 0.691135, 0.688143, 0.67685, 0.707901, 0.694232, 0.720235, 0.728523, 0.720497, 0.718925, 0.736351, 0.756582, 0.766305, 0.771232, 0.788308, 0.773078, 0.776015, 0.825861, 0.814127, 0.846043, 0.839036, 0.833318, 0.84911, 0.856492, 0.866828, 0.880751, 0.88129, 0.876313, 0.891784, 0.893403, 0.929325, 0.926786, 0.924809, 0.947477, 0.949869, 0.960262, 0.967309, 0.970582, 0.981076, 0.982204, 0.997978, 1.02127, 1.02687, 1.02958, 1.02904, 1.04984, 1.04193, 1.03565, 1.06622, 1.08486, 1.08435, 1.08382, 1.0793, 1.09964, 1.10699, 1.10127, 1.14998, 1.12926, 1.12967, 1.15171, 1.15291, 1.16084, 1.18495, 1.20247, 1.18899, 1.18867, 1.205, 1.22173, 1.22914, 1.22212, 1.23361, 1.24387, 1.27036, 1.26863, 1.27185, 1.28152, 1.30538, 1.30679, 1.30551, 1.33683, 1.33731, 1.33969, 1.33989, 1.34637, 1.35488, 1.35971, 1.37555, 1.39556, 1.38837, 1.39254, 1.41297, 1.41433, 1.44175, 1.42794, 1.44367, 1.4434, 1.45343, 1.4771, 1.46718, 1.48217, 1.5062, 1.49981, 1.55382, 1.55384, 1.52933, 1.54148, 1.55872, 1.57502, 1.56491, 1.58234, 1.5646, 1.59586, 1.61556, 1.61542, 1.61461, 1.61091, 1.6161, 1.62325, 1.6536, 1.65202, 1.65458, 1.68639, 1.68615, 1.69667, 1.68997, 1.70346, 1.73107, 1.71361, 1.75464, 1.73752, 1.76164, 1.74388, 1.77878, 1.76475, 1.77556, 1.79039, 1.80756, 1.80142, 1.81362, 1.83997, 1.83348, 1.85052, 1.87495, 1.85761, 1.86235, 1.88923, 1.88798, 1.89621, 1.92343, 1.9104, 1.90329, 1.91533, 1.91422, 1.93411, 1.96629, 2.00037, 1.96892, 1.99706, 1.98655, 2.00234, 2.0193, 2.01885, 2.03239, 2.02168, 2.03349, 2.06971, 2.06203, 2.07301, 2.10044, 2.06268, 2.09966, 2.11103, 2.10097, 2.13159, 2.12245, 2.13955, 2.1667, 2.14263, 2.15815, 2.1561, 2.16337, 2.18004, 2.21191, 2.22587, 2.22782, 2.20756, 
0.250966, 0.245452, 0.245657, 0.237863, 0.249215, 0.23849, 0.227854, 0.196071, 0.147423, 0.182887, 0.182877, 0.186955, 0.159958, 0.12079, 0.151268, 0.130272, 0.146253, 0.115071, 0.108361, 0.0862406, 0.0651742, 0.110417, 0.085299, 0.0419855, 0.0478699, 0.0338082, 0.076616, 0.0217608, 0.0357413, 0.0217589, 0.00428026, 0.00412926, 0.0137489, 0.00721405, 0.00495451, 0.0172371, 0.0276998, 0.0334734, 0.037484, 0.100768, 0.0805587, 0.109948, 0.0826611, 0.111329, 0.0838823, 0.0800744, 0.106588, 0.124898, 0.132083, 0.152076, 0.141963, 0.156954, 0.192292, 0.140818, 0.184884, 0.197807, 0.207435, 0.207155, 0.217491, 0.210952, 0.211387, 0.249853, 0.221825, 0.259323, 0.253856, 0.259126, 0.258385, 0.261997, 0.30323, 0.27017, 0.31062, 0.310479, 0.304444, 0.330853, 0.329318, 0.35921, 0.359273, 0.351543, 0.385554, 0.380164, 0.404277, 0.402899, 0.389744, 0.419609, 0.433119, 0.457041, 0.466346, 0.452415, 0.442168, 0.461782, 0.470694, 0.453377, 0.520962, 0.494128, 0.52407, 0.536067, 0.536173, 0.544721, 0.552712, 0.521804, 0.569282, 0.572667, 0.546834, 0.589087, 0.577759, 0.588689, 0.580107, 0.62501, 0.636254, 0.60316, 0.618007, 0.618022, 0.660454, 0.669487, 0.652856, 0.655162, 0.697669, 0.696898, 0.669773, 0.684341, 0.705454, 0.70463, 0.711381, 0.72808, 0.741368, 0.743783, 0.759116, 0.760279, 0.760708, 0.797858, 0.794797, 0.812696, 0.801571, 0.818594, 0.818134, 0.820581, 0.849043, 0.835196, 0.867953, 0.867042, 0.87512, 0.877323, 0.907667, 0.891669, 0.891868, 0.914689, 0.942839, 0.914843, 0.948792, 0.958999, 0.958729, 0.960417, 0.958108, 0.968488, 1.00259, 0.982188, 1.0189, 1.03476, 1.03078, 1.02296, 1.03854, 1.03621, 1.05113, 1.07511, 1.07817, 1.07241, 1.09919, 1.08815, 1.11611, 1.11073, 1.09905, 1.11859, 1.14012, 1.14287, 1.14962, 1.15951, 1.16145, 1.16999, 1.19276, 1.18066, 1.18573, 1.19864, 1.22978, 1.23726, 1.23768, 1.2503, 1.24295, 1.24434, 1.25408, 1.29445, 1.29819, 1.31328, 1.30984, 1.31525, 1.30843, 1.35429, 1.34693, 1.34347, 1.36164, 1.36889, 1.3691, 1.38672, 1.387, 1.39621, 1.40591, 1.41946, 1.42576, 1.42752, 1.45201, 1.45083, 1.46145, 1.46063, 1.47754, 1.47711, 1.49931, 1.50339, 1.50614, 1.50303, 1.50589, 1.53325, 1.54014, 1.5583, 1.54366, 1.57305, 1.59684, 1.5691, 1.60599, 1.60706, 1.6274, 1.62649, 1.64181, 1.65857, 1.64985, 1.66923, 1.64613, 1.66684, 1.69265, 1.69108, 1.68241, 1.69782, 1.73515, 1.7305, 1.71934, 1.72783, 1.74776, 1.74759, 1.77831, 1.76569, 1.79674, 1.79423, 1.78596, 1.83248, 1.81743, 1.8216, 1.83468, 1.83767, 1.85515, 1.88246, 1.87386, 1.88616, 1.90852, 1.90144, 1.89926, 1.92023, 1.93952, 1.93861, 1.93426, 1.95545, 1.97019, 1.9701, 1.95852, 1.97739, 1.97092, 1.9722, 1.99544, 2.02867, 2.03108, 2.01807, 2.04756, 2.04295, 2.0351, 2.06929, 2.08011, 2.07865, 2.06164, 2.09791, 2.10766, 2.11238, 2.11374, 2.12881, 2.16645, 2.17348, 2.16043, 2.15244, 2.18013, 2.18799, 2.17731, 2.17322, 2.194, 2.20454, 
0.28025, 0.221044, 0.254519, 0.274341, 0.245636, 0.241533, 0.240355, 0.206738, 0.209497, 0.197798, 0.198266, 0.172388, 0.187139, 0.154411, 0.141588, 0.120747, 0.132738, 0.140715, 0.103577, 0.140548, 0.0993309, 0.107578, 0.104854, 0.00982354, 0.0656317, 0.0745903, 0.0586231, 0.0126354, 0.026416, 0.0349519, 0.0520001, 0.0251116, 0.0172256, 0.0095551, 0.0320691, 0.0335267, 0.0300049, 0.0387808, 0.0283379, 0.0319486, 0.0610574, 0.0511814, 0.0668806, 0.0940514, 0.0879331, 0.0860126, 0.138527, 0.144697, 0.127489, 0.128511, 0.124991, 0.147869, 0.152836, 0.16192, 0.180785, 0.172931, 0.172573, 0.186811, 0.198557, 0.210194, 0.206647, 0.246086, 0.218185, 0.21856, 0.257861, 0.245689, 0.269834, 0.282459, 0.274408, 0.273537, 0.283805, 0.315582, 0.330708, 0.314299, 0.329576, 0.372329, 0.325541, 0.352609, 0.381029, 0.373079, 0.375586, 0.40781, 0.407925, 0.403785, 0.425557, 0.417102, 0.455225, 0.452439, 0.451793, 0.475146, 0.476134, 0.476144, 0.472449, 0.470265, 0.504229, 0.496702, 0.500034, 0.525039, 0.506928, 0.514264, 0.569542, 0.576563, 0.547443, 0.545934, 0.609084, 0.590814, 0.58423, 0.582752, 0.597342, 0.625544, 0.60423, 0.639753, 0.638174, 0.657604, 0.668758, 0.650229, 0.684027, 0.680638, 0.704379, 0.705558, 0.702268, 0.700207, 0.72009, 0.738835, 0.739088, 0.740196, 0.762999, 0.764007, 0.753271, 0.778865, 0.784185, 0.801677, 0.789875, 0.791905, 0.833524, 0.840278, 0.842077, 0.830107, 0.846009, 0.887616, 0.855789, 0.855937, 0.880748, 0.902198, 0.900218, 0.892682, 0.906465, 0.932152, 0.9252, 0.928801, 0.959443, 0.945832, 0.950095, 0.98005, 0.977833, 0.998066, 0.995943, 0.995301, 1.01199, 1.01629, 1.03842, 1.05508, 1.05628, 1.05679, 1.05659, 1.06015, 1.08824, 1.07925, 1.10586, 1.11826, 1.11655, 1.13458, 1.13265, 1.12895, 1.15273, 1.17166, 1.16942, 1.16195, 1.18609, 1.19337, 1.21287, 1.19618, 1.20694, 1.20896, 1.21653, 1.24975, 1.24088, 1.25521, 1.26502, 1.26444, 1.29803, 1.28785, 1.3034, 1.30277, 1.31316, 1.34089, 1.33469, 1.34659, 1.34076, 1.3427, 1.38165, 1.38053, 1.402, 1.40674, 1.41277, 1.39467, 1.43368, 1.43113, 1.44062, 1.44061, 1.44635, 1.46536, 1.47504, 1.47062, 1.48265, 1.49813, 1.49385, 1.52, 1.52748, 1.53105, 1.52486, 1.54149, 1.53802, 1.57803, 1.58027, 1.57056, 1.5687, 1.59221, 1.63313, 1.60977, 1.63062, 1.63098, 1.64193, 1.654, 1.66493, 1.64782, 1.68577, 1.67967, 1.70046, 1.70348, 1.70232, 1.72857, 1.72836, 1.74153, 1.75924, 1.77032, 1.77124, 1.76824, 1.78342, 1.78188, 1.78231, 1.81051, 1.82712, 1.83353, 1.83257, 1.81488, 1.85084, 1.86899, 1.85059, 1.87691, 1.87652, 1.91248, 1.88711, 1.91367, 1.90373, 1.91351, 1.95161, 1.93826, 1.95251, 1.94834, 1.95578, 1.96891, 1.97779, 1.98107, 2.0073, 2.00654, 2.00427, 2.0035, 2.00174, 2.036, 2.04598, 2.04484, 2.06403, 2.0863, 2.10136, 2.07874, 2.09464, 2.08455, 2.12501, 2.13102, 2.13922, 2.14219, 2.15552, 2.21654, 2.14836, 2.15589, 2.21153, 2.18684, 2.19788, 2.18681, 
0.241692, 0.293422, 0.25912, 0.223988, 0.239603, 0.235612, 0.23465, 0.21062, 0.224724, 0.192959, 0.2004, 0.189758, 0.189544, 0.203293, 0.170075, 0.150888, 0.140767, 0.162182, 0.121465, 0.148524, 0.0624948, 0.0854436, 0.103698, 0.0974067, 0.0898674, 0.057895, 0.0651022, 0.0373733, 0.069008, 0.00972308, 0.00600669, 0.0312164, 0.0270339, 0.00630807, 0.0127087, 0.00394906, 0.00373408, 0.00355062, 0.0493328, 0.0420418, 0.0486424, 0.0528521, 0.0763011, 0.0796564, 0.127525, 0.111456, 0.089335, 0.108798, 0.100993, 0.114314, 0.120172, 0.117161, 0.14074, 0.155886, 0.138983, 0.160065, 0.187432, 0.201576, 0.18813, 0.224517, 0.19961, 0.242133, 0.236216, 0.263189, 0.228941, 0.275412, 0.270317, 0.258957, 0.283031, 0.294646, 0.307937, 0.295086, 0.300644, 0.296963, 0.296963, 0.328109, 0.352863, 0.332572, 0.352188, 0.383445, 0.364436, 0.366633, 0.380269, 0.395943, 0.401229, 0.410843, 0.409313, 0.421886, 0.438791, 0.435376, 0.455515, 0.479274, 0.474729, 0.476201, 0.487402, 0.487652, 0.497268, 0.530714, 0.513936, 0.513094, 0.533106, 0.540069, 0.539142, 0.538525, 0.546768, 0.577264, 0.575668, 0.59029, 0.594338, 0.622333, 0.620467, 0.63012, 0.649928, 0.65006, 0.64009, 0.66269, 0.660154, 0.673437, 0.689738, 0.679298, 0.698785, 0.729565, 0.697268, 0.728663, 0.71126, 0.74301, 0.735401, 0.758316, 0.766451, 0.761231, 0.759281, 0.777105, 0.777039, 0.808743, 0.819906, 0.822332, 0.853709, 0.839929, 0.851495, 0.86099, 0.865832, 0.867276, 0.869366, 0.867032, 0.887886, 0.915822, 0.912159, 0.9042, 0.910181, 0.934299, 0.930209, 0.973909, 0.967275, 0.980903, 0.961186, 0.991809, 1.01888, 0.995799, 0.994075, 1.01255, 1.02924, 1.03612, 1.02965, 1.05716, 1.04672, 1.06023, 1.05723, 1.09351, 1.08559, 1.08826, 1.10174, 1.1009, 1.1255, 1.14348, 1.12548, 1.16521, 1.16107, 1.16264, 1.16241, 1.18293, 1.1955, 1.19637, 1.20815, 1.22, 1.22268, 1.22231, 1.2524, 1.23485, 1.29356, 1.2706, 1.2652, 1.30612, 1.27278, 1.29882, 1.29938, 1.31824, 1.32265, 1.33365, 1.34105, 1.35636, 1.35401, 1.38906, 1.3994, 1.38204, 1.38445, 1.4255, 1.42641, 1.43418, 1.41607, 1.42699, 1.43473, 1.44207, 1.46536, 1.4801, 1.47994, 1.49668, 1.50279, 1.50217, 1.51612, 1.52271, 1.51731, 1.54297, 1.54268, 1.55059, 1.57852, 1.58825, 1.60121, 1.58626, 1.60368, 1.62987, 1.60393, 1.63684, 1.65514, 1.64723, 1.63036, 1.66546, 1.66231, 1.66765, 1.70078, 1.6985, 1.69213, 1.69359, 1.73543, 1.71226, 1.72079, 1.72723, 1.75084, 1.77209, 1.75887, 1.769, 1.77299, 1.79331, 1.7917, 1.82747, 1.82584, 1.84792, 1.85153, 1.84039, 1.87823, 1.85391, 1.87126, 1.86963, 1.90484, 1.88318, 1.91421, 1.94279, 1.9198, 1.93996, 1.96219, 1.92182, 1.96273, 1.95246, 1.98572, 1.98698, 1.98742, 1.9834, 2.01664, 2.02069, 2.01532, 2.05544, 2.02852, 2.02879, 2.04075, 2.09036, 2.07057, 2.0896, 2.08938, 2.08705, 2.0834, 2.1108, 2.14876, 2.13615, 2.15555, 2.13272, 2.13437, 2.17888, 2.16272, 2.17446, 2.17583, 2.21517, 
