1.25275,0,1.25387,0,1.25918,0,1.26437,0,1.36209,0,1.2768,0,1.27724,0,1.27689,0,1.2782,0,1.28194,0,1.28147,0,1.28378,0,1.28773,0,1.29379,0,1.30534,0,1.30924,0,1.32503,0,1.33125,0,1.33161,0,1.32897,0,1.32795,0,1.33176,0,1.33269,0,1.33362,0,1.38978,0,1.35717,0,1.35382,0,1.35272,0,1.35312,0,1.3537,0,1.35937,0,1.36365,0,1.36015,0,1.36149,0,1.36178,0,1.36719,0,1.36865,0,1.37406,0,1.37712,0,1.38164,0,1.38391,0,1.38566,0,1.39284,0,1.39785,0,1.40288,0,1.40595,0,1.42003,0,1.41866,0,1.41808,0,1.42339,0,1.43013,0,1.44001,0,1.43806,0,1.45072,0,1.44901,0,1.45231,0,1.45689,0,1.4633,0,1.47307,0,1.47569,0,1.48,0,1.47987,0,1.48164,0,1.48582,0,1.49288,0,1.49586,0,1.50622,0,1.50843,0,1.51639,0,1.52483,0,1.53218,0,1.5373,0,1.54442,0,1.55855,0,1.55647,0,1.55574,0,1.56248,0,1.56267,0,1.57839,0,1.57827,0,1.57595,0,1.57851,0,1.58076,0,1.57876,0,1.57837,0,1.58044,0,1.58281,0,1.58014,0,1.58215,0,1.58466,0,1.58143,0,1.58188,0,1.58151,0,1.58514,0,1.59653,0,1.59584,0,1.59922,0,1.60125,0,1.60957,0,1.61322,0,1.61594,0,1.6163,0,1.61848,0,1.6249,0,1.62578,0,1.63957,0,1.63673,0,1.64454,0,1.6462,0,1.65591,0,1.6605,0,1.66148,0,1.71407,0,1.7212,0,1.70685,0,1.70777,0,1.71619,0,1.72133,0,1.72374,0,1.7231,0,1.71923,0,1.71295,0,1.70874,0,1.70643,0,1.70276,0,1.69847,0,1.69412,0,1.69372,0,1.69033,0,1.692,0,1.69047,0,1.68917,0,1.69598,0,1.70056,0,1.70312,0,1.70303,0,1.69785,0,1.70351,0,1.69996,0,1.70645,0,1.70581,0,1.7039,0,1.7092,0,1.70396,0,1.71008,0,1.71023,0,1.70908,0,1.70613,0,1.70536,0,1.70182,0,1.70432,0,1.70404,0,1.70219,0,1.70624,0,1.71321,0,1.71989,0,1.71884,0,1.72402,0,1.72185,0,1.72683,0,1.72952,0,1.73175,0,1.72974,0,1.72882,0,1.72981,0,1.73511,0,1.73862,0,1.73713,0,1.73848,0,1.73728,0,1.74245,0,1.75165,0,1.75033,0,1.81064,0,1.76999,0,1.77195,0,1.77754,0,1.77328,0,1.77722,0,1.78163,0,1.78011,0,1.77557,0,1.78555,0,1.78323,0,1.78162,0,1.77687,0,1.78306,0,1.78748,0,1.78997,0,1.78712,0,1.7875,0,1.80113,0,1.79838,0,1.81151,0,1.81121,0,1.81255,0,1.82179,0,1.83497,0,1.83532,0,1.82744,0,1.82756,0,1.82404,0,1.90393,0,1.81047,0,1.81027,0,1.80883,0,1.81691,0,1.81492,0,1.81717,0,1.81189,0,1.81063,0,1.8123,0,1.81327,0,1.81047,0,1.81117,0,1.82345,0,1.81605,0,1.81264,0,1.80727,0,1.81014,0,1.81149,0,1.8153,0,1.81467,0,1.8115,0,1.81582,0,1.81704,0,1.81478,0,1.82116,0,1.82076,0,1.82317,0,1.82112,0,1.82639,0,1.8242,0,1.82529,0,1.82604,0,1.83197,0,1.83812,0,1.84786,0,1.8466,0,1.84854,0,1.85548,0,1.86246,0,1.88679,0,1.88165,0,1.88003,0,1.87951,0,1.87907,0,1.88118,0,1.8818,0,1.87423,0,1.87624,0,1.87498,0,1.88373,0,1.88331,0,1.89227,0,1.89281,0,1.89038,0,1.89448,0,1.90424,0,1.90361,0,1.90721,0,1.90647,0,1.90172,0,1.89549,0,1.90592,0,1.90207,0,1.89966,0,1.91214,0,1.91376,0,1.9201,0,1.91908,0,1.91955,0,1.93285,0,1.92955,0,1.93831,0,1.9524,0,1.95908,0,1.95632,0,1.95455,0,1.96647,0,1.96569,0,1.96584,0,1.9656,0,1.96365,0,1.97308,0,1.97108,0,1.97573,0,1.9802,0,1.98059,0,1.97823,0,1.98224,0,1.9803,0,1.98096,0,1.98878,0,1.98448,0,1.98374,0,1.97963,0,1.97928,0,1.97683,0,1.97645,0
0,0,0,0,0,0,0,0,0,0,0,0,0,0,0,0,0,0,0,0,0,0,0,0,0,0,0,0,0,0,0,0,0,0,0,0,0,0,0,0,0,0,0,0,0,0,0,0,0,0,0,0,0,0,0,0,0,0,0,0,0,0,0,0,0,0,0,0,0,0,0,0,0,0,0,0,0,0,0,0,0,0,0,0,0,0,0,0,0,0,0,0,0,0,0,0,0,0,0,0,0,0,0,0,0,0,0,0,0,0,0,0,0,0,0,0,0,0,0,0,0,0,0,0,0,0,0,0,0,0,0,0,0,0,0,0,0,0,0,0,0,0,0,0,0,0,0,0,0,0,0,0,0,0,0,0,0,0,0,0,0,0,0,0,0,0,0,0,0,0,0,0,0,0,0,0,0,0,0,0,0,0,0,0,0,0,0,0,0,0,0,0,0,0,0,0,0,0,0,0,0,0,0,0,0,0,0,0,0,0,0,0,0,0,0,0,0,0,0,0,0,0,0,0,0,0,0,0,0,0,0,0,0,0,0,0,0,0,0,0,0,0,0,0,0,0,0,0,0,0,0,0,0,0,0,0,0,0,0,0,0,0,0,0,0,0,0,0,0,0,0,0,0,0,0,0,0,0,0,0,0,0,0,0,0,0,0,0,0,0,0,0,0,0,0,0,0,0,0,0,0,0,0,0,0,0,0,0,0,0,0,0,0,0,0,0,0,0,0,0,0,0,0,0,0,0,0,0,0,0,0,0,0,0,0,0,0,0,0,0,0,0,0,0,0,0,0,0,0,0,0,0,0,0,0,0,0,0,0,0,0,0,0,0,0,0,0,0,0,0,0,0,0,0,0,0,0,0,0,0,0,0,0,0,0,0,0,0,0,0,0,0,0,0,0,0,0,0,0,0,0,0,0,0,0,0,0,0,0,0,0,0,0,0,0,0,0,0,0,0,0,0,0,0,0,0,0,0,0,0,0,0,0,0,0,0,0,0,0,0,0,0,0,0,0,0,0,0,0,0,0,0,0,0,0,0,0,0,0,0,0,0,0,0,0,0,0,0,0,0,0,0,0,0,0,0,0,0,0,0,0,0,0,0,0,0,0,0,0,0,0,0,0,0,0,0,0,0,0,0,0,0,0,0,0,0,0,0,0,0,0,0,0,0,0,0,0,0,0,0,0,0,0,0,0,0,0,0,0,0,0,0,0,0,0,0,0,0,0,0,0,0,0,0,0,0,0,0,0,0,0,0,0,0,0,0,0,0,0,0,0,0,0,0,0,0,0,0,0,0,0,0,0,0,0,0,0,0,0,0,0,0,0,0,0,0,0,0,0,0,0,0,0,0,0,0,0,0,0,0
1.25006,0,1.25349,0,1.35435,0,1.2701,0,1.26817,0,1.27441,0,1.27106,0,1.27446,0,1.2758,0,1.2787,0,1.38203,0,1.31656,0,1.30578,0,1.31565,0,1.3227,0,1.3337,0,1.33299,0,1.32511,0,1.32703,0,1.32907,0,1.33301,0,1.3439,0,1.34481,0,1.3443,0,1.35193,0,1.35407,0,1.35199,0,1.34418,0,1.34519,0,1.34838,0,1.35882,0,1.35753,0,1.35988,0,1.36295,0,1.36452,0,1.36371,0,1.36815,0,1.36982,0,1.375,0,1.37883,0,1.38826,0,1.38884,0,1.39729,0,1.53111,0,1.49828,0,1.41471,0,1.42336,0,1.42345,0,1.56695,0,1.44063,0,1.44489,0,1.44385,0,1.44559,0,1.45006,0,1.45551,0,1.45831,0,1.47246,0,1.4713,0,1.47098,0,1.48206,0,1.48226,0,1.48386,0,1.48795,0,1.49444,0,1.49501,0,1.50686,0,1.5121,0,1.52297,0,1.52295,0,1.53449,0,1.53778,0,1.54741,0,1.54854,0,1.55606,0,1.56143,0,1.56192,0,1.56385,0,1.56415,0,1.58702,0,1.57345,0,1.57108,0,1.56906,0,1.56492,0,1.562,0,1.56205,0,1.58193,0,1.58102,0,1.58097,0,1.58189,0,1.58137,0,1.58036,0,1.58477,0,1.57996,0,1.58572,0,1.59467,0,1.59224,0,1.59189,0,1.59495,0,1.59574,0,1.60296,0,1.60987,0,1.66709,0,1.7093,0,1.70972,0,1.63197,0,1.63967,0,1.63899,0,1.64407,0,1.66095,0,1.65833,0,1.70645,0,1.70684,0,1.71341,0,1.70082,0,1.70925,0,1.71261,0,1.71926,0,1.71621,0,1.70795,0,1.70967,0,1.69692,0,1.70605,0,1.70027,0,1.69937,0,1.69279,0,1.69097,0,1.69053,0,1.68973,0,1.68749,0,1.68857,0,1.68737,0,1.68977,0,1.69158,0,1.69362,0,1.69459,0,1.69204,0,1.69178,0,1.69541,0,1.69286,0,1.69312,0,1.69064,0,1.69496,0,1.69592,0,1.6985,0,1.69862,0,1.70718,0,1.70599,0,1.70567,0,1.70356,0,1.70024,0,1.69839,0,1.70056,0,1.69957,0,1.70576,0,1.71025,0,1.71014,0,1.71401,0,1.72136,0,1.72224,0,1.72154,0,1.72374,0,1.72477,0,1.72497,0,1.72746,0,1.72908,0,1.73389,0,1.73241,0,1.7303,0,1.73256,0,1.73593,0,1.73974,0,1.74405,0,1.74386,0,1.75144,0,1.75584,0,1.76454,0,1.76552,0,1.77129,0,1.76693,0,1.84425,0,1.80238,0,1.76999,0,1.86163,0,1.75591,0,1.75594,0,1.75375,0,1.76134,0,1.75701,0,1.75556,0,1.75614,0,1.86349,0,1.86538,0,1.84457,0,1.88381,0,1.79999,0,1.90327,0,1.89381,0,1.89577,0,1.8211,0,1.81923,0,1.81829,0,1.81246,0,1.80616,0,1.80074,0,1.80477,0,1.80374,0,1.81328,0,1.81621,0,1.77893,0,1.77702,0,1.7857,0,1.79036,0,1.79291,0,1.79826,0,1.80632,0,1.80052,0,1.80121,0,1.80144,0,1.80124,0,1.79715,0,1.79698,0,1.80905,0,1.81061,0,1.81626,0,1.82778,0,1.83017,0,1.83104,0,1.83225,0,1.83013,0,1.82797,0,1.82771,0,1.81992,0,1.82113,0,1.82049,0,1.82136,0,1.8292,0,1.82917,0,1.84218,0,1.8479,0,1.84959,0,1.8486,0,1.86116,0,1.85897,0,1.85485,0,1.85513,0,1.85957,0,1.86579,0,1.87272,0,1.87431,0,1.87069,0,1.87008,0,1.87266,0,1.87297,0,1.88283,0,1.89073,0,1.88752,0,1.8869,0,1.88373,0,1.8834,0,1.89564,0,1.89605,0,1.89313,0,1.88772,0,1.89142,0,1.88856,0,1.90659,0,1.90395,0,1.90937,0,1.91164,0,1.9091,0,1.92198,0,1.91798,0,1.93902,0,1.93656,0,1.94024,0,1.94775,0,1.96572,0,1.96379,0,1.9632,0,1.96176,0,1.962,0,1.9682,0,1.96657,0,1.96921,0,1.95886,0,1.9737,0,1.9696,0,1.96855,0,1.96952,0,1.97473,0,1.97165,0,1.98033,0,1.9802,0,1.97775,0,1.96922,0,1.97257,0,1.97151,0,1.96955,0,1.96851,0,1.96783,0
0,0,0,0,0,0,0,0,0,0,0,0,0,0,0,0,0,0,0,0,0,0,0,0,0,0,0,0,0,0,0,0,0,0,0,0,0,0,0,0,0,0,0,0,0,0,0,0,0,0,0,0,0,0,0,0,0,0,0,0,0,0,0,0,0,0,0,0,0,0,0,0,0,0,0,0,0,0,0,0,0,0,0,0,0,0,0,0,0,0,0,0,0,0,0,0,0,0,0,0,0,0,0,0,0,0,0,0,0,0,0,0,0,0,0,0,0,0,0,0,0,0,0,0,0,0,0,0,0,0,0,0,0,0,0,0,0,0,0,0,0,0,0,0,0,0,0,0,0,0,0,0,0,0,0,0,0,0,0,0,0,0,0,0,0,0,0,0,0,0,0,0,0,0,0,0,0,0,0,0,0,0,0,0,0,0,0,0,0,0,0,0,0,0,0,0,0,0,0,0,0,0,0,0,0,0,0,0,0,0,0,0,0,0,0,0,0,0,0,0,0,0,0,0,0,0,0,0,0,0,0,0,0,0,0,0,0,0,0,0,0,0,0,0,0,0,0,0,0,0,0,0,0,0,0,0,0,0,0,0,0,0,0,0,0,0,0,0,0,0,0,0,0,0,0,0,0,0,0,0,0,0,0,0,0,0,0,0,0,0,0,0,0,0,0,0,0,0,0,0,0,0,0,0,0,0,0,0,0,0,0,0,0,0,0,0,0,0,0,0,0,0,0,0,0,0,0,0,0,0,0,0,0,0,0,0,0,0,0,0,0,0,0,0,0,0,0,0,0,0,0,0,0,0,0,0,0,0,0,0,0,0,0,0,0,0,0,0,0,0,0,0,0,0,0,0,0,0,0,0,0,0,0,0,0,0,0,0,0,0,0,0,0,0,0,0,0,0,0,0,0,0,0,0,0,0,0,0,0,0,0,0,0,0,0,0,0,0,0,0,0,0,0,0,0,0,0,0,0,0,0,0,0,0,0,0,0,0,0,0,0,0,0,0,0,0,0,0,0,0,0,0,0,0,0,0,0,0,0,0,0,0,0,0,0,0,0,0,0,0,0,0,0,0,0,0,0,0,0,0,0,0,0,0,0,0,0,0,0,0,0,0,0,0,0,0,0,0,0,0,0,0,0,0,0,0,0,0,0,0,0,0,0,0,0,0,0,0,0,0,0,0,0,0,0,0,0,0,0,0,0,0,0,0,0,0,0,0,0,0,0,0,0,0,0,0,0,0,0,0,0,0,0,0,0,0,0,0,0,0,0,0,0,0,0,0,0,0,0,0,0,0,0,0,0,0,0,0,0,0,0,0,0,0,0,0,0,0,0,0,0,0,0,0,0,0,0,0,0,0
1.24758,0,1.24959,0,1.25578,0,1.26179,0,1.2683,0,1.27024,0,1.27461,0,1.27639,0,1.373,0,1.33421,0,1.30876,0,1.30831,0,1.30703,0,1.30507,0,1.44001,0,1.31014,0,1.31749,0,1.31709,0,1.3198,0,1.32002,0,1.32045,0,1.33959,0,1.33854,0,1.35323,0,1.35006,0,1.34902,0,1.34681,0,1.34598,0,1.3495,0,1.35385,0,1.35323,0,1.35728,0,1.35796,0,1.35677,0,1.3646,0,1.36514,0,1.36801,0,1.37563,0,1.37754,0,1.46934,0,1.54427,0,1.46307,0,1.46243,0,1.45898,0,1.43265,0,1.43657,0,1.43976,0,1.43745,0,1.44319,0,1.44034,0,1.43966,0,1.44751,0,1.4496,0,1.45067,0,1.46267,0,1.46601,0,1.46771,0,1.47586,0,1.48165,0,1.4795,0,1.47719,0,1.48627,0,1.4922,0,1.50394,0,1.5017,0,1.50281,0,1.62721,0,1.52683,0,1.65178,0,1.54192,0,1.54037,0,1.67466,0,1.57047,0,1.56332,0,1.56112,0,1.56016,0,1.57209,0,1.58932,0,1.58645,0,1.57059,0,1.56849,0,1.5634,0,1.56099,0,1.56007,0,1.57329,0,1.57986,0,1.58445,0,1.5819,0,1.57514,0,1.57556,0,1.58252,0,1.58042,0,1.5805,0,1.58372,0,1.58377,0,1.5893,0,1.59252,0,1.59207,0,1.59352,0,1.59508,0,1.60043,0,1.6075,0,1.62151,0,1.62665,0,1.63627,0,1.63583,0,1.63319,0,1.64794,0,1.64697,0,1.88595,0,1.69263,0,1.68865,0,1.68558,0,1.69043,0,1.75891,0,1.70669,0,1.74374,0,1.76632,0,1.71658,0,1.70129,0,1.70032,0,1.69792,0,1.69621,0,1.68222,0,1.68786,0,1.68744,0,1.68615,0,1.6857,0,1.67923,0,1.68884,0,1.69012,0,1.69207,0,1.68938,0,1.68969,0,1.68915,0,1.68914,0,1.73743,0,1.68547,0,1.68338,0,1.68645,0,1.68398,0,1.68421,0,1.68875,0,1.69461,0,1.69733,0,1.70148,0,1.70097,0,1.70388,0,1.70392,0,1.69731,0,1.69459,0,1.69492,0,1.7031,0,1.70633,0,1.70549,0,1.71085,0,1.71279,0,1.71233,0,1.7128,0,1.71514,0,1.71918,0,1.72482,0,1.72367,0,1.7239,0,1.72459,0,1.723,0,1.73158,0,1.73253,0,1.74078,0,1.73209,0,1.73558,0,1.73513,0,1.73893,0,1.74551,0,1.74753,0,1.74829,0,1.74541,0,1.74368,0,1.74057,0,1.74569,0,1.74345,0,1.74875,0,1.74943,0,1.75418,0,1.74961,0,1.75245,0,1.75442,0,1.75537,0,1.75531,0,1.75307,0,1.75847,0,1.76254,0,1.76115,0,1.76898,0,1.87983,0,1.78995,0,1.79108,0,1.7895,0,1.79037,0,1.7845,0,1.78465,0,1.79502,0,1.79294,0,1.78736,0,1.78838,0,1.79089,0,1.78794,0,1.7847,0,1.78251,0,1.78318,0,1.78002,0,1.78639,0,1.78626,0,1.79436,0,1.79915,0,1.79626,0,1.79474,0,1.7912,0,1.78851,0,1.78887,0,1.90073,0,1.80833,0,1.80766,0,1.827,0,1.83057,0,1.82119,0,1.81879,0,1.82429,0,1.81883,0,1.81838,0,1.81516,0,1.81307,0,1.81422,0,1.81742,0,1.82388,0,1.8216,0,1.83319,0,1.83012,0,1.83942,0,1.85476,0,1.85293,0,1.85993,0,1.85839,0,1.84955,0,1.85096,0,1.85818,0,1.857,0,1.86509,0,1.86338,0,1.8663,0,1.87009,0,1.87011,0,1.87269,0,1.88513,0,1.88752,0,1.89237,0,1.88833,0,1.8945,0,1.89255,0,1.89471,0,1.88891,0,1.89297,0,1.88595,0,1.88457,0,1.88221,0,1.89403,0,1.89043,0,1.9098,0,1.91067,0,1.91647,0,1.91539,0,1.92987,0,1.94924,0,1.94714,0,1.95228,0,1.95223,0,1.95852,0,1.96259,0,1.95946,0,1.95272,0,1.9579,0,1.95344,0,1.95595,0,1.96145,0,1.96152,0,1.96345,0,1.97317,0,1.97196,0,1.96955,0,1.97625,0,1.97408,0,1.96271,0,1.95761,0,1.95518,0,1.96273,0,1.97169,0,1.97319,0,1.97073,0,1.96978,0,1.96537,0
0,0,0,0,0,0,0,0,0,0,0,0,0,0,0,0,0,0,0,0,0,0,0,0,0,0,0,0,0,0,0,0,0,0,0,0,0,0,0,0,0,0,0,0,0,0,0,0,0,0,0,0,0,0,0,0,0,0,0,0,0,0,0,0,0,0,0,0,0,0,0,0,0,0,0,0,0,0,0,0,0,0,0,0,0,0,0,0,0,0,0,0,0,0,0,0,0,0,0,0,0,0,0,0,0,0,0,0,0,0,0,0,0,0,0,0,0,0,0,0,0,0,0,0,0,0,0,0,0,0,0,0,0,0,0,0,0,0,0,0,0,0,0,0,0,0,0,0,0,0,0,0,0,0,0,0,0,0,0,0,0,0,0,0,0,0,0,0,0,0,0,0,0,0,0,0,0,0,0,0,0,0,0,0,0,0,0,0,0,0,0,0,0,0,0,0,0,0,0,0,0,0,0,0,0,0,0,0,0,0,0,0,0,0,0,0,0,0,0,0,0,0,0,0,0,0,0,0,0,0,0,0,0,0,0,0,0,0,0,0,0,0,0,0,0,0,0,0,0,0,0,0,0,0,0,0,0,0,0,0,0,0,0,0,0,0,0,0,0,0,0,0,0,0,0,0,0,0,0,0,0,0,0,0,0,0,0,0,0,0,0,0,0,0,0,0,0,0,0,0,0,0,0,0,0,0,0,0,0,0,0,0,0,0,0,0,0,0,0,0,0,0,0,0,0,0,0,0,0,0,0,0,0,0,0,0,0,0,0,0,0,0,0,0,0,0,0,0,0,0,0,0,0,0,0,0,0,0,0,0,0,0,0,0,0,0,0,0,0,0,0,0,0,0,0,0,0,0,0,0,0,0,0,0,0,0,0,0,0,0,0,0,0,0,0,0,0,0,0,0,0,0,0,0,0,0,0,0,0,0,0,0,0,0,0,0,0,0,0,0,0,0,0,0,0,0,0,0,0,0,0,0,0,0,0,0,0,0,0,0,0,0,0,0,0,0,0,0,0,0,0,0,0,0,0,0,0,0,0,0,0,0,0,0,0,0,0,0,0,0,0,0,0,0,0,0,0,0,0,0,0,0,0,0,0,0,0,0,0,0,0,0,0,0,0,0,0,0,0,0,0,0,0,0,0,0,0,0,0,0,0,0,0,0,0,0,0,0,0,0,0,0,0,0,0,0,0,0,0,0,0,0,0,0,0,0,0,0,0,0,0,0,0,0,0,0,0,0,0,0,0,0,0,0,0,0,0,0,0,0,0,0,0,0,0,0,0,0,0,0,0,0,0,0,0,0,0,0,0,0,0,0,0,0,0,0,0,0,0,0,0,0,0,0,0,0,0,0,0,0
1.25142,0,1.31033,0,1.31276,0,1.27778,0,1.27932,0,1.41208,0,1.41556,0,1.40894,0,1.33188,0,1.33228,0,1.36153,0,1.29859,0,1.2953,0,1.30033,0,1.3028,0,1.3102,0,1.31415,0,1.31714,0,1.32029,0,1.45601,0,1.33169,0,1.33722,0,1.34531,0,1.34414,0,1.34628,0,1.34841,0,1.34747,0,1.34744,0,1.34427,0,1.34571,0,1.35097,0,1.35132,0,1.3538,0,1.35968,0,1.36293,0,1.36558,0,1.37425,0,1.4917,0,1.3863,0,1.39287,0,1.39801,0,1.40273,0,1.48588,0,1.49243,0,1.4232,0,1.43902,0,1.43671,0,1.43564,0,1.4428,0,1.44268,0,1.44914,0,1.44755,0,1.45334,0,1.4552,0,1.45914,0,1.46479,0,1.46716,0,1.46761,0,1.4768,0,1.47633,0,1.48435,0,1.486,0,1.4932,0,1.49892,0,1.50597,0,1.52365,0,1.52151,0,1.52058,0,1.53712,0,1.54055,0,1.55457,0,1.55278,0,1.57204,0,1.56993,0,1.56884,0,1.57851,0,1.57705,0,1.57592,0,1.57388,0,1.5712,0,1.57041,0,1.57547,0,1.57506,0,1.57349,0,1.57174,0,1.57341,0,1.57313,0,1.57279,0,1.57416,0,1.57566,0,1.57455,0,1.58096,0,1.58032,0,1.58564,0,1.58691,0,1.59014,0,1.58985,0,1.59785,0,1.59704,0,1.5967,0,1.60873,0,1.60553,0,1.61649,0,1.62689,0,1.62822,0,1.63432,0,1.63168,0,1.65642,0,1.65871,0,1.72429,0,1.6765,0,0.00462713,0,1.76179,0,1.75206,0,1.76996,0,1.68212,0,1.69788,0,1.68375,0,1.68719,0,1.68751,0,1.67982,0,1.68036,0,1.67931,0,1.67253,0,1.67181,0,1.67084,0,1.67254,0,1.67634,0,1.67333,0,1.68401,0,1.68627,0,1.68631,0,1.67218,0,1.67159,0,1.66929,0,1.67266,0,1.66724,0,1.66592,0,1.6729,0,1.67665,0,1.67804,0,1.68613,0,1.68581,0,1.6935,0,1.69311,0,1.69139,0,1.69732,0,1.69912,0,1.69946,0,1.69892,0,1.69682,0,1.69698,0,1.70382,0,1.70309,0,1.70135,0,1.70825,0,1.71519,0,1.7167,0,1.71898,0,1.71997,0,1.72053,0,1.72396,0,1.72646,0,1.7275,0,1.72333,0,1.7206,0,1.72105,0,1.73329,0,1.73375,0,1.73251,0,1.73345,0,1.74033,0,1.73818,0,1.73986,0,1.74269,0,1.74414,0,1.74317,0,1.74076,0,1.73803,0,1.73696,0,1.74087,0,1.74829,0,1.74716,0,1.75478,0,1.7523,0,1.7548,0,1.75489,0,1.75203,0,1.75113,0,1.75115,0,1.75197,0,1.75376,0,1.75255,0,1.76482,0,1.76722,0,1.82351,0,1.82298,0,1.81044,0,1.7802,0,1.77928,0,1.78387,0,1.77632,0,1.77482,0,1.77942,0,1.7787,0,1.778,0,1.77737,0,1.78308,0,1.78362,0,1.78156,0,1.78116,0,1.78393,0,1.78348,0,1.79119,0,1.79204,0,1.79757,0,1.79584,0,1.79104,0,1.79594,0,1.80017,0,1.80107,0,1.80101,0,1.81025,0,1.81343,0,1.81988,0,1.82465,0,1.82324,0,1.82328,0,1.81652,0,1.81419,0,1.81437,0,1.81438,0,1.81377,0,1.82378,0,1.82429,0,1.82191,0,1.83936,0,1.8391,0,1.84253,0,1.84291,0,1.84092,0,1.84562,0,1.84468,0,1.8484,0,1.85183,0,1.85407,0,1.85214,0,1.86446,0,1.87895,0,1.87616,0,1.87866,0,1.87703,0,1.87375,0,1.88928,0,1.89321,0,1.89326,0,1.89143,0,1.89697,0,1.89353,0,1.8923,0,1.88957,0,1.88686,0,1.88889,0,1.88698,0,1.87174,0,1.86945,0,1.90016,0,1.91592,0,1.91998,0,1.9289,0,1.92745,0,1.92504,0,1.9308,0,1.951,0,1.95477,0,1.9623,0,1.96101,0,1.955,0,1.95161,0,1.95045,0,1.94793,0,1.94957,0,1.95579,0,1.94844,0,1.96538,0,1.96193,0,1.96386,0,1.9452,0,1.94272,0,1.93891,0,1.93898,0,1.93604,0,1.9483,0,1.95833,0,1.96715,0,1.96152,0,1.96166,0,1.97237,0,1.96965,0,1.9514,0
0,0,0,0,0,0,0,0,0,0,0,0,0,0,0,0,0,0,0,0,0,0,0,0,0,0,0,0,0,0,0,0,0,0,0,0,0,0,0,0,0,0,0,0,0,0,0,0,0,0,0,0,0,0,0,0,0,0,0,0,0,0,0,0,0,0,0,0,0,0,0,0,0,0,0,0,0,0,0,0,0,0,0,0,0,0,0,0,0,0,0,0,0,0,0,0,0,0,0,0,0,0,0,0,0,0,0,0,0,0,0,0,0,0,0,0,0,0,0,0,0,0,0,0,0,0,0,0,0,0,0,0,0,0,0,0,0,0,0,0,0,0,0,0,0,0,0,0,0,0,0,0,0,0,0,0,0,0,0,0,0,0,0,0,0,0,0,0,0,0,0,0,0,0,0,0,0,0,0,0,0,0,0,0,0,0,0,0,0,0,0,0,0,0,0,0,0,0,0,0,0,0,0,0,0,0,0,0,0,0,0,0,0,0,0,0,0,0,0,0,0,0,0,0,0,0,0,0,0,0,0,0,0,0,0,0,0,0,0,0,0,0,0,0,0,0,0,0,0,0,0,0,0,0,0,0,0,0,0,0,0,0,0,0,0,0,0,0,0,0,0,0,0,0,0,0,0,0,0,0,0,0,0,0,0,0,0,0,0,0,0,0,0,0,0,0,0,0,0,0,0,0,0,0,0,0,0,0,0,0,0,0,0,0,0,0,0,0,0,0,0,0,0,0,0,0,0,0,0,0,0,0,0,0,0,0,0,0,0,0,0,0,0,0,0,0,0,0,0,0,0,0,0,0,0,0,0,0,0,0,0,0,0,0,0,0,0,0,0,0,0,0,0,0,0,0,0,0,0,0,0,0,0,0,0,0,0,0,0,0,0,0,0,0,0,0,0,0,0,0,0,0,0,0,0,0,0,0,0,0,0,0,0,0,0,0,0,0,0,0,0,0,0,0,0,0,0,0,0,0,0,0,0,0,0,0,0,0,0,0,0,0,0,0,0,0,0,0,0,0,0,0,0,0,0,0,0,0,0,0,0,0,0,0,0,0,0,0,0,0,0,0,0,0,0,0,0,0,0,0,0,0,0,0,0,0,0,0,0,0,0,0,0,0,0,0,0,0,0,0,0,0,0,0,0,0,0,0,0,0,0,0,0,0,0,0,0,0,0,0,0,0,0,0,0,0,0,0,0,0,0,0,0,0,0,0,0,0,0,0,0,0,0,0,0,0,0,0,0,0,0,0,0,0,0,0,0,0,0,0,0,0,0,0,0,0,0,0,0,0,0,0,0,0,0,0,0,0,0,0,0,0,0,0,0,0,0,0,0,0,0,0,0,0,0,0,0,0,0,0
1.29463,0,1.28023,0,1.2843,0,1.28277,0,1.26887,0,1.26775,0,1.2717,0,1.3633,0,1.36488,0,1.37496,0,1.28594,0,1.28692,0,1.29734,0,1.30196,0,1.30975,0,1.31097,0,1.3146,0,1.31608,0,1.31715,0,1.45009,0,1.3155,0,1.31737,0,1.36484,0,1.32231,0,1.3311,0,1.3319,0,1.33901,0,1.34042,0,1.34149,0,1.3451,0,1.35064,0,1.35032,0,1.35722,0,1.36104,0,1.37086,0,1.37364,0,1.37504,0,1.38166,0,1.38811,0,1.39299,0,1.40161,0,1.48583,0,1.41283,0,1.41732,0,1.49569,0,1.50128,0,1.4423,0,1.44102,0,1.44109,0,1.44801,0,1.44918,0,1.4511,0,1.45314,0,1.45883,0,1.46226,0,1.46252,0,1.46844,0,1.47231,0,1.47806,0,1.47849,0,1.73755,0,1.4939,0,1.50446,0,1.51406,0,1.52696,0,1.52604,0,1.52402,0,1.52386,0,1.53209,0,1.55331,0,1.55308,0,1.56009,0,1.55826,0,1.56469,0,1.56848,0,1.56927,0,1.57788,0,1.57476,0,1.57156,0,1.57145,0,1.57621,0,1.58034,0,1.57815,0,1.57153,0,1.57086,0,1.56923,0,1.56837,0,1.5755,0,1.57518,0,1.57938,0,1.57769,0,1.57716,0,1.58165,0,1.58558,0,1.58882,0,1.5949,0,1.60267,0,1.59931,0,1.59784,0,1.59643,0,1.61066,0,1.60822,0,1.60794,0,1.62539,0,1.6284,0,1.6358,0,1.69808,0,1.78317,0,1.71966,0,1.64848,0,1.65541,0,1.65154,0,1.65099,0,1.65524,0,1.74802,0,1.66169,0,1.67839,0,1.71304,0,1.67274,0,1.67258,0,1.66144,0,1.66587,0,1.6679,0,1.66498,0,1.6658,0,1.66893,0,1.66284,0,1.65789,0,1.69466,0,1.67186,0,1.67221,0,1.67151,0,1.67029,0,1.66909,0,1.64505,0,1.65096,0,1.75499,0,1.6742,0,1.67368,0,1.67559,0,1.67709,0,1.67961,0,1.67937,0,1.6861,0,1.68487,0,1.69263,0,1.69079,0,1.69513,0,1.69939,0,1.70069,0,1.69786,0,1.69951,0,1.69869,0,1.70312,0,1.70636,0,1.7062,0,1.71641,0,1.71455,0,1.71996,0,1.72334,0,1.72311,0,1.72204,0,1.72284,0,1.72093,0,1.71898,0,1.71694,0,1.72207,0,1.72093,0,1.72919,0,1.72902,0,1.72937,0,1.72749,0,1.73925,0,1.74135,0,1.74244,0,1.74574,0,1.74375,0,1.74214,0,1.74012,0,1.73771,0,1.74252,0,1.7408,0,1.74909,0,1.7519,0,1.7551,0,1.75512,0,1.7593,0,1.75909,0,1.75804,0,1.75633,0,1.75324,0,1.7532,0,1.75176,0,1.75984,0,1.75717,0,1.76126,0,1.7604,0,1.75434,0,1.77259,0,1.76653,0,1.77503,0,1.77199,0,1.77651,0,1.7748,0,1.77487,0,1.77561,0,1.77489,0,1.77642,0,1.78149,0,1.77897,0,1.78167,0,1.78155,0,1.78169,0,1.78661,0,1.79565,0,1.79079,0,1.79767,0,1.79726,0,1.80059,0,1.80223,0,1.80304,0,1.80657,0,1.81196,0,1.81092,0,1.8199,0,1.82213,0,1.82033,0,1.82018,0,1.81505,0,1.81155,0,1.81709,0,1.82431,0,1.8217,0,1.83119,0,1.82984,0,1.83844,0,1.84301,0,1.84267,0,1.8421,0,1.84246,0,1.84067,0,1.8403,0,1.84898,0,1.84666,0,1.86657,0,1.88294,0,1.87995,0,1.87687,0,1.87668,0,1.88274,0,1.87867,0,1.87728,0,1.87838,0,1.87936,0,1.88074,0,1.87987,0,1.88318,0,1.89418,0,1.89479,0,1.89138,0,1.88937,0,1.89659,0,1.89216,0,1.88872,0,1.89615,0,1.89586,0,1.90949,0,1.90883,0,1.9045,0,1.92274,0,1.91757,0,1.9207,0,1.93389,0,1.92812,0,0.0045316,0,1.9493,0,1.95915,0,1.95915,0,1.9571,0,1.95923,0,1.95226,0,1.95217,0,1.94864,0,1.95017,0,1.95486,0,1.94417,0,1.94128,0,1.94758,0,1.94173,0,1.94203,0,1.94289,0,1.94275,0,1.94581,0,1.93434,0,1.94105,0,1.94241,0,1.94791,0,1.94748,0,1.94501,0,1.94339,0
0,0,0,0,0,0,0,0,0,0,0,0,0,0,0,0,0,0,0,0,0,0,0,0,0,0,0,0,0,0,0,0,0,0,0,0,0,0,0,0,0,0,0,0,0,0,0,0,0,0,0,0,0,0,0,0,0,0,0,0,0,0,0,0,0,0,0,0,0,0,0,0,0,0,0,0,0,0,0,0,0,0,0,0,0,0,0,0,0,0,0,0,0,0,0,0,0,0,0,0,0,0,0,0,0,0,0,0,0,0,0,0,0,0,0,0,0,0,0,0,0,0,0,0,0,0,0,0,0,0,0,0,0,0,0,0,0,0,0,0,0,0,0,0,0,0,0,0,0,0,0,0,0,0,0,0,0,0,0,0,0,0,0,0,0,0,0,0,0,0,0,0,0,0,0,0,0,0,0,0,0,0,0,0,0,0,0,0,0,0,0,0,0,0,0,0,0,0,0,0,0,0,0,0,0,0,0,0,0,0,0,0,0,0,0,0,0,0,0,0,0,0,0,0,0,0,0,0,0,0,0,0,0,0,0,0,0,0,0,0,0,0,0,0,0,0,0,0,0,0,0,0,0,0,0,0,0,0,0,0,0,0,0,0,0,0,0,0,0,0,0,0,0,0,0,0,0,0,0,0,0,0,0,0,0,0,0,0,0,0,0,0,0,0,0,0,0,0,0,0,0,0,0,0,0,0,0,0,0,0,0,0,0,0,0,0,0,0,0,0,0,0,0,0,0,0,0,0,0,0,0,0,0,0,0,0,0,0,0,0,0,0,0,0,0,0,0,0,0,0,0,0,0,0,0,0,0,0,0,0,0,0,0,0,0,0,0,0,0,0,0,0,0,0,0,0,0,0,0,0,0,0,0,0,0,0,0,0,0,0,0,0,0,0,0,0,0,0,0,0,0,0,0,0,0,0,0,0,0,0,0,0,0,0,0,0,0,0,0,0,0,0,0,0,0,0,0,0,0,0,0,0,0,0,0,0,0,0,0,0,0,0,0,0,0,0,0,0,0,0,0,0,0,0,0,0,0,0,0,0,0,0,0,0,0,0,0,0,0,0,0,0,0,0,0,0,0,0,0,0,0,0,0,0,0,0,0,0,0,0,0,0,0,0,0,0,0,0,0,0,0,0,0,0,0,0,0,0,0,0,0,0,0,0,0,0,0,0,0,0,0,0,0,0,0,0,0,0,0,0,0,0,0,0,0,0,0,0,0,0,0,0,0,0,0,0,0,0,0,0,0,0,0,0,0,0,0,0,0,0,0,0,0,0,0,0,0,0,0,0,0,0,0,0,0,0,0,0,0,0,0,0,0,0,0,0,0,0,0,0,0,0,0,0,0,0,0,0,0,0
1.26738,0,1.27093,0,1.27504,0,1.2721,0,1.27179,0,1.27014,0,1.27069,0,1.27136,0,1.2683,0,1.27018,0,1.27759,0,1.27765,0,1.38653,0,1.28888,0,1.28816,0,1.28969,0,1.29199,0,1.29251,0,1.29802,0,1.39622,0,1.30815,0,1.30801,0,1.31535,0,1.31923,0,1.32574,0,1.46263,0,1.3391,0,1.33923,0,1.344,0,1.34728,0,1.34867,0,1.3519,0,1.3584,0,1.36604,0,1.36592,0,1.37444,0,1.38219,0,1.38488,0,1.3932,0,1.40232,0,1.40083,0,1.40758,0,1.41658,0,1.41987,0,1.42117,0,1.43138,0,1.43913,0,1.44025,0,1.44465,0,1.45019,0,1.44829,0,1.45062,0,1.45312,0,1.45709,0,1.46065,0,1.46689,0,1.46836,0,1.47687,0,1.48079,0,1.48508,0,1.49207,0,1.49312,0,1.57065,0,1.52078,0,1.52647,0,1.52674,0,1.52609,0,1.52878,0,1.54221,0,1.54342,0,1.55504,0,1.55341,0,1.56278,0,1.56139,0,1.56552,0,1.56373,0,1.56359,0,1.56579,0,1.56456,0,1.56513,0,1.57411,0,1.55808,0,1.5532,0,1.5611,0,1.56149,0,1.56371,0,1.56296,0,1.57116,0,1.57775,0,1.5799,0,1.58354,0,1.5837,0,1.58854,0,1.59331,0,1.59148,0,1.58923,0,1.596,0,1.60156,0,1.60047,0,1.60614,0,1.60927,0,1.62365,0,1.62215,0,1.62225,0,1.61374,0,1.61403,0,1.61123,0,1.69144,0,1.62748,0,1.62591,0,1.63737,0,1.80005,0,1.77572,0,1.6446,0,1.69993,0,1.64093,0,1.65411,0,1.65549,0,1.65003,0,1.66071,0,1.66302,0,1.6606,0,1.65808,0,1.6603,0,1.6592,0,1.66283,0,1.66105,0,1.65969,0,1.64585,0,1.67072,0,1.66819,0,1.66614,0,1.66309,0,1.64865,0,1.64669,0,1.64486,0,1.66843,0,1.67224,0,1.67855,0,1.67982,0,1.67798,0,1.68083,0,1.68121,0,1.68142,0,1.67715,0,1.6899,0,1.69625,0,1.69466,0,1.69366,0,1.69425,0,1.69446,0,1.69675,0,1.69563,0,1.69709,0,1.7024,0,1.70251,0,1.71013,0,1.70982,0,1.72066,0,1.72173,0,1.71922,0,1.71871,0,1.71763,0,1.71741,0,1.71863,0,1.71566,0,1.72286,0,1.72042,0,1.72641,0,1.72758,0,1.7303,0,1.72877,0,1.73176,0,1.73117,0,1.7368,0,1.73692,0,1.74157,0,1.73763,0,1.74159,0,1.74121,0,1.74158,0,1.74916,0,1.74991,0,1.74953,0,1.75775,0,1.75827,0,1.77062,0,1.76648,0,1.75431,0,1.74996,0,1.75112,0,1.75317,0,1.75859,0,1.75657,0,1.75541,0,1.75455,0,1.75235,0,1.75126,0,1.75012,0,1.94195,0,1.76267,0,1.77264,0,1.76944,0,1.76687,0,1.76775,0,1.77156,0,1.77187,0,1.77828,0,1.77036,0,1.78019,0,1.77913,0,1.77912,0,1.78329,0,1.7878,0,1.78381,0,1.7857,0,1.79161,0,1.79288,0,1.80144,0,1.80172,0,1.80259,0,1.80715,0,1.8129,0,1.80924,0,1.80638,0,1.80407,0,1.80675,0,1.80739,0,1.811,0,1.80825,0,1.81359,0,1.82857,0,1.82708,0,1.83091,0,1.83768,0,1.83635,0,1.83974,0,1.83969,0,1.84176,0,1.84225,0,1.85219,0,1.86136,0,1.86123,0,1.86309,0,1.86875,0,1.86964,0,1.86329,0,1.88232,0,1.87832,0,1.88015,0,1.88175,0,1.87914,0,1.87866,0,1.87699,0,1.87842,0,1.8767,0,1.89272,0,1.89377,0,1.89604,0,1.89633,0,1.89269,0,1.90074,0,1.89964,0,1.9016,0,1.89131,0,1.89062,0,1.89991,0,1.89585,0,1.90319,0,1.90667,0,1.9104,0,2.09333,0,1.91976,0,1.92876,0,1.93579,0,1.9544,0,1.94887,0,1.96033,0,1.9605,0,1.95685,0,1.95823,0,1.93385,0,1.92905,0,1.9258,0,1.92531,0,1.93035,0,1.93018,0,1.93916,0,1.93882,0,1.92877,0,1.9332,0,1.93205,0,1.93207,0,1.9385,0,1.93632,0,1.93713,0,1.93086,0,1.9444,0,1.94438,0,1.94352,0
0,0,0,0,0,0,0,0,0,0,0,0,0,0,0,0,0,0,0,0,0,0,0,0,0,0,0,0,0,0,0,0,0,0,0,0,0,0,0,0,0,0,0,0,0,0,0,0,0,0,0,0,0,0,0,0,0,0,0,0,0,0,0,0,0,0,0,0,0,0,0,0,0,0,0,0,0,0,0,0,0,0,0,0,0,0,0,0,0,0,0,0,0,0,0,0,0,0,0,0,0,0,0,0,0,0,0,0,0,0,0,0,0,0,0,0,0,0,0,0,0,0,0,0,0,0,0,0,0,0,0,0,0,0,0,0,0,0,0,0,0,0,0,0,0,0,0,0,0,0,0,0,0,0,0,0,0,0,0,0,0,0,0,0,0,0,0,0,0,0,0,0,0,0,0,0,0,0,0,0,0,0,0,0,0,0,0,0,0,0,0,0,0,0,0,0,0,0,0,0,0,0,0,0,0,0,0,0,0,0,0,0,0,0,0,0,0,0,0,0,0,0,0,0,0,0,0,0,0,0,0,0,0,0,0,0,0,0,0,0,0,0,0,0,0,0,0,0,0,0,0,0,0,0,0,0,0,0,0,0,0,0,0,0,0,0,0,0,0,0,0,0,0,0,0,0,0,0,0,0,0,0,0,0,0,0,0,0,0,0,0,0,0,0,0,0,0,0,0,0,0,0,0,0,0,0,0,0,0,0,0,0,0,0,0,0,0,0,0,0,0,0,0,0,0,0,0,0,0,0,0,0,0,0,0,0,0,0,0,0,0,0,0,0,0,0,0,0,0,0,0,0,0,0,0,0,0,0,0,0,0,0,0,0,0,0,0,0,0,0,0,0,0,0,0,0,0,0,0,0,0,0,0,0,0,0,0,0,0,0,0,0,0,0,0,0,0,0,0,0,0,0,0,0,0,0,0,0,0,0,0,0,0,0,0,0,0,0,0,0,0,0,0,0,0,0,0,0,0,0,0,0,0,0,0,0,0,0,0,0,0,0,0,0,0,0,0,0,0,0,0,0,0,0,0,0,0,0,0,0,0,0,0,0,0,0,0,0,0,0,0,0,0,0,0,0,0,0,0,0,0,0,0,0,0,0,0,0,0,0,0,0,0,0,0,0,0,0,0,0,0,0,0,0,0,0,0,0,0,0,0,0,0,0,0,0,0,0,0,0,0,0,0,0,0,0,0,0,0,0,0,0,0,0,0,0,0,0,0,0,0,0,0,0,0,0,0,0,0,0,0,0,0,0,0,0,0,0,0,0,0,0,0,0,0,0,0,0,0,0,0,0,0,0,0,0,0,0,0,0,0,0,0,0,0,0,0,0,0,0,0,0,0,0,0,0,0,0,0,0
1.2598,0,1.26732,0,1.27877,0,1.2682,0,1.26774,0,1.26934,0,1.27039,0,1.27449,0,1.27653,0,1.27676,0,1.27624,0,1.27586,0,1.27984,0,1.28829,0,1.28884,0,1.29002,0,1.2909,0,1.29035,0,1.29115,0,1.2982,0,1.30642,0,1.30833,0,1.31864,0,1.37469,0,1.32717,0,1.33239,0,1.33284,0,1.33771,0,1.34087,0,1.34634,0,1.35244,0,1.35413,0,1.35824,0,1.36361,0,1.36897,0,1.37789,0,1.38233,0,1.38249,0,1.3952,0,1.39928,0,1.40503,0,1.40707,0,1.41294,0,1.4827,0,1.43972,0,1.43668,0,1.44295,0,1.44234,0,1.44761,0,1.44733,0,1.44816,0,1.45325,0,1.45221,0,1.51497,0,1.46703,0,1.46634,0,1.47467,0,1.61464,0,1.49128,0,1.49355,0,1.49688,0,1.50053,0,1.50527,0,1.51346,0,1.52123,0,1.51894,0,1.52738,0,1.53935,0,1.53868,0,1.54808,0,1.55741,0,1.55573,0,1.55829,0,1.56659,0,1.56568,0,1.56314,0,1.56191,0,1.56229,0,1.56075,0,1.55432,0,1.5533,0,1.55259,0,1.55411,0,1.55214,0,1.56362,0,1.5656,0,1.56794,0,1.56805,0,1.5954,0,1.59544,0,1.59509,0,1.60591,0,1.60055,0,1.60122,0,1.59728,0,1.59677,0,1.60272,0,1.60053,0,1.60067,0,1.60087,0,1.61013,0,1.60996,0,1.61013,0,1.61025,0,1.61636,0,1.6147,0,1.61151,0,1.59973,0,1.5969,0,1.60293,0,1.61137,0,1.61282,0,1.61166,0,1.62356,0,1.62112,0,1.62047,0,1.71753,0,1.65068,0,1.64982,0,1.64854,0,1.65219,0,1.65223,0,1.65253,0,1.65391,0,1.65261,0,1.65248,0,1.69464,0,1.63859,0,1.64039,0,1.6646,0,1.66211,0,1.6687,0,1.63334,0,1.64787,0,1.65274,0,1.67129,0,1.67083,0,1.66861,0,1.67206,0,1.67584,0,1.67517,0,1.68066,0,1.68433,0,1.6818,0,1.68013,0,1.68831,0,1.68661,0,1.69339,0,1.69313,0,1.69388,0,1.69369,0,1.69251,0,1.69683,0,1.69569,0,1.69628,0,1.69642,0,1.70336,0,1.81778,0,1.81662,0,1.72202,0,1.72105,0,1.72003,0,1.7296,0,1.72537,0,1.72446,0,1.72368,0,1.72207,0,1.72351,0,1.72556,0,1.72218,0,1.72047,0,1.72623,0,1.72636,0,1.73188,0,1.73755,0,1.7341,0,1.73135,0,1.7372,0,1.7447,0,1.74423,0,1.74718,0,1.75244,0,1.75278,0,1.7546,0,1.75681,0,1.75646,0,1.75237,0,1.74985,0,1.74607,0,1.74421,0,1.73938,0,1.74195,0,1.73739,0,1.75072,0,1.75093,0,1.75057,0,1.74547,0,1.74433,0,1.74332,0,1.75779,0,1.75306,0,1.75777,0,1.76803,0,1.76878,0,1.76802,0,1.76724,0,1.76699,0,1.7753,0,1.77325,0,1.77359,0,1.76932,0,1.77458,0,1.78484,0,1.7807,0,1.78217,0,1.78333,0,1.78714,0,1.78534,0,1.79674,0,1.80145,0,1.79941,0,1.79709,0,1.79437,0,1.79428,0,1.79087,0,1.78986,0,1.79478,0,1.79093,0,1.80138,0,1.79877,0,1.8108,0,1.82069,0,1.81802,0,1.81811,0,1.83185,0,1.83598,0,1.83632,0,1.84151,0,1.83981,0,1.83869,0,1.84556,0,1.85205,0,1.86305,0,1.85929,0,1.86307,0,1.86109,0,1.86081,0,1.86603,0,1.8631,0,2.05638,0,1.88214,0,1.87908,0,1.87861,0,1.87942,0,1.88634,0,1.88094,0,1.88258,0,1.88633,0,1.89213,0,1.89125,0,1.89579,0,1.8906,0,1.89144,0,1.89267,0,1.88933,0,1.88872,0,1.90183,0,1.89915,0,1.89707,0,1.92035,0,1.92062,0,1.93552,0,1.94483,0,1.94293,0,1.93981,0,1.94429,0,1.95252,0,1.92218,0,2.05878,0,1.91387,0,1.91112,0,1.91946,0,2.13058,0,1.92584,0,1.92302,0,1.92155,0,1.92403,0,1.92368,0,1.92719,0,1.92931,0,1.92888,0,1.93417,0,1.93176,0,1.93537,0,1.93767,0,1.93355,0,1.93165,0,1.93212,0,1.92885,0,1.93226,0
0,0,0,0,0,0,0,0,0,0,0,0,0,0,0,0,0,0,0,0,0,0,0,0,0,0,0,0,0,0,0,0,0,0,0,0,0,0,0,0,0,0,0,0,0,0,0,0,0,0,0,0,0,0,0,0,0,0,0,0,0,0,0,0,0,0,0,0,0,0,0,0,0,0,0,0,0,0,0,0,0,0,0,0,0,0,0,0,0,0,0,0,0,0,0,0,0,0,0,0,0,0,0,0,0,0,0,0,0,0,0,0,0,0,0,0,0,0,0,0,0,0,0,0,0,0,0,0,0,0,0,0,0,0,0,0,0,0,0,0,0,0,0,0,0,0,0,0,0,0,0,0,0,0,0,0,0,0,0,0,0,0,0,0,0,0,0,0,0,0,0,0,0,0,0,0,0,0,0,0,0,0,0,0,0,0,0,0,0,0,0,0,0,0,0,0,0,0,0,0,0,0,0,0,0,0,0,0,0,0,0,0,0,0,0,0,0,0,0,0,0,0,0,0,0,0,0,0,0,0,0,0,0,0,0,0,0,0,0,0,0,0,0,0,0,0,0,0,0,0,0,0,0,0,0,0,0,0,0,0,0,0,0,0,0,0,0,0,0,0,0,0,0,0,0,0,0,0,0,0,0,0,0,0,0,0,0,0,0,0,0,0,0,0,0,0,0,0,0,0,0,0,0,0,0,0,0,0,0,0,0,0,0,0,0,0,0,0,0,0,0,0,0,0,0,0,0,0,0,0,0,0,0,0,0,0,0,0,0,0,0,0,0,0,0,0,0,0,0,0,0,0,0,0,0,0,0,0,0,0,0,0,0,0,0,0,0,0,0,0,0,0,0,0,0,0,0,0,0,0,0,0,0,0,0,0,0,0,0,0,0,0,0,0,0,0,0,0,0,0,0,0,0,0,0,0,0,0,0,0,0,0,0,0,0,0,0,0,0,0,0,0,0,0,0,0,0,0,0,0,0,0,0,0,0,0,0,0,0,0,0,0,0,0,0,0,0,0,0,0,0,0,0,0,0,0,0,0,0,0,0,0,0,0,0,0,0,0,0,0,0,0,0,0,0,0,0,0,0,0,0,0,0,0,0,0,0,0,0,0,0,0,0,0,0,0,0,0,0,0,0,0,0,0,0,0,0,0,0,0,0,0,0,0,0,0,0,0,0,0,0,0,0,0,0,0,0,0,0,0,0,0,0,0,0,0,0,0,0,0,0,0,0,0,0,0,0,0,0,0,0,0,0,0,0,0,0,0,0,0,0,0,0,0,0,0,0,0,0,0,0,0,0,0,0,0,0,0,0,0,0,0,0,0,0,0,0,0,0,0,0,0,0,0,0,0,0,0,0,0
1.26606,0,1.27761,0,1.2748,0,1.3257,0,1.40582,0,1.27924,0,1.27128,0,1.27042,0,1.27376,0,1.27806,0,1.27287,0,1.27453,0,1.27783,0,1.28572,0,1.29306,0,1.29319,0,1.29144,0,1.29269,0,1.29606,0,1.29924,0,1.30307,0,1.30396,0,1.30873,0,1.39071,0,1.33138,0,1.33099,0,1.33091,0,1.33852,0,1.34378,0,1.34649,0,1.35114,0,1.35875,0,1.36098,0,1.36878,0,1.36471,0,1.37897,0,1.37978,0,1.39621,0,1.39627,0,1.3972,0,1.4059,0,1.40875,0,1.41278,0,1.54929,0,1.4368,0,1.4416,0,1.44087,0,1.4407,0,1.44384,0,1.44547,0,1.44751,0,1.4504,0,1.45681,0,1.46098,0,1.46854,0,1.46581,0,1.47386,0,1.48131,0,1.48931,0,1.49287,0,1.49869,0,1.50275,0,1.5107,0,1.51138,0,1.51721,0,1.52376,0,1.69917,0,1.54699,0,1.54158,0,1.5632,0,1.57099,0,1.56851,0,1.56257,0,1.56402,0,1.563,0,1.56477,0,1.56388,0,1.56359,0,1.55957,0,1.55752,0,1.5558,0,1.5523,0,1.55168,0,1.55017,0,1.67353,0,1.70118,0,1.58765,0,1.59391,0,1.59214,0,1.59899,0,1.87802,0,1.87887,0,1.88835,0,1.6183,0,1.61659,0,1.60418,0,1.60211,0,1.59801,0,1.58926,0,1.58921,0,1.58842,0,1.59381,0,1.59268,0,1.5983,0,1.59775,0,1.59616,0,1.5973,0,1.59803,0,1.59514,0,1.59527,0,1.59729,0,1.60282,0,1.60184,0,1.61254,0,1.6269,0,1.62398,0,1.63801,0,1.6337,0,1.6512,0,1.64929,0,1.6498,0,1.65162,0,1.65033,0,1.63282,0,1.63429,0,1.63236,0,1.63129,0,1.62202,0,1.64066,0,1.63989,0,1.63587,0,1.63603,0,1.6312,0,1.64536,0,1.64436,0,1.65618,0,1.66637,0,1.6709,0,1.6723,0,1.67667,0,1.68269,0,1.6806,0,1.6832,0,1.68383,0,1.68283,0,1.68689,0,1.686,0,1.68629,0,1.68926,0,1.68903,0,1.68897,0,1.68587,0,1.68929,0,1.69001,0,1.68955,0,1.68903,0,1.69069,0,1.69566,0,1.70845,0,1.7101,0,1.71607,0,1.71627,0,1.71966,0,1.72289,0,1.71998,0,1.71794,0,1.71984,0,1.71998,0,1.71978,0,1.71887,0,1.71845,0,1.71601,0,1.71462,0,1.72102,0,1.7244,0,1.72786,0,1.72905,0,1.73141,0,1.73083,0,1.74011,0,1.73965,0,1.74848,0,1.74702,0,1.75814,0,1.7556,0,1.75544,0,1.75545,0,1.74317,0,1.7406,0,1.73899,0,1.74151,0,1.74155,0,1.73995,0,1.74433,0,1.74203,0,1.7448,0,1.74141,0,1.74105,0,1.73973,0,1.73988,0,1.75573,0,1.75585,0,1.76636,0,1.76423,0,1.7634,0,1.76795,0,1.76577,0,1.77337,0,1.77528,0,1.7746,0,1.77558,0,1.77577,0,1.7819,0,1.78057,0,1.78218,0,1.78122,0,1.7752,0,1.779,0,1.77664,0,1.77507,0,1.77948,0,1.78196,0,1.78492,0,1.78404,0,1.78369,0,1.78744,0,1.78654,0,1.79323,0,1.79225,0,1.81207,0,1.81072,0,1.81934,0,1.83207,0,1.83004,0,1.83086,0,1.83175,0,1.84053,0,1.83427,0,1.83511,0,1.84776,0,1.84842,0,1.84159,0,2.02087,0,1.84503,0,1.84438,0,1.8547,0,2.04619,0,1.86026,0,1.86006,0,1.85762,0,1.85201,0,1.8642,0,1.86232,0,1.86115,0,1.86915,0,1.86998,0,1.86831,0,2.0913,0,1.89368,0,1.89179,0,1.89437,0,1.89622,0,1.89392,0,1.88979,0,1.89056,0,1.89629,0,2.11125,0,1.91113,0,1.91074,0,1.92145,0,1.91928,0,1.92241,0,1.91793,0,1.9429,0,1.94072,0,1.93898,0,1.92828,0,1.92711,0,1.92349,0,1.91446,0,1.91376,0,1.91291,0,1.90732,0,1.90273,0,1.90439,0,1.92648,0,1.92306,0,1.92315,0,1.92671,0,1.92142,0,1.93151,0,1.92925,0,1.93043,0,2.37434,0,2.23269,0,1.91528,0,1.92,0,1.92581,0,1.93101,0,1.93086,0
0,0,0,0,0,0,0,0,0,0,0,0,0,0,0,0,0,0,0,0,0,0,0,0,0,0,0,0,0,0,0,0,0,0,0,0,0,0,0,0,0,0,0,0,0,0,0,0,0,0,0,0,0,0,0,0,0,0,0,0,0,0,0,0,0,0,0,0,0,0,0,0,0,0,0,0,0,0,0,0,0,0,0,0,0,0,0,0,0,0,0,0,0,0,0,0,0,0,0,0,0,0,0,0,0,0,0,0,0,0,0,0,0,0,0,0,0,0,0,0,0,0,0,0,0,0,0,0,0,0,0,0,0,0,0,0,0,0,0,0,0,0,0,0,0,0,0,0,0,0,0,0,0,0,0,0,0,0,0,0,0,0,0,0,0,0,0,0,0,0,0,0,0,0,0,0,0,0,0,0,0,0,0,0,0,0,0,0,0,0,0,0,0,0,0,0,0,0,0,0,0,0,0,0,0,0,0,0,0,0,0,0,0,0,0,0,0,0,0,0,0,0,0,0,0,0,0,0,0,0,0,0,0,0,0,0,0,0,0,0,0,0,0,0,0,0,0,0,0,0,0,0,0,0,0,0,0,0,0,0,0,0,0,0,0,0,0,0,0,0,0,0,0,0,0,0,0,0,0,0,0,0,0,0,0,0,0,0,0,0,0,0,0,0,0,0,0,0,0,0,0,0,0,0,0,0,0,0,0,0,0,0,0,0,0,0,0,0,0,0,0,0,0,0,0,0,0,0,0,0,0,0,0,0,0,0,0,0,0,0,0,0,0,0,0,0,0,0,0,0,0,0,0,0,0,0,0,0,0,0,0,0,0,0,0,0,0,0,0,0,0,0,0,0,0,0,0,0,0,0,0,0,0,0,0,0,0,0,0,0,0,0,0,0,0,0,0,0,0,0,0,0,0,0,0,0,0,0,0,0,0,0,0,0,0,0,0,0,0,0,0,0,0,0,0,0,0,0,0,0,0,0,0,0,0,0,0,0,0,0,0,0,0,0,0,0,0,0,0,0,0,0,0,0,0,0,0,0,0,0,0,0,0,0,0,0,0,0,0,0,0,0,0,0,0,0,0,0,0,0,0,0,0,0,0,0,0,0,0,0,0,0,0,0,0,0,0,0,0,0,0,0,0,0,0,0,0,0,0,0,0,0,0,0,0,0,0,0,0,0,0,0,0,0,0,0,0,0,0,0,0,0,0,0,0,0,0,0,0,0,0,0,0,0,0,0,0,0,0,0,0,0,0,0,0,0,0,0,0,0,0,0,0,0,0,0,0,0,0,0,0,0,0,0,0,0,0,0,0,0,0,0,0,0,0,0,0,0,0,0,0,0,0,0,0,0,0,0,0,0
1.32599,0,1.25708,0,1.25473,0,1.25387,0,1.26014,0,1.26041,0,1.26253,0,1.26665,0,1.26697,0,1.26907,0,1.27042,0,1.26884,0,1.27246,0,1.27824,0,1.28123,0,1.28461,0,1.28791,0,1.28893,0,1.29495,0,1.3019,0,1.3036,0,1.3088,0,1.31933,0,1.32061,0,1.32884,0,1.33081,0,1.3329,0,1.33731,0,1.34792,0,1.35097,0,1.43416,0,1.36649,0,1.36555,0,1.36869,0,1.44779,0,1.38262,0,1.38866,0,1.39245,0,1.39197,0,1.39568,0,1.40095,0,1.40256,0,1.41607,0,1.41776,0,1.42763,0,1.49686,0,1.4421,0,1.44437,0,1.44769,0,1.45022,0,1.45074,0,1.45128,0,1.45358,0,1.46934,0,1.46725,0,1.47148,0,1.47164,0,1.47752,0,1.48615,0,1.49155,0,1.49891,0,1.5034,0,1.50682,0,1.52102,0,1.52538,0,1.52477,0,1.53076,0,1.54786,0,1.54711,0,1.56449,0,1.56998,0,1.56832,0,1.56857,0,1.56747,0,1.56719,0,1.57271,0,1.57275,0,1.57192,0,1.56415,0,1.56124,0,1.55955,0,1.55695,0,1.64073,0,1.58346,0,1.58625,0,1.5861,0,1.58583,0,1.59037,0,1.59582,0,1.59701,0,1.63544,0,1.6134,0,1.62778,0,1.62604,0,1.62313,0,1.59681,0,1.59305,0,1.59129,0,1.58841,0,1.58699,0,1.5849,0,1.58322,0,1.58506,0,1.58565,0,1.58902,0,1.59113,0,1.58268,0,1.58742,0,1.59384,0,1.59568,0,1.59716,0,1.59922,0,1.60988,0,1.61224,0,1.72944,0,1.61827,0,1.62686,0,1.63047,0,1.68641,0,1.63759,0,1.64966,0,1.61157,0,1.64098,0,1.63669,0,1.63244,0,1.63269,0,1.62822,0,1.62566,0,1.64366,0,1.64329,0,1.64052,0,1.63407,0,1.64128,0,1.64799,0,1.64528,0,1.65781,0,1.65731,0,1.66527,0,1.66533,0,1.67139,0,1.67304,0,1.68234,0,1.68274,0,1.68145,0,1.68605,0,1.68346,0,1.68549,0,1.68302,0,1.68252,0,1.68049,0,1.6726,0,1.67673,0,1.68228,0,1.68568,0,1.68854,0,1.6874,0,1.68595,0,1.69948,0,1.69472,0,1.69965,0,1.70616,0,1.7116,0,1.71976,0,1.72433,0,1.72327,0,1.72115,0,1.74192,0,1.73906,0,1.72012,0,1.71995,0,1.71636,0,1.71583,0,1.71635,0,1.71446,0,1.71623,0,1.71866,0,1.719,0,1.72538,0,1.72227,0,1.73698,0,1.73994,0,1.73878,0,1.74359,0,1.74309,0,1.74113,0,1.74446,0,1.74588,0,1.74456,0,1.74036,0,1.74078,0,1.74189,0,1.7397,0,1.7398,0,1.73917,0,1.74602,0,1.74473,0,1.74791,0,1.74576,0,1.74264,0,1.7542,0,1.7624,0,1.77027,0,1.76831,0,1.76793,0,1.76374,0,1.76909,0,1.77599,0,1.7753,0,1.77512,0,1.78155,0,1.77991,0,1.77972,0,1.77907,0,1.77822,0,1.77396,0,1.77275,0,1.77257,0,1.77323,0,1.77692,0,1.77579,0,1.77325,0,1.77999,0,1.78067,0,1.78484,0,1.7923,0,1.80632,0,1.80466,0,1.79914,0,1.81133,0,1.81382,0,1.81303,0,1.82046,0,1.81854,0,1.82996,0,1.82887,0,1.83402,0,1.83089,0,1.82798,0,1.83436,0,1.84664,0,1.83829,0,1.83809,0,1.83922,0,1.84073,0,1.84371,0,1.84118,0,1.85977,0,1.86085,0,1.85953,0,1.85764,0,1.85776,0,1.8579,0,1.86089,0,1.85727,0,1.85485,0,1.86968,0,1.87994,0,1.89372,0,1.89093,0,1.89097,0,1.89273,0,1.89554,0,1.89991,0,1.8996,0,1.89074,0,1.88909,0,1.89951,0,1.90046,0,1.90913,0,1.90604,0,1.90589,0,1.91433,0,1.92215,0,1.91631,0,1.92413,0,1.93104,0,1.92717,0,1.92712,0,1.92206,0,1.92063,0,1.91767,0,1.9038,0,1.90234,0,1.89078,0,1.89118,0,1.89323,0,1.89217,0,1.89974,0,1.90737,0,1.9144,0,1.91394,0,1.90059,0,1.90696,0,1.90997,0,1.91339,0,1.91453,0,1.91367,0,1.92352,0,1.91727,0,1.92875,0
0,0,0,0,0,0,0,0,0,0,0,0,0,0,0,0,0,0,0,0,0,0,0,0,0,0,0,0,0,0,0,0,0,0,0,0,0,0,0,0,0,0,0,0,0,0,0,0,0,0,0,0,0,0,0,0,0,0,0,0,0,0,0,0,0,0,0,0,0,0,0,0,0,0,0,0,0,0,0,0,0,0,0,0,0,0,0,0,0,0,0,0,0,0,0,0,0,0,0,0,0,0,0,0,0,0,0,0,0,0,0,0,0,0,0,0,0,0,0,0,0,0,0,0,0,0,0,0,0,0,0,0,0,0,0,0,0,0,0,0,0,0,0,0,0,0,0,0,0,0,0,0,0,0,0,0,0,0,0,0,0,0,0,0,0,0,0,0,0,0,0,0,0,0,0,0,0,0,0,0,0,0,0,0,0,0,0,0,0,0,0,0,0,0,0,0,0,0,0,0,0,0,0,0,0,0,0,0,0,0,0,0,0,0,0,0,0,0,0,0,0,0,0,0,0,0,0,0,0,0,0,0,0,0,0,0,0,0,0,0,0,0,0,0,0,0,0,0,0,0,0,0,0,0,0,0,0,0,0,0,0,0,0,0,0,0,0,0,0,0,0,0,0,0,0,0,0,0,0,0,0,0,0,0,0,0,0,0,0,0,0,0,0,0,0,0,0,0,0,0,0,0,0,0,0,0,0,0,0,0,0,0,0,0,0,0,0,0,0,0,0,0,0,0,0,0,0,0,0,0,0,0,0,0,0,0,0,0,0,0,0,0,0,0,0,0,0,0,0,0,0,0,0,0,0,0,0,0,0,0,0,0,0,0,0,0,0,0,0,0,0,0,0,0,0,0,0,0,0,0,0,0,0,0,0,0,0,0,0,0,0,0,0,0,0,0,0,0,0,0,0,0,0,0,0,0,0,0,0,0,0,0,0,0,0,0,0,0,0,0,0,0,0,0,0,0,0,0,0,0,0,0,0,0,0,0,0,0,0,0,0,0,0,0,0,0,0,0,0,0,0,0,0,0,0,0,0,0,0,0,0,0,0,0,0,0,0,0,0,0,0,0,0,0,0,0,0,0,0,0,0,0,0,0,0,0,0,0,0,0,0,0,0,0,0,0,0,0,0,0,0,0,0,0,0,0,0,0,0,0,0,0,0,0,0,0,0,0,0,0,0,0,0,0,0,0,0,0,0,0,0,0,0,0,0,0,0,0,0,0,0,0,0,0,0,0,0,0,0,0,0,0,0,0,0,0,0,0,0,0,0,0,0,0,0,0,0,0,0,0,0,0,0,0,0,0,0,0,0,0,0,0,0,0,0,0,0,0,0,0,0,0,0,0,0,0,0,0,0,0
1.23435,0,1.24189,0,1.24655,0,1.24847,0,1.36532,0,1.24641,0,1.2479,0,1.25521,0,1.25659,0,1.25853,0,1.26245,0,1.26549,0,1.26846,0,1.27785,0,1.28175,0,1.28488,0,1.28918,0,1.29343,0,1.29579,0,1.30222,0,1.30837,0,1.31077,0,1.31977,0,1.32744,0,1.32677,0,1.32737,0,1.33007,0,1.3334,0,1.33316,0,1.34663,0,1.34895,0,1.35225,0,1.45027,0,1.40575,0,1.44736,0,1.38578,0,1.3847,0,1.38593,0,1.39224,0,1.3938,0,1.39535,0,1.40551,0,1.4044,0,1.41636,0,1.42242,0,1.42245,0,1.43499,0,1.43854,0,1.44379,0,1.44526,0,1.4484,0,1.45064,0,1.46071,0,1.45927,0,1.46664,0,1.46685,0,1.47265,0,1.47571,0,1.48144,0,1.4882,0,1.58167,0,1.50441,0,1.50508,0,1.59936,0,1.61474,0,1.53644,0,1.55063,0,1.56525,0,1.57548,0,1.56441,0,1.56649,0,1.56774,0,1.56749,0,1.56684,0,1.56598,0,1.57031,0,1.57741,0,1.58144,0,1.57713,0,1.57518,0,1.57784,0,1.5754,0,1.57904,0,1.58191,0,1.58211,0,1.58724,0,1.59193,0,1.61333,0,1.60202,0,1.60019,0,1.59157,0,1.59088,0,1.62929,0,1.65843,0,1.6091,0,1.6064,0,1.59877,0,1.59418,0,1.59013,0,1.58461,0,1.58276,0,1.58594,0,1.58443,0,1.58277,0,1.58329,0,1.58323,0,1.5824,0,1.58111,0,1.58835,0,1.58992,0,1.59454,0,1.59476,0,1.5968,0,1.60698,0,1.61616,0,1.61555,0,1.61673,0,1.61984,0,1.62439,0,1.6268,0,1.627,0,1.62793,0,1.62764,0,1.631,0,1.6317,0,1.6311,0,1.62498,0,1.62499,0,1.62443,0,1.6199,0,1.61825,0,1.69597,0,1.64389,0,1.64276,0,1.64674,0,1.65515,0,1.66063,0,1.66026,0,1.66879,0,1.67168,0,1.67169,0,1.67268,0,1.67171,0,1.66955,0,1.67786,0,1.67466,0,1.67412,0,1.67451,0,1.67518,0,1.67389,0,1.6712,0,1.67923,0,1.67828,0,1.68482,0,1.68398,0,1.6913,0,1.68876,0,1.69198,0,1.69514,0,1.69313,0,1.70548,0,1.70941,0,1.70805,0,1.70727,0,1.83436,0,1.72227,0,1.7211,0,1.72803,0,1.72748,0,1.72826,0,1.72442,0,1.72222,0,1.72042,0,1.7192,0,1.7203,0,1.71789,0,1.71681,0,1.72071,0,1.7211,0,1.71895,0,1.72113,0,1.72219,0,1.72716,0,1.73534,0,1.7363,0,1.737,0,1.73807,0,1.7389,0,1.74247,0,1.74206,0,1.73962,0,1.73522,0,1.74127,0,1.73882,0,1.73661,0,1.7371,0,1.74767,0,1.74877,0,1.74766,0,1.74786,0,1.75006,0,1.76211,0,1.76523,0,1.76536,0,1.76422,0,1.76523,0,1.77567,0,1.77577,0,1.77465,0,1.77962,0,1.77705,0,1.77641,0,1.77824,0,1.77695,0,1.77541,0,1.77294,0,1.77227,0,1.77006,0,1.77674,0,1.77563,0,1.77455,0,1.77471,0,1.79654,0,1.80508,0,1.8034,0,1.79976,0,1.80705,0,1.80446,0,1.80979,0,1.813,0,1.81739,0,1.81143,0,1.81936,0,1.82363,0,1.82818,0,1.82571,0,1.82508,0,1.82329,0,1.83187,0,1.8317,0,1.83362,0,1.83772,0,1.83851,0,1.84995,0,1.84925,0,1.85774,0,1.85458,0,1.85478,0,1.86068,0,1.85551,0,1.85927,0,1.85991,0,1.85897,0,1.84885,0,1.84683,0,2.17023,0,2.16703,0,2.16838,0,1.88734,0,1.89202,0,1.88985,0,1.88818,0,1.8929,0,1.89165,0,1.89135,0,1.89106,0,1.88992,0,1.89381,0,1.89903,0,1.90975,0,1.90457,0,1.89483,0,1.90675,0,1.90578,0,1.9089,0,1.92348,0,1.92043,0,1.91065,0,1.91613,0,1.90666,0,1.89128,0,1.89094,0,1.89076,0,1.89019,0,1.88782,0,1.88878,0,1.89594,0,1.893,0,1.89336,0,1.89615,0,1.89948,0,1.90344,0,1.90083,0,1.91074,0,1.91012,0,1.91677,0,1.91664,0,1.92013,0,1.91696,0,1.92077,0
0,0,0,0,0,0,0,0,0,0,0,0,0,0,0,0,0,0,0,0,0,0,0,0,0,0,0,0,0,0,0,0,0,0,0,0,0,0,0,0,0,0,0,0,0,0,0,0,0,0,0,0,0,0,0,0,0,0,0,0,0,0,0,0,0,0,0,0,0,0,0,0,0,0,0,0,0,0,0,0,0,0,0,0,0,0,0,0,0,0,0,0,0,0,0,0,0,0,0,0,0,0,0,0,0,0,0,0,0,0,0,0,0,0,0,0,0,0,0,0,0,0,0,0,0,0,0,0,0,0,0,0,0,0,0,0,0,0,0,0,0,0,0,0,0,0,0,0,0,0,0,0,0,0,0,0,0,0,0,0,0,0,0,0,0,0,0,0,0,0,0,0,0,0,0,0,0,0,0,0,0,0,0,0,0,0,0,0,0,0,0,0,0,0,0,0,0,0,0,0,0,0,0,0,0,0,0,0,0,0,0,0,0,0,0,0,0,0,0,0,0,0,0,0,0,0,0,0,0,0,0,0,0,0,0,0,0,0,0,0,0,0,0,0,0,0,0,0,0,0,0,0,0,0,0,0,0,0,0,0,0,0,0,0,0,0,0,0,0,0,0,0,0,0,0,0,0,0,0,0,0,0,0,0,0,0,0,0,0,0,0,0,0,0,0,0,0,0,0,0,0,0,0,0,0,0,0,0,0,0,0,0,0,0,0,0,0,0,0,0,0,0,0,0,0,0,0,0,0,0,0,0,0,0,0,0,0,0,0,0,0,0,0,0,0,0,0,0,0,0,0,0,0,0,0,0,0,0,0,0,0,0,0,0,0,0,0,0,0,0,0,0,0,0,0,0,0,0,0,0,0,0,0,0,0,0,0,0,0,0,0,0,0,0,0,0,0,0,0,0,0,0,0,0,0,0,0,0,0,0,0,0,0,0,0,0,0,0,0,0,0,0,0,0,0,0,0,0,0,0,0,0,0,0,0,0,0,0,0,0,0,0,0,0,0,0,0,0,0,0,0,0,0,0,0,0,0,0,0,0,0,0,0,0,0,0,0,0,0,0,0,0,0,0,0,0,0,0,0,0,0,0,0,0,0,0,0,0,0,0,0,0,0,0,0,0,0,0,0,0,0,0,0,0,0,0,0,0,0,0,0,0,0,0,0,0,0,0,0,0,0,0,0,0,0,0,0,0,0,0,0,0,0,0,0,0,0,0,0,0,0,0,0,0,0,0,0,0,0,0,0,0,0,0,0,0,0,0,0,0,0,0,0,0,0,0,0,0,0,0,0,0,0,0,0,0,0,0,0,0,0,0,0,0,0,0,0,0,0,0,0,0,0,0,0,0,0,0,0,0
1.23621,0,1.23787,0,1.23721,0,1.23706,0,1.24275,0,1.24438,0,1.25223,0,1.25305,0,1.25502,0,1.26106,0,1.26135,0,1.26646,0,1.27253,0,1.27902,0,1.28256,0,1.28304,0,1.28655,0,1.29266,0,1.29669,0,1.30179,0,1.30158,0,1.31018,0,1.31607,0,1.31703,0,1.32105,0,1.3231,0,1.32526,0,1.33092,0,1.33935,0,1.3413,0,1.34963,0,1.35728,0,1.35644,0,1.4569,0,1.37152,0,1.37335,0,1.37669,0,1.38126,0,1.38767,0,1.39435,0,1.39461,0,1.40262,0,1.41371,0,1.41408,0,1.42532,0,1.42441,0,1.43255,0,1.43486,0,1.44167,0,1.44742,0,1.45744,0,1.45639,0,1.46079,0,1.46332,0,1.46651,0,1.47617,0,1.47646,0,1.48348,0,1.48985,0,1.50121,0,1.49878,0,1.50805,0,1.50933,0,1.519,0,1.52797,0,1.5561,0,1.5621,0,1.56136,0,1.56007,0,1.57806,0,1.57615,0,1.56815,0,1.56575,0,1.56339,0,1.56439,0,1.56475,0,1.57426,0,1.5729,0,1.57255,0,1.57818,0,1.57756,0,1.57677,0,1.57753,0,1.57951,0,1.58726,0,1.60746,0,1.60857,0,1.60622,0,1.60579,0,1.59123,0,1.76546,0,1.76599,0,1.78666,0,1.60661,0,1.60634,0,1.61196,0,1.60806,0,1.6051,0,1.5968,0,1.5857,0,1.5831,0,1.57918,0,1.57958,0,1.58021,0,1.57757,0,1.58036,0,1.58472,0,1.58347,0,1.58202,0,1.58404,0,1.58683,0,1.58581,0,1.59592,0,1.61536,0,1.61352,0,1.61424,0,1.61602,0,1.61328,0,1.62495,0,1.62465,0,1.63353,0,1.6312,0,1.63078,0,1.62945,0,1.62912,0,1.62792,0,1.62523,0,1.62304,0,1.63752,0,1.6352,0,1.63651,0,1.63618,0,1.63841,0,1.64006,0,1.64114,0,1.65094,0,1.65475,0,1.65952,0,1.65821,0,1.66287,0,1.66455,0,1.66233,0,1.66111,0,1.66192,0,1.6628,0,1.66226,0,1.67563,0,1.67152,0,1.67571,0,1.67441,0,1.67496,0,1.68138,0,1.69279,0,1.68983,0,1.68598,0,1.69096,0,1.6931,0,1.69284,0,1.69618,0,1.69889,0,1.70255,0,1.70105,0,1.71106,0,1.71172,0,1.71424,0,1.72371,0,1.72287,0,1.72232,0,1.726,0,1.72697,0,1.72395,0,1.72401,0,1.71743,0,1.71669,0,1.71334,0,1.71328,0,1.71396,0,1.70917,0,1.70777,0,1.70717,0,1.70363,0,1.71258,0,1.7209,0,1.71792,0,1.72873,0,1.72797,0,1.73346,0,1.73489,0,1.73647,0,1.74271,0,1.73262,0,1.73033,0,1.73063,0,1.73323,0,1.73742,0,1.73722,0,1.75051,0,1.74927,0,1.75015,0,1.74867,0,1.75152,0,1.75444,0,1.75502,0,1.76539,0,1.76174,0,1.76804,0,1.76755,0,1.7686,0,1.7748,0,1.77132,0,1.7695,0,1.7747,0,1.77927,0,1.77934,0,1.77967,0,1.77886,0,1.77807,0,1.77634,0,1.78083,0,1.78607,0,1.79326,0,1.79697,0,1.79741,0,1.798,0,1.80365,0,1.80118,0,1.8029,0,1.80301,0,1.80514,0,1.80913,0,1.80818,0,1.81749,0,1.81931,0,1.81545,0,1.81749,0,1.82169,0,1.82694,0,1.82333,0,1.82764,0,1.82668,0,1.83635,0,1.83409,0,1.832,0,1.84271,0,1.84553,0,1.84873,0,1.8485,0,2.19197,0,2.19159,0,2.1883,0,2.18418,0,2.11491,0,1.96403,0,1.85257,0,1.85052,0,2.26016,0,2.28304,0,2.18826,0,0.00388095,0,1.89018,0,1.88691,0,1.89337,0,1.89292,0,1.88281,0,1.89662,0,1.8908,0,1.89055,0,1.88993,0,1.89219,0,1.89039,0,1.89093,0,1.89297,0,1.88826,0,1.8892,0,1.88377,0,1.88815,0,1.9047,0,1.9064,0,1.89,0,1.8952,0,1.89328,0,1.8897,0,1.88903,0,1.88915,0,1.88549,0,1.88285,0,1.88782,0,1.89367,0,1.89337,0,1.8967,0,1.89285,0,1.89907,0,1.90522,0,1.90462,0,1.90036,0,1.91702,0,1.91324,0,1.92326,0,1.90837,0,1.91411,0
0,0,0,0,0,0,0,0,0,0,0,0,0,0,0,0,0,0,0,0,0,0,0,0,0,0,0,0,0,0,0,0,0,0,0,0,0,0,0,0,0,0,0,0,0,0,0,0,0,0,0,0,0,0,0,0,0,0,0,0,0,0,0,0,0,0,0,0,0,0,0,0,0,0,0,0,0,0,0,0,0,0,0,0,0,0,0,0,0,0,0,0,0,0,0,0,0,0,0,0,0,0,0,0,0,0,0,0,0,0,0,0,0,0,0,0,0,0,0,0,0,0,0,0,0,0,0,0,0,0,0,0,0,0,0,0,0,0,0,0,0,0,0,0,0,0,0,0,0,0,0,0,0,0,0,0,0,0,0,0,0,0,0,0,0,0,0,0,0,0,0,0,0,0,0,0,0,0,0,0,0,0,0,0,0,0,0,0,0,0,0,0,0,0,0,0,0,0,0,0,0,0,0,0,0,0,0,0,0,0,0,0,0,0,0,0,0,0,0,0,0,0,0,0,0,0,0,0,0,0,0,0,0,0,0,0,0,0,0,0,0,0,0,0,0,0,0,0,0,0,0,0,0,0,0,0,0,0,0,0,0,0,0,0,0,0,0,0,0,0,0,0,0,0,0,0,0,0,0,0,0,0,0,0,0,0,0,0,0,0,0,0,0,0,0,0,0,0,0,0,0,0,0,0,0,0,0,0,0,0,0,0,0,0,0,0,0,0,0,0,0,0,0,0,0,0,0,0,0,0,0,0,0,0,0,0,0,0,0,0,0,0,0,0,0,0,0,0,0,0,0,0,0,0,0,0,0,0,0,0,0,0,0,0,0,0,0,0,0,0,0,0,0,0,0,0,0,0,0,0,0,0,0,0,0,0,0,0,0,0,0,0,0,0,0,0,0,0,0,0,0,0,0,0,0,0,0,0,0,0,0,0,0,0,0,0,0,0,0,0,0,0,0,0,0,0,0,0,0,0,0,0,0,0,0,0,0,0,0,0,0,0,0,0,0,0,0,0,0,0,0,0,0,0,0,0,0,0,0,0,0,0,0,0,0,0,0,0,0,0,0,0,0,0,0,0,0,0,0,0,0,0,0,0,0,0,0,0,0,0,0,0,0,0,0,0,0,0,0,0,0,0,0,0,0,0,0,0,0,0,0,0,0,0,0,0,0,0,0,0,0,0,0,0,0,0,0,0,0,0,0,0,0,0,0,0,0,0,0,0,0,0,0,0,0,0,0,0,0,0,0,0,0,0,0,0,0,0,0,0,0,0,0,0,0,0,0,0,0,0,0,0,0,0,0,0,0,0,0,0,0,0,0,0,0,0,0,0,0,0,0,0,0,0,0,0,0,0,0,0
1.23334,0,1.237,0,1.23728,0,1.24009,0,1.24859,0,1.24832,0,1.25296,0,1.25418,0,1.26037,0,1.26142,0,1.26391,0,1.26588,0,1.27101,0,1.27124,0,1.27308,0,1.27835,0,1.28153,0,1.29116,0,1.29673,0,1.30195,0,1.30392,0,1.31211,0,1.31489,0,1.3159,0,1.31948,0,1.32434,0,1.32467,0,1.33044,0,1.33059,0,1.33786,0,1.35013,0,1.35021,0,1.35584,0,1.36424,0,1.36736,0,1.37591,0,1.37801,0,1.38773,0,1.39183,0,1.39302,0,1.3968,0,1.40769,0,1.40694,0,1.41445,0,1.41775,0,1.41888,0,1.43124,0,1.43358,0,1.43346,0,1.44603,0,1.44859,0,1.44787,0,1.45941,0,1.4644,0,1.46908,0,1.48092,0,1.47966,0,1.48497,0,1.49145,0,1.49565,0,1.50322,0,1.50301,0,1.57731,0,1.5221,0,1.52848,0,1.5518,0,1.55723,0,1.56542,0,1.56457,0,1.56365,0,1.5701,0,1.56765,0,1.55998,0,1.55877,0,1.55758,0,1.55527,0,1.55395,0,1.55424,0,1.56407,0,1.57172,0,1.56939,0,1.56798,0,1.57218,0,1.64025,0,1.60347,0,1.60993,0,1.60765,0,1.69343,0,1.58805,0,1.57765,0,1.57319,0,1.57061,0,1.57527,0,1.59011,0,1.58998,0,1.59727,0,1.59667,0,1.59415,0,1.59141,0,1.59104,0,1.5845,0,1.58185,0,1.57975,0,1.57789,0,1.58075,0,1.58492,0,1.58897,0,1.58819,0,1.58828,0,1.58888,0,1.58729,0,1.59552,0,1.59345,0,1.60946,0,1.60533,0,1.61793,0,1.61804,0,1.62169,0,1.62067,0,1.63068,0,1.63505,0,1.63239,0,1.62931,0,1.62839,0,1.62554,0,1.62448,0,1.62594,0,1.62437,0,1.61828,0,1.62311,0,1.62476,0,1.62768,0,1.63277,0,1.63453,0,1.63778,0,1.6425,0,1.64734,0,1.64573,0,1.65509,0,1.65905,0,1.65805,0,1.65714,0,1.65795,0,1.65805,0,1.65854,0,1.65977,0,1.66809,0,1.66662,0,1.67033,0,1.67253,0,1.68323,0,1.68432,0,1.69125,0,1.69075,0,1.69185,0,1.696,0,1.69601,0,1.69558,0,1.69056,0,1.69766,0,1.69726,0,1.70411,0,1.71047,0,1.70927,0,1.70886,0,1.71878,0,1.72357,0,1.72313,0,1.72144,0,1.72328,0,1.72119,0,1.71501,0,1.71265,0,1.70967,0,1.70558,0,1.69934,0,1.69881,0,1.6983,0,1.69707,0,1.70086,0,1.70376,0,1.70437,0,1.71088,0,1.7103,0,1.71449,0,1.71332,0,1.71171,0,1.72069,0,1.72001,0,1.72517,0,1.71497,0,1.72536,0,1.73654,0,1.73452,0,1.73111,0,1.73088,0,1.75087,0,1.74748,0,1.74721,0,1.74884,0,1.75153,0,1.75644,0,1.75608,0,1.76468,0,1.76184,0,1.76682,0,1.77054,0,1.77082,0,1.77628,0,1.77327,0,1.77212,0,1.77588,0,1.7806,0,1.78169,0,1.7794,0,1.77916,0,1.78213,0,1.78374,0,1.78623,0,1.79139,0,1.796,0,1.79291,0,1.79275,0,1.78565,0,1.79456,0,1.79665,0,1.79461,0,1.79167,0,1.94333,0,1.80985,0,1.8056,0,1.80588,0,1.81251,0,1.81267,0,1.81742,0,1.81969,0,1.81545,0,1.81576,0,1.82703,0,1.82498,0,1.833,0,1.83174,0,1.8374,0,1.83538,0,2.12099,0,2.11725,0,2.11668,0,2.18355,0,2.18803,0,1.77823,0,1.77376,0,2.25733,0,2.17944,0,2.19241,0,2.18505,0,2.18592,0,2.18169,0,2.19396,0,2.18299,0,1.87596,0,1.87413,0,1.8765,0,1.88569,0,1.87555,0,1.87768,0,1.87651,0,1.88324,0,1.88603,0,1.88037,0,1.87609,0,1.89193,0,1.89493,0,1.89188,0,1.89239,0,1.88591,0,1.87694,0,1.88236,0,1.88834,0,1.88678,0,1.89015,0,1.89161,0,1.88783,0,1.88735,0,1.88727,0,1.88767,0,1.88122,0,1.87921,0,1.89237,0,1.89643,0,1.89485,0,1.8917,0,1.89011,0,1.8935,0,1.89716,0,1.89744,0,1.89478,0,1.89579,0,1.90492,0,1.907,0,1.90672,0
0,0,0,0,0,0,0,0,0,0,0,0,0,0,0,0,0,0,0,0,0,0,0,0,0,0,0,0,0,0,0,0,0,0,0,0,0,0,0,0,0,0,0,0,0,0,0,0,0,0,0,0,0,0,0,0,0,0,0,0,0,0,0,0,0,0,0,0,0,0,0,0,0,0,0,0,0,0,0,0,0,0,0,0,0,0,0,0,0,0,0,0,0,0,0,0,0,0,0,0,0,0,0,0,0,0,0,0,0,0,0,0,0,0,0,0,0,0,0,0,0,0,0,0,0,0,0,0,0,0,0,0,0,0,0,0,0,0,0,0,0,0,0,0,0,0,0,0,0,0,0,0,0,0,0,0,0,0,0,0,0,0,0,0,0,0,0,0,0,0,0,0,0,0,0,0,0,0,0,0,0,0,0,0,0,0,0,0,0,0,0,0,0,0,0,0,0,0,0,0,0,0,0,0,0,0,0,0,0,0,0,0,0,0,0,0,0,0,0,0,0,0,0,0,0,0,0,0,0,0,0,0,0,0,0,0,0,0,0,0,0,0,0,0,0,0,0,0,0,0,0,0,0,0,0,0,0,0,0,0,0,0,0,0,0,0,0,0,0,0,0,0,0,0,0,0,0,0,0,0,0,0,0,0,0,0,0,0,0,0,0,0,0,0,0,0,0,0,0,0,0,0,0,0,0,0,0,0,0,0,0,0,0,0,0,0,0,0,0,0,0,0,0,0,0,0,0,0,0,0,0,0,0,0,0,0,0,0,0,0,0,0,0,0,0,0,0,0,0,0,0,0,0,0,0,0,0,0,0,0,0,0,0,0,0,0,0,0,0,0,0,0,0,0,0,0,0,0,0,0,0,0,0,0,0,0,0,0,0,0,0,0,0,0,0,0,0,0,0,0,0,0,0,0,0,0,0,0,0,0,0,0,0,0,0,0,0,0,0,0,0,0,0,0,0,0,0,0,0,0,0,0,0,0,0,0,0,0,0,0,0,0,0,0,0,0,0,0,0,0,0,0,0,0,0,0,0,0,0,0,0,0,0,0,0,0,0,0,0,0,0,0,0,0,0,0,0,0,0,0,0,0,0,0,0,0,0,0,0,0,0,0,0,0,0,0,0,0,0,0,0,0,0,0,0,0,0,0,0,0,0,0,0,0,0,0,0,0,0,0,0,0,0,0,0,0,0,0,0,0,0,0,0,0,0,0,0,0,0,0,0,0,0,0,0,0,0,0,0,0,0,0,0,0,0,0,0,0,0,0,0,0,0,0,0,0,0,0,0,0,0,0,0,0,0,0,0,0,0,0,0,0,0,0,0,0,0,0,0,0,0,0,0,0,0,0,0,0,0,0
1.23547,0,1.23778,0,1.24188,0,1.24486,0,1.24532,0,1.24747,0,1.25085,0,1.25573,0,1.25732,0,1.25769,0,1.26094,0,1.26356,0,1.26521,0,1.27107,0,1.27193,0,1.28273,0,1.28595,0,1.29345,0,1.29992,0,1.30005,0,1.30512,0,1.30379,0,1.30756,0,1.31728,0,1.31765,0,1.31967,0,1.32451,0,1.33469,0,1.33355,0,1.38957,0,1.34871,0,1.35692,0,1.36304,0,1.36265,0,1.37005,0,1.37858,0,1.3835,0,1.38316,0,1.39595,0,1.39482,0,1.40218,0,1.40546,0,1.41349,0,1.41386,0,1.42262,0,1.42621,0,1.42595,0,1.43381,0,1.60929,0,1.61012,0,1.45541,0,1.45666,0,1.46568,0,1.46768,0,1.4803,0,1.47904,0,1.48582,0,1.49536,0,1.49865,0,1.50151,0,1.50648,0,1.51588,0,1.51422,0,1.52262,0,1.52744,0,1.53795,0,1.5522,0,1.55553,0,1.55424,0,1.55323,0,1.55651,0,1.56276,0,1.56192,0,1.56791,0,1.56623,0,1.56394,0,1.56212,0,1.56199,0,1.5674,0,1.56643,0,1.56934,0,1.57185,0,1.59313,0,1.59772,0,1.59899,0,1.59891,0,0.00461716,0,1.56407,0,1.56397,0,1.56393,0,1.56182,0,1.57501,0,1.57257,0,1.57536,0,1.58101,0,1.5812,0,1.5934,0,1.59428,0,1.5931,0,1.5902,0,1.5864,0,1.58324,0,1.58762,0,1.58691,0,1.5829,0,1.58817,0,1.59766,0,1.59456,0,1.59247,0,1.59353,0,1.59604,0,1.59634,0,1.60398,0,1.6086,0,1.61481,0,1.619,0,1.61895,0,1.61902,0,1.619,0,1.61729,0,1.61943,0,1.62209,0,1.62323,0,1.6236,0,1.62266,0,1.6158,0,1.61088,0,1.61018,0,1.61561,0,1.61654,0,1.62557,0,1.62956,0,1.6317,0,1.63584,0,1.63504,0,1.64384,0,1.64365,0,1.64352,0,1.65126,0,1.66,0,1.66038,0,1.6608,0,1.66297,0,1.6605,0,1.65989,0,1.66171,0,1.66851,0,1.67751,0,1.67622,0,1.67989,0,1.68194,0,1.68162,0,1.68118,0,1.67989,0,1.68105,0,1.68403,0,1.68206,0,1.67844,0,1.67547,0,1.67118,0,1.67984,0,1.69645,0,1.69533,0,1.70451,0,1.70575,0,1.70676,0,1.71527,0,1.7116,0,1.72016,0,1.71675,0,1.71398,0,1.71116,0,1.70784,0,1.70399,0,1.70051,0,1.69893,0,1.69816,0,1.69182,0,1.69499,0,1.69308,0,1.69365,0,1.69371,0,1.7044,0,1.70329,0,1.71411,0,1.71386,0,1.7121,0,1.70728,0,1.7083,0,1.70975,0,1.71058,0,1.73927,0,1.73569,0,1.73602,0,1.73574,0,1.7322,0,1.74141,0,1.73935,0,1.73861,0,1.74413,0,1.75711,0,1.75527,0,1.75732,0,1.75922,0,1.75913,0,1.76462,0,1.76677,0,1.76952,0,1.76778,0,1.77226,0,1.77422,0,1.77816,0,1.78353,0,1.78192,0,1.7865,0,1.78934,0,1.78807,0,1.78438,0,1.78794,0,1.78592,0,1.78219,0,1.7933,0,1.79238,0,1.79091,0,1.79171,0,1.7924,0,1.79064,0,1.7975,0,1.79898,0,1.79741,0,1.80416,0,1.80485,0,1.80573,0,1.80518,0,1.80954,0,1.81406,0,1.81127,0,1.81644,0,1.81364,0,1.81603,0,1.82647,0,1.82387,0,1.83074,0,1.82987,0,2.27685,0,2.27612,0,2.34256,0,2.30701,0,1.78471,0,1.78091,0,1.7777,0,1.77544,0,2.17984,0,2.17841,0,2.18821,0,2.18941,0,2.1858,0,2.18507,0,2.18448,0,1.85558,0,1.85628,0,1.85543,0,1.86423,0,1.86788,0,1.8701,0,1.86678,0,1.86983,0,1.86906,0,1.86786,0,1.86423,0,1.86472,0,1.86149,0,1.86213,0,1.86485,0,1.86931,0,1.86752,0,1.87832,0,1.87987,0,1.88682,0,1.88388,0,1.87719,0,1.87975,0,1.88224,0,1.88512,0,1.8851,0,1.88392,0,1.88003,0,1.88841,0,1.88994,0,1.88578,0,1.88194,0,1.88663,0,1.88896,0,1.88917,0,1.88685,0,1.89305,0,1.89494,0,1.89647,0,1.90268,0,1.90628,0
0,0,0,0,0,0,0,0,0,0,0,0,0,0,0,0,0,0,0,0,0,0,0,0,0,0,0,0,0,0,0,0,0,0,0,0,0,0,0,0,0,0,0,0,0,0,0,0,0,0,0,0,0,0,0,0,0,0,0,0,0,0,0,0,0,0,0,0,0,0,0,0,0,0,0,0,0,0,0,0,0,0,0,0,0,0,0,0,0,0,0,0,0,0,0,0,0,0,0,0,0,0,0,0,0,0,0,0,0,0,0,0,0,0,0,0,0,0,0,0,0,0,0,0,0,0,0,0,0,0,0,0,0,0,0,0,0,0,0,0,0,0,0,0,0,0,0,0,0,0,0,0,0,0,0,0,0,0,0,0,0,0,0,0,0,0,0,0,0,0,0,0,0,0,0,0,0,0,0,0,0,0,0,0,0,0,0,0,0,0,0,0,0,0,0,0,0,0,0,0,0,0,0,0,0,0,0,0,0,0,0,0,0,0,0,0,0,0,0,0,0,0,0,0,0,0,0,0,0,0,0,0,0,0,0,0,0,0,0,0,0,0,0,0,0,0,0,0,0,0,0,0,0,0,0,0,0,0,0,0,0,0,0,0,0,0,0,0,0,0,0,0,0,0,0,0,0,0,0,0,0,0,0,0,0,0,0,0,0,0,0,0,0,0,0,0,0,0,0,0,0,0,0,0,0,0,0,0,0,0,0,0,0,0,0,0,0,0,0,0,0,0,0,0,0,0,0,0,0,0,0,0,0,0,0,0,0,0,0,0,0,0,0,0,0,0,0,0,0,0,0,0,0,0,0,0,0,0,0,0,0,0,0,0,0,0,0,0,0,0,0,0,0,0,0,0,0,0,0,0,0,0,0,0,0,0,0,0,0,0,0,0,0,0,0,0,0,0,0,0,0,0,0,0,0,0,0,0,0,0,0,0,0,0,0,0,0,0,0,0,0,0,0,0,0,0,0,0,0,0,0,0,0,0,0,0,0,0,0,0,0,0,0,0,0,0,0,0,0,0,0,0,0,0,0,0,0,0,0,0,0,0,0,0,0,0,0,0,0,0,0,0,0,0,0,0,0,0,0,0,0,0,0,0,0,0,0,0,0,0,0,0,0,0,0,0,0,0,0,0,0,0,0,0,0,0,0,0,0,0,0,0,0,0,0,0,0,0,0,0,0,0,0,0,0,0,0,0,0,0,0,0,0,0,0,0,0,0,0,0,0,0,0,0,0,0,0,0,0,0,0,0,0,0,0,0,0,0,0,0,0,0,0,0,0,0,0,0,0,0,0,0,0,0,0,0,0,0,0,0,0,0,0,0,0,0,0,0,0,0,0,0,0,0,0,0,0,0,0,0
1.23572,0,1.23848,0,1.23943,0,1.23885,0,1.24382,0,1.24606,0,1.2499,0,1.25241,0,1.25595,0,1.26239,0,1.26342,0,1.2643,0,1.27048,0,1.27404,0,1.27993,0,1.28725,0,1.29083,0,1.29306,0,1.29857,0,1.30019,0,1.30329,0,1.30873,0,1.3122,0,1.31313,0,1.32068,0,1.32103,0,1.34085,0,1.33978,0,1.33962,0,1.34348,0,1.34521,0,1.35873,0,1.36357,0,1.36803,0,1.37441,0,1.38079,0,1.38111,0,1.38558,0,1.47902,0,1.39695,0,1.40141,0,1.41042,0,1.41605,0,1.41719,0,1.42468,0,1.42966,0,1.43296,0,1.44167,0,1.45311,0,1.45224,0,1.4644,0,1.46458,0,1.46501,0,1.47383,0,1.47497,0,1.48086,0,1.48682,0,1.49072,0,1.49731,0,1.51092,0,1.50953,0,1.51126,0,1.52243,0,1.52252,0,1.53118,0,1.53683,0,1.53742,0,1.53694,0,1.54756,0,1.54685,0,1.63981,0,1.55257,0,1.56003,0,1.56055,0,1.5587,0,1.56335,0,1.56287,0,1.56149,0,1.56042,0,0.00432958,0,1.58695,0,1.59019,0,1.59062,0,1.5955,0,1.59312,0,1.5887,0,1.57037,0,1.56871,0,1.56519,0,1.56343,0,1.56816,0,1.56687,0,1.56485,0,1.57791,0,1.57724,0,1.57675,0,1.57766,0,1.57944,0,1.58146,0,1.58027,0,1.58893,0,1.58902,0,1.58852,0,1.59241,0,1.5915,0,1.59475,0,1.59539,0,1.59249,0,1.5976,0,1.60214,0,1.60349,0,1.60285,0,1.60535,0,1.61684,0,1.61581,0,1.61629,0,1.61301,0,1.61236,0,1.6137,0,1.61456,0,1.6176,0,1.62661,0,1.62467,0,1.62472,0,1.61866,0,1.61395,0,1.61184,0,1.61149,0,1.61297,0,1.61987,0,1.61851,0,1.62938,0,1.62948,0,1.63614,0,1.64111,0,1.64518,0,1.64353,0,1.64428,0,1.64942,0,1.66347,0,1.66838,0,1.66414,0,1.66335,0,1.66434,0,1.66818,0,1.66778,0,1.67722,0,1.675,0,1.68105,0,1.67869,0,1.67449,0,1.67814,0,1.67624,0,1.68146,0,1.68034,0,1.68259,0,1.6833,0,1.6808,0,1.67769,0,1.68541,0,1.68203,0,1.68258,0,1.69553,0,1.69404,0,1.70321,0,1.70218,0,1.69932,0,1.70569,0,1.70449,0,1.70591,0,1.69821,0,1.69829,0,1.6968,0,1.6893,0,1.68645,0,1.68526,0,1.68364,0,1.6852,0,1.68281,0,1.68277,0,1.68484,0,1.6862,0,1.6927,0,1.68814,0,1.71794,0,1.7047,0,1.70547,0,1.70984,0,1.70894,0,1.71282,0,1.71096,0,1.73336,0,1.73849,0,1.7385,0,1.7383,0,1.74316,0,1.74377,0,1.73742,0,1.73831,0,1.74868,0,1.7488,0,1.75084,0,1.75782,0,1.75672,0,1.7677,0,1.76631,0,1.77151,0,1.77863,0,1.78078,0,1.7793,0,1.78038,0,1.7856,0,1.78433,0,1.78947,0,1.7871,0,1.78773,0,1.78613,0,1.78591,0,1.78928,0,1.7859,0,1.78562,0,1.79157,0,1.79381,0,1.7927,0,1.79285,0,1.79168,0,1.79401,0,1.79156,0,1.79022,0,1.79281,0,1.79615,0,1.79954,0,1.7969,0,1.80652,0,1.80514,0,1.80826,0,1.80986,0,1.81121,0,1.81494,0,1.81466,0,1.81348,0,1.8138,0,1.80818,0,1.80451,0,1.8024,0,2.12677,0,2.12583,0,1.80533,0,2.18285,0,2.18522,0,2.18397,0,2.18263,0,2.18212,0,2.18556,0,1.82604,0,1.82381,0,1.83085,0,1.83569,0,1.83823,0,1.84815,0,1.84505,0,1.84996,0,1.84985,0,1.84936,0,1.84883,0,1.84932,0,1.85544,0,1.86131,0,1.86163,0,1.85677,0,1.85693,0,1.86428,0,1.86504,0,1.86359,0,1.86313,0,1.85899,0,1.86659,0,1.86718,0,1.87459,0,1.87781,0,1.87399,0,1.88289,0,1.8928,0,1.89164,0,1.8886,0,1.89012,0,1.88697,0,1.88746,0,1.88472,0,1.88003,0,1.88099,0,1.88765,0,1.88644,0,1.88937,0,1.89001,0,1.89574,0,1.88968,0,1.88746,0,1.89567,0,1.89229,0
0,0,0,0,0,0,0,0,0,0,0,0,0,0,0,0,0,0,0,0,0,0,0,0,0,0,0,0,0,0,0,0,0,0,0,0,0,0,0,0,0,0,0,0,0,0,0,0,0,0,0,0,0,0,0,0,0,0,0,0,0,0,0,0,0,0,0,0,0,0,0,0,0,0,0,0,0,0,0,0,0,0,0,0,0,0,0,0,0,0,0,0,0,0,0,0,0,0,0,0,0,0,0,0,0,0,0,0,0,0,0,0,0,0,0,0,0,0,0,0,0,0,0,0,0,0,0,0,0,0,0,0,0,0,0,0,0,0,0,0,0,0,0,0,0,0,0,0,0,0,0,0,0,0,0,0,0,0,0,0,0,0,0,0,0,0,0,0,0,0,0,0,0,0,0,0,0,0,0,0,0,0,0,0,0,0,0,0,0,0,0,0,0,0,0,0,0,0,0,0,0,0,0,0,0,0,0,0,0,0,0,0,0,0,0,0,0,0,0,0,0,0,0,0,0,0,0,0,0,0,0,0,0,0,0,0,0,0,0,0,0,0,0,0,0,0,0,0,0,0,0,0,0,0,0,0,0,0,0,0,0,0,0,0,0,0,0,0,0,0,0,0,0,0,0,0,0,0,0,0,0,0,0,0,0,0,0,0,0,0,0,0,0,0,0,0,0,0,0,0,0,0,0,0,0,0,0,0,0,0,0,0,0,0,0,0,0,0,0,0,0,0,0,0,0,0,0,0,0,0,0,0,0,0,0,0,0,0,0,0,0,0,0,0,0,0,0,0,0,0,0,0,0,0,0,0,0,0,0,0,0,0,0,0,0,0,0,0,0,0,0,0,0,0,0,0,0,0,0,0,0,0,0,0,0,0,0,0,0,0,0,0,0,0,0,0,0,0,0,0,0,0,0,0,0,0,0,0,0,0,0,0,0,0,0,0,0,0,0,0,0,0,0,0,0,0,0,0,0,0,0,0,0,0,0,0,0,0,0,0,0,0,0,0,0,0,0,0,0,0,0,0,0,0,0,0,0,0,0,0,0,0,0,0,0,0,0,0,0,0,0,0,0,0,0,0,0,0,0,0,0,0,0,0,0,0,0,0,0,0,0,0,0,0,0,0,0,0,0,0,0,0,0,0,0,0,0,0,0,0,0,0,0,0,0,0,0,0,0,0,0,0,0,0,0,0,0,0,0,0,0,0,0,0,0,0,0,0,0,0,0,0,0,0,0,0,0,0,0,0,0,0,0,0,0,0,0,0,0,0,0,0,0,0,0,0,0,0,0,0,0,0,0,0,0,0,0,0,0,0,0,0,0,0,0,0,0,0,0,0,0,0,0,0,0,0,0,0,0,0
1.24036,0,1.24053,0,1.24084,0,1.2457,0,1.24648,0,1.24997,0,1.25625,0,1.25642,0,1.26009,0,1.26,0,1.26021,0,1.26676,0,1.27179,0,1.27432,0,1.27937,0,1.28757,0,1.2942,0,1.29776,0,1.29873,0,1.29945,0,1.30469,0,1.31968,0,1.31858,0,1.32058,0,1.3244,0,1.32391,0,1.33468,0,1.335,0,1.3391,0,1.33998,0,1.35479,0,1.35588,0,1.35975,0,1.36723,0,1.37427,0,1.37832,0,1.39058,0,1.39098,0,1.40242,0,1.40644,0,1.41013,0,1.41315,0,1.41731,0,1.42462,0,1.4253,0,1.42723,0,1.43589,0,1.44386,0,1.44553,0,1.44927,0,1.45545,0,1.4586,0,1.46988,0,1.47074,0,1.47393,0,1.47495,0,1.49108,0,1.49172,0,1.50386,0,1.50255,0,1.51186,0,1.51267,0,1.51548,0,1.5202,0,1.52579,0,1.53657,0,1.53462,0,1.53149,0,1.52993,0,1.535,0,1.54593,0,1.55803,0,1.55505,0,1.5847,0,1.64536,0,1.53309,0,1.53314,0,1.64954,0,1.55775,0,1.556,0,1.56422,0,1.72897,0,1.5828,0,1.67691,0,1.56561,0,1.56253,0,1.56195,0,1.56497,0,1.5647,0,1.56352,0,1.56593,0,1.56546,0,1.56459,0,1.57286,0,1.57531,0,1.57517,0,1.57271,0,1.57522,0,1.57679,0,1.57609,0,1.58187,0,1.57934,0,1.58186,0,1.58249,0,1.59336,0,1.59357,0,1.59298,0,1.59513,0,1.59602,0,1.59543,0,1.60318,0,1.60183,0,1.59978,0,1.59998,0,1.61074,0,1.61478,0,1.61511,0,1.6141,0,1.61572,0,1.61642,0,1.62117,0,1.62701,0,1.62501,0,1.62353,0,1.62017,0,1.61681,0,1.61541,0,1.61191,0,1.61267,0,1.61906,0,1.62104,0,1.62652,0,1.62551,0,1.64259,0,1.64176,0,1.64245,0,1.64504,0,1.64549,0,1.64867,0,1.64776,0,1.6458,0,1.66119,0,1.66022,0,1.66401,0,1.66363,0,1.66866,0,1.67159,0,1.66837,0,1.66523,0,1.67165,0,1.67071,0,1.67458,0,1.6848,0,1.68516,0,1.68676,0,1.68656,0,1.68381,0,1.68251,0,1.68239,0,1.68246,0,1.68075,0,1.6896,0,1.68998,0,1.69955,0,1.69743,0,1.70209,0,1.69791,0,1.70137,0,1.67758,0,1.67521,0,1.68506,0,1.68634,0,1.69089,0,1.68942,0,1.68567,0,1.68547,0,1.68265,0,1.68214,0,1.68075,0,1.68226,0,1.6817,0,1.68554,0,1.68425,0,1.68866,0,1.69781,0,1.70249,0,1.70252,0,1.70111,0,1.70284,0,1.70914,0,1.82009,0,1.72727,0,1.7336,0,1.73246,0,1.74107,0,1.74856,0,1.74706,0,1.74289,0,1.75593,0,1.75445,0,1.75725,0,1.75367,0,1.7496,0,1.7598,0,1.76796,0,1.77001,0,1.77921,0,1.77613,0,1.78258,0,1.78072,0,1.78389,0,1.7845,0,1.78505,0,1.78583,0,1.78577,0,1.78666,0,1.78073,0,1.78614,0,1.78604,0,1.78877,0,1.78747,0,1.78956,0,1.78522,0,1.7891,0,1.78707,0,1.78669,0,1.78725,0,1.78165,0,1.78829,0,1.79089,0,1.78837,0,1.79563,0,1.79332,0,1.7993,0,1.80434,0,1.8024,0,1.78602,0,1.79285,0,1.79344,0,1.79458,0,1.79683,0,1.79828,0,1.79867,0,1.80003,0,1.79843,0,1.78868,0,1.79301,0,1.8059,0,1.80705,0,1.8094,0,1.80802,0,1.80427,0,1.81394,0,1.81027,0,1.81007,0,1.82043,0,1.82411,0,1.83141,0,1.83109,0,1.8385,0,1.84178,0,1.83936,0,1.83683,0,1.84965,0,1.85226,0,1.85104,0,1.8485,0,1.84893,0,1.8532,0,1.84956,0,1.84591,0,1.85926,0,1.86044,0,1.86115,0,1.85855,0,1.85715,0,1.87041,0,1.86932,0,1.86886,0,1.87915,0,1.88605,0,1.88148,0,1.8909,0,1.88779,0,1.88524,0,1.88318,0,1.88122,0,1.88576,0,1.885,0,1.8806,0,1.88664,0,1.88772,0,1.8909,0,1.89004,0,1.88953,0,1.88528,0,1.88633,0,1.88949,0,1.89009,0,1.89242,0
0,0,0,0,0,0,0,0,0,0,0,0,0,0,0,0,0,0,0,0,0,0,0,0,0,0,0,0,0,0,0,0,0,0,0,0,0,0,0,0,0,0,0,0,0,0,0,0,0,0,0,0,0,0,0,0,0,0,0,0,0,0,0,0,0,0,0,0,0,0,0,0,0,0,0,0,0,0,0,0,0,0,0,0,0,0,0,0,0,0,0,0,0,0,0,0,0,0,0,0,0,0,0,0,0,0,0,0,0,0,0,0,0,0,0,0,0,0,0,0,0,0,0,0,0,0,0,0,0,0,0,0,0,0,0,0,0,0,0,0,0,0,0,0,0,0,0,0,0,0,0,0,0,0,0,0,0,0,0,0,0,0,0,0,0,0,0,0,0,0,0,0,0,0,0,0,0,0,0,0,0,0,0,0,0,0,0,0,0,0,0,0,0,0,0,0,0,0,0,0,0,0,0,0,0,0,0,0,0,0,0,0,0,0,0,0,0,0,0,0,0,0,0,0,0,0,0,0,0,0,0,0,0,0,0,0,0,0,0,0,0,0,0,0,0,0,0,0,0,0,0,0,0,0,0,0,0,0,0,0,0,0,0,0,0,0,0,0,0,0,0,0,0,0,0,0,0,0,0,0,0,0,0,0,0,0,0,0,0,0,0,0,0,0,0,0,0,0,0,0,0,0,0,0,0,0,0,0,0,0,0,0,0,0,0,0,0,0,0,0,0,0,0,0,0,0,0,0,0,0,0,0,0,0,0,0,0,0,0,0,0,0,0,0,0,0,0,0,0,0,0,0,0,0,0,0,0,0,0,0,0,0,0,0,0,0,0,0,0,0,0,0,0,0,0,0,0,0,0,0,0,0,0,0,0,0,0,0,0,0,0,0,0,0,0,0,0,0,0,0,0,0,0,0,0,0,0,0,0,0,0,0,0,0,0,0,0,0,0,0,0,0,0,0,0,0,0,0,0,0,0,0,0,0,0,0,0,0,0,0,0,0,0,0,0,0,0,0,0,0,0,0,0,0,0,0,0,0,0,0,0,0,0,0,0,0,0,0,0,0,0,0,0,0,0,0,0,0,0,0,0,0,0,0,0,0,0,0,0,0,0,0,0,0,0,0,0,0,0,0,0,0,0,0,0,0,0,0,0,0,0,0,0,0,0,0,0,0,0,0,0,0,0,0,0,0,0,0,0,0,0,0,0,0,0,0,0,0,0,0,0,0,0,0,0,0,0,0,0,0,0,0,0,0,0,0,0,0,0,0,0,0,0,0,0,0,0,0,0,0,0,0,0,0,0,0,0,0,0,0,0,0,0,0,0,0,0,0,0,0,0,0,0,0,0,0,0,0,0,0
1.2423,0,1.24337,0,1.24351,0,1.24474,0,1.24716,0,1.24746,0,1.25188,0,1.26071,0,1.2609,0,1.26212,0,1.26491,0,1.27109,0,1.27336,0,1.28273,0,1.28853,0,1.28868,0,1.30108,0,1.2999,0,1.30055,0,1.30485,0,1.31479,0,1.3162,0,1.3238,0,1.32082,0,1.32404,0,1.33102,0,1.33767,0,1.33769,0,1.34284,0,1.34739,0,1.35126,0,1.36462,0,1.37605,0,1.37472,0,1.37694,0,1.38336,0,1.3839,0,1.39489,0,1.50523,0,1.4067,0,1.41143,0,1.41478,0,1.41898,0,1.42551,0,1.42412,0,1.433,0,1.43627,0,1.43831,0,1.44495,0,1.45689,0,1.46081,0,1.46453,0,1.47124,0,1.48198,0,1.48082,0,1.48058,0,1.49198,0,1.49963,0,1.49985,0,1.50502,0,1.51662,0,1.51405,0,1.51467,0,1.51426,0,1.51996,0,1.52308,0,1.53055,0,1.53245,0,1.52678,0,1.52676,0,1.53333,0,1.53927,0,1.52488,0,1.52945,0,1.5276,0,1.52606,0,1.52705,0,1.54553,0,1.54451,0,1.55258,0,1.55841,0,1.55576,0,1.54919,0,1.5534,0,1.55787,0,1.55717,0,1.55553,0,1.56208,0,1.56538,0,1.56507,0,1.56307,0,1.56384,0,1.56255,0,1.57829,0,1.57777,0,1.57732,0,1.57591,0,1.57682,0,1.58055,0,1.57973,0,1.57819,0,1.57681,0,1.58488,0,1.58414,0,1.59102,0,1.58932,0,1.59074,0,1.58299,0,1.58586,0,1.59206,0,1.5907,0,1.59165,0,1.59248,0,1.59221,0,1.60546,0,1.60499,0,1.61629,0,1.61513,0,1.61516,0,1.61389,0,1.62107,0,1.6234,0,1.62579,0,1.62448,0,1.62163,0,1.62351,0,1.62335,0,1.62214,0,1.62021,0,1.6203,0,1.62383,0,1.63271,0,1.63392,0,1.63244,0,1.63966,0,1.64355,0,1.64015,0,1.64594,0,1.64948,0,1.65042,0,1.64892,0,1.65834,0,1.65683,0,1.65896,0,1.66081,0,1.66673,0,1.66689,0,1.66617,0,1.65279,0,1.65528,0,1.6703,0,1.67299,0,1.68297,0,1.68548,0,1.68456,0,1.67833,0,1.67875,0,1.68164,0,1.68195,0,1.67962,0,1.68606,0,1.68773,0,1.6887,0,1.69993,0,1.69962,0,1.69507,0,1.67559,0,1.67448,0,1.67119,0,1.68159,0,1.68401,0,1.6849,0,1.68052,0,1.67714,0,1.68001,0,1.68051,0,1.68049,0,1.68198,0,1.67955,0,1.68125,0,1.68177,0,1.68166,0,1.69146,0,1.69176,0,1.69892,0,1.69578,0,1.70473,0,1.70538,0,1.70235,0,1.71313,0,1.72415,0,1.723,0,1.73163,0,1.73246,0,1.73258,0,1.73777,0,1.74164,0,1.75021,0,1.74847,0,1.75477,0,1.75777,0,1.75097,0,1.75299,0,1.75639,0,1.75595,0,1.75888,0,1.95435,0,1.95376,0,1.78025,0,1.77617,0,1.99734,0,1.78549,0,1.78151,0,1.76929,0,1.76942,0,1.96958,0,1.77162,0,1.77029,0,1.76687,0,1.77341,0,1.77821,0,1.77536,0,1.76899,0,1.77111,0,1.77474,0,1.77506,0,2.07162,0,2.06911,0,1.77596,0,1.77517,0,1.76986,0,1.76721,0,1.77322,0,1.7729,0,1.77201,0,1.78111,0,1.78647,0,1.78209,0,1.7735,0,1.77938,0,1.78965,0,1.79128,0,1.78895,0,1.79663,0,1.79462,0,1.79224,0,1.79062,0,1.79256,0,1.79755,0,1.80026,0,1.80397,0,1.80097,0,1.80246,0,1.80282,0,1.80277,0,1.80651,0,1.80564,0,1.80377,0,1.81118,0,1.81703,0,1.8341,0,1.83124,0,1.83142,0,1.83333,0,1.83076,0,1.8423,0,1.83908,0,1.8414,0,1.84393,0,1.84284,0,1.84524,0,1.85296,0,1.85395,0,1.85889,0,1.86162,0,1.85881,0,1.85711,0,1.86656,0,1.86766,0,1.87501,0,1.88373,0,1.88411,0,1.88977,0,1.89311,0,1.89087,0,1.88841,0,1.88237,0,1.88177,0,1.88356,0,1.88761,0,1.88583,0,1.88691,0,1.88768,0,1.88372,0,1.88218,0,1.87755,0,1.87709,0,1.89178,0,1.88837,0,1.89196,0
0,0,0,0,0,0,0,0,0,0,0,0,0,0,0,0,0,0,0,0,0,0,0,0,0,0,0,0,0,0,0,0,0,0,0,0,0,0,0,0,0,0,0,0,0,0,0,0,0,0,0,0,0,0,0,0,0,0,0,0,0,0,0,0,0,0,0,0,0,0,0,0,0,0,0,0,0,0,0,0,0,0,0,0,0,0,0,0,0,0,0,0,0,0,0,0,0,0,0,0,0,0,0,0,0,0,0,0,0,0,0,0,0,0,0,0,0,0,0,0,0,0,0,0,0,0,0,0,0,0,0,0,0,0,0,0,0,0,0,0,0,0,0,0,0,0,0,0,0,0,0,0,0,0,0,0,0,0,0,0,0,0,0,0,0,0,0,0,0,0,0,0,0,0,0,0,0,0,0,0,0,0,0,0,0,0,0,0,0,0,0,0,0,0,0,0,0,0,0,0,0,0,0,0,0,0,0,0,0,0,0,0,0,0,0,0,0,0,0,0,0,0,0,0,0,0,0,0,0,0,0,0,0,0,0,0,0,0,0,0,0,0,0,0,0,0,0,0,0,0,0,0,0,0,0,0,0,0,0,0,0,0,0,0,0,0,0,0,0,0,0,0,0,0,0,0,0,0,0,0,0,0,0,0,0,0,0,0,0,0,0,0,0,0,0,0,0,0,0,0,0,0,0,0,0,0,0,0,0,0,0,0,0,0,0,0,0,0,0,0,0,0,0,0,0,0,0,0,0,0,0,0,0,0,0,0,0,0,0,0,0,0,0,0,0,0,0,0,0,0,0,0,0,0,0,0,0,0,0,0,0,0,0,0,0,0,0,0,0,0,0,0,0,0,0,0,0,0,0,0,0,0,0,0,0,0,0,0,0,0,0,0,0,0,0,0,0,0,0,0,0,0,0,0,0,0,0,0,0,0,0,0,0,0,0,0,0,0,0,0,0,0,0,0,0,0,0,0,0,0,0,0,0,0,0,0,0,0,0,0,0,0,0,0,0,0,0,0,0,0,0,0,0,0,0,0,0,0,0,0,0,0,0,0,0,0,0,0,0,0,0,0,0,0,0,0,0,0,0,0,0,0,0,0,0,0,0,0,0,0,0,0,0,0,0,0,0,0,0,0,0,0,0,0,0,0,0,0,0,0,0,0,0,0,0,0,0,0,0,0,0,0,0,0,0,0,0,0,0,0,0,0,0,0,0,0,0,0,0,0,0,0,0,0,0,0,0,0,0,0,0,0,0,0,0,0,0,0,0,0,0,0,0,0,0,0,0,0,0,0,0,0,0,0,0,0,0,0,0,0,0,0,0,0,0,0,0,0,0,0,0,0,0,0,0,0,0,0,0,0
1.23959,0,1.24115,0,1.24365,0,1.24646,0,1.24922,0,1.25365,0,1.25478,0,1.26546,0,1.2651,0,1.27411,0,1.27293,0,1.28329,0,1.28499,0,1.28753,0,1.28991,0,1.2958,0,1.29816,0,1.29931,0,1.30375,0,1.30733,0,1.31377,0,1.32283,0,1.322,0,1.32485,0,1.32765,0,1.3323,0,1.33736,0,1.33817,0,1.34334,0,1.35971,0,1.35802,0,1.36562,0,1.37359,0,1.37409,0,1.37427,0,1.38593,0,1.39145,0,1.39886,0,1.40125,0,1.4094,0,1.42244,0,1.42032,0,1.42446,0,1.42844,0,1.43399,0,1.43737,0,1.43934,0,1.44785,0,1.45029,0,1.45656,0,1.46412,0,1.46363,0,1.47147,0,1.48073,0,1.4779,0,1.49506,0,1.49355,0,1.49603,0,1.49505,0,1.49466,0,1.50079,0,1.52417,0,1.58272,0,1.57666,0,1.50455,0,1.50898,0,1.50648,0,1.50857,0,1.50526,0,1.62481,0,1.51782,0,1.51945,0,1.51386,0,1.51256,0,1.52014,0,1.51889,0,1.53764,0,1.53632,0,1.53708,0,1.54748,0,1.54392,0,1.54962,0,1.5463,0,1.5442,0,1.5509,0,1.56781,0,1.56559,0,1.56755,0,1.56849,0,1.56873,0,1.56893,0,1.56743,0,1.57596,0,1.57301,0,1.57142,0,1.57292,0,1.57049,0,1.57855,0,1.57598,0,1.58192,0,1.58171,0,1.58273,0,1.58477,0,1.58414,0,1.58346,0,1.58749,0,1.58702,0,1.58217,0,1.58278,0,1.58963,0,1.58988,0,1.58862,0,1.58652,0,1.58743,0,1.59572,0,1.59478,0,1.60429,0,1.6037,0,1.60818,0,1.6094,0,1.62284,0,1.6258,0,1.62285,0,1.62973,0,1.62788,0,1.6286,0,1.62931,0,1.622,0,1.6209,0,1.63467,0,1.63711,0,1.63583,0,1.63415,0,1.63642,0,1.6375,0,1.64008,0,1.64207,0,1.64264,0,1.64823,0,1.65425,0,1.65117,0,1.65448,0,1.65691,0,1.66201,0,1.6609,0,1.66515,0,1.66555,0,1.66535,0,1.66145,0,1.65814,0,1.65618,0,1.67316,0,1.6834,0,1.6825,0,1.68079,0,1.68008,0,1.67818,0,1.67731,0,1.68024,0,1.68677,0,1.68612,0,1.68348,0,1.68522,0,1.67737,0,1.66852,0,1.67148,0,1.67471,0,1.67638,0,1.67627,0,1.66911,0,1.66305,0,1.67337,0,1.6772,0,1.67636,0,1.67744,0,1.67629,0,1.68114,0,1.68099,0,1.68575,0,1.68408,0,1.68791,0,1.68928,0,1.68544,0,1.68953,0,1.69032,0,1.69097,0,1.702,0,1.7034,0,1.7055,0,1.70684,0,1.78936,0,1.7145,0,1.71724,0,1.71617,0,1.72724,0,1.73483,0,1.73907,0,1.74901,0,1.74841,0,1.74955,0,1.74759,0,1.74434,0,1.74799,0,1.75063,0,1.75214,0,1.75866,0,1.75772,0,1.75481,0,1.75601,0,1.75429,0,1.75522,0,1.75522,0,1.755,0,1.76363,0,1.75959,0,1.76414,0,1.76517,0,1.76278,0,1.7666,0,1.77501,0,1.77086,0,1.77153,0,1.77079,0,1.76868,0,1.76226,0,1.76227,0,1.75923,0,1.75852,0,1.74769,0,1.7679,0,1.7541,0,1.75604,0,1.75924,0,1.75853,0,1.75946,0,1.7664,0,1.76263,0,1.76504,0,1.77596,0,1.77378,0,1.78451,0,1.78314,0,1.78123,0,1.78138,0,1.78568,0,1.78649,0,1.78455,0,1.7828,0,1.78523,0,1.78941,0,1.79716,0,1.78907,0,1.79627,0,1.79428,0,1.79415,0,1.80305,0,1.80378,0,1.80662,0,1.80524,0,1.8137,0,1.81382,0,1.81036,0,1.8269,0,1.82123,0,1.83386,0,1.83063,0,1.83888,0,1.83713,0,1.83749,0,1.83851,0,1.84785,0,1.84773,0,1.85442,0,1.86135,0,1.85794,0,1.86118,0,1.85589,0,1.86229,0,1.86472,0,1.8687,0,1.86465,0,1.87648,0,1.88596,0,1.88768,0,1.88568,0,1.88551,0,1.88092,0,1.88449,0,1.88026,0,1.87979,0,1.87821,0,1.878,0,1.87827,0,1.87623,0,1.88199,0,1.8795,0,1.8847,0,1.88443,0,1.89358,0,1.89388,0
0,0,0,0,0,0,0,0,0,0,0,0,0,0,0,0,0,0,0,0,0,0,0,0,0,0,0,0,0,0,0,0,0,0,0,0,0,0,0,0,0,0,0,0,0,0,0,0,0,0,0,0,0,0,0,0,0,0,0,0,0,0,0,0,0,0,0,0,0,0,0,0,0,0,0,0,0,0,0,0,0,0,0,0,0,0,0,0,0,0,0,0,0,0,0,0,0,0,0,0,0,0,0,0,0,0,0,0,0,0,0,0,0,0,0,0,0,0,0,0,0,0,0,0,0,0,0,0,0,0,0,0,0,0,0,0,0,0,0,0,0,0,0,0,0,0,0,0,0,0,0,0,0,0,0,0,0,0,0,0,0,0,0,0,0,0,0,0,0,0,0,0,0,0,0,0,0,0,0,0,0,0,0,0,0,0,0,0,0,0,0,0,0,0,0,0,0,0,0,0,0,0,0,0,0,0,0,0,0,0,0,0,0,0,0,0,0,0,0,0,0,0,0,0,0,0,0,0,0,0,0,0,0,0,0,0,0,0,0,0,0,0,0,0,0,0,0,0,0,0,0,0,0,0,0,0,0,0,0,0,0,0,0,0,0,0,0,0,0,0,0,0,0,0,0,0,0,0,0,0,0,0,0,0,0,0,0,0,0,0,0,0,0,0,0,0,0,0,0,0,0,0,0,0,0,0,0,0,0,0,0,0,0,0,0,0,0,0,0,0,0,0,0,0,0,0,0,0,0,0,0,0,0,0,0,0,0,0,0,0,0,0,0,0,0,0,0,0,0,0,0,0,0,0,0,0,0,0,0,0,0,0,0,0,0,0,0,0,0,0,0,0,0,0,0,0,0,0,0,0,0,0,0,0,0,0,0,0,0,0,0,0,0,0,0,0,0,0,0,0,0,0,0,0,0,0,0,0,0,0,0,0,0,0,0,0,0,0,0,0,0,0,0,0,0,0,0,0,0,0,0,0,0,0,0,0,0,0,0,0,0,0,0,0,0,0,0,0,0,0,0,0,0,0,0,0,0,0,0,0,0,0,0,0,0,0,0,0,0,0,0,0,0,0,0,0,0,0,0,0,0,0,0,0,0,0,0,0,0,0,0,0,0,0,0,0,0,0,0,0,0,0,0,0,0,0,0,0,0,0,0,0,0,0,0,0,0,0,0,0,0,0,0,0,0,0,0,0,0,0,0,0,0,0,0,0,0,0,0,0,0,0,0,0,0,0,0,0,0,0,0,0,0,0,0,0,0,0,0,0,0,0,0,0,0,0,0,0,0,0,0,0,0,0,0,0,0,0,0,0,0,0,0,0,0,0,0,0,0,0,0,0,0,0,0,0,0,0,0,0
1.2392,0,1.24607,0,1.24547,0,1.25031,0,1.25352,0,1.2562,0,1.25813,0,1.26549,0,1.27072,0,1.27757,0,1.27828,0,1.28052,0,1.28207,0,1.28389,0,1.28874,0,1.2891,0,1.29505,0,1.30065,0,1.30779,0,1.31337,0,1.31613,0,1.32641,0,1.32737,0,1.33309,0,1.33945,0,1.34255,0,1.34182,0,1.34846,0,1.35079,0,1.35557,0,1.36234,0,1.36799,0,1.37035,0,1.45424,0,1.38437,0,1.5403,0,1.40175,0,1.40559,0,1.40525,0,1.41288,0,1.41795,0,1.41905,0,1.42704,0,1.43418,0,1.43656,0,1.44023,0,1.444,0,1.45704,0,1.45763,0,1.46357,0,1.46428,0,1.46955,0,1.47346,0,1.48181,0,1.48302,0,1.48843,0,1.49212,0,1.48665,0,1.48657,0,1.48046,0,1.47936,0,1.48053,0,1.48431,0,1.48481,0,1.48321,0,1.49007,0,1.49495,0,1.49692,0,1.49922,0,1.49871,0,1.49849,0,1.49852,0,1.49683,0,1.51481,0,1.51244,0,1.52047,0,1.5319,0,1.53067,0,1.53178,0,1.53104,0,1.53805,0,1.54358,0,1.54276,0,1.54788,0,1.5549,0,1.56418,0,1.56127,0,1.56624,0,1.5648,0,1.56501,0,1.56114,0,1.56026,0,1.5635,0,1.562,0,1.56781,0,1.56887,0,1.57199,0,1.58068,0,1.57891,0,1.57823,0,1.57992,0,1.57822,0,1.5854,0,1.5884,0,1.58754,0,1.59249,0,1.59097,0,1.59276,0,1.59456,0,1.59501,0,1.59673,0,1.59611,0,1.59488,0,1.59853,0,1.5986,0,1.60085,0,1.6041,0,1.60202,0,1.60991,0,1.61841,0,1.64817,0,1.62441,0,1.6315,0,1.63181,0,1.63199,0,1.63091,0,1.63024,0,1.62869,0,1.62782,0,1.63163,0,1.63244,0,1.63259,0,1.63023,0,1.62603,0,1.62836,0,1.62838,0,1.63301,0,1.63435,0,1.6393,0,1.6508,0,1.69313,0,1.65812,0,1.65667,0,1.65531,0,1.66025,0,1.66248,0,1.66428,0,1.66413,0,1.66981,0,1.66621,0,1.67168,0,1.66925,0,1.67553,0,1.676,0,1.68002,0,1.67991,0,1.67872,0,1.67853,0,1.67858,0,1.67553,0,1.67547,0,1.67436,0,1.67931,0,1.6699,0,1.66912,0,1.6647,0,1.66428,0,1.66141,0,1.66321,0,1.66016,0,1.65863,0,1.65906,0,1.66661,0,1.66495,0,1.66348,0,1.66509,0,1.66694,0,1.67157,0,1.67464,0,1.68097,0,1.68172,0,1.67851,0,1.68519,0,1.68472,0,1.68505,0,1.68556,0,1.68571,0,1.69343,0,1.69255,0,1.69899,0,1.69872,0,1.69783,0,1.71213,0,1.7078,0,1.70634,0,1.91636,0,1.72086,0,1.73072,0,1.73167,0,1.7311,0,1.73998,0,1.73587,0,1.74288,0,1.73735,0,1.76043,0,1.74758,0,1.74832,0,1.74891,0,1.75065,0,1.74636,0,1.75094,0,1.75123,0,1.74464,0,1.74457,0,1.74881,0,1.74858,0,1.74468,0,1.74715,0,1.75776,0,1.75782,0,1.7523,0,1.74463,0,1.74645,0,1.75534,0,1.75346,0,1.74326,0,1.74269,0,1.744,0,1.75106,0,1.75109,0,1.74876,0,1.75492,0,1.75633,0,1.75722,0,1.75506,0,1.75242,0,1.76666,0,1.76553,0,1.76575,0,1.76502,0,1.76344,0,1.76248,0,1.77541,0,1.77921,0,1.77691,0,1.77746,0,1.78163,0,1.7796,0,1.77916,0,1.78353,0,1.78815,0,1.78566,0,1.7924,0,1.78949,0,1.79667,0,1.79428,0,1.79211,0,1.80122,0,1.80007,0,1.7994,0,1.80886,0,1.80615,0,1.81451,0,1.81304,0,1.8238,0,1.82977,0,1.82802,0,1.84058,0,1.83767,0,1.83677,0,1.84166,0,1.84234,0,1.84145,0,1.85191,0,1.85035,0,1.84736,0,1.85068,0,1.8573,0,1.85223,0,1.85497,0,1.86277,0,1.86777,0,1.86797,0,1.86641,0,1.88137,0,1.87802,0,1.87571,0,1.87786,0,1.87031,0,1.879,0,1.87982,0,1.87877,0,1.88041,0,1.87831,0,1.87735,0,1.87515,0,1.88627,0,1.88546,0,1.88557,0,1.8892,0
0,0,0,0,0,0,0,0,0,0,0,0,0,0,0,0,0,0,0,0,0,0,0,0,0,0,0,0,0,0,0,0,0,0,0,0,0,0,0,0,0,0,0,0,0,0,0,0,0,0,0,0,0,0,0,0,0,0,0,0,0,0,0,0,0,0,0,0,0,0,0,0,0,0,0,0,0,0,0,0,0,0,0,0,0,0,0,0,0,0,0,0,0,0,0,0,0,0,0,0,0,0,0,0,0,0,0,0,0,0,0,0,0,0,0,0,0,0,0,0,0,0,0,0,0,0,0,0,0,0,0,0,0,0,0,0,0,0,0,0,0,0,0,0,0,0,0,0,0,0,0,0,0,0,0,0,0,0,0,0,0,0,0,0,0,0,0,0,0,0,0,0,0,0,0,0,0,0,0,0,0,0,0,0,0,0,0,0,0,0,0,0,0,0,0,0,0,0,0,0,0,0,0,0,0,0,0,0,0,0,0,0,0,0,0,0,0,0,0,0,0,0,0,0,0,0,0,0,0,0,0,0,0,0,0,0,0,0,0,0,0,0,0,0,0,0,0,0,0,0,0,0,0,0,0,0,0,0,0,0,0,0,0,0,0,0,0,0,0,0,0,0,0,0,0,0,0,0,0,0,0,0,0,0,0,0,0,0,0,0,0,0,0,0,0,0,0,0,0,0,0,0,0,0,0,0,0,0,0,0,0,0,0,0,0,0,0,0,0,0,0,0,0,0,0,0,0,0,0,0,0,0,0,0,0,0,0,0,0,0,0,0,0,0,0,0,0,0,0,0,0,0,0,0,0,0,0,0,0,0,0,0,0,0,0,0,0,0,0,0,0,0,0,0,0,0,0,0,0,0,0,0,0,0,0,0,0,0,0,0,0,0,0,0,0,0,0,0,0,0,0,0,0,0,0,0,0,0,0,0,0,0,0,0,0,0,0,0,0,0,0,0,0,0,0,0,0,0,0,0,0,0,0,0,0,0,0,0,0,0,0,0,0,0,0,0,0,0,0,0,0,0,0,0,0,0,0,0,0,0,0,0,0,0,0,0,0,0,0,0,0,0,0,0,0,0,0,0,0,0,0,0,0,0,0,0,0,0,0,0,0,0,0,0,0,0,0,0,0,0,0,0,0,0,0,0,0,0,0,0,0,0,0,0,0,0,0,0,0,0,0,0,0,0,0,0,0,0,0,0,0,0,0,0,0,0,0,0,0,0,0,0,0,0,0,0,0,0,0,0,0,0,0,0,0,0,0,0,0,0,0,0,0,0,0,0,0,0,0,0,0,0,0,0,0,0,0,0,0,0,0,0,0,0,0,0,0,0,0,0,0,0,0,0,0,0,0,0,0,0
1.24076,0,1.24122,0,1.24186,0,1.24719,0,1.25003,0,1.25545,0,1.25916,0,1.26408,0,1.26928,0,1.2758,0,1.27554,0,1.27807,0,1.28154,0,1.28334,0,1.29177,0,1.29367,0,1.30307,0,1.30842,0,1.30931,0,1.31772,0,1.32375,0,1.32942,0,1.328,0,1.33959,0,1.34163,0,1.34368,0,1.35024,0,1.34988,0,1.35885,0,1.35922,0,1.36111,0,1.37392,0,1.37664,0,1.37761,0,1.39354,0,1.46121,0,1.40724,0,1.41192,0,1.41908,0,1.42672,0,1.42513,0,1.42697,0,1.42963,0,1.43482,0,1.44266,0,1.44469,0,1.45014,0,1.45743,0,1.45694,0,1.45858,0,1.47886,0,1.47568,0,1.47635,0,1.47574,0,1.47843,0,1.47811,0,1.48165,0,1.48181,0,1.48055,0,1.47395,0,1.4752,0,1.48548,0,1.48103,0,1.47974,0,1.48029,0,1.48255,0,1.48198,0,1.48281,0,1.48489,0,1.48734,0,1.49302,0,1.49534,0,1.51275,0,1.51121,0,1.51149,0,1.51648,0,1.52307,0,1.53079,0,1.52943,0,1.53138,0,1.53102,0,1.53881,0,1.54132,0,1.54113,0,1.54526,0,1.5452,0,1.54405,0,1.55354,0,1.55458,0,1.557,0,1.55484,0,1.55766,0,1.55959,0,1.56818,0,1.57178,0,1.57161,0,1.57244,0,1.58132,0,1.58004,0,1.57855,0,1.5776,0,1.57772,0,1.58118,0,1.60715,0,1.59316,0,1.59505,0,1.59409,0,1.59787,0,1.59871,0,1.59904,0,1.5987,0,1.60574,0,1.60382,0,1.60542,0,1.60565,0,1.60416,0,1.6032,0,1.60634,0,1.60385,0,1.61066,0,1.61782,0,1.63076,0,1.62726,0,1.63236,0,1.63077,0,1.63218,0,1.62855,0,1.62675,0,1.62713,0,1.62706,0,1.62659,0,1.62679,0,1.62536,0,1.62309,0,1.62161,0,1.6276,0,1.62738,0,1.633,0,1.63139,0,1.64732,0,1.65903,0,1.65733,0,1.65493,0,1.65122,0,1.66152,0,1.66163,0,1.66079,0,1.65962,0,1.67442,0,1.6718,0,1.67334,0,1.67471,0,1.67521,0,1.67406,0,1.67342,0,1.67408,0,1.6784,0,1.67771,0,1.67144,0,1.67059,0,1.66541,0,1.66425,0,1.65855,0,1.67658,0,1.64989,0,1.65334,0,1.64441,0,1.65263,0,1.6479,0,1.6489,0,1.65943,0,1.65372,0,1.65451,0,1.66214,0,1.66056,0,1.65599,0,1.65892,0,1.66429,0,1.66807,0,1.66754,0,1.6734,0,1.67352,0,1.67417,0,1.67987,0,1.68466,0,1.68491,0,1.68243,0,1.68669,0,1.6861,0,1.68765,0,1.68517,0,1.69037,0,1.68943,0,1.69624,0,1.70424,0,1.71377,0,1.71685,0,1.72702,0,1.72379,0,1.72747,0,1.72844,0,2.0577,0,2.05557,0,1.72833,0,1.73037,0,1.73053,0,1.72426,0,1.72572,0,1.72565,0,1.72318,0,1.72318,0,1.72835,0,1.72899,0,1.73285,0,1.73137,0,1.74179,0,1.7399,0,1.72791,0,1.7452,0,1.74559,0,1.73325,0,1.72406,0,1.7378,0,1.73674,0,1.73424,0,1.73562,0,1.73482,0,1.73943,0,1.73742,0,1.74725,0,1.74616,0,1.74523,0,1.74494,0,1.74716,0,1.74675,0,1.74433,0,1.74917,0,1.75246,0,1.75475,0,1.75423,0,1.75397,0,1.76315,0,1.76535,0,1.76848,0,1.772,0,1.77366,0,1.7761,0,1.77589,0,1.77562,0,1.77657,0,1.78247,0,1.7825,0,1.78558,0,1.78729,0,1.78703,0,1.78656,0,1.78657,0,1.79081,0,1.7943,0,1.79715,0,1.80253,0,1.7993,0,1.80848,0,1.81592,0,1.82269,0,1.82741,0,1.82814,0,1.83067,0,1.83943,0,1.83816,0,1.83812,0,1.83591,0,1.84205,0,1.83987,0,1.83887,0,1.84731,0,1.8449,0,1.84635,0,1.8525,0,1.85497,0,1.85563,0,1.85905,0,1.86291,0,1.86883,0,1.86884,0,1.87652,0,1.8755,0,1.87153,0,1.87198,0,1.87431,0,1.87085,0,1.86785,0,1.87886,0,1.87566,0,1.87529,0,1.87928,0,1.87375,0,1.87517,0,1.88079,0,1.87874,0
0,0,0,0,0,0,0,0,0,0,0,0,0,0,0,0,0,0,0,0,0,0,0,0,0,0,0,0,0,0,0,0,0,0,0,0,0,0,0,0,0,0,0,0,0,0,0,0,0,0,0,0,0,0,0,0,0,0,0,0,0,0,0,0,0,0,0,0,0,0,0,0,0,0,0,0,0,0,0,0,0,0,0,0,0,0,0,0,0,0,0,0,0,0,0,0,0,0,0,0,0,0,0,0,0,0,0,0,0,0,0,0,0,0,0,0,0,0,0,0,0,0,0,0,0,0,0,0,0,0,0,0,0,0,0,0,0,0,0,0,0,0,0,0,0,0,0,0,0,0,0,0,0,0,0,0,0,0,0,0,0,0,0,0,0,0,0,0,0,0,0,0,0,0,0,0,0,0,0,0,0,0,0,0,0,0,0,0,0,0,0,0,0,0,0,0,0,0,0,0,0,0,0,0,0,0,0,0,0,0,0,0,0,0,0,0,0,0,0,0,0,0,0,0,0,0,0,0,0,0,0,0,0,0,0,0,0,0,0,0,0,0,0,0,0,0,0,0,0,0,0,0,0,0,0,0,0,0,0,0,0,0,0,0,0,0,0,0,0,0,0,0,0,0,0,0,0,0,0,0,0,0,0,0,0,0,0,0,0,0,0,0,0,0,0,0,0,0,0,0,0,0,0,0,0,0,0,0,0,0,0,0,0,0,0,0,0,0,0,0,0,0,0,0,0,0,0,0,0,0,0,0,0,0,0,0,0,0,0,0,0,0,0,0,0,0,0,0,0,0,0,0,0,0,0,0,0,0,0,0,0,0,0,0,0,0,0,0,0,0,0,0,0,0,0,0,0,0,0,0,0,0,0,0,0,0,0,0,0,0,0,0,0,0,0,0,0,0,0,0,0,0,0,0,0,0,0,0,0,0,0,0,0,0,0,0,0,0,0,0,0,0,0,0,0,0,0,0,0,0,0,0,0,0,0,0,0,0,0,0,0,0,0,0,0,0,0,0,0,0,0,0,0,0,0,0,0,0,0,0,0,0,0,0,0,0,0,0,0,0,0,0,0,0,0,0,0,0,0,0,0,0,0,0,0,0,0,0,0,0,0,0,0,0,0,0,0,0,0,0,0,0,0,0,0,0,0,0,0,0,0,0,0,0,0,0,0,0,0,0,0,0,0,0,0,0,0,0,0,0,0,0,0,0,0,0,0,0,0,0,0,0,0,0,0,0,0,0,0,0,0,0,0,0,0,0,0,0,0,0,0,0,0,0,0,0,0,0,0,0,0,0,0,0,0,0,0,0,0,0,0,0,0,0,0,0,0,0,0,0,0,0,0,0,0,0,0,0,0,0
1.23756,0,1.23862,0,1.23949,0,1.24683,0,1.24832,0,1.25317,0,1.25888,0,1.26372,0,1.2653,0,1.27309,0,1.27997,0,1.28007,0,1.28347,0,1.28473,0,1.29122,0,1.30159,0,1.30782,0,1.31502,0,1.31383,0,1.3179,0,1.32534,0,1.33227,0,1.33248,0,1.34308,0,1.34293,0,1.34706,0,1.35058,0,1.35418,0,1.35764,0,1.36507,0,1.36641,0,1.37488,0,1.38433,0,1.38495,0,1.48151,0,1.40401,0,1.41208,0,1.43884,0,1.4259,0,1.42748,0,1.42959,0,1.42947,0,1.44357,0,1.45012,0,1.44917,0,1.45395,0,1.45685,0,1.45563,0,1.45649,0,1.4709,0,1.47107,0,1.47106,0,1.46923,0,1.4721,0,1.4724,0,1.47764,0,1.4758,0,1.47493,0,1.47368,0,1.45343,0,1.45907,0,1.46201,0,1.47292,0,1.47588,0,1.47884,0,1.47985,0,1.47407,0,1.47302,0,1.47873,0,1.47908,0,1.48469,0,1.48473,0,1.56863,0,1.50992,0,1.51273,0,1.51212,0,1.51596,0,1.5192,0,1.52766,0,1.52619,0,1.52616,0,1.5278,0,1.54129,0,1.54075,0,1.54159,0,1.54006,0,1.54249,0,1.54241,0,1.54657,0,1.54859,0,1.54608,0,1.54571,0,1.60653,0,1.56349,0,1.5619,0,1.56843,0,1.56943,0,1.56997,0,1.57406,0,1.5779,0,1.56847,0,1.56996,0,1.56915,0,1.58185,0,1.576,0,1.59161,0,1.59721,0,1.59495,0,1.60107,0,1.59451,0,1.60249,0,1.60001,0,1.60417,0,1.60292,0,1.60478,0,1.60268,0,1.60191,0,1.60328,0,1.6032,0,1.60274,0,1.60685,0,1.61214,0,1.6117,0,1.609,0,1.61908,0,1.62092,0,1.62346,0,1.62408,0,1.62841,0,1.62785,0,1.62496,0,1.62642,0,1.62393,0,1.62263,0,1.62313,0,1.62146,0,1.62585,0,1.62565,0,1.62643,0,1.64476,0,1.65412,0,1.65136,0,1.64948,0,1.6494,0,1.65031,0,1.64979,0,1.66198,0,1.66018,0,1.6729,0,1.67309,0,1.67586,0,1.67405,0,1.67436,0,1.67246,0,1.67273,0,1.67377,0,1.66976,0,1.66645,0,1.70501,0,1.70516,0,1.65983,0,1.6271,0,1.62652,0,1.62625,0,1.62725,0,1.63114,0,1.63784,0,1.63704,0,1.64419,0,1.64472,0,1.65269,0,1.65431,0,1.65298,0,1.65328,0,1.65561,0,1.65265,0,1.6574,0,1.65719,0,1.6572,0,1.66146,0,1.67179,0,1.66989,0,1.67318,0,1.67234,0,1.67034,0,1.66972,0,1.67645,0,1.6837,0,1.68652,0,1.68396,0,1.686,0,1.69003,0,1.6928,0,1.69237,0,1.93645,0,1.70451,0,1.71393,0,1.71719,0,1.71114,0,1.71668,0,1.71602,0,1.72284,0,1.71694,0,1.71341,0,1.711,0,1.70618,0,1.71067,0,1.71519,0,1.71365,0,1.71114,0,1.72101,0,1.71762,0,1.71707,0,1.7219,0,1.72719,0,1.72714,0,1.72791,0,1.72757,0,1.72712,0,1.72724,0,1.72752,0,1.72876,0,1.73028,0,1.73076,0,1.72971,0,1.73618,0,1.73417,0,1.73166,0,1.72565,0,1.73371,0,1.72966,0,1.73135,0,1.73114,0,1.74056,0,1.74042,0,1.74213,0,1.74188,0,1.7512,0,1.74996,0,1.74964,0,1.76347,0,1.76084,0,1.75985,0,1.75943,0,1.76293,0,1.76681,0,1.76517,0,1.76228,0,1.77136,0,1.7753,0,1.77518,0,1.77632,0,1.7749,0,1.78554,0,1.78684,0,1.78932,0,1.79136,0,1.79724,0,1.79537,0,1.80427,0,1.80414,0,1.80536,0,1.81468,0,1.81161,0,1.81877,0,1.81892,0,1.82243,0,1.82846,0,1.82799,0,1.83335,0,1.83371,0,1.84121,0,1.83726,0,1.84071,0,1.83903,0,1.84351,0,1.84899,0,1.8482,0,1.84728,0,1.85068,0,1.86037,0,1.86101,0,1.86089,0,1.8603,0,1.86657,0,1.8661,0,1.87334,0,1.87137,0,1.86989,0,1.87215,0,1.87364,0,1.88142,0,1.8784,0,1.87233,0,1.87962,0,1.8792,0,1.87251,0,1.87232,0,1.87568,0,1.87604,0
0,0,0,0,0,0,0,0,0,0,0,0,0,0,0,0,0,0,0,0,0,0,0,0,0,0,0,0,0,0,0,0,0,0,0,0,0,0,0,0,0,0,0,0,0,0,0,0,0,0,0,0,0,0,0,0,0,0,0,0,0,0,0,0,0,0,0,0,0,0,0,0,0,0,0,0,0,0,0,0,0,0,0,0,0,0,0,0,0,0,0,0,0,0,0,0,0,0,0,0,0,0,0,0,0,0,0,0,0,0,0,0,0,0,0,0,0,0,0,0,0,0,0,0,0,0,0,0,0,0,0,0,0,0,0,0,0,0,0,0,0,0,0,0,0,0,0,0,0,0,0,0,0,0,0,0,0,0,0,0,0,0,0,0,0,0,0,0,0,0,0,0,0,0,0,0,0,0,0,0,0,0,0,0,0,0,0,0,0,0,0,0,0,0,0,0,0,0,0,0,0,0,0,0,0,0,0,0,0,0,0,0,0,0,0,0,0,0,0,0,0,0,0,0,0,0,0,0,0,0,0,0,0,0,0,0,0,0,0,0,0,0,0,0,0,0,0,0,0,0,0,0,0,0,0,0,0,0,0,0,0,0,0,0,0,0,0,0,0,0,0,0,0,0,0,0,0,0,0,0,0,0,0,0,0,0,0,0,0,0,0,0,0,0,0,0,0,0,0,0,0,0,0,0,0,0,0,0,0,0,0,0,0,0,0,0,0,0,0,0,0,0,0,0,0,0,0,0,0,0,0,0,0,0,0,0,0,0,0,0,0,0,0,0,0,0,0,0,0,0,0,0,0,0,0,0,0,0,0,0,0,0,0,0,0,0,0,0,0,0,0,0,0,0,0,0,0,0,0,0,0,0,0,0,0,0,0,0,0,0,0,0,0,0,0,0,0,0,0,0,0,0,0,0,0,0,0,0,0,0,0,0,0,0,0,0,0,0,0,0,0,0,0,0,0,0,0,0,0,0,0,0,0,0,0,0,0,0,0,0,0,0,0,0,0,0,0,0,0,0,0,0,0,0,0,0,0,0,0,0,0,0,0,0,0,0,0,0,0,0,0,0,0,0,0,0,0,0,0,0,0,0,0,0,0,0,0,0,0,0,0,0,0,0,0,0,0,0,0,0,0,0,0,0,0,0,0,0,0,0,0,0,0,0,0,0,0,0,0,0,0,0,0,0,0,0,0,0,0,0,0,0,0,0,0,0,0,0,0,0,0,0,0,0,0,0,0,0,0,0,0,0,0,0,0,0,0,0,0,0,0,0,0,0,0,0,0,0,0,0,0,0,0,0,0,0,0,0,0,0,0,0,0,0,0,0,0,0,0,0,0,0,0,0,0,0,0,0,0,0
1.23107,0,1.23586,0,1.2394,0,1.24895,0,1.24966,0,1.25505,0,1.26068,0,1.26333,0,1.26802,0,1.27132,0,1.27885,0,1.27785,0,1.28196,0,1.34919,0,1.30234,0,1.3025,0,1.31039,0,1.31514,0,1.32212,0,1.32282,0,1.32755,0,1.33031,0,1.33944,0,1.3396,0,1.34741,0,1.35268,0,1.35366,0,1.3553,0,1.36065,0,1.36888,0,1.38005,0,1.46438,0,1.39412,0,1.40117,0,1.41001,0,1.41299,0,1.41787,0,1.41878,0,1.4212,0,1.42702,0,1.43526,0,1.44048,0,1.44192,0,1.44661,0,1.45259,0,1.45639,0,1.45971,0,1.46769,0,1.46669,0,1.46729,0,1.4673,0,1.46453,0,1.46267,0,1.46009,0,1.46202,0,1.46398,0,1.46861,0,1.45129,0,1.45648,0,1.45521,0,1.46119,0,1.46176,0,1.45951,0,1.45911,0,1.46018,0,1.46959,0,1.46818,0,1.47562,0,1.47918,0,1.48452,0,1.48378,0,1.48378,0,1.48736,0,1.5422,0,1.50787,0,1.51416,0,1.51238,0,1.51762,0,1.51828,0,1.52854,0,1.52628,0,1.52586,0,1.53418,0,1.53351,0,1.54363,0,1.54204,0,1.54244,0,1.54342,0,1.53774,0,1.53597,0,1.53629,0,1.5437,0,1.54679,0,1.55261,0,1.55154,0,1.55007,0,1.56104,0,1.56296,0,1.56648,0,1.56322,0,1.56723,0,1.57581,0,1.5747,0,1.57628,0,1.5762,0,1.5756,0,1.57502,0,1.58377,0,1.58511,0,1.58473,0,1.58912,0,1.59763,0,1.59656,0,1.59329,0,1.59134,0,1.592,0,1.59335,0,1.59752,0,1.60327,0,1.6027,0,1.61187,0,1.61131,0,1.61362,0,1.61253,0,1.61146,0,1.61121,0,1.61752,0,1.6174,0,1.61742,0,1.61681,0,1.61872,0,1.61896,0,1.61599,0,1.6131,0,1.6212,0,1.62197,0,1.62329,0,1.62171,0,1.72491,0,1.63699,0,1.64499,0,1.64901,0,1.64583,0,1.64597,0,1.64595,0,1.6461,0,1.64621,0,1.65549,0,1.65816,0,1.73495,0,0.00448808,0,1.6521,0,1.64865,0,1.6463,0,1.6458,0,1.6578,0,1.62379,0,1.62617,0,1.63161,0,1.62843,0,1.62464,0,1.62162,0,1.62621,0,1.62725,0,1.62359,0,1.62534,0,1.6246,0,1.62386,0,1.62729,0,1.62665,0,1.62701,0,1.74469,0,1.64756,0,1.64971,0,1.64727,0,1.65458,0,1.65709,0,1.65597,0,1.65907,0,1.65926,0,1.65921,0,1.65806,0,1.66414,0,1.6713,0,1.6688,0,1.66798,0,1.66514,0,1.67245,0,1.99638,0,1.6759,0,1.68574,0,1.68457,0,1.68616,0,1.68898,0,1.68894,0,1.69668,0,1.69082,0,1.69234,0,1.69504,0,1.68655,0,1.69378,0,1.69304,0,1.69547,0,1.70209,0,1.7007,0,1.69737,0,1.70057,0,1.70084,0,1.70331,0,1.70256,0,1.69848,0,1.6976,0,1.70258,0,1.70199,0,1.71098,0,1.72896,0,1.72901,0,1.72722,0,1.72176,0,1.71951,0,1.72043,0,1.72429,0,1.72567,0,1.72421,0,1.71662,0,1.7239,0,1.72411,0,1.72278,0,1.7222,0,1.72482,0,1.72895,0,1.7281,0,1.73365,0,1.73523,0,1.73364,0,1.73804,0,1.73599,0,1.74054,0,1.74858,0,1.75197,0,1.75751,0,1.76031,0,1.75845,0,1.75722,0,1.75795,0,1.76452,0,1.76092,0,1.75833,0,1.77517,0,1.76704,0,1.77054,0,1.77272,0,1.7759,0,1.7757,0,1.77483,0,1.78039,0,1.78808,0,1.79598,0,1.79996,0,1.79811,0,1.80289,0,1.8092,0,1.80643,0,1.8128,0,1.8164,0,1.82675,0,1.82195,0,1.82323,0,1.81679,0,1.83055,0,1.83183,0,1.83263,0,1.83316,0,1.84206,0,1.84439,0,1.84069,0,1.84183,0,1.84806,0,1.84824,0,1.84803,0,1.85146,0,1.85142,0,1.85563,0,1.85841,0,1.85613,0,1.85348,0,1.86909,0,1.86677,0,1.8699,0,1.87385,0,1.87147,0,1.87954,0,1.87861,0,1.87703,0,1.87676,0,1.87718,0,1.87139,0,1.87151,0,1.8689,0,1.87124,0
0,0,0,0,0,0,0,0,0,0,0,0,0,0,0,0,0,0,0,0,0,0,0,0,0,0,0,0,0,0,0,0,0,0,0,0,0,0,0,0,0,0,0,0,0,0,0,0,0,0,0,0,0,0,0,0,0,0,0,0,0,0,0,0,0,0,0,0,0,0,0,0,0,0,0,0,0,0,0,0,0,0,0,0,0,0,0,0,0,0,0,0,0,0,0,0,0,0,0,0,0,0,0,0,0,0,0,0,0,0,0,0,0,0,0,0,0,0,0,0,0,0,0,0,0,0,0,0,0,0,0,0,0,0,0,0,0,0,0,0,0,0,0,0,0,0,0,0,0,0,0,0,0,0,0,0,0,0,0,0,0,0,0,0,0,0,0,0,0,0,0,0,0,0,0,0,0,0,0,0,0,0,0,0,0,0,0,0,0,0,0,0,0,0,0,0,0,0,0,0,0,0,0,0,0,0,0,0,0,0,0,0,0,0,0,0,0,0,0,0,0,0,0,0,0,0,0,0,0,0,0,0,0,0,0,0,0,0,0,0,0,0,0,0,0,0,0,0,0,0,0,0,0,0,0,0,0,0,0,0,0,0,0,0,0,0,0,0,0,0,0,0,0,0,0,0,0,0,0,0,0,0,0,0,0,0,0,0,0,0,0,0,0,0,0,0,0,0,0,0,0,0,0,0,0,0,0,0,0,0,0,0,0,0,0,0,0,0,0,0,0,0,0,0,0,0,0,0,0,0,0,0,0,0,0,0,0,0,0,0,0,0,0,0,0,0,0,0,0,0,0,0,0,0,0,0,0,0,0,0,0,0,0,0,0,0,0,0,0,0,0,0,0,0,0,0,0,0,0,0,0,0,0,0,0,0,0,0,0,0,0,0,0,0,0,0,0,0,0,0,0,0,0,0,0,0,0,0,0,0,0,0,0,0,0,0,0,0,0,0,0,0,0,0,0,0,0,0,0,0,0,0,0,0,0,0,0,0,0,0,0,0,0,0,0,0,0,0,0,0,0,0,0,0,0,0,0,0,0,0,0,0,0,0,0,0,0,0,0,0,0,0,0,0,0,0,0,0,0,0,0,0,0,0,0,0,0,0,0,0,0,0,0,0,0,0,0,0,0,0,0,0,0,0,0,0,0,0,0,0,0,0,0,0,0,0,0,0,0,0,0,0,0,0,0,0,0,0,0,0,0,0,0,0,0,0,0,0,0,0,0,0,0,0,0,0,0,0,0,0,0,0,0,0,0,0,0,0,0,0,0,0,0,0,0,0,0,0,0,0,0,0,0,0,0,0,0,0,0,0,0,0,0,0,0,0,0,0,0,0,0,0,0,0,0,0,0,0,0,0
1.23185,0,1.24176,0,1.2427,0,1.24508,0,1.25124,0,1.25831,0,1.26455,0,1.2647,0,1.26546,0,1.2696,0,1.2741,0,1.27957,0,1.28006,0,1.28801,0,1.29371,0,1.37894,0,1.43194,0,1.31802,0,1.32674,0,1.32971,0,1.33197,0,1.34379,0,1.34519,0,1.35048,0,1.35173,0,1.36112,0,1.36308,0,1.36986,0,1.37513,0,1.38101,0,1.39378,0,1.39186,0,1.39894,0,1.39802,0,1.40039,0,1.40963,0,1.40944,0,1.41406,0,1.41898,0,1.42736,0,1.4363,0,1.43732,0,1.44526,0,1.44583,0,1.45325,0,1.45105,0,1.45684,0,1.45923,0,1.4619,0,1.46154,0,1.4698,0,1.47038,0,1.47023,0,1.45489,0,1.45524,0,1.4625,0,1.46118,0,1.46061,0,1.45744,0,1.45537,0,1.46293,0,1.46313,0,1.46164,0,1.46078,0,1.46086,0,1.46553,0,1.46827,0,1.47125,0,1.47916,0,1.48152,0,1.47953,0,1.47849,0,1.4775,0,1.4954,0,1.49374,0,1.5102,0,1.51197,0,1.51083,0,1.51219,0,1.52143,0,1.5195,0,1.52157,0,1.52443,0,1.5268,0,1.53249,0,1.53187,0,1.53462,0,1.54091,0,1.54109,0,1.53787,0,1.53707,0,1.54378,0,1.54762,0,1.54904,0,1.54844,0,1.54579,0,1.54442,0,1.55205,0,1.56434,0,1.56811,0,1.56743,0,1.56773,0,1.56837,0,1.56519,0,1.56558,0,1.57147,0,1.57592,0,1.57642,0,1.58787,0,1.58683,0,1.58307,0,1.59312,0,1.59301,0,1.59021,0,1.59098,0,1.59111,0,1.59133,0,1.59287,0,1.5943,0,1.59799,0,1.60599,0,1.60866,0,1.60825,0,1.61057,0,1.61446,0,1.61482,0,1.61609,0,1.6145,0,1.61785,0,1.61563,0,1.61364,0,1.61272,0,1.61621,0,1.61337,0,1.61959,0,1.61773,0,1.61625,0,1.61577,0,1.61834,0,1.81737,0,1.6428,0,1.64103,0,1.63863,0,1.63732,0,1.63834,0,1.63665,0,1.63509,0,1.64099,0,1.64105,0,1.63375,0,1.64432,0,1.64316,0,1.64147,0,1.63494,0,1.63624,0,1.63897,0,1.6224,0,1.62155,0,1.62185,0,1.6153,0,1.61246,0,1.61121,0,1.61633,0,1.61793,0,1.61764,0,1.61819,0,1.61897,0,1.61594,0,1.61545,0,1.62335,0,1.62454,0,1.63247,0,1.6371,0,1.63735,0,1.64607,0,1.65135,0,1.65428,0,1.6606,0,1.65882,0,1.65778,0,1.65664,0,1.65822,0,1.65696,0,1.65716,0,1.65964,0,1.65823,0,2.02987,0,1.81112,0,2.00579,0,1.66866,0,1.67675,0,1.67758,0,1.68712,0,1.68586,0,1.68358,0,1.68531,0,1.68306,0,1.68486,0,1.68063,0,1.67865,0,1.67567,0,1.68952,0,1.68848,0,1.68692,0,1.69002,0,1.69056,0,1.69379,0,1.69733,0,1.70077,0,1.70024,0,1.6972,0,1.7002,0,1.70053,0,1.70762,0,1.71003,0,1.71494,0,1.70784,0,1.70942,0,1.71061,0,1.70831,0,1.71109,0,1.70993,0,1.70886,0,1.71442,0,1.71925,0,1.71495,0,1.7146,0,1.71396,0,1.71478,0,1.72062,0,1.72323,0,1.72211,0,1.72927,0,1.72818,0,1.73283,0,1.73714,0,1.73927,0,1.73142,0,1.73633,0,1.73537,0,1.74851,0,1.74819,0,1.74745,0,1.74679,0,1.74536,0,1.74665,0,1.75832,0,1.76249,0,1.76223,0,1.76903,0,1.76596,0,1.77221,0,1.77048,0,1.77179,0,1.78492,0,1.78252,0,1.78788,0,1.79243,0,1.79696,0,1.79905,0,1.80568,0,1.81009,0,1.80835,0,1.81376,0,1.818,0,1.81626,0,1.81701,0,1.81535,0,1.81758,0,1.82445,0,1.82875,0,1.83106,0,1.83417,0,1.83225,0,1.83732,0,1.83844,0,1.83875,0,1.84127,0,1.84342,0,1.85116,0,1.8515,0,1.84756,0,1.8563,0,1.85702,0,1.85439,0,1.85568,0,1.86064,0,1.85655,0,1.85776,0,1.86252,0,1.87218,0,1.87153,0,1.87067,0,1.86844,0,1.87027,0,1.86875,0,1.8674,0,1.86262,0,1.86266,0,1.86873,0
0,0,0,0,0,0,0,0,0,0,0,0,0,0,0,0,0,0,0,0,0,0,0,0,0,0,0,0,0,0,0,0,0,0,0,0,0,0,0,0,0,0,0,0,0,0,0,0,0,0,0,0,0,0,0,0,0,0,0,0,0,0,0,0,0,0,0,0,0,0,0,0,0,0,0,0,0,0,0,0,0,0,0,0,0,0,0,0,0,0,0,0,0,0,0,0,0,0,0,0,0,0,0,0,0,0,0,0,0,0,0,0,0,0,0,0,0,0,0,0,0,0,0,0,0,0,0,0,0,0,0,0,0,0,0,0,0,0,0,0,0,0,0,0,0,0,0,0,0,0,0,0,0,0,0,0,0,0,0,0,0,0,0,0,0,0,0,0,0,0,0,0,0,0,0,0,0,0,0,0,0,0,0,0,0,0,0,0,0,0,0,0,0,0,0,0,0,0,0,0,0,0,0,0,0,0,0,0,0,0,0,0,0,0,0,0,0,0,0,0,0,0,0,0,0,0,0,0,0,0,0,0,0,0,0,0,0,0,0,0,0,0,0,0,0,0,0,0,0,0,0,0,0,0,0,0,0,0,0,0,0,0,0,0,0,0,0,0,0,0,0,0,0,0,0,0,0,0,0,0,0,0,0,0,0,0,0,0,0,0,0,0,0,0,0,0,0,0,0,0,0,0,0,0,0,0,0,0,0,0,0,0,0,0,0,0,0,0,0,0,0,0,0,0,0,0,0,0,0,0,0,0,0,0,0,0,0,0,0,0,0,0,0,0,0,0,0,0,0,0,0,0,0,0,0,0,0,0,0,0,0,0,0,0,0,0,0,0,0,0,0,0,0,0,0,0,0,0,0,0,0,0,0,0,0,0,0,0,0,0,0,0,0,0,0,0,0,0,0,0,0,0,0,0,0,0,0,0,0,0,0,0,0,0,0,0,0,0,0,0,0,0,0,0,0,0,0,0,0,0,0,0,0,0,0,0,0,0,0,0,0,0,0,0,0,0,0,0,0,0,0,0,0,0,0,0,0,0,0,0,0,0,0,0,0,0,0,0,0,0,0,0,0,0,0,0,0,0,0,0,0,0,0,0,0,0,0,0,0,0,0,0,0,0,0,0,0,0,0,0,0,0,0,0,0,0,0,0,0,0,0,0,0,0,0,0,0,0,0,0,0,0,0,0,0,0,0,0,0,0,0,0,0,0,0,0,0,0,0,0,0,0,0,0,0,0,0,0,0,0,0,0,0,0,0,0,0,0,0,0,0,0,0,0,0,0,0,0,0,0,0,0,0,0,0,0,0,0,0,0,0,0,0,0,0,0,0,0,0,0,0,0,0,0,0,0,0,0,0,0
1.23598,0,1.23922,0,1.24462,0,1.24692,0,1.25698,0,1.25679,0,1.26215,0,1.26425,0,1.27088,0,1.27174,0,1.27267,0,1.27691,0,1.28398,0,1.28378,0,1.28773,0,1.29454,0,1.54661,0,1.32766,0,1.32957,0,1.32958,0,1.33549,0,1.33944,0,1.34461,0,1.34346,0,1.36038,0,1.36016,0,1.36731,0,1.37205,0,1.37517,0,1.38177,0,1.38288,0,1.39177,0,1.39516,0,1.40059,0,1.40184,0,1.41113,0,1.52001,0,1.63422,0,1.54435,0,1.43698,0,1.44458,0,1.44507,0,1.44755,0,1.44867,0,1.44843,0,1.44826,0,1.44885,0,1.44885,0,1.45332,0,1.45182,0,1.45659,0,1.46411,0,1.44773,0,1.44376,0,1.44402,0,1.57442,0,1.46788,0,1.45707,0,1.45479,0,1.45726,0,1.45356,0,1.45341,0,1.46057,0,1.46167,0,1.46299,0,1.46368,0,1.47068,0,1.47116,0,1.4706,0,1.47933,0,1.47946,0,1.49086,0,1.48703,0,1.50603,0,1.50296,0,1.50945,0,1.50675,0,1.50694,0,1.50472,0,1.51003,0,1.51328,0,1.5125,0,1.51974,0,1.52809,0,1.52622,0,1.53178,0,1.53334,0,1.53449,0,1.53675,0,1.53801,0,1.53608,0,1.53702,0,1.54771,0,1.54891,0,1.54881,0,1.54677,0,1.547,0,1.54407,0,1.55782,0,1.55774,0,1.55679,0,1.55993,0,1.5622,0,1.56852,0,1.5673,0,1.57486,0,1.57822,0,1.57883,0,1.57799,0,1.58338,0,1.58739,0,1.59095,0,1.59181,0,1.59685,0,1.59565,0,1.59096,0,1.59094,0,1.59084,0,1.59668,0,1.59602,0,1.59595,0,1.60361,0,1.60359,0,1.60108,0,1.61025,0,1.6107,0,1.61746,0,1.61835,0,1.61543,0,1.61211,0,1.61435,0,1.61297,0,1.60951,0,1.61042,0,1.61201,0,1.61034,0,1.61527,0,1.61216,0,1.60912,0,1.62244,0,1.62249,0,1.6552,0,1.62294,0,1.63753,0,1.61731,0,1.61575,0,1.61892,0,1.61477,0,1.61575,0,1.61517,0,1.60864,0,1.6059,0,1.61003,0,1.60986,0,1.60805,0,1.61118,0,1.6069,0,1.60724,0,1.60773,0,1.60707,0,1.60566,0,1.60985,0,1.6085,0,1.60964,0,1.61476,0,1.61589,0,1.61106,0,1.61045,0,1.6082,0,1.60769,0,1.62229,0,1.63493,0,1.63633,0,1.63822,0,1.643,0,1.71052,0,1.65769,0,1.65695,0,1.65559,0,1.65585,0,1.65346,0,1.65722,0,1.65745,0,1.6543,0,1.65244,0,1.64816,0,1.64607,0,1.66137,0,1.66198,0,2.00307,0,1.67592,0,1.67433,0,1.6717,0,1.67452,0,1.67886,0,1.67791,0,1.68041,0,1.68107,0,1.68067,0,1.6812,0,1.67946,0,1.67994,0,1.68331,0,1.68355,0,1.68286,0,1.68992,0,1.69352,0,1.69836,0,1.70195,0,1.69923,0,1.70279,0,1.70027,0,1.69839,0,1.69393,0,1.6951,0,1.70083,0,1.69595,0,1.69719,0,1.69976,0,1.70666,0,1.70722,0,1.70536,0,1.7065,0,1.70609,0,1.70568,0,1.70949,0,1.70843,0,1.71353,0,1.71225,0,1.71329,0,1.71551,0,1.71952,0,1.7168,0,1.71604,0,1.72449,0,1.72339,0,1.7271,0,1.73204,0,1.73222,0,1.73685,0,1.7356,0,1.74278,0,1.74267,0,1.74425,0,1.74171,0,1.75075,0,1.74969,0,1.75799,0,1.75985,0,1.76191,0,1.768,0,1.76894,0,1.77597,0,1.77756,0,1.77858,0,1.77809,0,1.78906,0,1.79194,0,1.79523,0,1.7967,0,1.79951,0,1.80462,0,1.81392,0,1.80993,0,1.81471,0,1.81302,0,1.82327,0,1.81716,0,1.81714,0,1.81792,0,1.82284,0,1.8296,0,1.82765,0,1.82923,0,1.82772,0,1.84073,0,1.83694,0,1.84202,0,1.84186,0,1.84366,0,1.84061,0,1.84501,0,1.84703,0,1.84569,0,1.85477,0,1.85206,0,1.85735,0,1.85457,0,1.85601,0,1.85511,0,1.85971,0,1.86396,0,1.86248,0,1.85963,0,1.86508,0,1.86698,0,1.86497,0,1.86373,0,1.86375,0,1.86224,0
0,0,0,0,0,0,0,0,0,0,0,0,0,0,0,0,0,0,0,0,0,0,0,0,0,0,0,0,0,0,0,0,0,0,0,0,0,0,0,0,0,0,0,0,0,0,0,0,0,0,0,0,0,0,0,0,0,0,0,0,0,0,0,0,0,0,0,0,0,0,0,0,0,0,0,0,0,0,0,0,0,0,0,0,0,0,0,0,0,0,0,0,0,0,0,0,0,0,0,0,0,0,0,0,0,0,0,0,0,0,0,0,0,0,0,0,0,0,0,0,0,0,0,0,0,0,0,0,0,0,0,0,0,0,0,0,0,0,0,0,0,0,0,0,0,0,0,0,0,0,0,0,0,0,0,0,0,0,0,0,0,0,0,0,0,0,0,0,0,0,0,0,0,0,0,0,0,0,0,0,0,0,0,0,0,0,0,0,0,0,0,0,0,0,0,0,0,0,0,0,0,0,0,0,0,0,0,0,0,0,0,0,0,0,0,0,0,0,0,0,0,0,0,0,0,0,0,0,0,0,0,0,0,0,0,0,0,0,0,0,0,0,0,0,0,0,0,0,0,0,0,0,0,0,0,0,0,0,0,0,0,0,0,0,0,0,0,0,0,0,0,0,0,0,0,0,0,0,0,0,0,0,0,0,0,0,0,0,0,0,0,0,0,0,0,0,0,0,0,0,0,0,0,0,0,0,0,0,0,0,0,0,0,0,0,0,0,0,0,0,0,0,0,0,0,0,0,0,0,0,0,0,0,0,0,0,0,0,0,0,0,0,0,0,0,0,0,0,0,0,0,0,0,0,0,0,0,0,0,0,0,0,0,0,0,0,0,0,0,0,0,0,0,0,0,0,0,0,0,0,0,0,0,0,0,0,0,0,0,0,0,0,0,0,0,0,0,0,0,0,0,0,0,0,0,0,0,0,0,0,0,0,0,0,0,0,0,0,0,0,0,0,0,0,0,0,0,0,0,0,0,0,0,0,0,0,0,0,0,0,0,0,0,0,0,0,0,0,0,0,0,0,0,0,0,0,0,0,0,0,0,0,0,0,0,0,0,0,0,0,0,0,0,0,0,0,0,0,0,0,0,0,0,0,0,0,0,0,0,0,0,0,0,0,0,0,0,0,0,0,0,0,0,0,0,0,0,0,0,0,0,0,0,0,0,0,0,0,0,0,0,0,0,0,0,0,0,0,0,0,0,0,0,0,0,0,0,0,0,0,0,0,0,0,0,0,0,0,0,0,0,0,0,0,0,0,0,0,0,0,0,0,0,0,0,0,0,0,0,0,0,0,0,0,0,0,0,0,0,0,0,0,0,0,0,0,0,0,0,0,0,0,0,0,0,0,0,0,0,0
1.23584,0,1.24133,0,1.24671,0,1.25219,0,1.25505,0,1.26135,0,1.26588,0,1.26593,0,1.26947,0,1.27298,0,1.2773,0,1.27822,0,1.28199,0,1.54143,0,1.2896,0,1.3012,0,1.32072,0,1.32079,0,1.31957,0,1.32406,0,1.33702,0,1.33946,0,1.34519,0,1.34895,0,1.35587,0,1.35781,0,1.36454,0,1.37496,0,1.37509,0,1.38213,0,1.3816,0,1.38495,0,1.3943,0,1.39592,0,1.40751,0,1.64898,0,1.63158,0,1.436,0,1.4357,0,1.68161,0,1.44777,0,1.44572,0,1.44976,0,1.44728,0,1.44662,0,1.43806,0,1.43856,0,1.44764,0,1.44691,0,1.44668,0,1.48987,0,1.42339,0,1.42109,0,1.42282,0,1.42752,0,1.57633,0,1.43957,0,1.45366,0,1.45719,0,1.45612,0,1.45511,0,1.46297,0,1.46242,0,1.45816,0,1.45606,0,1.46605,0,1.46574,0,1.47055,0,1.47135,0,1.48518,0,1.49022,0,1.49363,0,1.49322,0,1.49842,0,1.50059,0,1.5,0,1.50507,0,1.50722,0,1.50739,0,1.50922,0,1.5096,0,1.51047,0,1.51365,0,1.52249,0,1.52309,0,1.52465,0,1.52294,0,1.52251,0,1.52353,0,1.52335,0,1.52643,0,1.53332,0,1.53123,0,1.53592,0,1.53749,0,1.53557,0,1.54384,0,1.54259,0,1.54931,0,1.54791,0,1.55747,0,1.55928,0,1.56732,0,1.56657,0,1.56794,0,1.56939,0,1.56986,0,1.5856,0,1.58317,0,1.58252,0,1.58509,0,1.58793,0,1.58863,0,1.58923,0,1.59116,0,1.58768,0,1.58794,0,1.58357,0,1.58942,0,1.58424,0,1.59301,0,1.59711,0,1.59509,0,1.59346,0,1.60124,0,1.60348,0,1.60504,0,1.60647,0,1.60543,0,1.60727,0,1.60755,0,1.604,0,1.60201,0,1.60511,0,1.60553,0,1.60041,0,1.60104,0,1.60349,0,1.6065,0,1.6045,0,1.60286,0,0.00410392,0,1.60913,0,1.60411,0,1.59946,0,1.60116,0,1.60458,0,1.6027,0,1.60473,0,1.61009,0,1.60942,0,1.60753,0,1.60856,0,1.60981,0,1.60686,0,1.60682,0,1.60819,0,1.60649,0,1.60381,0,1.60865,0,1.6089,0,1.60796,0,1.60632,0,1.60597,0,1.60304,0,1.60967,0,1.60967,0,1.60666,0,1.6062,0,1.61427,0,1.62066,0,1.63115,0,1.63662,0,1.63689,0,1.64045,0,1.64274,0,1.6494,0,1.65424,0,1.65192,0,1.65031,0,1.65132,0,1.64641,0,1.64794,0,1.64709,0,1.64518,0,1.64498,0,1.64834,0,1.65492,0,1.65724,0,1.6567,0,1.66186,0,1.6537,0,1.65659,0,1.65619,0,1.66256,0,1.66545,0,1.6668,0,1.66707,0,1.66426,0,1.66306,0,1.66554,0,1.66904,0,1.66851,0,1.67669,0,1.67466,0,1.68144,0,1.68845,0,1.68593,0,1.68741,0,1.6897,0,1.69135,0,1.68923,0,1.6969,0,1.69487,0,1.69086,0,1.69277,0,1.69274,0,1.68846,0,1.69268,0,1.68756,0,1.68768,0,1.69949,0,1.70106,0,1.69919,0,1.70308,0,1.69892,0,1.69836,0,1.6977,0,1.70255,0,1.70274,0,1.70675,0,1.70723,0,1.71739,0,1.71738,0,1.72147,0,1.72816,0,1.72437,0,1.73039,0,1.72897,0,1.73335,0,1.73344,0,1.73787,0,1.73614,0,1.74805,0,1.74405,0,1.74238,0,1.74796,0,1.75214,0,1.75094,0,1.76802,0,1.76528,0,1.77333,0,1.77782,0,1.77376,0,1.78124,0,1.77925,0,1.78873,0,1.78525,0,1.79632,0,1.79389,0,1.79929,0,1.79672,0,1.80206,0,1.80247,0,1.80686,0,1.80728,0,1.80647,0,1.80748,0,1.81891,0,1.81767,0,1.81628,0,1.82235,0,1.82588,0,1.8278,0,1.82587,0,1.83074,0,1.83346,0,1.83286,0,1.83157,0,1.83904,0,1.83829,0,1.83885,0,1.84194,0,1.84261,0,1.84206,0,1.84288,0,1.84804,0,1.8496,0,1.84795,0,1.85098,0,1.85208,0,1.85448,0,1.85964,0,1.85691,0,1.86195,0,1.86591,0,1.86621,0,1.86378,0,1.86521,0,1.86578,0
0,0,0,0,0,0,0,0,0,0,0,0,0,0,0,0,0,0,0,0,0,0,0,0,0,0,0,0,0,0,0,0,0,0,0,0,0,0,0,0,0,0,0,0,0,0,0,0,0,0,0,0,0,0,0,0,0,0,0,0,0,0,0,0,0,0,0,0,0,0,0,0,0,0,0,0,0,0,0,0,0,0,0,0,0,0,0,0,0,0,0,0,0,0,0,0,0,0,0,0,0,0,0,0,0,0,0,0,0,0,0,0,0,0,0,0,0,0,0,0,0,0,0,0,0,0,0,0,0,0,0,0,0,0,0,0,0,0,0,0,0,0,0,0,0,0,0,0,0,0,0,0,0,0,0,0,0,0,0,0,0,0,0,0,0,0,0,0,0,0,0,0,0,0,0,0,0,0,0,0,0,0,0,0,0,0,0,0,0,0,0,0,0,0,0,0,0,0,0,0,0,0,0,0,0,0,0,0,0,0,0,0,0,0,0,0,0,0,0,0,0,0,0,0,0,0,0,0,0,0,0,0,0,0,0,0,0,0,0,0,0,0,0,0,0,0,0,0,0,0,0,0,0,0,0,0,0,0,0,0,0,0,0,0,0,0,0,0,0,0,0,0,0,0,0,0,0,0,0,0,0,0,0,0,0,0,0,0,0,0,0,0,0,0,0,0,0,0,0,0,0,0,0,0,0,0,0,0,0,0,0,0,0,0,0,0,0,0,0,0,0,0,0,0,0,0,0,0,0,0,0,0,0,0,0,0,0,0,0,0,0,0,0,0,0,0,0,0,0,0,0,0,0,0,0,0,0,0,0,0,0,0,0,0,0,0,0,0,0,0,0,0,0,0,0,0,0,0,0,0,0,0,0,0,0,0,0,0,0,0,0,0,0,0,0,0,0,0,0,0,0,0,0,0,0,0,0,0,0,0,0,0,0,0,0,0,0,0,0,0,0,0,0,0,0,0,0,0,0,0,0,0,0,0,0,0,0,0,0,0,0,0,0,0,0,0,0,0,0,0,0,0,0,0,0,0,0,0,0,0,0,0,0,0,0,0,0,0,0,0,0,0,0,0,0,0,0,0,0,0,0,0,0,0,0,0,0,0,0,0,0,0,0,0,0,0,0,0,0,0,0,0,0,0,0,0,0,0,0,0,0,0,0,0,0,0,0,0,0,0,0,0,0,0,0,0,0,0,0,0,0,0,0,0,0,0,0,0,0,0,0,0,0,0,0,0,0,0,0,0,0,0,0,0,0,0,0,0,0,0,0,0,0,0,0,0,0,0,0,0,0,0,0,0,0,0,0,0,0,0,0,0,0,0,0,0,0,0,0,0,0,0,0,0,0,0,0,0,0,0
1.24727,0,1.24703,0,1.24713,0,1.25494,0,1.25245,0,1.2578,0,1.26032,0,1.26417,0,1.27236,0,1.2816,0,1.28265,0,1.28554,0,1.28733,0,1.29277,0,1.29884,0,1.30547,0,1.30621,0,1.3194,0,1.32078,0,1.33098,0,1.33302,0,1.33921,0,1.34412,0,1.34502,0,1.43739,0,1.36103,0,1.36155,0,1.36696,0,1.37145,0,1.37873,0,1.38253,0,1.39215,0,1.39378,0,1.39608,0,1.40914,0,1.41192,0,1.42621,0,1.43403,0,1.44299,0,1.44282,0,1.44375,0,1.44301,0,1.4399,0,1.43109,0,1.42971,0,1.4281,0,1.42949,0,1.42934,0,1.43242,0,1.42845,0,1.4238,0,1.42214,0,1.42038,0,1.41919,0,1.42319,0,1.43036,0,1.44045,0,1.44705,0,1.45396,0,1.45441,0,1.45307,0,1.45704,0,1.45815,0,1.4592,0,1.45871,0,1.45621,0,1.4638,0,1.46586,0,1.47298,0,1.47311,0,1.48036,0,1.48007,0,1.48841,0,1.4892,0,1.49622,0,1.49386,0,1.50096,0,1.50947,0,1.50724,0,1.5069,0,1.50679,0,1.51693,0,1.51576,0,1.51787,0,1.51805,0,1.5177,0,1.51636,0,1.52467,0,1.52394,0,1.52369,0,1.52378,0,1.52389,0,1.53117,0,1.53484,0,1.54074,0,1.53997,0,1.53889,0,1.53976,0,1.54552,0,1.54361,0,1.55409,0,1.56309,0,1.56127,0,1.56401,0,1.56355,0,1.57323,0,1.57288,0,1.57938,0,1.57657,0,1.58591,0,1.59238,0,1.5738,0,1.58177,0,1.58252,0,1.57937,0,1.57249,0,1.57396,0,1.57682,0,1.58142,0,1.58094,0,1.58325,0,1.58891,0,1.59257,0,1.59451,0,1.59481,0,1.59649,0,1.59734,0,1.59889,0,1.60345,0,1.6027,0,1.59283,0,1.59624,0,1.59702,0,1.59621,0,1.59967,0,1.59874,0,1.59671,0,1.59506,0,1.58923,0,1.58917,0,1.58656,0,1.57946,0,1.58016,0,1.5785,0,1.58861,0,1.5898,0,1.59368,0,1.59772,0,1.59978,0,1.5985,0,1.5973,0,1.60792,0,1.61022,0,1.61058,0,1.60371,0,1.602,0,1.59794,0,1.59676,0,1.59278,0,1.5971,0,1.60638,0,1.60681,0,1.60528,0,1.60413,0,1.60205,0,1.60258,0,1.60912,0,1.60619,0,1.61165,0,1.61109,0,1.61748,0,1.61827,0,1.63156,0,1.62976,0,1.6446,0,1.64185,0,1.64137,0,1.64112,0,1.6403,0,1.63826,0,1.63827,0,1.63593,0,1.64038,0,1.64089,0,1.64364,0,1.64345,0,1.64794,0,1.64892,0,1.65154,0,1.65237,0,1.64956,0,1.65067,0,2.10245,0,2.10009,0,1.6458,0,1.65803,0,1.66055,0,1.65556,0,1.6611,0,1.66136,0,1.65064,0,1.65184,0,1.6606,0,1.66468,0,1.67265,0,1.67221,0,1.67599,0,1.67689,0,1.67853,0,1.6758,0,1.67312,0,1.67017,0,1.67264,0,1.67225,0,1.67725,0,1.67856,0,1.68273,0,1.68122,0,1.68214,0,1.68362,0,1.68569,0,1.69203,0,1.68914,0,1.68774,0,1.68695,0,1.69177,0,1.69568,0,1.70082,0,1.69999,0,1.69821,0,1.70874,0,1.70965,0,1.70898,0,1.72008,0,1.71846,0,1.72376,0,1.72209,0,1.7236,0,1.72732,0,1.72866,0,1.73208,0,1.73302,0,1.73371,0,1.73378,0,1.751,0,1.75033,0,1.75419,0,1.75755,0,1.76489,0,1.76437,0,1.76656,0,1.77027,0,1.76839,0,1.77764,0,1.77977,0,1.78227,0,1.78319,0,1.78382,0,1.79219,0,1.7908,0,1.79323,0,1.79641,0,1.80406,0,1.80308,0,1.80313,0,1.80671,0,1.80526,0,1.81297,0,1.81142,0,1.81048,0,1.8164,0,1.8262,0,1.82328,0,1.81697,0,1.82259,0,1.82981,0,1.83061,0,1.83019,0,1.82868,0,1.83376,0,1.8405,0,1.83596,0,1.83944,0,1.84206,0,1.84296,0,1.84486,0,1.84329,0,1.84996,0,1.84751,0,1.85271,0,1.83152,0,1.83096,0,1.83082,0,1.83207,0,1.83596,0,1.83766,0,1.83938,0,1.84316,0,1.84301,0,1.84787,0
0,0,0,0,0,0,0,0,0,0,0,0,0,0,0,0,0,0,0,0,0,0,0,0,0,0,0,0,0,0,0,0,0,0,0,0,0,0,0,0,0,0,0,0,0,0,0,0,0,0,0,0,0,0,0,0,0,0,0,0,0,0,0,0,0,0,0,0,0,0,0,0,0,0,0,0,0,0,0,0,0,0,0,0,0,0,0,0,0,0,0,0,0,0,0,0,0,0,0,0,0,0,0,0,0,0,0,0,0,0,0,0,0,0,0,0,0,0,0,0,0,0,0,0,0,0,0,0,0,0,0,0,0,0,0,0,0,0,0,0,0,0,0,0,0,0,0,0,0,0,0,0,0,0,0,0,0,0,0,0,0,0,0,0,0,0,0,0,0,0,0,0,0,0,0,0,0,0,0,0,0,0,0,0,0,0,0,0,0,0,0,0,0,0,0,0,0,0,0,0,0,0,0,0,0,0,0,0,0,0,0,0,0,0,0,0,0,0,0,0,0,0,0,0,0,0,0,0,0,0,0,0,0,0,0,0,0,0,0,0,0,0,0,0,0,0,0,0,0,0,0,0,0,0,0,0,0,0,0,0,0,0,0,0,0,0,0,0,0,0,0,0,0,0,0,0,0,0,0,0,0,0,0,0,0,0,0,0,0,0,0,0,0,0,0,0,0,0,0,0,0,0,0,0,0,0,0,0,0,0,0,0,0,0,0,0,0,0,0,0,0,0,0,0,0,0,0,0,0,0,0,0,0,0,0,0,0,0,0,0,0,0,0,0,0,0,0,0,0,0,0,0,0,0,0,0,0,0,0,0,0,0,0,0,0,0,0,0,0,0,0,0,0,0,0,0,0,0,0,0,0,0,0,0,0,0,0,0,0,0,0,0,0,0,0,0,0,0,0,0,0,0,0,0,0,0,0,0,0,0,0,0,0,0,0,0,0,0,0,0,0,0,0,0,0,0,0,0,0,0,0,0,0,0,0,0,0,0,0,0,0,0,0,0,0,0,0,0,0,0,0,0,0,0,0,0,0,0,0,0,0,0,0,0,0,0,0,0,0,0,0,0,0,0,0,0,0,0,0,0,0,0,0,0,0,0,0,0,0,0,0,0,0,0,0,0,0,0,0,0,0,0,0,0,0,0,0,0,0,0,0,0,0,0,0,0,0,0,0,0,0,0,0,0,0,0,0,0,0,0,0,0,0,0,0,0,0,0,0,0,0,0,0,0,0,0,0,0,0,0,0,0,0,0,0,0,0,0,0,0,0,0,0,0,0,0,0,0,0,0,0,0,0,0,0,0,0,0,0,0,0,0,0,0,0,0,0,0,0,0,0,0,0,0,0,0,0,0,0,0
1.24141,0,1.24837,0,1.2482,0,1.25285,0,1.2524,0,1.25433,0,1.26125,0,1.2618,0,1.26975,0,1.27561,0,1.28216,0,1.2873,0,1.29444,0,1.29408,0,1.2986,0,1.54517,0,1.30863,0,1.31693,0,1.43981,0,1.33122,0,1.3325,0,1.34009,0,1.34129,0,1.34112,0,1.42424,0,1.35761,0,1.36314,0,1.36385,0,1.36966,0,1.37851,0,1.38721,0,1.38772,0,1.39896,0,1.39715,0,1.40569,0,1.40608,0,1.40934,0,1.41707,0,1.44851,0,1.46834,0,1.4344,0,1.43447,0,1.43537,0,1.43376,0,1.42504,0,1.41992,0,1.41796,0,1.42089,0,1.43383,0,1.4204,0,1.4193,0,1.41761,0,1.41513,0,1.41541,0,1.41643,0,1.429,0,1.43061,0,1.44714,0,1.4478,0,1.45192,0,1.45279,0,1.45353,0,1.45426,0,1.4555,0,1.45596,0,1.4554,0,1.46036,0,1.46624,0,1.46429,0,1.4716,0,1.47084,0,1.47092,0,1.47538,0,1.48163,0,1.48087,0,1.48124,0,1.49144,0,1.49231,0,1.49763,0,1.50403,0,1.5058,0,1.63021,0,1.76065,0,1.51959,0,1.5111,0,1.51371,0,1.51381,0,1.51601,0,1.51487,0,1.51846,0,1.51903,0,1.52718,0,1.52776,0,1.53079,0,1.53465,0,1.53403,0,1.53519,0,1.53721,0,1.54244,0,1.5446,0,1.54755,0,1.54714,0,1.64236,0,1.65144,0,1.56589,0,1.57165,0,1.57341,0,1.57649,0,1.5715,0,1.57171,0,1.57069,0,1.56878,0,1.56765,0,1.56688,0,1.57128,0,1.57457,0,1.57142,0,1.57075,0,1.57035,0,1.57523,0,1.57488,0,1.58189,0,1.58285,0,1.5879,0,1.58979,0,1.59682,0,1.60058,0,1.60015,0,1.59926,0,1.5967,0,1.59228,0,1.58953,0,1.58827,0,1.5902,0,1.58961,0,1.59082,0,1.58717,0,1.58313,0,1.58185,0,1.58173,0,1.57217,0,1.57054,0,1.57205,0,1.5694,0,1.57153,0,1.56869,0,1.56946,0,1.56547,0,1.57608,0,1.70997,0,1.7204,0,1.73333,0,1.5838,0,1.58335,0,1.58377,0,1.58506,0,1.58614,0,1.58405,0,1.58398,0,1.58517,0,1.69213,0,1.59974,0,1.60138,0,1.60328,0,1.60525,0,1.60516,0,1.60616,0,1.6055,0,1.60313,0,1.6052,0,1.79524,0,1.62036,0,1.62275,0,1.62261,0,1.61968,0,1.6208,0,1.62357,0,1.63346,0,1.63703,0,1.63449,0,1.64026,0,1.6379,0,1.63867,0,1.64681,0,1.63859,0,1.63855,0,1.64227,0,1.64487,0,1.64301,0,1.64222,0,1.63862,0,1.64281,0,1.64272,0,1.64462,0,1.65426,0,1.65233,0,1.65768,0,1.65426,0,1.65178,0,1.65132,0,1.65011,0,1.64977,0,1.65183,0,1.65257,0,1.6611,0,1.65621,0,1.65989,0,1.65959,0,1.66508,0,1.66254,0,1.66107,0,1.66964,0,1.66614,0,1.67146,0,1.67495,0,1.67594,0,1.67639,0,1.67691,0,1.67856,0,1.68259,0,1.68168,0,1.68588,0,1.68675,0,1.68713,0,1.68832,0,1.68861,0,1.6942,0,1.69341,0,1.70072,0,1.7004,0,1.7054,0,1.70498,0,1.71001,0,1.71404,0,1.71312,0,1.71615,0,1.72003,0,1.72381,0,1.72464,0,1.72503,0,1.73393,0,1.73993,0,1.74529,0,1.74357,0,1.74541,0,1.7526,0,1.75436,0,1.7592,0,1.76479,0,1.76328,0,1.76312,0,1.76643,0,1.77019,0,1.76768,0,1.76809,0,1.78187,0,1.776,0,1.78207,0,1.78392,0,1.7918,0,1.79865,0,1.79556,0,1.80447,0,1.80246,0,1.79856,0,1.80728,0,1.80587,0,1.80408,0,1.81212,0,1.8126,0,1.8145,0,1.81641,0,1.81505,0,1.81873,0,1.81755,0,1.81793,0,1.82064,0,2.37075,0,1.82897,0,1.82212,0,1.82126,0,1.81958,0,1.81634,0,1.81936,0,1.81646,0,1.82044,0,1.81968,0,1.82226,0,1.82829,0,1.83415,0,1.83246,0,1.83215,0,1.83173,0,1.83309,0,1.83538,0,1.83158,0,1.83762,0,1.84091,0,1.84571,0,1.84538,0
0,0,0,0,0,0,0,0,0,0,0,0,0,0,0,0,0,0,0,0,0,0,0,0,0,0,0,0,0,0,0,0,0,0,0,0,0,0,0,0,0,0,0,0,0,0,0,0,0,0,0,0,0,0,0,0,0,0,0,0,0,0,0,0,0,0,0,0,0,0,0,0,0,0,0,0,0,0,0,0,0,0,0,0,0,0,0,0,0,0,0,0,0,0,0,0,0,0,0,0,0,0,0,0,0,0,0,0,0,0,0,0,0,0,0,0,0,0,0,0,0,0,0,0,0,0,0,0,0,0,0,0,0,0,0,0,0,0,0,0,0,0,0,0,0,0,0,0,0,0,0,0,0,0,0,0,0,0,0,0,0,0,0,0,0,0,0,0,0,0,0,0,0,0,0,0,0,0,0,0,0,0,0,0,0,0,0,0,0,0,0,0,0,0,0,0,0,0,0,0,0,0,0,0,0,0,0,0,0,0,0,0,0,0,0,0,0,0,0,0,0,0,0,0,0,0,0,0,0,0,0,0,0,0,0,0,0,0,0,0,0,0,0,0,0,0,0,0,0,0,0,0,0,0,0,0,0,0,0,0,0,0,0,0,0,0,0,0,0,0,0,0,0,0,0,0,0,0,0,0,0,0,0,0,0,0,0,0,0,0,0,0,0,0,0,0,0,0,0,0,0,0,0,0,0,0,0,0,0,0,0,0,0,0,0,0,0,0,0,0,0,0,0,0,0,0,0,0,0,0,0,0,0,0,0,0,0,0,0,0,0,0,0,0,0,0,0,0,0,0,0,0,0,0,0,0,0,0,0,0,0,0,0,0,0,0,0,0,0,0,0,0,0,0,0,0,0,0,0,0,0,0,0,0,0,0,0,0,0,0,0,0,0,0,0,0,0,0,0,0,0,0,0,0,0,0,0,0,0,0,0,0,0,0,0,0,0,0,0,0,0,0,0,0,0,0,0,0,0,0,0,0,0,0,0,0,0,0,0,0,0,0,0,0,0,0,0,0,0,0,0,0,0,0,0,0,0,0,0,0,0,0,0,0,0,0,0,0,0,0,0,0,0,0,0,0,0,0,0,0,0,0,0,0,0,0,0,0,0,0,0,0,0,0,0,0,0,0,0,0,0,0,0,0,0,0,0,0,0,0,0,0,0,0,0,0,0,0,0,0,0,0,0,0,0,0,0,0,0,0,0,0,0,0,0,0,0,0,0,0,0,0,0,0,0,0,0,0,0,0,0,0,0,0,0,0,0,0,0,0,0,0,0,0,0,0,0,0,0,0,0,0,0,0,0,0,0,0,0,0,0,0,0,0,0,0,0,0,0,0,0,0,0,0,0,0,0,0,0,0
1.2417,0,1.2482,0,1.24795,0,1.24938,0,1.24858,0,1.25408,0,1.25585,0,1.2637,0,1.27053,0,1.28082,0,1.28737,0,1.28482,0,1.51981,0,1.29922,0,1.30104,0,1.30528,0,1.5331,0,1.33293,0,1.33128,0,1.33621,0,1.33594,0,1.33385,0,1.33492,0,1.38167,0,1.44727,0,1.39285,0,1.39948,0,1.46571,0,0.0042827,0,1.4186,0,1.41878,0,1.43016,0,1.43233,0,1.38396,0,1.44924,0,1.53309,0,1.46077,0,1.468,0,1.48209,0,1.41572,0,1.42312,0,1.53868,0,1.45525,0,1.4482,0,1.47567,0,1.43706,0,1.41399,0,1.41201,0,1.43087,0,1.40779,0,1.40983,0,1.41189,0,1.41219,0,1.41607,0,1.41576,0,1.41977,0,1.42728,0,1.43118,0,1.43433,0,1.43785,0,1.43799,0,1.44831,0,1.44837,0,1.45305,0,1.45192,0,1.45715,0,1.45997,0,1.46115,0,1.46738,0,1.47492,0,1.47237,0,1.47812,0,1.47814,0,1.47738,0,1.47909,0,1.4786,0,1.48125,0,1.48941,0,1.48964,0,1.4887,0,1.48824,0,1.49143,0,1.49262,0,1.49703,0,1.50177,0,1.50328,0,1.50728,0,1.51116,0,1.51283,0,1.51387,0,1.51406,0,1.51587,0,1.52343,0,1.52816,0,1.52822,0,1.53139,0,1.53318,0,1.52857,0,1.53018,0,1.52823,0,1.53432,0,1.53421,0,1.53704,0,1.53799,0,1.5418,0,1.65733,0,1.58608,0,1.56383,0,1.56209,0,1.56214,0,1.56298,0,1.56127,0,1.55843,0,1.5576,0,1.55168,0,1.5503,0,1.55269,0,1.55858,0,1.55891,0,1.55887,0,1.56858,0,1.56746,0,1.65549,0,1.57488,0,1.5843,0,1.64124,0,1.59957,0,1.60298,0,1.60818,0,1.60688,0,1.60299,0,1.59319,0,1.59074,0,1.58879,0,1.58846,0,1.57731,0,1.58114,0,1.58207,0,1.5797,0,1.57153,0,1.56854,0,1.56755,0,1.56123,0,1.55924,0,1.55867,0,1.56231,0,1.5621,0,1.56506,0,1.56385,0,1.56703,0,1.56914,0,1.57473,0,1.57771,0,1.57558,0,1.57607,0,1.58444,0,1.58399,0,1.58575,0,1.58511,0,1.58372,0,1.58646,0,1.59528,0,1.70732,0,1.60497,0,1.60184,0,1.59979,0,1.60021,0,1.60118,0,1.60028,0,1.5948,0,1.59857,0,1.59748,0,1.59886,0,1.60358,0,1.60644,0,1.61004,0,1.60961,0,1.61225,0,1.61199,0,1.62046,0,1.62973,0,1.62617,0,1.62456,0,1.63291,0,1.63792,0,1.63599,0,1.63779,0,1.64348,0,1.64274,0,1.63781,0,1.64129,0,1.64408,0,1.64496,0,1.64422,0,1.63835,0,1.63877,0,1.63407,0,1.65022,0,1.64794,0,1.64681,0,1.64724,0,1.646,0,1.65177,0,1.65011,0,1.65517,0,1.64814,0,1.64927,0,1.65078,0,1.65058,0,1.66193,0,1.66043,0,1.66145,0,1.66918,0,1.67015,0,1.67207,0,1.66975,0,1.67447,0,1.67389,0,1.67322,0,1.67958,0,1.67761,0,1.67723,0,1.67524,0,1.67604,0,1.6814,0,1.68752,0,1.69435,0,1.69601,0,1.69422,0,1.69674,0,1.70041,0,1.70914,0,1.70894,0,1.70558,0,1.71296,0,1.71219,0,1.7178,0,1.72725,0,1.72728,0,1.7272,0,1.73003,0,1.73709,0,1.73802,0,1.73944,0,1.74587,0,1.74929,0,1.75624,0,1.75361,0,1.76579,0,1.76209,0,1.76618,0,1.76614,0,1.76326,0,1.77057,0,1.77817,0,1.77681,0,1.7747,0,1.7756,0,1.78742,0,1.79051,0,1.79002,0,1.79573,0,1.79702,0,1.80342,0,1.80102,0,1.79777,0,1.79602,0,1.79092,0,1.79439,0,1.79328,0,1.79268,0,1.79972,0,1.80311,0,1.80399,0,1.81455,0,1.8199,0,1.81033,0,1.81171,0,1.8099,0,1.81022,0,1.81098,0,1.81502,0,1.817,0,1.81478,0,1.81382,0,1.82005,0,1.81914,0,1.82012,0,1.82977,0,1.82777,0,1.8342,0,1.83453,0,1.83218,0,1.83726,0,1.84011,0,1.84176,0,1.84173,0,1.84808,0,1.85245,0,1.85089,0
0,0,0,0,0,0,0,0,0,0,0,0,0,0,0,0,0,0,0,0,0,0,0,0,0,0,0,0,0,0,0,0,0,0,0,0,0,0,0,0,0,0,0,0,0,0,0,0,0,0,0,0,0,0,0,0,0,0,0,0,0,0,0,0,0,0,0,0,0,0,0,0,0,0,0,0,0,0,0,0,0,0,0,0,0,0,0,0,0,0,0,0,0,0,0,0,0,0,0,0,0,0,0,0,0,0,0,0,0,0,0,0,0,0,0,0,0,0,0,0,0,0,0,0,0,0,0,0,0,0,0,0,0,0,0,0,0,0,0,0,0,0,0,0,0,0,0,0,0,0,0,0,0,0,0,0,0,0,0,0,0,0,0,0,0,0,0,0,0,0,0,0,0,0,0,0,0,0,0,0,0,0,0,0,0,0,0,0,0,0,0,0,0,0,0,0,0,0,0,0,0,0,0,0,0,0,0,0,0,0,0,0,0,0,0,0,0,0,0,0,0,0,0,0,0,0,0,0,0,0,0,0,0,0,0,0,0,0,0,0,0,0,0,0,0,0,0,0,0,0,0,0,0,0,0,0,0,0,0,0,0,0,0,0,0,0,0,0,0,0,0,0,0,0,0,0,0,0,0,0,0,0,0,0,0,0,0,0,0,0,0,0,0,0,0,0,0,0,0,0,0,0,0,0,0,0,0,0,0,0,0,0,0,0,0,0,0,0,0,0,0,0,0,0,0,0,0,0,0,0,0,0,0,0,0,0,0,0,0,0,0,0,0,0,0,0,0,0,0,0,0,0,0,0,0,0,0,0,0,0,0,0,0,0,0,0,0,0,0,0,0,0,0,0,0,0,0,0,0,0,0,0,0,0,0,0,0,0,0,0,0,0,0,0,0,0,0,0,0,0,0,0,0,0,0,0,0,0,0,0,0,0,0,0,0,0,0,0,0,0,0,0,0,0,0,0,0,0,0,0,0,0,0,0,0,0,0,0,0,0,0,0,0,0,0,0,0,0,0,0,0,0,0,0,0,0,0,0,0,0,0,0,0,0,0,0,0,0,0,0,0,0,0,0,0,0,0,0,0,0,0,0,0,0,0,0,0,0,0,0,0,0,0,0,0,0,0,0,0,0,0,0,0,0,0,0,0,0,0,0,0,0,0,0,0,0,0,0,0,0,0,0,0,0,0,0,0,0,0,0,0,0,0,0,0,0,0,0,0,0,0,0,0,0,0,0,0,0,0,0,0,0,0,0,0,0,0,0,0,0,0,0,0,0,0,0,0,0,0,0,0,0,0,0,0,0,0,0,0,0,0,0,0,0,0,0,0,0,0,0,0,0,0,0,0,0,0,0,0,0
1.23372,0,1.23617,0,1.24204,0,1.2506,0,1.25111,0,1.25297,0,1.26071,0,1.48662,0,1.48968,0,1.28143,0,1.28438,0,1.28563,0,1.29156,0,1.29464,0,1.30491,0,1.30646,0,1.31332,0,1.31308,0,1.31782,0,1.32043,0,1.32938,0,1.32477,0,1.32462,0,1.33194,0,1.33942,0,1.34203,0,1.34349,0,1.34684,0,1.35459,0,1.35381,0,1.47184,0,1.36708,0,1.36829,0,1.37058,0,1.37497,0,1.38116,0,1.38532,0,1.51019,0,1.39752,0,1.39663,0,1.39613,0,1.46154,0,1.40191,0,1.42085,0,1.41256,0,1.38524,0,1.37013,0,1.37812,0,1.38032,0,1.38132,0,1.40268,0,1.40528,0,1.40507,0,1.42277,0,1.41746,0,1.4164,0,1.5274,0,1.44274,0,1.44024,0,1.43961,0,1.43735,0,1.44075,0,1.44143,0,1.45042,0,1.45005,0,1.45592,0,1.45567,0,1.45779,0,1.46423,0,1.46509,0,1.46687,0,1.46945,0,1.47795,0,1.46941,0,1.47175,0,1.47167,0,1.47433,0,1.47419,0,1.47534,0,1.47458,0,1.48134,0,1.49207,0,1.49472,0,1.49489,0,1.50019,0,1.50078,0,1.50846,0,1.50771,0,1.50878,0,1.50863,0,1.50648,0,1.50468,0,1.5113,0,1.52099,0,1.51963,0,1.52105,0,1.52802,0,1.52783,0,1.5244,0,1.52469,0,1.52264,0,1.52075,0,1.51723,0,0.00434147,0,1.53124,0,1.53342,0,1.53432,0,1.53978,0,1.55023,0,1.63063,0,1.59199,0,1.54476,0,1.5467,0,1.54557,0,1.54867,0,1.54737,0,1.55192,0,1.54893,0,1.54952,0,1.54823,0,1.54856,0,1.55153,0,1.56068,0,1.65116,0,1.61903,0,1.68613,0,1.68495,0,1.71,0,1.62672,0,1.62756,0,1.61192,0,1.58953,0,1.65891,0,1.71007,0,1.711,0,1.57513,0,1.56828,0,1.56299,0,1.56186,0,1.56095,0,1.55525,0,1.55677,0,1.55239,0,1.54885,0,1.54443,0,1.54148,0,1.75351,0,1.54498,0,1.7144,0,1.55369,0,1.55203,0,1.56208,0,1.57025,0,1.57895,0,1.57388,0,1.58241,0,1.58256,0,1.58755,0,1.58687,0,1.58245,0,1.57864,0,1.57964,0,1.58018,0,1.58472,0,1.58294,0,1.58377,0,1.57896,0,1.58439,0,1.58899,0,1.59233,0,1.58813,0,1.59206,0,1.59687,0,1.60329,0,1.59996,0,1.60553,0,1.60634,0,1.60376,0,1.61109,0,1.617,0,1.61507,0,1.61702,0,1.62152,0,1.62321,0,1.62389,0,1.6232,0,1.62688,0,1.62903,0,1.63189,0,1.63333,0,1.63098,0,1.63338,0,1.63464,0,1.63633,0,1.63564,0,1.63306,0,1.63639,0,1.63539,0,1.63772,0,1.6382,0,1.63971,0,1.63767,0,1.64371,0,1.64055,0,1.64337,0,1.64485,0,1.64345,0,1.65272,0,1.65595,0,1.66118,0,1.65784,0,1.65776,0,1.66476,0,1.66357,0,1.66269,0,1.66347,0,1.66371,0,1.66546,0,1.67086,0,1.66743,0,1.66581,0,1.66663,0,1.67222,0,1.67881,0,1.6796,0,1.68045,0,1.68665,0,1.69369,0,1.70018,0,1.69981,0,1.70096,0,1.703,0,1.71001,0,1.70952,0,1.70963,0,1.7195,0,1.71525,0,1.7204,0,1.71966,0,1.72334,0,1.72108,0,1.73604,0,1.74264,0,1.73975,0,1.74818,0,1.74754,0,1.76273,0,1.76114,0,1.75643,0,1.75966,0,1.76923,0,1.76757,0,1.76629,0,1.77198,0,1.7699,0,1.76853,0,1.7752,0,1.77542,0,1.77332,0,1.77673,0,1.78068,0,1.78373,0,1.78003,0,1.78524,0,1.7893,0,1.78975,0,1.79549,0,1.79227,0,1.78655,0,1.78372,0,1.79321,0,1.7957,0,1.79491,0,1.80272,0,1.80381,0,1.81122,0,1.80829,0,1.80833,0,1.81318,0,1.81081,0,1.81332,0,1.82232,0,1.82066,0,1.81789,0,1.81902,0,1.82016,0,1.82014,0,1.82414,0,1.8249,0,1.82459,0,1.82537,0,1.82913,0,1.82668,0,1.83483,0,1.83261,0,1.83971,0,1.84385,0,1.8411,0,1.84869,0,1.84776,0
0,0,0,0,0,0,0,0,0,0,0,0,0,0,0,0,0,0,0,0,0,0,0,0,0,0,0,0,0,0,0,0,0,0,0,0,0,0,0,0,0,0,0,0,0,0,0,0,0,0,0,0,0,0,0,0,0,0,0,0,0,0,0,0,0,0,0,0,0,0,0,0,0,0,0,0,0,0,0,0,0,0,0,0,0,0,0,0,0,0,0,0,0,0,0,0,0,0,0,0,0,0,0,0,0,0,0,0,0,0,0,0,0,0,0,0,0,0,0,0,0,0,0,0,0,0,0,0,0,0,0,0,0,0,0,0,0,0,0,0,0,0,0,0,0,0,0,0,0,0,0,0,0,0,0,0,0,0,0,0,0,0,0,0,0,0,0,0,0,0,0,0,0,0,0,0,0,0,0,0,0,0,0,0,0,0,0,0,0,0,0,0,0,0,0,0,0,0,0,0,0,0,0,0,0,0,0,0,0,0,0,0,0,0,0,0,0,0,0,0,0,0,0,0,0,0,0,0,0,0,0,0,0,0,0,0,0,0,0,0,0,0,0,0,0,0,0,0,0,0,0,0,0,0,0,0,0,0,0,0,0,0,0,0,0,0,0,0,0,0,0,0,0,0,0,0,0,0,0,0,0,0,0,0,0,0,0,0,0,0,0,0,0,0,0,0,0,0,0,0,0,0,0,0,0,0,0,0,0,0,0,0,0,0,0,0,0,0,0,0,0,0,0,0,0,0,0,0,0,0,0,0,0,0,0,0,0,0,0,0,0,0,0,0,0,0,0,0,0,0,0,0,0,0,0,0,0,0,0,0,0,0,0,0,0,0,0,0,0,0,0,0,0,0,0,0,0,0,0,0,0,0,0,0,0,0,0,0,0,0,0,0,0,0,0,0,0,0,0,0,0,0,0,0,0,0,0,0,0,0,0,0,0,0,0,0,0,0,0,0,0,0,0,0,0,0,0,0,0,0,0,0,0,0,0,0,0,0,0,0,0,0,0,0,0,0,0,0,0,0,0,0,0,0,0,0,0,0,0,0,0,0,0,0,0,0,0,0,0,0,0,0,0,0,0,0,0,0,0,0,0,0,0,0,0,0,0,0,0,0,0,0,0,0,0,0,0,0,0,0,0,0,0,0,0,0,0,0,0,0,0,0,0,0,0,0,0,0,0,0,0,0,0,0,0,0,0,0,0,0,0,0,0,0,0,0,0,0,0,0,0,0,0,0,0,0,0,0,0,0,0,0,0,0,0,0,0,0,0,0,0,0,0,0,0,0,0,0,0,0,0,0,0,0,0,0,0,0,0,0,0,0,0,0,0,0,0,0,0,0,0,0,0,0,0,0,0,0,0,0
1.23905,0,1.23876,0,1.24641,0,1.25132,0,1.25227,0,1.25759,0,1.26527,0,1.2669,0,1.27009,0,1.28202,0,1.28282,0,1.28468,0,1.29825,0,1.29858,0,1.30531,0,1.306,0,1.31212,0,1.31304,0,1.31528,0,1.31644,0,1.31855,0,1.31846,0,1.32815,0,1.33336,0,1.33289,0,1.33823,0,1.34689,0,1.35048,0,1.35158,0,1.36003,0,1.36157,0,1.36713,0,1.36715,0,1.36831,0,1.37111,0,1.37251,0,1.38294,0,1.41324,0,1.40793,0,1.48957,0,1.39124,0,1.38969,0,1.38439,0,1.37881,0,1.37719,0,1.37752,0,1.37196,0,1.37184,0,1.37208,0,1.37167,0,1.42079,0,1.39207,0,1.40713,0,1.41104,0,1.47089,0,1.41899,0,1.43029,0,1.4205,0,1.49152,0,1.42882,0,1.44745,0,1.43736,0,0.004168,0,1.56272,0,1.45114,0,1.44884,0,1.44877,0,1.44943,0,1.45241,0,1.45432,0,1.45812,0,1.45886,0,1.46494,0,1.46129,0,1.46372,0,1.46974,0,1.46877,0,1.46699,0,1.46874,0,1.47032,0,1.47555,0,1.48234,0,1.4863,0,1.48798,0,1.49559,0,1.49972,0,1.50074,0,1.49905,0,1.49908,0,1.50142,0,1.49555,0,1.49546,0,1.50601,0,1.50598,0,1.50737,0,1.50973,0,1.51109,0,1.51671,0,1.52371,0,1.52314,0,1.51887,0,1.51731,0,1.51553,0,1.51427,0,1.52147,0,1.52137,0,1.53474,0,1.53309,0,1.53119,0,1.5253,0,1.52718,0,1.53319,0,1.54087,0,1.54085,0,1.53485,0,1.53419,0,1.54,0,1.60837,0,1.54775,0,1.54119,0,1.65695,0,1.57628,0,1.6584,0,1.572,0,1.64294,0,1.64494,0,1.58985,0,1.56214,0,1.56155,0,1.66496,0,1.56571,0,1.56919,0,1.56159,0,1.55395,0,1.55323,0,1.55223,0,1.55579,0,1.55359,0,1.55406,0,1.55109,0,1.5482,0,1.53873,0,1.53854,0,1.53333,0,1.53178,0,1.5357,0,1.53375,0,1.53889,0,1.5383,0,1.54109,0,1.54064,0,1.56403,0,1.56056,0,1.55942,0,1.56522,0,1.70255,0,1.57304,0,1.57453,0,1.57378,0,1.57432,0,1.57381,0,1.57097,0,1.57067,0,1.58101,0,1.57917,0,1.57683,0,1.57381,0,1.57706,0,1.57552,0,1.58034,0,1.58727,0,1.58778,0,1.58459,0,1.58644,0,1.58969,0,1.59708,0,1.60257,0,1.60565,0,1.6097,0,1.60762,0,1.60629,0,1.60967,0,1.61338,0,1.61389,0,1.62342,0,1.62116,0,1.61912,0,1.61367,0,1.61716,0,1.62349,0,1.62064,0,1.6205,0,1.62916,0,1.63564,0,1.62432,0,1.62642,0,1.62614,0,1.62533,0,1.63406,0,1.64017,0,1.63775,0,1.63789,0,1.63857,0,1.64446,0,1.64011,0,1.64,0,1.64967,0,1.65022,0,1.6514,0,1.65911,0,1.65663,0,1.65869,0,1.65705,0,1.66096,0,1.65906,0,1.66457,0,1.66339,0,1.66324,0,1.66495,0,1.66517,0,1.66461,0,1.67141,0,1.67605,0,1.67585,0,1.68159,0,1.68579,0,1.69172,0,1.69294,0,1.6936,0,1.70108,0,1.70417,0,1.7041,0,1.71313,0,1.71873,0,1.71918,0,1.71785,0,1.71277,0,1.70825,0,1.70651,0,1.71381,0,1.72177,0,1.7199,0,1.73377,0,1.73146,0,1.73507,0,1.73593,0,1.7357,0,1.739,0,1.74606,0,1.75397,0,1.75691,0,1.75467,0,1.7539,0,1.75413,0,1.75909,0,1.77175,0,1.76792,0,1.77605,0,1.77707,0,1.77563,0,1.7745,0,1.77987,0,1.77743,0,1.7818,0,1.78949,0,1.7866,0,1.78247,0,1.78583,0,1.78509,0,1.78344,0,1.79299,0,1.79065,0,1.7942,0,1.79552,0,1.79303,0,1.80593,0,1.80376,0,1.80899,0,1.81267,0,1.81143,0,1.81185,0,1.81697,0,1.81814,0,1.81654,0,1.81591,0,1.81857,0,1.81984,0,1.81981,0,1.82364,0,1.82243,0,1.82369,0,1.8259,0,1.82501,0,1.83092,0,1.82898,0,1.83415,0,1.83278,0,1.83352,0,1.84612,0,1.8442,0
0,0,0,0,0,0,0,0,0,0,0,0,0,0,0,0,0,0,0,0,0,0,0,0,0,0,0,0,0,0,0,0,0,0,0,0,0,0,0,0,0,0,0,0,0,0,0,0,0,0,0,0,0,0,0,0,0,0,0,0,0,0,0,0,0,0,0,0,0,0,0,0,0,0,0,0,0,0,0,0,0,0,0,0,0,0,0,0,0,0,0,0,0,0,0,0,0,0,0,0,0,0,0,0,0,0,0,0,0,0,0,0,0,0,0,0,0,0,0,0,0,0,0,0,0,0,0,0,0,0,0,0,0,0,0,0,0,0,0,0,0,0,0,0,0,0,0,0,0,0,0,0,0,0,0,0,0,0,0,0,0,0,0,0,0,0,0,0,0,0,0,0,0,0,0,0,0,0,0,0,0,0,0,0,0,0,0,0,0,0,0,0,0,0,0,0,0,0,0,0,0,0,0,0,0,0,0,0,0,0,0,0,0,0,0,0,0,0,0,0,0,0,0,0,0,0,0,0,0,0,0,0,0,0,0,0,0,0,0,0,0,0,0,0,0,0,0,0,0,0,0,0,0,0,0,0,0,0,0,0,0,0,0,0,0,0,0,0,0,0,0,0,0,0,0,0,0,0,0,0,0,0,0,0,0,0,0,0,0,0,0,0,0,0,0,0,0,0,0,0,0,0,0,0,0,0,0,0,0,0,0,0,0,0,0,0,0,0,0,0,0,0,0,0,0,0,0,0,0,0,0,0,0,0,0,0,0,0,0,0,0,0,0,0,0,0,0,0,0,0,0,0,0,0,0,0,0,0,0,0,0,0,0,0,0,0,0,0,0,0,0,0,0,0,0,0,0,0,0,0,0,0,0,0,0,0,0,0,0,0,0,0,0,0,0,0,0,0,0,0,0,0,0,0,0,0,0,0,0,0,0,0,0,0,0,0,0,0,0,0,0,0,0,0,0,0,0,0,0,0,0,0,0,0,0,0,0,0,0,0,0,0,0,0,0,0,0,0,0,0,0,0,0,0,0,0,0,0,0,0,0,0,0,0,0,0,0,0,0,0,0,0,0,0,0,0,0,0,0,0,0,0,0,0,0,0,0,0,0,0,0,0,0,0,0,0,0,0,0,0,0,0,0,0,0,0,0,0,0,0,0,0,0,0,0,0,0,0,0,0,0,0,0,0,0,0,0,0,0,0,0,0,0,0,0,0,0,0,0,0,0,0,0,0,0,0,0,0,0,0,0,0,0,0,0,0,0,0,0,0,0,0,0,0,0,0,0,0,0,0,0,0,0,0,0,0,0,0,0,0,0,0,0,0,0,0,0,0,0,0,0,0,0,0,0,0,0,0,0,0
1.2394,0,1.24747,0,1.2474,0,1.25755,0,1.26512,0,1.26428,0,1.27433,0,1.28113,0,1.28245,0,1.27905,0,1.28627,0,1.28643,0,1.29201,0,1.29424,0,1.29973,0,1.30846,0,1.31332,0,1.31599,0,1.31666,0,1.31636,0,1.31692,0,1.32376,0,1.32247,0,1.32567,0,1.32987,0,1.33559,0,1.43188,0,1.35082,0,1.42024,0,1.35244,0,1.35849,0,1.3613,0,1.3631,0,1.36379,0,1.35963,0,1.35874,0,1.42997,0,1.39116,0,1.37022,0,1.42092,0,1.36459,0,1.36273,0,1.38802,0,1.37208,0,1.36881,0,1.36982,0,1.37021,0,1.36969,0,1.3687,0,1.37196,0,1.37161,0,1.3756,0,1.38391,0,1.39212,0,1.39011,0,1.39192,0,1.39296,0,1.39187,0,1.48022,0,1.53496,0,1.51101,0,1.41311,0,1.43238,0,1.4355,0,1.4371,0,1.43993,0,1.44692,0,1.44962,0,1.45339,0,1.45373,0,1.45688,0,1.45131,0,1.45644,0,1.4528,0,1.46095,0,1.46829,0,1.46764,0,1.46771,0,1.46539,0,1.46817,0,1.47276,0,1.47512,0,1.4782,0,1.48512,0,1.48854,0,1.48733,0,1.48964,0,1.48964,0,1.48701,0,1.49014,0,1.48835,0,1.48681,0,1.49465,0,1.49127,0,1.5055,0,1.51318,0,1.51613,0,1.52342,0,1.52526,0,1.52431,0,1.52301,0,1.5129,0,1.51166,0,1.5122,0,1.51259,0,1.51852,0,1.51464,0,1.517,0,1.52305,0,1.52023,0,1.52275,0,1.53276,0,1.53016,0,1.52887,0,1.53061,0,1.58649,0,1.58492,0,1.50908,0,1.51644,0,1.51608,0,1.52376,0,1.52416,0,1.52389,0,1.52153,0,1.53806,0,1.53697,0,1.54653,0,1.54506,0,1.54543,0,1.55066,0,1.55482,0,1.55402,0,1.53866,0,1.54397,0,1.54382,0,1.54845,0,1.54647,0,1.54492,0,1.54372,0,1.54353,0,1.53547,0,1.53551,0,1.53507,0,1.53364,0,1.53253,0,1.52415,0,1.53423,0,1.53133,0,1.53751,0,1.53601,0,1.55366,0,1.55211,0,1.55574,0,1.5576,0,1.55828,0,1.5687,0,1.56832,0,1.56553,0,1.56561,0,1.56557,0,1.57348,0,1.57333,0,1.57544,0,1.57527,0,1.57344,0,1.57437,0,1.57525,0,1.57467,0,1.57348,0,1.5814,0,1.58101,0,1.57769,0,1.58391,0,1.58433,0,1.58539,0,1.59432,0,1.59994,0,1.59881,0,1.59593,0,1.60384,0,1.60765,0,1.6075,0,1.61229,0,1.61142,0,1.61651,0,1.61707,0,1.61284,0,1.61654,0,1.61506,0,1.61513,0,1.61662,0,1.61363,0,1.61987,0,1.62139,0,1.61968,0,1.62709,0,1.62652,0,1.62707,0,1.62019,0,1.62546,0,1.62324,0,1.63012,0,1.62893,0,1.6355,0,1.63644,0,1.63884,0,1.64341,0,1.64066,0,1.64842,0,1.64659,0,1.64892,0,1.65731,0,1.65479,0,1.65397,0,1.65843,0,1.65976,0,1.66183,0,1.65985,0,1.65419,0,1.66189,0,1.67149,0,1.66806,0,1.66929,0,1.67088,0,1.6795,0,1.68944,0,1.687,0,1.68519,0,1.81658,0,1.69959,0,1.70136,0,1.70039,0,1.70286,0,1.70568,0,1.70895,0,1.70282,0,1.69727,0,1.70297,0,1.70058,0,1.70386,0,1.70585,0,1.7196,0,1.71633,0,1.72393,0,1.73991,0,1.73686,0,1.73563,0,1.74382,0,1.73911,0,1.74512,0,1.74612,0,1.75289,0,1.75449,0,1.75851,0,1.75769,0,1.76574,0,1.76316,0,1.76782,0,1.77158,0,1.76722,0,1.76613,0,1.76852,0,1.77769,0,1.77649,0,1.78319,0,1.78042,0,1.78081,0,1.7821,0,1.78105,0,1.78677,0,1.78636,0,1.79072,0,1.79423,0,1.79097,0,1.7984,0,1.79603,0,1.80315,0,1.80981,0,1.80449,0,1.81638,0,1.81326,0,1.81265,0,1.81475,0,1.81125,0,1.81381,0,1.81617,0,1.812,0,1.81129,0,1.82076,0,1.83191,0,1.83075,0,1.8324,0,1.83251,0,1.83095,0,1.83248,0,1.83111,0,1.83205,0,1.83365,0,1.83786,0,1.84494,0
0,0,0,0,0,0,0,0,0,0,0,0,0,0,0,0,0,0,0,0,0,0,0,0,0,0,0,0,0,0,0,0,0,0,0,0,0,0,0,0,0,0,0,0,0,0,0,0,0,0,0,0,0,0,0,0,0,0,0,0,0,0,0,0,0,0,0,0,0,0,0,0,0,0,0,0,0,0,0,0,0,0,0,0,0,0,0,0,0,0,0,0,0,0,0,0,0,0,0,0,0,0,0,0,0,0,0,0,0,0,0,0,0,0,0,0,0,0,0,0,0,0,0,0,0,0,0,0,0,0,0,0,0,0,0,0,0,0,0,0,0,0,0,0,0,0,0,0,0,0,0,0,0,0,0,0,0,0,0,0,0,0,0,0,0,0,0,0,0,0,0,0,0,0,0,0,0,0,0,0,0,0,0,0,0,0,0,0,0,0,0,0,0,0,0,0,0,0,0,0,0,0,0,0,0,0,0,0,0,0,0,0,0,0,0,0,0,0,0,0,0,0,0,0,0,0,0,0,0,0,0,0,0,0,0,0,0,0,0,0,0,0,0,0,0,0,0,0,0,0,0,0,0,0,0,0,0,0,0,0,0,0,0,0,0,0,0,0,0,0,0,0,0,0,0,0,0,0,0,0,0,0,0,0,0,0,0,0,0,0,0,0,0,0,0,0,0,0,0,0,0,0,0,0,0,0,0,0,0,0,0,0,0,0,0,0,0,0,0,0,0,0,0,0,0,0,0,0,0,0,0,0,0,0,0,0,0,0,0,0,0,0,0,0,0,0,0,0,0,0,0,0,0,0,0,0,0,0,0,0,0,0,0,0,0,0,0,0,0,0,0,0,0,0,0,0,0,0,0,0,0,0,0,0,0,0,0,0,0,0,0,0,0,0,0,0,0,0,0,0,0,0,0,0,0,0,0,0,0,0,0,0,0,0,0,0,0,0,0,0,0,0,0,0,0,0,0,0,0,0,0,0,0,0,0,0,0,0,0,0,0,0,0,0,0,0,0,0,0,0,0,0,0,0,0,0,0,0,0,0,0,0,0,0,0,0,0,0,0,0,0,0,0,0,0,0,0,0,0,0,0,0,0,0,0,0,0,0,0,0,0,0,0,0,0,0,0,0,0,0,0,0,0,0,0,0,0,0,0,0,0,0,0,0,0,0,0,0,0,0,0,0,0,0,0,0,0,0,0,0,0,0,0,0,0,0,0,0,0,0,0,0,0,0,0,0,0,0,0,0,0,0,0,0,0,0,0,0,0,0,0,0,0,0,0,0,0,0,0,0,0,0,0,0,0,0,0,0,0,0,0,0,0,0,0,0,0,0,0,0,0,0,0,0,0,0,0,0,0,0
1.24495,0,1.24527,0,1.24354,0,1.24507,0,1.24719,0,1.25955,0,1.35051,0,1.35028,0,1.27127,0,1.2731,0,1.2756,0,1.28262,0,1.29135,0,1.29196,0,1.30978,0,1.30905,0,1.30922,0,1.30869,0,1.30786,0,1.31225,0,1.31526,0,1.32019,0,1.32,0,1.32465,0,1.3209,0,1.32174,0,1.32792,0,1.33671,0,1.33611,0,1.34586,0,1.34415,0,1.37494,0,1.4208,0,1.38554,0,1.36177,0,1.33563,0,1.33482,0,1.34168,0,1.43293,0,1.3748,0,1.33362,0,1.517,0,1.40625,0,1.35332,0,1.36526,0,1.3644,0,1.36878,0,1.37048,0,1.37499,0,1.38035,0,1.37994,0,1.38168,0,1.38219,0,1.38468,0,1.38281,0,1.38458,0,1.38608,0,1.38897,0,1.38861,0,1.39975,0,1.40755,0,1.41218,0,1.6227,0,1.4343,0,1.43361,0,1.43626,0,1.44021,0,1.4404,0,1.45118,0,1.45076,0,1.44774,0,1.44795,0,1.45171,0,1.46058,0,1.46103,0,1.4611,0,1.46403,0,1.46363,0,1.46113,0,1.4612,0,1.50904,0,1.47168,0,1.47562,0,1.4772,0,1.47776,0,1.48507,0,1.48393,0,1.48359,0,1.48661,0,1.58003,0,1.6088,0,1.50551,0,1.51292,0,1.51094,0,1.51026,0,1.50933,0,1.51697,0,1.51625,0,1.51637,0,1.51705,0,1.51918,0,1.51626,0,1.51578,0,1.51435,0,1.51227,0,1.5135,0,1.51012,0,1.51101,0,1.51272,0,1.51671,0,1.51485,0,1.51878,0,1.51436,0,1.51233,0,1.5002,0,1.50027,0,1.49847,0,1.5017,0,1.50117,0,1.50626,0,1.50888,0,1.51084,0,1.51955,0,1.51771,0,1.52419,0,1.52656,0,1.54092,0,1.54112,0,1.53924,0,1.54272,0,1.53943,0,1.53838,0,1.53728,0,1.53832,0,1.53885,0,1.53889,0,1.54109,0,1.53869,0,1.53758,0,1.53789,0,1.53822,0,1.52301,0,1.52481,0,1.52563,0,1.52548,0,1.52372,0,1.5243,0,1.53349,0,1.53465,0,1.54079,0,1.54323,0,1.54732,0,1.55423,0,1.55389,0,1.55774,0,1.56166,0,1.56618,0,1.56559,0,1.57082,0,1.56875,0,1.56646,0,1.56811,0,1.56991,0,1.56835,0,1.56659,0,1.56841,0,1.57255,0,1.57032,0,1.56984,0,1.57531,0,1.57763,0,1.57538,0,1.57485,0,1.58056,0,1.58059,0,1.58802,0,1.59228,0,1.59885,0,1.59531,0,1.59714,0,1.59928,0,1.60301,0,1.60966,0,1.60461,0,1.6084,0,1.61138,0,1.60902,0,1.61042,0,1.61184,0,1.61028,0,1.61036,0,1.60691,0,1.61433,0,1.61462,0,1.61732,0,1.61631,0,1.61587,0,1.61402,0,1.62027,0,1.62146,0,1.62357,0,1.63074,0,1.6291,0,1.63539,0,1.63462,0,1.63597,0,1.64557,0,1.64498,0,1.64715,0,1.64423,0,1.64942,0,1.64802,0,1.63931,0,1.64497,0,1.64396,0,1.64528,0,1.65213,0,1.64988,0,1.64963,0,1.65035,0,1.65809,0,1.66268,0,1.6651,0,1.67622,0,1.67643,0,1.67807,0,1.67661,0,1.68351,0,1.68523,0,1.69978,0,1.69931,0,1.69584,0,1.70135,0,1.6963,0,1.70081,0,1.69819,0,1.69934,0,1.69849,0,1.7063,0,1.70343,0,1.70771,0,1.7144,0,1.71267,0,1.72756,0,1.73465,0,1.73247,0,1.73886,0,1.74208,0,1.745,0,1.74437,0,1.74924,0,1.74843,0,1.75372,0,1.76406,0,1.76135,0,1.75943,0,1.76578,0,1.76452,0,1.7616,0,1.76598,0,1.76915,0,1.77365,0,1.77116,0,1.77352,0,1.77279,0,1.78582,0,1.78544,0,1.7849,0,1.78678,0,1.78604,0,1.79339,0,1.80097,0,1.79809,0,1.80034,0,1.79742,0,1.80351,0,1.80245,0,1.80651,0,1.80479,0,1.80921,0,1.80977,0,1.80718,0,1.80865,0,1.81322,0,1.81737,0,1.81554,0,1.81634,0,1.82371,0,1.8208,0,1.82722,0,1.82832,0,1.82837,0,1.82709,0,1.83388,0,1.8306,0,1.8266,0,1.82829,0,1.83106,0,1.82892,0,1.8317,0
0,0,0,0,0,0,0,0,0,0,0,0,0,0,0,0,0,0,0,0,0,0,0,0,0,0,0,0,0,0,0,0,0,0,0,0,0,0,0,0,0,0,0,0,0,0,0,0,0,0,0,0,0,0,0,0,0,0,0,0,0,0,0,0,0,0,0,0,0,0,0,0,0,0,0,0,0,0,0,0,0,0,0,0,0,0,0,0,0,0,0,0,0,0,0,0,0,0,0,0,0,0,0,0,0,0,0,0,0,0,0,0,0,0,0,0,0,0,0,0,0,0,0,0,0,0,0,0,0,0,0,0,0,0,0,0,0,0,0,0,0,0,0,0,0,0,0,0,0,0,0,0,0,0,0,0,0,0,0,0,0,0,0,0,0,0,0,0,0,0,0,0,0,0,0,0,0,0,0,0,0,0,0,0,0,0,0,0,0,0,0,0,0,0,0,0,0,0,0,0,0,0,0,0,0,0,0,0,0,0,0,0,0,0,0,0,0,0,0,0,0,0,0,0,0,0,0,0,0,0,0,0,0,0,0,0,0,0,0,0,0,0,0,0,0,0,0,0,0,0,0,0,0,0,0,0,0,0,0,0,0,0,0,0,0,0,0,0,0,0,0,0,0,0,0,0,0,0,0,0,0,0,0,0,0,0,0,0,0,0,0,0,0,0,0,0,0,0,0,0,0,0,0,0,0,0,0,0,0,0,0,0,0,0,0,0,0,0,0,0,0,0,0,0,0,0,0,0,0,0,0,0,0,0,0,0,0,0,0,0,0,0,0,0,0,0,0,0,0,0,0,0,0,0,0,0,0,0,0,0,0,0,0,0,0,0,0,0,0,0,0,0,0,0,0,0,0,0,0,0,0,0,0,0,0,0,0,0,0,0,0,0,0,0,0,0,0,0,0,0,0,0,0,0,0,0,0,0,0,0,0,0,0,0,0,0,0,0,0,0,0,0,0,0,0,0,0,0,0,0,0,0,0,0,0,0,0,0,0,0,0,0,0,0,0,0,0,0,0,0,0,0,0,0,0,0,0,0,0,0,0,0,0,0,0,0,0,0,0,0,0,0,0,0,0,0,0,0,0,0,0,0,0,0,0,0,0,0,0,0,0,0,0,0,0,0,0,0,0,0,0,0,0,0,0,0,0,0,0,0,0,0,0,0,0,0,0,0,0,0,0,0,0,0,0,0,0,0,0,0,0,0,0,0,0,0,0,0,0,0,0,0,0,0,0,0,0,0,0,0,0,0,0,0,0,0,0,0,0,0,0,0,0,0,0,0,0,0,0,0,0,0,0,0,0,0,0,0,0,0,0,0,0,0,0,0,0,0,0,0,0,0,0,0,0,0,0,0,0,0
1.23245,0,1.23361,0,1.23972,0,1.23843,0,1.24937,0,1.25101,0,1.25662,0,1.26463,0,1.2652,0,1.27027,0,1.28151,0,1.28236,0,1.29072,0,1.28954,0,1.28486,0,1.28605,0,1.28754,0,1.29313,0,1.30746,0,1.31495,0,1.31305,0,1.43592,0,1.32616,0,1.32756,0,1.32667,0,1.3261,0,1.33482,0,1.33353,0,1.33286,0,1.32978,0,1.32585,0,1.32729,0,1.32291,0,1.3234,0,1.32476,0,1.32575,0,1.32581,0,1.32242,0,1.31904,0,1.32031,0,1.31871,0,1.31967,0,1.33257,0,1.3422,0,1.35042,0,1.35836,0,1.38557,0,1.36567,0,1.36617,0,1.3734,0,1.37131,0,1.37536,0,1.38427,0,1.38594,0,1.38474,0,1.38343,0,1.38092,0,1.38196,0,1.39045,0,1.40492,0,1.40899,0,1.41369,0,1.41727,0,1.42927,0,1.43161,0,1.43848,0,1.43891,0,1.43945,0,1.44521,0,1.44538,0,1.44949,0,1.4454,0,1.45019,0,1.45639,0,1.45378,0,1.45763,0,1.45817,0,1.45796,0,1.4573,0,1.46097,0,1.46149,0,1.47231,0,1.47865,0,1.47937,0,1.4794,0,1.48164,0,1.49189,0,1.4894,0,1.48932,0,1.49334,0,1.49989,0,1.51235,0,1.50671,0,1.50965,0,1.51096,0,1.51167,0,1.51446,0,1.51886,0,1.51891,0,1.51844,0,1.51711,0,1.51622,0,1.51527,0,1.50714,0,1.50832,0,1.50599,0,1.5069,0,1.50515,0,1.50489,0,1.50207,0,1.50554,0,1.50416,0,1.49332,0,1.49777,0,1.49631,0,1.49581,0,1.49621,0,1.49394,0,1.4993,0,1.50288,0,1.50258,0,1.50408,0,1.50882,0,1.51002,0,1.51169,0,1.51405,0,1.59859,0,1.52893,0,1.53487,0,1.53726,0,1.53699,0,1.53924,0,1.5371,0,1.53262,0,1.53223,0,1.53126,0,1.52619,0,1.53043,0,1.5293,0,1.52684,0,1.52664,0,1.52613,0,1.52702,0,1.52546,0,1.52587,0,1.53202,0,1.5307,0,1.53144,0,1.53172,0,1.53382,0,1.53897,0,1.54832,0,1.54708,0,1.54559,0,1.54355,0,1.56942,0,1.56738,0,1.56512,0,1.57213,0,1.56974,0,1.56631,0,1.5649,0,1.56495,0,1.56261,0,1.56453,0,1.55895,0,1.56406,0,1.56097,0,1.55972,0,1.56197,0,1.56795,0,1.57322,0,1.57597,0,1.57592,0,1.58534,0,1.59242,0,1.59393,0,1.59269,0,1.59622,0,1.58714,0,1.59564,0,1.59505,0,1.59491,0,1.59666,0,1.60643,0,1.60949,0,1.6065,0,1.60668,0,1.60509,0,1.6044,0,1.60489,0,1.61243,0,1.61099,0,1.61667,0,1.6187,0,1.61915,0,1.61662,0,1.61742,0,1.62373,0,1.62126,0,1.62229,0,1.62311,0,1.63028,0,1.62918,0,1.63064,0,1.63119,0,1.63722,0,1.63746,0,1.63992,0,1.63805,0,1.63453,0,1.63578,0,1.63904,0,1.6402,0,1.64327,0,1.6417,0,1.6426,0,1.65268,0,1.65256,0,1.65931,0,1.65709,0,1.66233,0,1.66636,0,1.67594,0,1.67478,0,1.67286,0,1.67268,0,1.67981,0,1.68638,0,1.68452,0,1.69959,0,1.69921,0,1.6947,0,1.69744,0,1.69519,0,1.69523,0,1.69725,0,1.69589,0,1.70386,0,1.70752,0,1.70948,0,1.71288,0,1.72385,0,1.7254,0,1.73308,0,1.73777,0,1.74769,0,1.74241,0,1.74717,0,1.74469,0,1.75052,0,1.74846,0,1.74942,0,1.75183,0,1.75316,0,1.75632,0,1.76189,0,1.76288,0,1.76324,0,1.76377,0,1.76455,0,1.7652,0,1.77808,0,1.77284,0,1.77523,0,1.77754,0,1.78255,0,1.7846,0,1.78409,0,1.79614,0,1.79266,0,1.79966,0,1.79911,0,1.79531,0,1.79966,0,1.7949,0,1.80025,0,1.79902,0,1.80592,0,1.80358,0,1.80326,0,1.8047,0,1.81013,0,1.81416,0,1.80965,0,1.81727,0,1.81518,0,1.82337,0,1.81866,0,1.83157,0,1.82868,0,1.82769,0,1.82001,0,1.8315,0,1.83062,0,1.82794,0,1.82656,0,1.82578,0,1.82569,0,1.82681,0
0,0,0,0,0,0,0,0,0,0,0,0,0,0,0,0,0,0,0,0,0,0,0,0,0,0,0,0,0,0,0,0,0,0,0,0,0,0,0,0,0,0,0,0,0,0,0,0,0,0,0,0,0,0,0,0,0,0,0,0,0,0,0,0,0,0,0,0,0,0,0,0,0,0,0,0,0,0,0,0,0,0,0,0,0,0,0,0,0,0,0,0,0,0,0,0,0,0,0,0,0,0,0,0,0,0,0,0,0,0,0,0,0,0,0,0,0,0,0,0,0,0,0,0,0,0,0,0,0,0,0,0,0,0,0,0,0,0,0,0,0,0,0,0,0,0,0,0,0,0,0,0,0,0,0,0,0,0,0,0,0,0,0,0,0,0,0,0,0,0,0,0,0,0,0,0,0,0,0,0,0,0,0,0,0,0,0,0,0,0,0,0,0,0,0,0,0,0,0,0,0,0,0,0,0,0,0,0,0,0,0,0,0,0,0,0,0,0,0,0,0,0,0,0,0,0,0,0,0,0,0,0,0,0,0,0,0,0,0,0,0,0,0,0,0,0,0,0,0,0,0,0,0,0,0,0,0,0,0,0,0,0,0,0,0,0,0,0,0,0,0,0,0,0,0,0,0,0,0,0,0,0,0,0,0,0,0,0,0,0,0,0,0,0,0,0,0,0,0,0,0,0,0,0,0,0,0,0,0,0,0,0,0,0,0,0,0,0,0,0,0,0,0,0,0,0,0,0,0,0,0,0,0,0,0,0,0,0,0,0,0,0,0,0,0,0,0,0,0,0,0,0,0,0,0,0,0,0,0,0,0,0,0,0,0,0,0,0,0,0,0,0,0,0,0,0,0,0,0,0,0,0,0,0,0,0,0,0,0,0,0,0,0,0,0,0,0,0,0,0,0,0,0,0,0,0,0,0,0,0,0,0,0,0,0,0,0,0,0,0,0,0,0,0,0,0,0,0,0,0,0,0,0,0,0,0,0,0,0,0,0,0,0,0,0,0,0,0,0,0,0,0,0,0,0,0,0,0,0,0,0,0,0,0,0,0,0,0,0,0,0,0,0,0,0,0,0,0,0,0,0,0,0,0,0,0,0,0,0,0,0,0,0,0,0,0,0,0,0,0,0,0,0,0,0,0,0,0,0,0,0,0,0,0,0,0,0,0,0,0,0,0,0,0,0,0,0,0,0,0,0,0,0,0,0,0,0,0,0,0,0,0,0,0,0,0,0,0,0,0,0,0,0,0,0,0,0,0,0,0,0,0,0,0,0,0,0,0,0,0,0,0,0,0,0,0,0,0,0,0,0,0,0,0,0,0,0,0,0,0,0,0,0,0,0,0,0,0,0,0
1.22421,0,1.22915,0,1.23246,0,1.23683,0,1.25203,0,1.25302,0,1.25351,0,1.25442,0,1.26092,0,1.32532,0,1.26448,0,1.26549,0,1.27465,0,1.28446,0,1.28286,0,1.28358,0,1.28763,0,1.28839,0,1.30657,0,1.30372,0,1.30597,0,1.31581,0,1.31593,0,1.31935,0,1.32041,0,1.32531,0,1.32222,0,1.32505,0,1.324,0,1.32264,0,1.31668,0,1.31528,0,1.31446,0,1.31528,0,1.31762,0,1.32033,0,1.3193,0,1.32049,0,1.32013,0,1.31876,0,1.32004,0,1.3287,0,1.33005,0,1.33644,0,1.33761,0,1.34659,0,1.34836,0,1.35374,0,1.35843,0,1.3624,0,1.36433,0,1.37396,0,1.37225,0,1.38391,0,1.38271,0,1.3849,0,1.3835,0,1.38349,0,1.54916,0,1.40581,0,1.41215,0,1.41344,0,1.42321,0,1.42457,0,1.4288,0,1.43364,0,1.43725,0,1.43826,0,1.44042,0,1.44212,0,1.44171,0,1.4471,0,1.45221,0,1.45509,0,1.45278,0,1.45496,0,1.45717,0,1.4566,0,1.46253,0,1.46232,0,1.47042,0,1.47098,0,1.47314,0,1.47454,0,1.47946,0,1.47788,0,1.47527,0,1.55735,0,1.4799,0,1.47876,0,1.48023,0,1.49687,0,1.57572,0,1.52643,0,1.51327,0,1.50825,0,1.54896,0,1.58195,0,1.58061,0,1.50178,0,1.5016,0,1.49857,0,1.48949,0,1.49596,0,1.49791,0,1.49706,0,1.49655,0,1.4956,0,1.49985,0,1.5024,0,1.50202,0,1.49145,0,1.48854,0,1.48794,0,1.48666,0,1.49119,0,1.49513,0,1.49719,0,1.50279,0,1.50723,0,1.50499,0,1.50529,0,1.50445,0,1.50844,0,1.51084,0,1.51577,0,1.52073,0,1.52156,0,1.62494,0,1.52727,0,1.5281,0,1.53163,0,1.53168,0,1.52888,0,1.52985,0,1.52856,0,1.5268,0,1.52644,0,1.53025,0,1.53819,0,1.53663,0,1.53396,0,1.53333,0,1.5332,0,1.52984,0,1.53268,0,1.53109,0,1.53087,0,1.53707,0,1.53632,0,1.53646,0,1.53629,0,1.54406,0,1.54686,0,1.54599,0,1.54787,0,1.54875,0,1.5508,0,1.5504,0,1.54935,0,1.55072,0,1.55378,0,1.56485,0,1.55755,0,1.55964,0,1.55621,0,1.55714,0,1.56251,0,1.56061,0,1.55813,0,1.56478,0,1.5706,0,1.56989,0,1.57309,0,1.57942,0,1.58583,0,1.58514,0,1.58967,0,1.58847,0,1.58855,0,1.59158,0,1.59079,0,1.59066,0,1.58913,0,1.59422,0,1.59213,0,1.59433,0,1.59408,0,1.59656,0,1.59774,0,1.59807,0,1.6038,0,1.60675,0,1.61454,0,1.61282,0,1.61951,0,1.61696,0,1.61901,0,1.61954,0,1.61414,0,1.61285,0,1.62174,0,1.62072,0,1.62196,0,1.62068,0,1.6219,0,1.62753,0,1.62922,0,1.62835,0,1.63353,0,1.63559,0,1.63693,0,1.6358,0,1.64153,0,1.64132,0,1.64715,0,1.64577,0,1.64505,0,1.65412,0,1.65479,0,1.65419,0,1.6596,0,1.66445,0,1.66499,0,1.66658,0,1.66583,0,1.67091,0,1.66906,0,1.68708,0,1.68456,0,1.69014,0,1.68988,0,1.68932,0,1.69172,0,1.69011,0,1.68804,0,1.68755,0,1.69953,0,1.70009,0,1.71521,0,1.71376,0,1.71971,0,1.7245,0,1.73071,0,1.73699,0,1.74051,0,1.738,0,1.7358,0,1.73465,0,1.74023,0,1.74768,0,1.74657,0,1.74527,0,1.75078,0,1.74969,0,1.75481,0,1.75385,0,1.76354,0,1.76568,0,1.7638,0,1.76209,0,1.76175,0,1.77028,0,1.76707,0,1.76525,0,1.77811,0,1.77695,0,1.7798,0,1.77599,0,1.78583,0,1.7858,0,1.7891,0,1.7904,0,1.78862,0,1.78892,0,1.79748,0,1.79514,0,1.79545,0,1.80222,0,1.80561,0,1.80222,0,1.80268,0,1.80957,0,1.80815,0,1.80565,0,1.8116,0,1.81246,0,1.8119,0,1.82315,0,1.81946,0,1.82764,0,1.82721,0,1.8296,0,1.82898,0,1.81085,0,1.8207,0,1.82132,0,1.82095,0,1.81342,0,1.81596,0
0,0,0,0,0,0,0,0,0,0,0,0,0,0,0,0,0,0,0,0,0,0,0,0,0,0,0,0,0,0,0,0,0,0,0,0,0,0,0,0,0,0,0,0,0,0,0,0,0,0,0,0,0,0,0,0,0,0,0,0,0,0,0,0,0,0,0,0,0,0,0,0,0,0,0,0,0,0,0,0,0,0,0,0,0,0,0,0,0,0,0,0,0,0,0,0,0,0,0,0,0,0,0,0,0,0,0,0,0,0,0,0,0,0,0,0,0,0,0,0,0,0,0,0,0,0,0,0,0,0,0,0,0,0,0,0,0,0,0,0,0,0,0,0,0,0,0,0,0,0,0,0,0,0,0,0,0,0,0,0,0,0,0,0,0,0,0,0,0,0,0,0,0,0,0,0,0,0,0,0,0,0,0,0,0,0,0,0,0,0,0,0,0,0,0,0,0,0,0,0,0,0,0,0,0,0,0,0,0,0,0,0,0,0,0,0,0,0,0,0,0,0,0,0,0,0,0,0,0,0,0,0,0,0,0,0,0,0,0,0,0,0,0,0,0,0,0,0,0,0,0,0,0,0,0,0,0,0,0,0,0,0,0,0,0,0,0,0,0,0,0,0,0,0,0,0,0,0,0,0,0,0,0,0,0,0,0,0,0,0,0,0,0,0,0,0,0,0,0,0,0,0,0,0,0,0,0,0,0,0,0,0,0,0,0,0,0,0,0,0,0,0,0,0,0,0,0,0,0,0,0,0,0,0,0,0,0,0,0,0,0,0,0,0,0,0,0,0,0,0,0,0,0,0,0,0,0,0,0,0,0,0,0,0,0,0,0,0,0,0,0,0,0,0,0,0,0,0,0,0,0,0,0,0,0,0,0,0,0,0,0,0,0,0,0,0,0,0,0,0,0,0,0,0,0,0,0,0,0,0,0,0,0,0,0,0,0,0,0,0,0,0,0,0,0,0,0,0,0,0,0,0,0,0,0,0,0,0,0,0,0,0,0,0,0,0,0,0,0,0,0,0,0,0,0,0,0,0,0,0,0,0,0,0,0,0,0,0,0,0,0,0,0,0,0,0,0,0,0,0,0,0,0,0,0,0,0,0,0,0,0,0,0,0,0,0,0,0,0,0,0,0,0,0,0,0,0,0,0,0,0,0,0,0,0,0,0,0,0,0,0,0,0,0,0,0,0,0,0,0,0,0,0,0,0,0,0,0,0,0,0,0,0,0,0,0,0,0,0,0,0,0,0,0,0,0,0,0,0,0,0,0,0,0,0,0,0,0,0,0,0,0,0,0,0,0,0,0,0,0,0,0,0,0,0,0,0,0,0,0,0,0,0,0,0,0,0,0,0,0
1.22352,0,1.229,0,1.2339,0,1.23613,0,1.24225,0,1.2416,0,1.24313,0,1.24524,0,1.25292,0,1.25444,0,1.25888,0,1.26746,0,1.27564,0,1.28443,0,1.2862,0,1.28515,0,1.28724,0,1.28434,0,1.28982,0,1.29446,0,1.29636,0,1.30658,0,1.30876,0,1.31266,0,1.31349,0,1.31446,0,1.32192,0,1.32053,0,1.3186,0,1.31411,0,1.31555,0,1.31321,0,1.30984,0,1.30745,0,1.30875,0,1.31469,0,1.31572,0,1.31851,0,1.3211,0,1.32149,0,1.3204,0,1.32116,0,1.32408,0,1.33351,0,1.33295,0,1.33928,0,1.34297,0,1.35336,0,1.35528,0,1.35498,0,1.36334,0,1.36499,0,1.37014,0,1.37201,0,1.38537,0,1.38649,0,1.39866,0,1.4004,0,1.40748,0,1.40877,0,1.41679,0,1.41544,0,1.42058,0,1.42168,0,1.42936,0,1.42912,0,1.43631,0,1.43785,0,1.44225,0,1.44273,0,1.44461,0,1.45023,0,1.4531,0,1.45161,0,1.45524,0,1.45855,0,1.45947,0,1.45923,0,1.45871,0,1.4644,0,1.46572,0,1.46864,0,1.46692,0,1.46756,0,1.46632,0,1.46399,0,1.46884,0,1.46759,0,1.47002,0,1.47609,0,1.48068,0,1.47491,0,1.59553,0,1.58798,0,1.58763,0,1.56575,0,1.48989,0,1.55129,0,1.48469,0,1.49285,0,1.49276,0,1.48878,0,1.48816,0,1.48603,0,1.479,0,1.58799,0,1.48728,0,1.49296,0,1.50441,0,1.5045,0,1.49569,0,1.49488,0,1.49472,0,1.49524,0,1.49601,0,1.49513,0,1.50117,0,1.49647,0,1.56091,0,1.50294,0,1.50209,0,1.50164,0,1.5023,0,1.50563,0,1.50448,0,1.61991,0,1.61791,0,1.61654,0,1.51798,0,1.52109,0,1.52042,0,1.52629,0,1.52694,0,1.52894,0,1.52851,0,1.52873,0,1.52966,0,1.52981,0,1.52706,0,1.52847,0,1.53596,0,1.5349,0,1.5332,0,1.53211,0,1.5308,0,1.5313,0,1.53049,0,1.53379,0,1.53204,0,1.53282,0,1.53314,0,1.53104,0,1.53546,0,1.53565,0,1.54338,0,1.54114,0,1.5437,0,1.55028,0,1.55451,0,1.55218,0,1.55303,0,1.5541,0,1.55357,0,1.55294,0,1.56007,0,1.55547,0,1.56065,0,1.5605,0,1.56643,0,1.56323,0,1.56481,0,1.56605,0,1.57253,0,1.57166,0,1.57488,0,1.57596,0,1.57743,0,1.58142,0,1.58153,0,1.58956,0,1.58725,0,1.58791,0,1.58749,0,1.5863,0,1.58495,0,1.58501,0,1.59257,0,1.59142,0,1.5928,0,1.59278,0,1.59848,0,1.59973,0,1.60585,0,1.60484,0,1.60499,0,1.60353,0,1.60534,0,1.60384,0,1.6066,0,1.61044,0,1.61384,0,1.61324,0,1.61013,0,1.61424,0,1.61098,0,1.62001,0,1.61744,0,1.62071,0,1.62215,0,1.62312,0,1.6281,0,1.62693,0,1.63643,0,1.63472,0,1.63457,0,1.6405,0,1.64641,0,1.64319,0,1.64923,0,1.65417,0,1.65661,0,1.66147,0,1.66616,0,1.6648,0,1.6631,0,1.66498,0,1.66516,0,1.66322,0,1.67837,0,1.67665,0,1.68968,0,1.69041,0,1.68804,0,1.68748,0,1.68991,0,1.69518,0,1.70538,0,1.7026,0,1.71308,0,1.71955,0,1.71768,0,1.72282,0,1.72664,0,1.73175,0,1.73414,0,1.74187,0,1.73684,0,1.73419,0,1.73393,0,1.74761,0,1.74373,0,1.73889,0,1.74449,0,1.74234,0,1.74846,0,1.74558,0,1.75522,0,1.75649,0,1.75737,0,1.75615,0,1.75496,0,1.75389,0,1.77064,0,1.76652,0,1.76845,0,1.76662,0,1.77168,0,1.7688,0,1.78003,0,1.77853,0,1.78797,0,1.78353,0,1.78067,0,1.7895,0,1.78993,0,1.7915,0,1.79087,0,1.79466,0,1.7972,0,1.80049,0,1.80081,0,1.80482,0,1.80398,0,1.80349,0,1.80168,0,1.80843,0,1.81285,0,1.81603,0,1.81535,0,1.81334,0,1.80623,0,1.8073,0,1.80509,0,1.81131,0,1.8068,0,1.8087,0,1.82418,0,1.81864,0,1.81611,0,1.81855,0
0,0,0,0,0,0,0,0,0,0,0,0,0,0,0,0,0,0,0,0,0,0,0,0,0,0,0,0,0,0,0,0,0,0,0,0,0,0,0,0,0,0,0,0,0,0,0,0,0,0,0,0,0,0,0,0,0,0,0,0,0,0,0,0,0,0,0,0,0,0,0,0,0,0,0,0,0,0,0,0,0,0,0,0,0,0,0,0,0,0,0,0,0,0,0,0,0,0,0,0,0,0,0,0,0,0,0,0,0,0,0,0,0,0,0,0,0,0,0,0,0,0,0,0,0,0,0,0,0,0,0,0,0,0,0,0,0,0,0,0,0,0,0,0,0,0,0,0,0,0,0,0,0,0,0,0,0,0,0,0,0,0,0,0,0,0,0,0,0,0,0,0,0,0,0,0,0,0,0,0,0,0,0,0,0,0,0,0,0,0,0,0,0,0,0,0,0,0,0,0,0,0,0,0,0,0,0,0,0,0,0,0,0,0,0,0,0,0,0,0,0,0,0,0,0,0,0,0,0,0,0,0,0,0,0,0,0,0,0,0,0,0,0,0,0,0,0,0,0,0,0,0,0,0,0,0,0,0,0,0,0,0,0,0,0,0,0,0,0,0,0,0,0,0,0,0,0,0,0,0,0,0,0,0,0,0,0,0,0,0,0,0,0,0,0,0,0,0,0,0,0,0,0,0,0,0,0,0,0,0,0,0,0,0,0,0,0,0,0,0,0,0,0,0,0,0,0,0,0,0,0,0,0,0,0,0,0,0,0,0,0,0,0,0,0,0,0,0,0,0,0,0,0,0,0,0,0,0,0,0,0,0,0,0,0,0,0,0,0,0,0,0,0,0,0,0,0,0,0,0,0,0,0,0,0,0,0,0,0,0,0,0,0,0,0,0,0,0,0,0,0,0,0,0,0,0,0,0,0,0,0,0,0,0,0,0,0,0,0,0,0,0,0,0,0,0,0,0,0,0,0,0,0,0,0,0,0,0,0,0,0,0,0,0,0,0,0,0,0,0,0,0,0,0,0,0,0,0,0,0,0,0,0,0,0,0,0,0,0,0,0,0,0,0,0,0,0,0,0,0,0,0,0,0,0,0,0,0,0,0,0,0,0,0,0,0,0,0,0,0,0,0,0,0,0,0,0,0,0,0,0,0,0,0,0,0,0,0,0,0,0,0,0,0,0,0,0,0,0,0,0,0,0,0,0,0,0,0,0,0,0,0,0,0,0,0,0,0,0,0,0,0,0,0,0,0,0,0,0,0,0,0,0,0,0,0,0,0,0,0,0,0,0,0,0,0,0,0,0,0,0,0,0,0,0,0,0,0,0,0,0,0,0,0,0,0,0,0,0,0
1.23148,0,1.24113,0,1.23946,0,1.23749,0,1.23779,0,1.23914,0,1.2393,0,1.24548,0,1.25074,0,1.25551,0,1.26476,0,1.26453,0,1.27612,0,1.28625,0,1.28764,0,1.29029,0,1.29196,0,1.28947,0,1.29003,0,1.29125,0,1.29653,0,1.2989,0,1.30645,0,1.31008,0,1.3112,0,1.3645,0,1.31804,0,1.31926,0,1.3136,0,1.31486,0,1.30879,0,1.3068,0,1.3069,0,1.30774,0,1.30562,0,1.30571,0,1.30892,0,1.31335,0,1.32484,0,1.32514,0,1.32351,0,1.32006,0,1.31638,0,1.31923,0,1.32153,0,1.33286,0,1.33845,0,1.34706,0,1.35037,0,1.35415,0,1.35716,0,1.37323,0,1.37315,0,1.37686,0,1.37584,0,1.38434,0,1.39028,0,1.39828,0,1.40568,0,1.42045,0,1.42259,0,1.43063,0,1.43454,0,1.43359,0,1.43357,0,1.43083,0,1.43358,0,1.43358,0,1.44089,0,1.44153,0,1.44375,0,1.4423,0,1.45037,0,1.44999,0,1.456,0,1.45473,0,1.45586,0,1.45354,0,1.45453,0,1.4535,0,1.4538,0,1.46162,0,1.46248,0,1.45814,0,1.45711,0,1.46101,0,1.46057,0,1.46635,0,1.46637,0,1.46491,0,1.46641,0,1.46895,0,1.46569,0,1.46822,0,1.47394,0,1.47307,0,1.47535,0,1.47443,0,1.47343,0,1.56225,0,1.46972,0,1.56246,0,1.56938,0,1.47936,0,1.47871,0,1.47874,0,1.49445,0,1.49062,0,1.49335,0,1.49167,0,1.49105,0,1.49392,0,1.49277,0,1.48933,0,1.49145,0,1.48303,0,1.48187,0,1.47992,0,1.47985,0,1.48984,0,1.49415,0,1.49411,0,1.49578,0,1.68519,0,1.50522,0,1.50317,0,1.50562,0,1.50948,0,1.50757,0,1.50999,0,1.51324,0,1.51572,0,1.52342,0,1.5182,0,1.66836,0,1.52588,0,1.53101,0,1.52475,0,1.52894,0,1.52847,0,1.51845,0,1.51521,0,1.52221,0,1.51808,0,1.52588,0,1.52439,0,1.52266,0,1.52495,0,1.5303,0,1.53265,0,1.53376,0,1.52818,0,1.53076,0,1.5411,0,1.54009,0,1.5399,0,1.5342,0,1.5349,0,1.54063,0,1.53825,0,1.53955,0,1.54031,0,1.53534,0,1.69793,0,1.70061,0,1.65631,0,1.6964,0,1.56534,0,1.56764,0,1.56767,0,1.57043,0,1.57187,0,1.57153,0,1.57191,0,1.57233,0,1.57638,0,1.57829,0,1.58006,0,1.56843,0,1.57731,0,1.58555,0,1.59022,0,1.58696,0,1.57014,0,1.57934,0,1.57478,0,1.57435,0,1.57973,0,1.58819,0,1.58889,0,1.58715,0,1.59253,0,1.58983,0,1.59289,0,1.58945,0,1.58705,0,1.59952,0,1.59779,0,1.59757,0,1.59996,0,1.60571,0,1.60361,0,1.60967,0,1.60705,0,1.61221,0,1.61208,0,1.616,0,1.61363,0,1.61912,0,1.62331,0,1.62489,0,1.63068,0,1.62948,0,1.63347,0,1.63713,0,1.64391,0,1.64364,0,1.64675,0,1.64812,0,1.65109,0,1.66053,0,1.6606,0,1.66147,0,1.66155,0,1.66547,0,1.66451,0,1.66327,0,1.66271,0,1.67446,0,1.67503,0,2.13117,0,1.68641,0,1.68824,0,1.68842,0,1.69037,0,1.69531,0,1.70689,0,1.70266,0,1.71072,0,1.70908,0,1.71581,0,1.71994,0,1.7186,0,1.72205,0,1.72671,0,1.72892,0,1.72893,0,1.72886,0,1.73067,0,1.73143,0,1.73876,0,1.7359,0,1.73154,0,1.73909,0,1.74511,0,1.74351,0,1.74461,0,1.74508,0,1.74728,0,1.74625,0,1.75813,0,1.75636,0,1.75827,0,1.76859,0,1.76708,0,1.76787,0,1.76359,0,1.76393,0,1.77406,0,1.77529,0,1.77884,0,1.77766,0,1.78323,0,1.78175,0,1.78107,0,1.78971,0,1.79228,0,1.7894,0,1.79582,0,1.80396,0,1.79502,0,1.79761,0,1.79543,0,1.80263,0,1.80218,0,1.80205,0,1.81093,0,1.8197,0,1.81803,0,1.81741,0,1.809,0,1.80361,0,1.8024,0,1.81645,0,1.81516,0,1.81931,0,1.81762,0,1.81332,0,1.81297,0,1.81482,0
0,0,0,0,0,0,0,0,0,0,0,0,0,0,0,0,0,0,0,0,0,0,0,0,0,0,0,0,0,0,0,0,0,0,0,0,0,0,0,0,0,0,0,0,0,0,0,0,0,0,0,0,0,0,0,0,0,0,0,0,0,0,0,0,0,0,0,0,0,0,0,0,0,0,0,0,0,0,0,0,0,0,0,0,0,0,0,0,0,0,0,0,0,0,0,0,0,0,0,0,0,0,0,0,0,0,0,0,0,0,0,0,0,0,0,0,0,0,0,0,0,0,0,0,0,0,0,0,0,0,0,0,0,0,0,0,0,0,0,0,0,0,0,0,0,0,0,0,0,0,0,0,0,0,0,0,0,0,0,0,0,0,0,0,0,0,0,0,0,0,0,0,0,0,0,0,0,0,0,0,0,0,0,0,0,0,0,0,0,0,0,0,0,0,0,0,0,0,0,0,0,0,0,0,0,0,0,0,0,0,0,0,0,0,0,0,0,0,0,0,0,0,0,0,0,0,0,0,0,0,0,0,0,0,0,0,0,0,0,0,0,0,0,0,0,0,0,0,0,0,0,0,0,0,0,0,0,0,0,0,0,0,0,0,0,0,0,0,0,0,0,0,0,0,0,0,0,0,0,0,0,0,0,0,0,0,0,0,0,0,0,0,0,0,0,0,0,0,0,0,0,0,0,0,0,0,0,0,0,0,0,0,0,0,0,0,0,0,0,0,0,0,0,0,0,0,0,0,0,0,0,0,0,0,0,0,0,0,0,0,0,0,0,0,0,0,0,0,0,0,0,0,0,0,0,0,0,0,0,0,0,0,0,0,0,0,0,0,0,0,0,0,0,0,0,0,0,0,0,0,0,0,0,0,0,0,0,0,0,0,0,0,0,0,0,0,0,0,0,0,0,0,0,0,0,0,0,0,0,0,0,0,0,0,0,0,0,0,0,0,0,0,0,0,0,0,0,0,0,0,0,0,0,0,0,0,0,0,0,0,0,0,0,0,0,0,0,0,0,0,0,0,0,0,0,0,0,0,0,0,0,0,0,0,0,0,0,0,0,0,0,0,0,0,0,0,0,0,0,0,0,0,0,0,0,0,0,0,0,0,0,0,0,0,0,0,0,0,0,0,0,0,0,0,0,0,0,0,0,0,0,0,0,0,0,0,0,0,0,0,0,0,0,0,0,0,0,0,0,0,0,0,0,0,0,0,0,0,0,0,0,0,0,0,0,0,0,0,0,0,0,0,0,0,0,0,0,0,0,0,0,0,0,0,0,0,0,0,0,0,0,0,0,0,0,0,0,0,0,0,0,0,0,0,0,0,0,0,0,0,0,0,0,0,0,0,0,0,0,0
1.25442,0,1.2552,0,1.24568,0,1.24143,0,1.2381,0,1.23869,0,1.24279,0,1.24309,0,1.24824,0,1.25833,0,1.26482,0,1.26568,0,1.27746,0,1.27749,0,1.29474,0,1.29468,0,1.30541,0,1.30587,0,1.29202,0,1.29552,0,1.29653,0,1.31165,0,1.31344,0,1.31676,0,1.31811,0,1.30949,0,1.31227,0,1.30948,0,1.30979,0,1.31143,0,1.30632,0,1.30552,0,1.2992,0,1.29868,0,1.29961,0,1.30025,0,1.30227,0,1.31311,0,1.31409,0,1.31771,0,1.31622,0,1.31623,0,1.31917,0,1.32273,0,1.42206,0,1.33415,0,1.33054,0,1.35038,0,1.35657,0,1.36212,0,1.36436,0,1.37095,0,1.37408,0,1.37275,0,1.37426,0,1.38122,0,1.38141,0,1.39184,0,1.40448,0,1.40742,0,1.41908,0,1.45101,0,1.47437,0,1.42812,0,1.42854,0,1.43757,0,1.42617,0,1.42483,0,1.43044,0,1.43028,0,1.44273,0,1.43669,0,1.44072,0,1.44766,0,1.44903,0,1.45002,0,1.45001,0,1.44891,0,1.54341,0,1.44277,0,1.44514,0,1.4465,0,1.45046,0,1.44973,0,1.45643,0,1.45612,0,1.45734,0,1.45985,0,1.4647,0,1.46248,0,1.45977,0,1.45717,0,1.45522,0,1.50573,0,1.46681,0,1.46671,0,1.45782,0,1.45539,0,1.44579,0,1.4562,0,1.45759,0,1.46042,0,1.46312,0,1.46577,0,1.47348,0,1.48227,0,1.48464,0,1.48345,0,1.48487,0,1.4833,0,1.48032,0,1.48614,0,1.48422,0,1.48278,0,1.48236,0,1.48374,0,1.48498,0,1.48439,0,1.48856,0,1.49119,0,1.49166,0,1.49092,0,1.4924,0,1.49312,0,1.49417,0,1.49513,0,1.49425,0,1.49946,0,1.50162,0,1.5014,0,1.50735,0,1.50691,0,1.51057,0,1.50799,0,1.5089,0,1.51288,0,1.51445,0,1.51931,0,1.51577,0,1.51703,0,1.51715,0,1.517,0,1.50882,0,1.50926,0,1.50761,0,1.51245,0,1.52042,0,1.51919,0,1.52442,0,1.52201,0,1.52946,0,1.52578,0,1.52273,0,1.52767,0,1.53085,0,1.52998,0,1.52907,0,1.53306,0,1.52716,0,1.54019,0,1.53457,0,1.53406,0,1.53999,0,1.53608,0,1.53501,0,1.53754,0,1.54466,0,1.75415,0,1.96707,0,1.56909,0,1.56578,0,1.56444,0,1.57332,0,1.57212,0,1.57299,0,1.57332,0,1.57229,0,1.56935,0,1.57034,0,1.57137,0,1.5717,0,1.5724,0,1.5689,0,1.56885,0,1.56686,0,1.55898,0,1.55766,0,1.55563,0,1.56474,0,1.56403,0,1.56796,0,1.57809,0,1.58481,0,1.58534,0,1.58588,0,1.59041,0,1.59061,0,1.58731,0,1.59152,0,1.59495,0,1.59567,0,1.59919,0,1.59734,0,1.60117,0,1.60632,0,1.60642,0,1.61606,0,1.61553,0,1.61807,0,1.61817,0,1.62433,0,1.63318,0,1.63423,0,1.63437,0,1.63738,0,1.63406,0,1.64154,0,1.64314,0,1.64369,0,1.64969,0,1.65377,0,1.66558,0,1.66351,0,1.66508,0,1.66218,0,1.66104,0,1.66756,0,1.66963,0,1.66859,0,1.6714,0,1.6785,0,1.68128,0,1.68244,0,1.68732,0,1.69529,0,1.69147,0,1.70083,0,1.70142,0,1.70079,0,1.70988,0,1.71079,0,1.71327,0,1.71947,0,1.72618,0,1.72403,0,1.72778,0,1.72686,0,1.73199,0,1.73058,0,1.73314,0,1.73111,0,1.73713,0,1.73648,0,1.73842,0,1.73774,0,1.7391,0,1.73747,0,1.74604,0,1.74837,0,1.74636,0,1.75432,0,1.75664,0,1.75496,0,1.76467,0,1.76235,0,1.76811,0,1.76664,0,1.76578,0,1.77002,0,1.77422,0,1.78111,0,1.77726,0,1.77596,0,1.78676,0,1.78476,0,1.78558,0,1.78302,0,1.79182,0,1.79216,0,1.78964,0,1.7908,0,1.79256,0,1.79084,0,1.79276,0,1.79726,0,1.79007,0,1.80186,0,1.80234,0,1.803,0,1.81137,0,1.80827,0,1.80737,0,1.81345,0,1.8141,0,1.81233,0,1.81155,0,1.81018,0,1.81253,0,1.80775,0,1.81255,0
0,0,0,0,0,0,0,0,0,0,0,0,0,0,0,0,0,0,0,0,0,0,0,0,0,0,0,0,0,0,0,0,0,0,0,0,0,0,0,0,0,0,0,0,0,0,0,0,0,0,0,0,0,0,0,0,0,0,0,0,0,0,0,0,0,0,0,0,0,0,0,0,0,0,0,0,0,0,0,0,0,0,0,0,0,0,0,0,0,0,0,0,0,0,0,0,0,0,0,0,0,0,0,0,0,0,0,0,0,0,0,0,0,0,0,0,0,0,0,0,0,0,0,0,0,0,0,0,0,0,0,0,0,0,0,0,0,0,0,0,0,0,0,0,0,0,0,0,0,0,0,0,0,0,0,0,0,0,0,0,0,0,0,0,0,0,0,0,0,0,0,0,0,0,0,0,0,0,0,0,0,0,0,0,0,0,0,0,0,0,0,0,0,0,0,0,0,0,0,0,0,0,0,0,0,0,0,0,0,0,0,0,0,0,0,0,0,0,0,0,0,0,0,0,0,0,0,0,0,0,0,0,0,0,0,0,0,0,0,0,0,0,0,0,0,0,0,0,0,0,0,0,0,0,0,0,0,0,0,0,0,0,0,0,0,0,0,0,0,0,0,0,0,0,0,0,0,0,0,0,0,0,0,0,0,0,0,0,0,0,0,0,0,0,0,0,0,0,0,0,0,0,0,0,0,0,0,0,0,0,0,0,0,0,0,0,0,0,0,0,0,0,0,0,0,0,0,0,0,0,0,0,0,0,0,0,0,0,0,0,0,0,0,0,0,0,0,0,0,0,0,0,0,0,0,0,0,0,0,0,0,0,0,0,0,0,0,0,0,0,0,0,0,0,0,0,0,0,0,0,0,0,0,0,0,0,0,0,0,0,0,0,0,0,0,0,0,0,0,0,0,0,0,0,0,0,0,0,0,0,0,0,0,0,0,0,0,0,0,0,0,0,0,0,0,0,0,0,0,0,0,0,0,0,0,0,0,0,0,0,0,0,0,0,0,0,0,0,0,0,0,0,0,0,0,0,0,0,0,0,0,0,0,0,0,0,0,0,0,0,0,0,0,0,0,0,0,0,0,0,0,0,0,0,0,0,0,0,0,0,0,0,0,0,0,0,0,0,0,0,0,0,0,0,0,0,0,0,0,0,0,0,0,0,0,0,0,0,0,0,0,0,0,0,0,0,0,0,0,0,0,0,0,0,0,0,0,0,0,0,0,0,0,0,0,0,0,0,0,0,0,0,0,0,0,0,0,0,0,0,0,0,0,0,0,0,0,0,0,0,0,0,0,0,0,0,0,0,0,0,0,0,0,0,0,0,0,0,0,0,0,0,0,0,0,0,0,0,0,0
1.23023,0,1.23348,0,1.23281,0,1.23503,0,1.23697,0,1.23728,0,1.23999,0,1.24398,0,1.25154,0,1.2602,0,1.25982,0,1.26925,0,1.27058,0,1.281,0,1.28696,0,1.29692,0,1.29718,0,1.30568,0,1.30842,0,1.30864,0,1.30723,0,1.30694,0,1.30823,0,1.35719,0,1.30494,0,1.30337,0,1.30903,0,1.30873,0,1.30708,0,1.30244,0,1.30163,0,1.29524,0,1.29873,0,1.29316,0,1.29416,0,1.29572,0,1.29707,0,1.29941,0,1.3054,0,1.30567,0,1.31189,0,1.31536,0,1.32348,0,1.32905,0,1.33466,0,1.34445,0,1.34285,0,1.34338,0,1.35314,0,1.35252,0,1.35656,0,1.35703,0,1.36761,0,1.36737,0,1.37203,0,1.3723,0,1.37975,0,1.38142,0,1.39241,0,1.39561,0,1.39536,0,1.41272,0,1.40726,0,1.5301,0,1.46867,0,1.46771,0,1.40878,0,1.41074,0,1.41735,0,1.41699,0,1.51011,0,1.42944,0,1.49309,0,1.44455,0,1.44149,0,1.44137,0,1.44724,0,1.43663,0,1.43586,0,1.43796,0,1.43637,0,1.44058,0,1.4436,0,1.43974,0,1.44748,0,1.44679,0,1.44934,0,1.4514,0,1.45402,0,1.44951,0,1.44867,0,1.45026,0,1.44697,0,1.44356,0,1.44974,0,1.44332,0,1.4431,0,1.44177,0,1.45065,0,1.44749,0,1.44593,0,1.44834,0,1.45548,0,1.45904,0,1.46514,0,1.46373,0,1.47369,0,1.47579,0,1.47873,0,1.47805,0,1.47853,0,1.66146,0,1.47712,0,1.4846,0,1.48366,0,1.47872,0,1.48148,0,1.48044,0,1.48087,0,1.63246,0,1.57713,0,1.48116,0,1.62184,0,1.48872,0,1.48666,0,1.48775,0,1.49206,0,1.49161,0,1.4928,0,1.4941,0,1.498,0,1.49376,0,1.49646,0,1.49966,0,1.5087,0,1.50864,0,1.50736,0,1.50933,0,1.50781,0,1.51014,0,1.50871,0,1.5049,0,1.50482,0,1.50144,0,1.50953,0,1.50962,0,1.51468,0,1.51745,0,1.51833,0,1.51892,0,1.52107,0,1.52124,0,1.52038,0,1.5211,0,1.52491,0,1.52685,0,1.52621,0,1.52412,0,1.52592,0,1.52764,0,1.52177,0,1.52223,0,1.52318,0,1.52687,0,1.52658,0,2.09407,0,1.54181,0,1.54586,0,1.55133,0,1.55149,0,1.55233,0,1.55905,0,1.5582,0,1.55756,0,1.56041,0,1.55904,0,1.56507,0,1.56228,0,1.57436,0,1.57319,0,1.56481,0,1.56323,0,1.5618,0,1.56244,0,1.56024,0,1.55521,0,1.55223,0,1.55089,0,1.55438,0,1.5611,0,1.56648,0,1.56923,0,1.57511,0,1.57412,0,1.58052,0,1.58111,0,1.58161,0,1.5887,0,1.58735,0,1.59354,0,1.59742,0,1.59618,0,1.60241,0,1.60591,0,1.6066,0,1.61145,0,1.61403,0,1.61305,0,1.60822,0,1.61244,0,1.61994,0,1.61706,0,1.62356,0,1.62621,0,1.62517,0,1.62635,0,1.62477,0,1.63386,0,1.64585,0,1.64456,0,1.65197,0,1.65398,0,1.65252,0,1.66083,0,1.65851,0,1.66082,0,1.66095,0,1.66841,0,1.66931,0,1.66646,0,1.68179,0,1.67714,0,1.68348,0,1.68417,0,1.68578,0,1.69152,0,1.6928,0,1.69214,0,1.70877,0,1.70799,0,1.70652,0,1.7177,0,1.72039,0,1.71911,0,1.72397,0,1.72625,0,1.72534,0,1.72311,0,1.72714,0,1.73348,0,1.72836,0,1.73177,0,1.73257,0,1.73529,0,1.74048,0,1.73747,0,1.74449,0,1.7436,0,1.75114,0,1.75046,0,1.75736,0,1.75631,0,1.75803,0,1.76211,0,1.76592,0,1.76451,0,1.76738,0,1.77128,0,1.76707,0,1.76922,0,1.78004,0,1.77973,0,1.77531,0,1.77915,0,1.78655,0,1.78519,0,1.78532,0,1.78537,0,1.78135,0,1.78902,0,1.78395,0,1.79315,0,1.78566,0,1.77325,0,1.77568,0,1.77492,0,1.79551,0,1.80103,0,1.79413,0,1.79914,0,1.80027,0,1.80029,0,1.80756,0,1.80442,0,1.80346,0,1.80927,0,1.80716,0,1.80738,0,1.80742,0,1.80194,0
0,0,0,0,0,0,0,0,0,0,0,0,0,0,0,0,0,0,0,0,0,0,0,0,0,0,0,0,0,0,0,0,0,0,0,0,0,0,0,0,0,0,0,0,0,0,0,0,0,0,0,0,0,0,0,0,0,0,0,0,0,0,0,0,0,0,0,0,0,0,0,0,0,0,0,0,0,0,0,0,0,0,0,0,0,0,0,0,0,0,0,0,0,0,0,0,0,0,0,0,0,0,0,0,0,0,0,0,0,0,0,0,0,0,0,0,0,0,0,0,0,0,0,0,0,0,0,0,0,0,0,0,0,0,0,0,0,0,0,0,0,0,0,0,0,0,0,0,0,0,0,0,0,0,0,0,0,0,0,0,0,0,0,0,0,0,0,0,0,0,0,0,0,0,0,0,0,0,0,0,0,0,0,0,0,0,0,0,0,0,0,0,0,0,0,0,0,0,0,0,0,0,0,0,0,0,0,0,0,0,0,0,0,0,0,0,0,0,0,0,0,0,0,0,0,0,0,0,0,0,0,0,0,0,0,0,0,0,0,0,0,0,0,0,0,0,0,0,0,0,0,0,0,0,0,0,0,0,0,0,0,0,0,0,0,0,0,0,0,0,0,0,0,0,0,0,0,0,0,0,0,0,0,0,0,0,0,0,0,0,0,0,0,0,0,0,0,0,0,0,0,0,0,0,0,0,0,0,0,0,0,0,0,0,0,0,0,0,0,0,0,0,0,0,0,0,0,0,0,0,0,0,0,0,0,0,0,0,0,0,0,0,0,0,0,0,0,0,0,0,0,0,0,0,0,0,0,0,0,0,0,0,0,0,0,0,0,0,0,0,0,0,0,0,0,0,0,0,0,0,0,0,0,0,0,0,0,0,0,0,0,0,0,0,0,0,0,0,0,0,0,0,0,0,0,0,0,0,0,0,0,0,0,0,0,0,0,0,0,0,0,0,0,0,0,0,0,0,0,0,0,0,0,0,0,0,0,0,0,0,0,0,0,0,0,0,0,0,0,0,0,0,0,0,0,0,0,0,0,0,0,0,0,0,0,0,0,0,0,0,0,0,0,0,0,0,0,0,0,0,0,0,0,0,0,0,0,0,0,0,0,0,0,0,0,0,0,0,0,0,0,0,0,0,0,0,0,0,0,0,0,0,0,0,0,0,0,0,0,0,0,0,0,0,0,0,0,0,0,0,0,0,0,0,0,0,0,0,0,0,0,0,0,0,0,0,0,0,0,0,0,0,0,0,0,0,0,0,0,0,0,0,0,0,0,0,0,0,0,0,0,0,0,0,0,0,0,0,0,0,0,0,0,0,0,0,0,0,0,0,0,0,0,0,0,0,0,0,0,0
1.22479,0,1.23152,0,1.23218,0,1.23295,0,1.23907,0,1.24287,0,1.24386,0,1.2482,0,1.25483,0,1.26172,0,1.26305,0,1.2701,0,1.28274,0,1.28368,0,1.28902,0,1.29347,0,1.29373,0,1.30858,0,1.31277,0,1.3133,0,1.30001,0,1.30086,0,1.29547,0,1.29824,0,1.2974,0,1.30107,0,1.30234,0,1.30242,0,1.30181,0,1.30152,0,1.29848,0,1.29895,0,1.29836,0,1.29816,0,1.29854,0,1.29799,0,1.29988,0,1.30187,0,1.30193,0,1.31552,0,1.31549,0,1.3164,0,1.31566,0,1.32226,0,1.32976,0,1.33409,0,1.33612,0,1.33721,0,1.34384,0,1.34769,0,1.34808,0,1.35368,0,1.35529,0,1.36263,0,1.36292,0,1.36437,0,1.36528,0,1.3935,0,1.38032,0,1.41755,0,1.38156,0,1.38529,0,1.3856,0,1.38394,0,1.38828,0,1.38313,0,1.50785,0,1.51021,0,1.39536,0,1.48971,0,1.41278,0,1.41367,0,1.42029,0,1.42603,0,1.43578,0,1.43571,0,1.43333,0,1.43387,0,1.43228,0,1.43015,0,1.43425,0,1.43483,0,1.43623,0,1.43763,0,1.43686,0,1.4272,0,1.42907,0,1.51084,0,1.50961,0,1.43144,0,1.43013,0,1.4348,0,1.44258,0,1.44032,0,1.43386,0,1.43434,0,1.43619,0,1.43757,0,1.44023,0,1.44068,0,1.44199,0,1.44778,0,1.45049,0,1.45111,0,1.45492,0,1.45665,0,1.45931,0,1.52406,0,1.55736,0,1.60481,0,1.47071,0,1.46852,0,1.46694,0,1.47456,0,1.47521,0,1.47566,0,1.47485,0,1.47511,0,1.47113,0,1.47314,0,1.47321,0,1.47284,0,1.47275,0,1.47639,0,1.47785,0,1.47949,0,1.48296,0,1.48786,0,1.48991,0,1.49009,0,1.49342,0,1.49377,0,1.4929,0,1.4934,0,1.49533,0,1.49909,0,1.50276,0,1.51242,0,1.34723,0,1.37728,0,1.37203,0,1.33934,0,1.33945,0,1.3853,0,1.43741,0,1.43186,0,1.35789,0,1.35953,0,1.37631,0,1.5232,0,1.51864,0,1.51584,0,1.51043,0,1.51818,0,1.52146,0,1.51811,0,1.52089,0,1.52085,0,1.52035,0,1.52086,0,1.52119,0,1.52101,0,1.5243,0,1.52195,0,1.53333,0,1.53253,0,1.53149,0,1.53657,0,1.5459,0,1.55309,0,1.55081,0,1.55574,0,1.55824,0,1.5612,0,1.56045,0,1.55999,0,1.56018,0,1.56184,0,1.56084,0,1.56094,0,1.56125,0,1.5619,0,1.56309,0,1.56453,0,1.55316,0,1.55223,0,1.55155,0,1.55608,0,1.5572,0,1.56451,0,1.56958,0,1.56761,0,1.57576,0,1.57974,0,1.57952,0,1.58179,0,1.58355,0,1.58684,0,1.59223,0,1.5924,0,1.59902,0,1.59921,0,1.60211,0,1.60099,0,1.6001,0,1.602,0,1.60669,0,1.60627,0,1.605,0,1.61235,0,1.60705,0,1.60569,0,1.61356,0,1.61394,0,1.61708,0,1.61621,0,1.6333,0,1.63068,0,1.64,0,1.63849,0,1.64237,0,1.64449,0,1.64206,0,1.65569,0,1.66271,0,1.66165,0,1.66062,0,1.66712,0,1.66343,0,1.67121,0,1.68164,0,1.68077,0,1.68158,0,1.67655,0,1.67914,0,1.67974,0,1.69193,0,1.69087,0,1.6923,0,0.00437048,0,1.71016,0,1.71858,0,1.72479,0,1.72221,0,1.72992,0,1.72735,0,1.72832,0,1.72684,0,1.72464,0,1.7288,0,1.7284,0,1.7336,0,1.73735,0,1.73388,0,1.73325,0,1.74103,0,1.74448,0,1.74254,0,1.75187,0,1.75252,0,1.75124,0,1.75451,0,1.75612,0,1.75737,0,1.76468,0,1.76399,0,1.7711,0,1.76657,0,1.77216,0,1.77437,0,1.7707,0,1.76838,0,1.76886,0,1.76864,0,1.77026,0,1.7759,0,1.77525,0,1.77973,0,1.77655,0,1.78117,0,1.77835,0,1.77742,0,1.7782,0,1.77931,0,1.77912,0,1.77747,0,1.79031,0,1.7878,0,1.7941,0,1.79229,0,1.79628,0,1.79587,0,1.80276,0,1.80066,0,1.79987,0,1.79753,0,1.80018,0,1.8001,0,1.80289,0,1.79742,0
0,0,0,0,0,0,0,0,0,0,0,0,0,0,0,0,0,0,0,0,0,0,0,0,0,0,0,0,0,0,0,0,0,0,0,0,0,0,0,0,0,0,0,0,0,0,0,0,0,0,0,0,0,0,0,0,0,0,0,0,0,0,0,0,0,0,0,0,0,0,0,0,0,0,0,0,0,0,0,0,0,0,0,0,0,0,0,0,0,0,0,0,0,0,0,0,0,0,0,0,0,0,0,0,0,0,0,0,0,0,0,0,0,0,0,0,0,0,0,0,0,0,0,0,0,0,0,0,0,0,0,0,0,0,0,0,0,0,0,0,0,0,0,0,0,0,0,0,0,0,0,0,0,0,0,0,0,0,0,0,0,0,0,0,0,0,0,0,0,0,0,0,0,0,0,0,0,0,0,0,0,0,0,0,0,0,0,0,0,0,0,0,0,0,0,0,0,0,0,0,0,0,0,0,0,0,0,0,0,0,0,0,0,0,0,0,0,0,0,0,0,0,0,0,0,0,0,0,0,0,0,0,0,0,0,0,0,0,0,0,0,0,0,0,0,0,0,0,0,0,0,0,0,0,0,0,0,0,0,0,0,0,0,0,0,0,0,0,0,0,0,0,0,0,0,0,0,0,0,0,0,0,0,0,0,0,0,0,0,0,0,0,0,0,0,0,0,0,0,0,0,0,0,0,0,0,0,0,0,0,0,0,0,0,0,0,0,0,0,0,0,0,0,0,0,0,0,0,0,0,0,0,0,0,0,0,0,0,0,0,0,0,0,0,0,0,0,0,0,0,0,0,0,0,0,0,0,0,0,0,0,0,0,0,0,0,0,0,0,0,0,0,0,0,0,0,0,0,0,0,0,0,0,0,0,0,0,0,0,0,0,0,0,0,0,0,0,0,0,0,0,0,0,0,0,0,0,0,0,0,0,0,0,0,0,0,0,0,0,0,0,0,0,0,0,0,0,0,0,0,0,0,0,0,0,0,0,0,0,0,0,0,0,0,0,0,0,0,0,0,0,0,0,0,0,0,0,0,0,0,0,0,0,0,0,0,0,0,0,0,0,0,0,0,0,0,0,0,0,0,0,0,0,0,0,0,0,0,0,0,0,0,0,0,0,0,0,0,0,0,0,0,0,0,0,0,0,0,0,0,0,0,0,0,0,0,0,0,0,0,0,0,0,0,0,0,0,0,0,0,0,0,0,0,0,0,0,0,0,0,0,0,0,0,0,0,0,0,0,0,0,0,0,0,0,0,0,0,0,0,0,0,0,0,0,0,0,0,0,0,0,0,0,0,0,0,0,0,0,0,0,0,0,0,0,0,0,0,0,0,0,0,0,0,0,0,0,0,0,0
1.21821,0,1.22371,0,1.22967,0,1.23646,0,1.2402,0,1.24204,0,1.24619,0,1.2474,0,1.25902,0,1.26287,0,1.48923,0,1.27715,0,1.28277,0,1.28599,0,1.28934,0,1.50426,0,1.3028,0,1.30023,0,1.29586,0,1.29394,0,1.29127,0,1.29081,0,1.29305,0,1.29243,0,1.29595,0,1.29641,0,1.29195,0,1.30568,0,1.36778,0,1.28372,0,1.27865,0,1.34051,0,1.39466,0,1.29808,0,1.29916,0,1.30055,0,1.30591,0,1.31969,0,1.31991,0,1.31913,0,1.31514,0,1.37465,0,1.31387,0,1.31543,0,1.32629,0,1.32864,0,1.32714,0,1.33339,0,1.33949,0,1.34521,0,1.34967,0,1.35018,0,1.35175,0,1.35166,0,1.35743,0,1.35802,0,1.36267,0,1.36229,0,1.36266,0,1.36364,0,1.36448,0,1.37056,0,1.37084,0,1.37731,0,1.37306,0,1.37713,0,1.37757,0,1.37811,0,1.40215,0,1.40011,0,1.40605,0,1.41368,0,1.42184,0,1.42123,0,1.42547,0,1.42624,0,1.42595,0,1.42727,0,1.42542,0,1.42562,0,1.42941,0,1.42824,0,1.43187,0,1.432,0,1.43243,0,1.43004,0,1.42899,0,1.42088,0,1.41964,0,1.42189,0,1.42127,0,1.42111,0,1.42151,0,1.43071,0,1.43162,0,1.43344,0,1.4357,0,1.43522,0,1.43657,0,1.43871,0,1.4343,0,1.43616,0,1.44294,0,1.44058,0,1.4471,0,1.44945,0,1.4483,0,1.51966,0,1.58225,0,1.45254,0,1.45623,0,1.45533,0,1.45894,0,1.46029,0,1.45796,0,1.46344,0,1.4604,0,1.46475,0,1.46243,0,1.46055,0,1.46388,0,1.46319,0,1.47109,0,1.47211,0,1.47261,0,1.47783,0,1.47953,0,1.47883,0,1.47614,0,1.47666,0,1.48439,0,1.48236,0,1.48487,0,1.4918,0,1.48883,0,1.35453,0,1.33904,0,1.33666,0,1.33304,0,1.31986,0,1.31483,0,1.31556,0,1.31864,0,1.3184,0,1.51742,0,1.51594,0,1.51255,0,1.50598,0,1.36191,0,1.36802,0,1.36835,0,1.49879,0,1.50012,0,1.50075,0,1.5001,0,1.4991,0,1.5112,0,1.51227,0,1.51233,0,1.52118,0,1.51948,0,1.52291,0,1.52171,0,1.52314,0,1.52442,0,1.52038,0,1.52181,0,1.52079,0,1.51336,0,1.52108,0,1.68212,0,1.54071,0,1.54417,0,1.54333,0,1.54312,0,1.55063,0,1.54703,0,1.55835,0,1.55718,0,1.55611,0,1.55614,0,1.557,0,1.54819,0,1.54979,0,1.55401,0,1.55687,0,1.55674,0,1.56385,0,1.56621,0,1.56836,0,1.56744,0,1.57129,0,1.57512,0,1.57662,0,1.57971,0,1.57836,0,1.58483,0,1.58941,0,1.58978,0,1.58944,0,1.58981,0,1.59657,0,1.59353,0,1.59711,0,1.59597,0,1.60015,0,1.59991,0,1.60548,0,1.60326,0,1.60482,0,1.60319,0,1.6011,0,1.60163,0,1.60417,0,1.61367,0,1.6158,0,1.61432,0,2.02667,0,1.63791,0,1.64118,0,1.64015,0,1.6439,0,1.64584,0,1.65192,0,1.65808,0,1.65896,0,1.65995,0,1.66708,0,1.66459,0,1.67617,0,1.67427,0,1.67519,0,1.66926,0,1.67606,0,1.67944,0,1.68229,0,1.6815,0,1.69016,0,1.68796,0,1.70267,0,1.70352,0,1.71608,0,1.71636,0,1.7199,0,1.71989,0,1.7251,0,1.72655,0,1.72632,0,1.7298,0,1.7314,0,1.73006,0,1.73388,0,1.73444,0,1.73626,0,1.73865,0,1.73844,0,1.74415,0,1.74475,0,1.74777,0,1.75261,0,1.75342,0,1.75159,0,1.75956,0,1.75667,0,1.75426,0,1.75474,0,1.76902,0,1.76065,0,1.76327,0,1.76335,0,1.76745,0,1.76337,0,1.76733,0,1.76865,0,1.7657,0,1.77314,0,1.77522,0,1.77496,0,1.77493,0,1.77322,0,1.77349,0,1.77397,0,1.77451,0,1.77372,0,1.77392,0,1.78186,0,1.78964,0,1.78611,0,1.79137,0,1.79216,0,1.79541,0,1.79657,0,1.79531,0,1.79949,0,1.79266,0,1.79544,0,1.80159,0,1.79901,0,1.79655,0,1.80797,0
0,0,0,0,0,0,0,0,0,0,0,0,0,0,0,0,0,0,0,0,0,0,0,0,0,0,0,0,0,0,0,0,0,0,0,0,0,0,0,0,0,0,0,0,0,0,0,0,0,0,0,0,0,0,0,0,0,0,0,0,0,0,0,0,0,0,0,0,0,0,0,0,0,0,0,0,0,0,0,0,0,0,0,0,0,0,0,0,0,0,0,0,0,0,0,0,0,0,0,0,0,0,0,0,0,0,0,0,0,0,0,0,0,0,0,0,0,0,0,0,0,0,0,0,0,0,0,0,0,0,0,0,0,0,0,0,0,0,0,0,0,0,0,0,0,0,0,0,0,0,0,0,0,0,0,0,0,0,0,0,0,0,0,0,0,0,0,0,0,0,0,0,0,0,0,0,0,0,0,0,0,0,0,0,0,0,0,0,0,0,0,0,0,0,0,0,0,0,0,0,0,0,0,0,0,0,0,0,0,0,0,0,0,0,0,0,0,0,0,0,0,0,0,0,0,0,0,0,0,0,0,0,0,0,0,0,0,0,0,0,0,0,0,0,0,0,0,0,0,0,0,0,0,0,0,0,0,0,0,0,0,0,0,0,0,0,0,0,0,0,0,0,0,0,0,0,0,0,0,0,0,0,0,0,0,0,0,0,0,0,0,0,0,0,0,0,0,0,0,0,0,0,0,0,0,0,0,0,0,0,0,0,0,0,0,0,0,0,0,0,0,0,0,0,0,0,0,0,0,0,0,0,0,0,0,0,0,0,0,0,0,0,0,0,0,0,0,0,0,0,0,0,0,0,0,0,0,0,0,0,0,0,0,0,0,0,0,0,0,0,0,0,0,0,0,0,0,0,0,0,0,0,0,0,0,0,0,0,0,0,0,0,0,0,0,0,0,0,0,0,0,0,0,0,0,0,0,0,0,0,0,0,0,0,0,0,0,0,0,0,0,0,0,0,0,0,0,0,0,0,0,0,0,0,0,0,0,0,0,0,0,0,0,0,0,0,0,0,0,0,0,0,0,0,0,0,0,0,0,0,0,0,0,0,0,0,0,0,0,0,0,0,0,0,0,0,0,0,0,0,0,0,0,0,0,0,0,0,0,0,0,0,0,0,0,0,0,0,0,0,0,0,0,0,0,0,0,0,0,0,0,0,0,0,0,0,0,0,0,0,0,0,0,0,0,0,0,0,0,0,0,0,0,0,0,0,0,0,0,0,0,0,0,0,0,0,0,0,0,0,0,0,0,0,0,0,0,0,0,0,0,0,0,0,0,0,0,0,0,0,0,0,0,0,0,0,0,0,0,0,0,0,0,0,0,0,0,0,0,0,0,0,0,0,0,0,0,0,0,0
1.21685,0,1.22417,0,1.22965,0,1.23144,0,1.23912,0,1.2421,0,1.24648,0,1.25644,0,1.25853,0,1.26999,0,1.27545,0,1.27532,0,1.27682,0,1.27887,0,1.28224,0,1.34297,0,1.29691,0,1.30418,0,1.30277,0,1.30424,0,1.29391,0,1.29396,0,1.28892,0,1.29053,0,1.27829,0,1.28288,0,1.2828,0,1.28353,0,1.2745,0,1.2697,0,1.26957,0,1.27386,0,1.51646,0,1.28479,0,1.29067,0,1.29836,0,1.29976,0,1.3438,0,1.30965,0,1.30518,0,1.30417,0,1.3045,0,1.30724,0,1.31403,0,1.3221,0,1.32205,0,1.33362,0,1.33934,0,1.3394,0,1.33983,0,1.34374,0,1.34419,0,1.34904,0,1.349,0,1.35792,0,1.35919,0,1.35887,0,1.35993,0,1.35725,0,1.35913,0,1.3581,0,1.35757,0,1.36334,0,1.36973,0,1.37193,0,1.37464,0,1.375,0,1.38819,0,1.39253,0,1.39823,0,1.39954,0,1.51732,0,1.40662,0,1.40749,0,1.40657,0,1.41542,0,1.41553,0,1.41955,0,1.41273,0,1.41883,0,1.52026,0,1.42073,0,1.4208,0,1.4244,0,1.42258,0,1.4257,0,1.42299,0,1.42026,0,1.42049,0,1.42118,0,1.42117,0,1.41956,0,1.42669,0,1.42647,0,1.42784,0,1.43288,0,1.43183,0,1.43295,0,1.42474,0,1.42404,0,1.42954,0,1.42866,0,1.43712,0,1.44241,0,1.43984,0,1.43721,0,1.43782,0,1.43863,0,1.44351,0,1.44445,0,1.56401,0,1.69278,0,1.45269,0,1.45373,0,1.45589,0,1.45586,0,1.45421,0,1.45566,0,1.46429,0,1.46093,0,1.46048,0,1.47008,0,1.47307,0,1.47248,0,1.47422,0,1.48434,0,1.4817,0,1.48148,0,1.47362,0,1.47305,0,1.47783,0,1.47544,0,1.48316,0,1.48268,0,1.47175,0,1.34389,0,1.3404,0,1.31628,0,1.31294,0,1.3138,0,1.31685,0,1.51644,0,1.5147,0,1.51515,0,1.51948,0,1.51882,0,1.51246,0,1.31904,0,1.32418,0,1.38545,0,1.42951,0,1.44938,0,1.45746,0,0.00368412,0,1.44465,0,1.44506,0,1.49919,0,1.49792,0,1.50389,0,1.50444,0,1.50326,0,1.51266,0,1.51624,0,1.51395,0,1.51628,0,1.49713,0,1.50467,0,1.50359,0,1.50845,0,1.5144,0,1.52744,0,1.53745,0,1.53765,0,1.54323,0,1.54001,0,1.54336,0,1.55078,0,1.55001,0,1.55182,0,1.55041,0,1.55552,0,1.55284,0,1.55369,0,1.55948,0,1.56069,0,1.55868,0,1.5636,0,1.56595,0,1.5643,0,1.56593,0,1.56451,0,1.56212,0,1.56612,0,1.56576,0,1.57315,0,1.57287,0,1.57348,0,1.57491,0,1.58375,0,1.58362,0,1.59038,0,1.59534,0,1.59588,0,1.5968,0,1.59479,0,1.59274,0,1.59862,0,1.59617,0,1.59709,0,1.59957,0,1.59737,0,1.59926,0,1.60517,0,1.60836,0,1.60691,0,1.61779,0,1.62248,0,1.62453,0,1.62567,0,1.63726,0,1.63603,0,1.64059,0,1.64082,0,1.65223,0,1.65117,0,1.65749,0,1.65633,0,1.65799,0,1.65864,0,1.67103,0,1.67493,0,1.67467,0,1.67714,0,1.67754,0,1.66954,0,1.66785,0,1.6664,0,1.67513,0,1.68137,0,1.68223,0,1.69043,0,1.70152,0,1.70101,0,1.72129,0,1.71328,0,1.71432,0,1.72408,0,1.72032,0,1.73461,0,1.73117,0,1.73215,0,1.73124,0,1.72787,0,1.73244,0,1.73621,0,1.74003,0,1.74805,0,1.74363,0,1.75067,0,1.74733,0,1.75228,0,1.75031,0,1.75647,0,1.75522,0,1.7579,0,1.75711,0,1.76486,0,1.76094,0,1.75825,0,1.76586,0,1.76281,0,1.76277,0,1.76407,0,1.76492,0,1.76566,0,1.77081,0,1.76879,0,1.77305,0,1.76674,0,1.77271,0,1.77389,0,1.77347,0,1.777,0,1.77667,0,1.7741,0,1.77953,0,1.78758,0,1.78552,0,1.78852,0,1.78747,0,1.78533,0,1.78703,0,1.789,0,1.78704,0,1.79359,0,1.79287,0,1.79613,0,1.80181,0,1.79775,0,1.80237,0
0,0,0,0,0,0,0,0,0,0,0,0,0,0,0,0,0,0,0,0,0,0,0,0,0,0,0,0,0,0,0,0,0,0,0,0,0,0,0,0,0,0,0,0,0,0,0,0,0,0,0,0,0,0,0,0,0,0,0,0,0,0,0,0,0,0,0,0,0,0,0,0,0,0,0,0,0,0,0,0,0,0,0,0,0,0,0,0,0,0,0,0,0,0,0,0,0,0,0,0,0,0,0,0,0,0,0,0,0,0,0,0,0,0,0,0,0,0,0,0,0,0,0,0,0,0,0,0,0,0,0,0,0,0,0,0,0,0,0,0,0,0,0,0,0,0,0,0,0,0,0,0,0,0,0,0,0,0,0,0,0,0,0,0,0,0,0,0,0,0,0,0,0,0,0,0,0,0,0,0,0,0,0,0,0,0,0,0,0,0,0,0,0,0,0,0,0,0,0,0,0,0,0,0,0,0,0,0,0,0,0,0,0,0,0,0,0,0,0,0,0,0,0,0,0,0,0,0,0,0,0,0,0,0,0,0,0,0,0,0,0,0,0,0,0,0,0,0,0,0,0,0,0,0,0,0,0,0,0,0,0,0,0,0,0,0,0,0,0,0,0,0,0,0,0,0,0,0,0,0,0,0,0,0,0,0,0,0,0,0,0,0,0,0,0,0,0,0,0,0,0,0,0,0,0,0,0,0,0,0,0,0,0,0,0,0,0,0,0,0,0,0,0,0,0,0,0,0,0,0,0,0,0,0,0,0,0,0,0,0,0,0,0,0,0,0,0,0,0,0,0,0,0,0,0,0,0,0,0,0,0,0,0,0,0,0,0,0,0,0,0,0,0,0,0,0,0,0,0,0,0,0,0,0,0,0,0,0,0,0,0,0,0,0,0,0,0,0,0,0,0,0,0,0,0,0,0,0,0,0,0,0,0,0,0,0,0,0,0,0,0,0,0,0,0,0,0,0,0,0,0,0,0,0,0,0,0,0,0,0,0,0,0,0,0,0,0,0,0,0,0,0,0,0,0,0,0,0,0,0,0,0,0,0,0,0,0,0,0,0,0,0,0,0,0,0,0,0,0,0,0,0,0,0,0,0,0,0,0,0,0,0,0,0,0,0,0,0,0,0,0,0,0,0,0,0,0,0,0,0,0,0,0,0,0,0,0,0,0,0,0,0,0,0,0,0,0,0,0,0,0,0,0,0,0,0,0,0,0,0,0,0,0,0,0,0,0,0,0,0,0,0,0,0,0,0,0,0,0,0,0,0,0,0,0,0,0,0,0,0,0,0,0,0,0,0,0,0,0,0,0,0,0,0,0,0,0,0,0,0,0,0,0,0,0,0,0,0,0,0
1.21661,0,1.22457,0,1.23253,0,1.23274,0,1.23435,0,1.24178,0,1.24156,0,1.24843,0,1.2542,0,1.26118,0,1.27195,0,1.27339,0,1.27802,0,1.27877,0,1.28101,0,1.28933,0,1.29254,0,1.30431,0,1.30371,0,1.30418,0,1.3048,0,1.30876,0,1.29233,0,1.27914,0,1.27832,0,1.26686,0,1.26231,0,1.2631,0,1.26491,0,1.26706,0,1.26932,0,1.27129,0,1.2737,0,1.27817,0,1.28467,0,1.2888,0,1.29481,0,1.30236,0,1.30327,0,1.30029,0,1.29787,0,1.30175,0,1.37175,0,1.32258,0,1.35784,0,1.33884,0,1.33995,0,1.33988,0,1.33928,0,1.33867,0,1.33952,0,1.34372,0,1.3481,0,1.34784,0,1.35894,0,1.35768,0,1.35954,0,1.35996,0,1.35543,0,1.35287,0,1.35366,0,1.35656,0,1.36379,0,1.36395,0,1.36585,0,1.3657,0,1.36835,0,1.37627,0,1.37772,0,1.37829,0,1.38558,0,1.38979,0,1.39178,0,1.39395,0,1.40776,0,1.41082,0,1.41065,0,1.40768,0,1.40844,0,1.40768,0,1.41094,0,1.50679,0,1.40795,0,1.411,0,1.41241,0,1.41683,0,1.42236,0,1.42576,0,1.4259,0,1.42563,0,1.43292,0,1.42974,0,1.42863,0,1.42853,0,1.42822,0,1.42718,0,1.42784,0,1.42691,0,1.4277,0,1.43267,0,1.43258,0,1.43131,0,1.43274,0,1.43013,0,1.42962,0,1.42376,0,1.42707,0,1.43023,0,1.4318,0,1.57697,0,1.43742,0,1.43531,0,1.43465,0,1.44307,0,1.44347,0,1.61282,0,1.44229,0,1.6149,0,1.44931,0,1.73874,0,1.73864,0,1.68541,0,1.69399,0,1.44441,0,1.40701,0,1.40465,0,1.43364,0,1.45875,0,1.45859,0,1.4682,0,1.46829,0,1.46409,0,1.46334,0,1.46201,0,1.44463,0,0.00398323,0,0.00352818,0,1.31644,0,1.34694,0,1.30523,0,1.34548,0,1.32271,0,1.32468,0,1.32717,0,1.51954,0,1.52017,0,1.34807,0,1.3432,0,1.35604,0,1.36065,0,1.37024,0,1.4006,0,1.41404,0,1.53288,0,1.44045,0,1.47191,0,0.00398914,0,1.63351,0,1.51462,0,1.50681,0,1.50759,0,1.44459,0,1.43631,0,1.53041,0,1.53416,0,1.53342,0,1.4932,0,1.50331,0,1.50281,0,1.51514,0,1.51142,0,1.51658,0,1.52485,0,1.53168,0,1.52946,0,1.53386,0,1.5443,0,1.54406,0,1.54362,0,1.54388,0,1.54813,0,1.5481,0,1.55687,0,1.5542,0,1.56322,0,1.56228,0,1.56279,0,1.56459,0,1.56484,0,1.56361,0,1.56534,0,1.56542,0,1.56594,0,1.56872,0,1.56833,0,1.57088,0,1.57465,0,1.57724,0,1.57462,0,1.57519,0,1.57865,0,1.57852,0,1.58629,0,1.58644,0,1.59275,0,1.58975,0,1.58559,0,1.58963,0,1.59463,0,1.59567,0,1.60173,0,1.6038,0,1.60445,0,1.601,0,1.60316,0,1.6149,0,1.61543,0,1.62496,0,1.62541,0,1.63314,0,1.63021,0,1.63463,0,1.64692,0,1.64505,0,1.65256,0,1.65443,0,1.65267,0,1.65417,0,1.65188,0,1.6486,0,1.65968,0,1.66838,0,1.66668,0,1.66568,0,1.66617,0,1.66652,0,1.66722,0,1.67626,0,1.68122,0,1.67956,0,1.67875,0,1.69416,0,1.69921,0,1.70564,0,1.71066,0,1.7045,0,1.70369,0,1.70779,0,1.71213,0,1.71553,0,1.72425,0,1.71173,0,1.71414,0,1.83247,0,1.72004,0,1.7219,0,1.74089,0,1.73307,0,1.74531,0,1.74585,0,1.7503,0,1.74655,0,1.7518,0,1.74922,0,1.7486,0,1.75584,0,1.75278,0,1.76008,0,1.75756,0,1.76177,0,1.76754,0,1.76565,0,1.76457,0,1.75927,0,1.75796,0,1.75926,0,1.75847,0,1.76788,0,1.76687,0,1.77054,0,1.76649,0,1.77174,0,1.76785,0,1.77527,0,1.77266,0,1.77506,0,1.78291,0,1.78099,0,1.78265,0,1.78618,0,1.78302,0,1.78763,0,1.78871,0,1.78798,0,1.78953,0,1.79616,0,1.79622,0,1.79505,0,1.79653,0,1.79699,0
0,0,0,0,0,0,0,0,0,0,0,0,0,0,0,0,0,0,0,0,0,0,0,0,0,0,0,0,0,0,0,0,0,0,0,0,0,0,0,0,0,0,0,0,0,0,0,0,0,0,0,0,0,0,0,0,0,0,0,0,0,0,0,0,0,0,0,0,0,0,0,0,0,0,0,0,0,0,0,0,0,0,0,0,0,0,0,0,0,0,0,0,0,0,0,0,0,0,0,0,0,0,0,0,0,0,0,0,0,0,0,0,0,0,0,0,0,0,0,0,0,0,0,0,0,0,0,0,0,0,0,0,0,0,0,0,0,0,0,0,0,0,0,0,0,0,0,0,0,0,0,0,0,0,0,0,0,0,0,0,0,0,0,0,0,0,0,0,0,0,0,0,0,0,0,0,0,0,0,0,0,0,0,0,0,0,0,0,0,0,0,0,0,0,0,0,0,0,0,0,0,0,0,0,0,0,0,0,0,0,0,0,0,0,0,0,0,0,0,0,0,0,0,0,0,0,0,0,0,0,0,0,0,0,0,0,0,0,0,0,0,0,0,0,0,0,0,0,0,0,0,0,0,0,0,0,0,0,0,0,0,0,0,0,0,0,0,0,0,0,0,0,0,0,0,0,0,0,0,0,0,0,0,0,0,0,0,0,0,0,0,0,0,0,0,0,0,0,0,0,0,0,0,0,0,0,0,0,0,0,0,0,0,0,0,0,0,0,0,0,0,0,0,0,0,0,0,0,0,0,0,0,0,0,0,0,0,0,0,0,0,0,0,0,0,0,0,0,0,0,0,0,0,0,0,0,0,0,0,0,0,0,0,0,0,0,0,0,0,0,0,0,0,0,0,0,0,0,0,0,0,0,0,0,0,0,0,0,0,0,0,0,0,0,0,0,0,0,0,0,0,0,0,0,0,0,0,0,0,0,0,0,0,0,0,0,0,0,0,0,0,0,0,0,0,0,0,0,0,0,0,0,0,0,0,0,0,0,0,0,0,0,0,0,0,0,0,0,0,0,0,0,0,0,0,0,0,0,0,0,0,0,0,0,0,0,0,0,0,0,0,0,0,0,0,0,0,0,0,0,0,0,0,0,0,0,0,0,0,0,0,0,0,0,0,0,0,0,0,0,0,0,0,0,0,0,0,0,0,0,0,0,0,0,0,0,0,0,0,0,0,0,0,0,0,0,0,0,0,0,0,0,0,0,0,0,0,0,0,0,0,0,0,0,0,0,0,0,0,0,0,0,0,0,0,0,0,0,0,0,0,0,0,0,0,0,0,0,0,0,0,0,0,0,0,0,0,0,0,0,0,0,0,0,0,0,0,0,0,0,0,0,0,0,0,0,0,0,0,0
1.21954,0,1.22265,0,1.22332,0,1.23069,0,1.23705,0,1.22792,0,1.24269,0,1.24923,0,1.25115,0,1.26182,0,1.27027,0,1.27083,0,1.27539,0,1.28235,0,1.28196,0,1.29088,0,1.2912,0,1.29557,0,1.29909,0,1.29954,0,1.3005,0,1.29938,0,1.30849,0,1.27427,0,1.2666,0,1.26408,0,1.25972,0,1.26022,0,1.2659,0,1.2669,0,1.26739,0,1.26779,0,1.27212,0,1.27857,0,1.28119,0,1.28261,0,1.28571,0,1.28298,0,1.28943,0,1.29014,0,1.29294,0,1.37872,0,1.30996,0,1.31989,0,1.32984,0,1.32953,0,1.33069,0,1.33059,0,1.3321,0,1.33573,0,1.32923,0,1.33015,0,1.38798,0,1.35081,0,1.35124,0,1.35481,0,1.35748,0,1.35609,0,1.35649,0,1.35314,0,1.3528,0,1.35557,0,1.35852,0,1.3593,0,1.36369,0,1.36531,0,1.36613,0,1.36925,0,1.37545,0,1.37491,0,1.38238,0,1.38741,0,1.38898,0,1.39511,0,1.4053,0,1.40625,0,1.40201,0,1.39939,0,1.39649,0,1.39501,0,1.39514,0,1.39783,0,1.40337,0,1.4123,0,1.41564,0,1.41567,0,1.42188,0,1.42162,0,1.42603,0,1.42482,0,1.45373,0,1.43398,0,1.42332,0,1.42312,0,1.42301,0,1.42242,0,1.4229,0,1.42459,0,1.42607,0,1.42485,0,1.42461,0,1.42346,0,1.42214,0,1.42217,0,1.42404,0,1.42557,0,1.42343,0,1.4248,0,1.42217,0,1.42285,0,1.4239,0,1.42625,0,1.4269,0,1.58999,0,1.42574,0,1.71662,0,1.41823,0,1.42083,0,1.66392,0,1.42132,0,1.70124,0,1.7007,0,1.7054,0,1.42318,0,1.43772,0,1.37978,0,1.39032,0,1.39233,0,1.38506,0,1.47629,0,1.46741,0,1.46772,0,1.4773,0,1.47155,0,1.3804,0,1.36651,0,1.36168,0,1.39604,0,1.33174,0,1.33297,0,1.33511,0,1.33676,0,1.36868,0,1.37055,0,1.38215,0,1.37885,0,1.38855,0,1.3867,0,1.39523,0,1.39391,0,1.4018,0,1.40439,0,1.40697,0,1.43367,0,1.42994,0,1.43364,0,1.43445,0,1.44469,0,1.44496,0,0.00398881,0,1.43696,0,1.44575,0,1.44338,0,1.44626,0,1.44763,0,1.45244,0,1.52674,0,1.47107,0,1.47411,0,1.5475,0,1.54243,0,1.49342,0,1.49963,0,1.53919,0,1.52061,0,1.569,0,1.60297,0,1.59762,0,1.59392,0,1.59192,0,1.59487,0,1.56023,0,1.55768,0,1.55524,0,1.38884,0,1.56098,0,1.56287,0,1.56392,0,1.56282,0,1.56627,0,1.5645,0,1.5628,0,1.56766,0,1.56681,0,1.56648,0,1.57399,0,1.57185,0,1.57222,0,1.57286,0,1.57144,0,1.57541,0,1.57829,0,1.57818,0,1.57946,0,1.57968,0,1.58045,0,1.58443,0,1.59085,0,1.58927,0,1.59662,0,1.59728,0,1.60037,0,1.60289,0,1.60356,0,1.60379,0,1.60636,0,1.61959,0,1.61446,0,1.61871,0,1.62978,0,1.6312,0,1.63201,0,1.64098,0,1.64726,0,1.64857,0,1.64434,0,1.64441,0,1.64698,0,1.64848,0,1.65617,0,1.65358,0,1.65992,0,1.66573,0,1.66987,0,1.66718,0,1.666,0,1.66414,0,1.67383,0,1.6826,0,1.68127,0,1.68607,0,1.683,0,1.68798,0,1.69635,0,1.69391,0,1.70612,0,1.70206,0,1.70081,0,1.69918,0,1.70072,0,1.69885,0,1.7067,0,1.70603,0,1.71114,0,1.71417,0,1.71934,0,1.71814,0,1.72778,0,1.73501,0,1.74321,0,1.74102,0,1.74906,0,1.75009,0,1.74841,0,1.75087,0,1.75172,0,1.75908,0,1.75787,0,1.75926,0,1.75995,0,1.76657,0,1.76337,0,1.76829,0,1.76189,0,1.75948,0,1.7592,0,1.7644,0,1.76306,0,1.76438,0,1.765,0,1.76326,0,1.76178,0,1.75729,0,1.76931,0,1.76806,0,1.77138,0,1.77576,0,1.77505,0,1.77652,0,1.77622,0,1.77854,0,1.77566,0,1.78297,0,1.78916,0,1.78664,0,1.78789,0,1.78683,0,1.79446,0,1.79343,0,1.79656,0
0,0,0,0,0,0,0,0,0,0,0,0,0,0,0,0,0,0,0,0,0,0,0,0,0,0,0,0,0,0,0,0,0,0,0,0,0,0,0,0,0,0,0,0,0,0,0,0,0,0,0,0,0,0,0,0,0,0,0,0,0,0,0,0,0,0,0,0,0,0,0,0,0,0,0,0,0,0,0,0,0,0,0,0,0,0,0,0,0,0,0,0,0,0,0,0,0,0,0,0,0,0,0,0,0,0,0,0,0,0,0,0,0,0,0,0,0,0,0,0,0,0,0,0,0,0,0,0,0,0,0,0,0,0,0,0,0,0,0,0,0,0,0,0,0,0,0,0,0,0,0,0,0,0,0,0,0,0,0,0,0,0,0,0,0,0,0,0,0,0,0,0,0,0,0,0,0,0,0,0,0,0,0,0,0,0,0,0,0,0,0,0,0,0,0,0,0,0,0,0,0,0,0,0,0,0,0,0,0,0,0,0,0,0,0,0,0,0,0,0,0,0,0,0,0,0,0,0,0,0,0,0,0,0,0,0,0,0,0,0,0,0,0,0,0,0,0,0,0,0,0,0,0,0,0,0,0,0,0,0,0,0,0,0,0,0,0,0,0,0,0,0,0,0,0,0,0,0,0,0,0,0,0,0,0,0,0,0,0,0,0,0,0,0,0,0,0,0,0,0,0,0,0,0,0,0,0,0,0,0,0,0,0,0,0,0,0,0,0,0,0,0,0,0,0,0,0,0,0,0,0,0,0,0,0,0,0,0,0,0,0,0,0,0,0,0,0,0,0,0,0,0,0,0,0,0,0,0,0,0,0,0,0,0,0,0,0,0,0,0,0,0,0,0,0,0,0,0,0,0,0,0,0,0,0,0,0,0,0,0,0,0,0,0,0,0,0,0,0,0,0,0,0,0,0,0,0,0,0,0,0,0,0,0,0,0,0,0,0,0,0,0,0,0,0,0,0,0,0,0,0,0,0,0,0,0,0,0,0,0,0,0,0,0,0,0,0,0,0,0,0,0,0,0,0,0,0,0,0,0,0,0,0,0,0,0,0,0,0,0,0,0,0,0,0,0,0,0,0,0,0,0,0,0,0,0,0,0,0,0,0,0,0,0,0,0,0,0,0,0,0,0,0,0,0,0,0,0,0,0,0,0,0,0,0,0,0,0,0,0,0,0,0,0,0,0,0,0,0,0,0,0,0,0,0,0,0,0,0,0,0,0,0,0,0,0,0,0,0,0,0,0,0,0,0,0,0,0,0,0,0,0,0,0,0,0,0,0,0,0,0,0,0,0,0,0,0,0,0,0,0,0,0,0,0,0,0,0,0,0,0,0,0,0,0,0,0,0,0,0
1.22277,0,1.22324,0,1.22441,0,1.2291,0,1.23503,0,1.24107,0,1.24172,0,1.25014,0,1.25523,0,1.27154,0,1.27059,0,1.27049,0,1.27224,0,1.27631,0,1.28385,0,1.29018,0,1.29159,0,1.29227,0,1.29838,0,1.29949,0,1.29321,0,1.35122,0,1.27416,0,1.26982,0,1.27007,0,1.26393,0,1.26221,0,1.26171,0,1.26165,0,1.26355,0,1.27054,0,1.27277,0,1.27336,0,1.27451,0,1.28238,0,1.28095,0,1.27996,0,1.28073,0,1.29157,0,1.29075,0,1.295,0,1.29559,0,1.30304,0,1.31102,0,1.31359,0,1.31964,0,1.32031,0,1.32294,0,1.32262,0,1.32378,0,1.33587,0,1.33482,0,1.33934,0,1.34607,0,1.3495,0,1.3488,0,1.35404,0,1.35441,0,1.36076,0,1.36007,0,1.36441,0,1.36188,0,1.36108,0,1.3606,0,1.36563,0,1.36913,0,1.36814,0,1.37044,0,1.37467,0,1.37595,0,1.38156,0,1.38615,0,1.38746,0,1.38998,0,1.39521,0,1.39736,0,1.39608,0,1.39075,0,1.38977,0,1.39243,0,1.3939,0,1.40235,0,1.41442,0,1.41266,0,1.41538,0,1.41415,0,1.4169,0,1.41756,0,1.41728,0,1.41801,0,1.41667,0,1.41666,0,1.41648,0,1.42346,0,1.42612,0,1.42589,0,1.42363,0,1.42139,0,1.42254,0,1.42094,0,1.42187,0,1.42085,0,1.41962,0,1.42016,0,1.41843,0,1.41846,0,1.41549,0,1.401,0,1.40164,0,0.00404223,0,1.66016,0,1.46755,0,1.68594,0,1.68446,0,1.38952,0,1.39879,0,1.39849,0,1.4015,0,1.4039,0,1.40461,0,1.40478,0,1.40682,0,1.40651,0,1.45755,0,1.38203,0,1.38221,0,1.41652,0,1.37206,0,1.37083,0,1.37241,0,1.31832,0,1.40437,0,1.38117,0,1.38756,0,1.35874,0,1.37899,0,1.35168,0,1.35391,0,1.35384,0,1.38627,0,1.45369,0,1.44521,0,1.38871,0,1.38785,0,1.38657,0,1.3863,0,1.4091,0,1.40748,0,1.4123,0,1.4145,0,1.42396,0,1.4198,0,1.42074,0,1.42088,0,1.41957,0,1.41246,0,1.41057,0,1.41863,0,1.43048,0,1.42713,0,1.43069,0,1.43098,0,1.42739,0,1.58875,0,1.43647,0,1.43641,0,1.44991,0,1.47304,0,1.47395,0,1.49437,0,1.52137,0,1.51834,0,1.53558,0,1.4613,0,1.54011,0,1.59612,0,1.57796,0,1.58456,0,1.56389,0,1.55887,0,1.55906,0,1.34471,0,1.35755,0,1.35847,0,1.37908,0,1.38122,0,1.38219,0,1.56312,0,1.55543,0,1.55344,0,1.56171,0,1.56165,0,1.56531,0,1.5672,0,1.56816,0,1.56681,0,1.568,0,1.56472,0,1.56584,0,1.56958,0,1.56901,0,1.57077,0,1.56967,0,1.57132,0,1.56811,0,1.57481,0,1.57418,0,1.58562,0,1.59312,0,1.5917,0,1.60099,0,1.60132,0,1.60067,0,1.60142,0,1.60326,0,1.60793,0,1.6073,0,1.61521,0,1.61904,0,1.62179,0,1.62189,0,1.64098,0,1.63818,0,1.64194,0,1.64148,0,1.64459,0,1.64758,0,1.64494,0,1.65586,0,1.65254,0,1.65683,0,1.65181,0,1.65147,0,1.65855,0,1.66197,0,1.66289,0,1.67223,0,1.6696,0,1.67592,0,1.68555,0,1.68668,0,1.6857,0,1.68918,0,1.68886,0,1.6933,0,1.69216,0,1.69713,0,1.69722,0,1.70104,0,1.69906,0,1.70027,0,1.70218,0,1.7011,0,1.71199,0,1.7201,0,1.72721,0,1.72367,0,1.72205,0,1.73789,0,1.73486,0,1.73443,0,1.74176,0,1.74396,0,1.7435,0,1.74384,0,1.75268,0,1.75145,0,1.75621,0,1.75418,0,1.75336,0,1.75509,0,1.75352,0,1.7544,0,1.75793,0,1.75802,0,1.75209,0,1.75205,0,1.7586,0,1.76272,0,1.76247,0,1.76109,0,1.75816,0,1.75861,0,1.76473,0,1.76596,0,1.7688,0,1.77839,0,1.77197,0,1.76814,0,1.77078,0,1.7707,0,1.77363,0,1.7781,0,1.77567,0,1.78214,0,1.77832,0,1.78545,0,1.7854,0,1.78554,0,1.78462,0
0,0,0,0,0,0,0,0,0,0,0,0,0,0,0,0,0,0,0,0,0,0,0,0,0,0,0,0,0,0,0,0,0,0,0,0,0,0,0,0,0,0,0,0,0,0,0,0,0,0,0,0,0,0,0,0,0,0,0,0,0,0,0,0,0,0,0,0,0,0,0,0,0,0,0,0,0,0,0,0,0,0,0,0,0,0,0,0,0,0,0,0,0,0,0,0,0,0,0,0,0,0,0,0,0,0,0,0,0,0,0,0,0,0,0,0,0,0,0,0,0,0,0,0,0,0,0,0,0,0,0,0,0,0,0,0,0,0,0,0,0,0,0,0,0,0,0,0,0,0,0,0,0,0,0,0,0,0,0,0,0,0,0,0,0,0,0,0,0,0,0,0,0,0,0,0,0,0,0,0,0,0,0,0,0,0,0,0,0,0,0,0,0,0,0,0,0,0,0,0,0,0,0,0,0,0,0,0,0,0,0,0,0,0,0,0,0,0,0,0,0,0,0,0,0,0,0,0,0,0,0,0,0,0,0,0,0,0,0,0,0,0,0,0,0,0,0,0,0,0,0,0,0,0,0,0,0,0,0,0,0,0,0,0,0,0,0,0,0,0,0,0,0,0,0,0,0,0,0,0,0,0,0,0,0,0,0,0,0,0,0,0,0,0,0,0,0,0,0,0,0,0,0,0,0,0,0,0,0,0,0,0,0,0,0,0,0,0,0,0,0,0,0,0,0,0,0,0,0,0,0,0,0,0,0,0,0,0,0,0,0,0,0,0,0,0,0,0,0,0,0,0,0,0,0,0,0,0,0,0,0,0,0,0,0,0,0,0,0,0,0,0,0,0,0,0,0,0,0,0,0,0,0,0,0,0,0,0,0,0,0,0,0,0,0,0,0,0,0,0,0,0,0,0,0,0,0,0,0,0,0,0,0,0,0,0,0,0,0,0,0,0,0,0,0,0,0,0,0,0,0,0,0,0,0,0,0,0,0,0,0,0,0,0,0,0,0,0,0,0,0,0,0,0,0,0,0,0,0,0,0,0,0,0,0,0,0,0,0,0,0,0,0,0,0,0,0,0,0,0,0,0,0,0,0,0,0,0,0,0,0,0,0,0,0,0,0,0,0,0,0,0,0,0,0,0,0,0,0,0,0,0,0,0,0,0,0,0,0,0,0,0,0,0,0,0,0,0,0,0,0,0,0,0,0,0,0,0,0,0,0,0,0,0,0,0,0,0,0,0,0,0,0,0,0,0,0,0,0,0,0,0,0,0,0,0,0,0,0,0,0,0,0,0,0,0,0,0,0,0,0,0,0,0,0,0,0,0,0,0,0,0,0,0,0,0,0,0,0,0
1.21619,0,1.21854,0,1.22348,0,1.22905,0,1.23272,0,1.2369,0,1.24162,0,1.24683,0,1.24984,0,1.25728,0,1.26511,0,1.27029,0,1.27158,0,1.27705,0,1.28166,0,1.28531,0,1.28613,0,1.28959,0,1.29255,0,1.29123,0,1.29088,0,1.28435,0,1.28156,0,1.27158,0,1.26283,0,1.26264,0,1.25955,0,1.26319,0,1.26579,0,1.26549,0,1.26623,0,1.26653,0,1.26494,0,1.2666,0,1.27476,0,1.27472,0,1.27095,0,1.27244,0,1.27365,0,1.52001,0,1.28855,0,1.29423,0,1.30554,0,1.30711,0,1.31353,0,1.31492,0,1.32089,0,1.32127,0,1.32432,0,1.33176,0,1.33293,0,1.33255,0,1.34104,0,1.34096,0,1.34132,0,1.34231,0,1.3441,0,1.34846,0,1.34927,0,1.35746,0,1.35813,0,1.36098,0,1.36048,0,1.36143,0,1.36166,0,1.36449,0,1.3658,0,1.36794,0,1.37816,0,1.37837,0,1.38199,0,1.38652,0,1.38479,0,1.38526,0,1.39224,0,1.39526,0,1.39421,0,1.39019,0,1.39246,0,1.40304,0,1.40295,0,1.40825,0,1.41275,0,1.41211,0,1.41085,0,1.41403,0,1.41591,0,1.4155,0,1.41476,0,1.41467,0,1.40954,0,1.40958,0,1.41371,0,1.42055,0,1.42114,0,1.42263,0,1.41874,0,1.41988,0,1.41925,0,1.42012,0,1.4175,0,1.41675,0,1.41525,0,1.61203,0,1.62252,0,1.3951,0,1.38795,0,1.64511,0,1.64536,0,1.37767,0,1.38021,0,1.38024,0,1.38183,0,1.38352,0,1.38842,0,1.39242,0,1.3984,0,1.39853,0,1.40094,0,1.40328,0,1.40229,0,1.40182,0,1.40129,0,1.40294,0,1.38197,0,1.38204,0,1.45975,0,1.34556,0,1.3453,0,1.38631,0,1.37296,0,1.36818,0,1.36757,0,1.35669,0,1.35418,0,1.36675,0,1.36482,0,1.3886,0,1.38452,0,1.38387,0,1.37577,0,1.54098,0,1.3956,0,1.39731,0,1.39811,0,1.39702,0,1.39712,0,1.40265,0,1.41222,0,1.41112,0,1.41875,0,1.4303,0,1.43639,0,1.43261,0,1.43016,0,1.42991,0,1.42665,0,1.45455,0,1.41131,0,1.40999,0,1.40843,0,1.40832,0,1.57347,0,1.41345,0,1.42483,0,1.48573,0,1.43303,0,1.45636,0,1.45686,0,1.49671,0,1.48853,0,1.47541,0,1.4947,0,1.49373,0,1.42654,0,1.54051,0,1.55099,0,1.55134,0,1.35787,0,1.34685,0,1.35046,0,1.34937,0,1.34438,0,1.34561,0,1.35702,0,1.37244,0,1.37156,0,1.37473,0,1.39797,0,1.56044,0,1.5561,0,1.56182,0,1.5621,0,1.56141,0,1.56527,0,1.56291,0,1.56478,0,1.56502,0,1.56635,0,1.56576,0,1.56675,0,1.56348,0,1.56367,0,1.56539,0,1.57159,0,1.57101,0,1.57482,0,1.57455,0,1.58209,0,1.58088,0,1.65794,0,1.59367,0,1.58891,0,1.59451,0,1.59179,0,1.61092,0,1.60674,0,1.61209,0,1.63305,0,1.62959,0,1.63024,0,1.63459,0,1.63891,0,1.64048,0,1.63893,0,1.63886,0,1.63841,0,1.64107,0,1.64067,0,1.6405,0,1.64473,0,1.64714,0,1.65579,0,1.65592,0,1.65892,0,1.66324,0,1.66269,0,1.66898,0,1.66862,0,1.67319,0,1.68026,0,1.67864,0,1.67813,0,1.68917,0,1.68926,0,1.69504,0,1.69478,0,1.69328,0,1.69348,0,1.69355,0,1.70255,0,1.7021,0,1.70393,0,1.7034,0,1.71163,0,1.72501,0,1.72526,0,1.72536,0,1.73423,0,1.73458,0,1.74513,0,1.74595,0,1.74412,0,1.74317,0,1.74472,0,1.752,0,1.74915,0,1.75705,0,1.75216,0,1.74671,0,1.75739,0,1.75433,0,1.7551,0,1.75783,0,1.75545,0,1.75231,0,1.75081,0,1.75979,0,1.7579,0,1.76078,0,1.75852,0,1.75159,0,1.75109,0,1.76386,0,1.76119,0,1.76307,0,1.76992,0,1.76749,0,1.76581,0,1.76502,0,1.76577,0,1.77128,0,1.77866,0,1.77409,0,1.77861,0,1.77943,0,1.77889,0,1.77949,0,1.78003,0,1.7806,0
0,0,0,0,0,0,0,0,0,0,0,0,0,0,0,0,0,0,0,0,0,0,0,0,0,0,0,0,0,0,0,0,0,0,0,0,0,0,0,0,0,0,0,0,0,0,0,0,0,0,0,0,0,0,0,0,0,0,0,0,0,0,0,0,0,0,0,0,0,0,0,0,0,0,0,0,0,0,0,0,0,0,0,0,0,0,0,0,0,0,0,0,0,0,0,0,0,0,0,0,0,0,0,0,0,0,0,0,0,0,0,0,0,0,0,0,0,0,0,0,0,0,0,0,0,0,0,0,0,0,0,0,0,0,0,0,0,0,0,0,0,0,0,0,0,0,0,0,0,0,0,0,0,0,0,0,0,0,0,0,0,0,0,0,0,0,0,0,0,0,0,0,0,0,0,0,0,0,0,0,0,0,0,0,0,0,0,0,0,0,0,0,0,0,0,0,0,0,0,0,0,0,0,0,0,0,0,0,0,0,0,0,0,0,0,0,0,0,0,0,0,0,0,0,0,0,0,0,0,0,0,0,0,0,0,0,0,0,0,0,0,0,0,0,0,0,0,0,0,0,0,0,0,0,0,0,0,0,0,0,0,0,0,0,0,0,0,0,0,0,0,0,0,0,0,0,0,0,0,0,0,0,0,0,0,0,0,0,0,0,0,0,0,0,0,0,0,0,0,0,0,0,0,0,0,0,0,0,0,0,0,0,0,0,0,0,0,0,0,0,0,0,0,0,0,0,0,0,0,0,0,0,0,0,0,0,0,0,0,0,0,0,0,0,0,0,0,0,0,0,0,0,0,0,0,0,0,0,0,0,0,0,0,0,0,0,0,0,0,0,0,0,0,0,0,0,0,0,0,0,0,0,0,0,0,0,0,0,0,0,0,0,0,0,0,0,0,0,0,0,0,0,0,0,0,0,0,0,0,0,0,0,0,0,0,0,0,0,0,0,0,0,0,0,0,0,0,0,0,0,0,0,0,0,0,0,0,0,0,0,0,0,0,0,0,0,0,0,0,0,0,0,0,0,0,0,0,0,0,0,0,0,0,0,0,0,0,0,0,0,0,0,0,0,0,0,0,0,0,0,0,0,0,0,0,0,0,0,0,0,0,0,0,0,0,0,0,0,0,0,0,0,0,0,0,0,0,0,0,0,0,0,0,0,0,0,0,0,0,0,0,0,0,0,0,0,0,0,0,0,0,0,0,0,0,0,0,0,0,0,0,0,0,0,0,0,0,0,0,0,0,0,0,0,0,0,0,0,0,0,0,0,0,0,0,0,0,0,0,0,0,0,0,0,0,0,0,0,0,0,0,0,0,0,0,0,0,0,0,0,0,0,0,0,0,0,0,0,0,0
1.20992,0,1.21891,0,1.22102,0,1.22563,0,1.2281,0,1.23505,0,1.24181,0,1.24299,0,1.25102,0,1.25645,0,1.26014,0,1.26269,0,1.2689,0,1.26973,0,1.27751,0,1.28432,0,1.28412,0,1.28448,0,1.28678,0,1.3343,0,1.33955,0,1.27558,0,1.27434,0,1.27469,0,1.27173,0,1.2777,0,1.27049,0,1.26944,0,1.26498,0,1.26542,0,1.25982,0,1.26047,0,1.25955,0,1.26252,0,1.26413,0,1.26217,0,1.26331,0,1.26515,0,1.27467,0,1.27487,0,1.29266,0,1.29539,0,1.30428,0,1.30902,0,1.31067,0,1.46084,0,1.3289,0,1.33822,0,1.35403,0,1.37616,0,1.37475,0,1.5098,0,1.5271,0,1.51504,0,1.43477,0,1.43435,0,1.53488,0,1.35317,0,1.35242,0,1.35201,0,1.35728,0,1.36195,0,1.36156,0,1.363,0,1.36357,0,1.36815,0,1.37781,0,1.375,0,1.37977,0,1.37975,0,1.38477,0,1.38417,0,1.39197,0,1.39171,0,1.39251,0,1.3958,0,1.39387,0,1.3922,0,1.39878,0,1.39819,0,1.40492,0,1.41406,0,1.41302,0,1.41224,0,1.41028,0,1.40902,0,1.40989,0,1.40983,0,1.4111,0,1.41173,0,1.41221,0,1.40901,0,1.41067,0,1.4097,0,1.41192,0,1.41231,0,1.41174,0,1.41281,0,1.41414,0,1.40632,0,0.0039627,0,0.00408917,0,1.60806,0,1.61221,0,1.61685,0,1.37556,0,1.37378,0,1.37419,0,1.37423,0,1.3743,0,1.37412,0,1.37714,0,1.377,0,1.38748,0,1.39095,0,1.39148,0,1.68604,0,1.40082,0,1.40979,0,1.41041,0,1.40615,0,1.4224,0,1.42032,0,1.41105,0,1.40025,0,1.41052,0,1.38631,0,1.39945,0,1.39908,0,1.36632,0,1.36311,0,1.38952,0,1.39979,0,1.39999,0,1.3572,0,1.34819,0,1.34657,0,1.38841,0,1.38687,0,1.38326,0,1.3812,0,1.4019,0,1.42563,0,1.38547,0,1.39509,0,1.39415,0,1.42768,0,1.42815,0,1.43862,0,1.39833,0,1.46258,0,1.44363,0,1.48801,0,1.57469,0,1.49844,0,1.49836,0,1.42966,0,1.45145,0,1.43456,0,1.43365,0,1.43707,0,1.42915,0,1.42918,0,1.42957,0,1.41029,0,1.43406,0,1.44849,0,1.44851,0,1.46236,0,1.46073,0,1.45239,0,1.4259,0,1.44742,0,1.41467,0,1.41706,0,1.41701,0,1.41282,0,1.36248,0,1.38673,0,1.34201,0,1.34209,0,1.34492,0,1.35903,0,1.3677,0,1.3583,0,1.35765,0,1.36333,0,1.54843,0,0.00356264,0,1.41582,0,1.55258,0,1.55396,0,1.55263,0,1.55798,0,1.55685,0,1.55958,0,1.5625,0,1.56454,0,1.56283,0,1.56191,0,1.56714,0,1.56606,0,1.56423,0,1.56288,0,1.56497,0,1.56977,0,1.5725,0,1.57385,0,1.57096,0,1.57523,0,1.57658,0,1.57473,0,1.5877,0,1.58762,0,1.59867,0,1.59925,0,1.60672,0,1.61254,0,1.61485,0,1.63452,0,1.63335,0,1.63034,0,1.63619,0,1.63498,0,1.64073,0,1.63949,0,1.63348,0,1.6332,0,1.6176,0,1.62624,0,1.6401,0,1.63738,0,1.63754,0,1.63916,0,1.64916,0,1.65818,0,1.65587,0,1.66298,0,1.66806,0,1.67021,0,1.67708,0,1.67962,0,1.67868,0,1.68345,0,1.68333,0,1.68175,0,1.68269,0,1.68444,0,1.68798,0,1.68976,0,1.69801,0,1.70337,0,1.7002,0,1.70987,0,1.70792,0,1.71415,0,1.71999,0,1.71975,0,1.71709,0,1.72858,0,1.72842,0,1.74133,0,1.73823,0,1.74524,0,1.74161,0,1.75097,0,1.74951,0,1.74594,0,1.74513,0,1.74648,0,1.74333,0,1.74401,0,1.75437,0,1.75296,0,1.75146,0,1.74977,0,1.74531,0,1.75146,0,1.75296,0,1.75219,0,1.75445,0,1.7514,0,1.75556,0,1.75207,0,1.76165,0,1.75862,0,1.761,0,1.75999,0,1.75523,0,1.75581,0,1.76401,0,1.75856,0,1.76702,0,1.76539,0,1.76876,0,1.76798,0,1.77512,0,1.77414,0,1.77221,0,1.77587,0
0,0,0,0,0,0,0,0,0,0,0,0,0,0,0,0,0,0,0,0,0,0,0,0,0,0,0,0,0,0,0,0,0,0,0,0,0,0,0,0,0,0,0,0,0,0,0,0,0,0,0,0,0,0,0,0,0,0,0,0,0,0,0,0,0,0,0,0,0,0,0,0,0,0,0,0,0,0,0,0,0,0,0,0,0,0,0,0,0,0,0,0,0,0,0,0,0,0,0,0,0,0,0,0,0,0,0,0,0,0,0,0,0,0,0,0,0,0,0,0,0,0,0,0,0,0,0,0,0,0,0,0,0,0,0,0,0,0,0,0,0,0,0,0,0,0,0,0,0,0,0,0,0,0,0,0,0,0,0,0,0,0,0,0,0,0,0,0,0,0,0,0,0,0,0,0,0,0,0,0,0,0,0,0,0,0,0,0,0,0,0,0,0,0,0,0,0,0,0,0,0,0,0,0,0,0,0,0,0,0,0,0,0,0,0,0,0,0,0,0,0,0,0,0,0,0,0,0,0,0,0,0,0,0,0,0,0,0,0,0,0,0,0,0,0,0,0,0,0,0,0,0,0,0,0,0,0,0,0,0,0,0,0,0,0,0,0,0,0,0,0,0,0,0,0,0,0,0,0,0,0,0,0,0,0,0,0,0,0,0,0,0,0,0,0,0,0,0,0,0,0,0,0,0,0,0,0,0,0,0,0,0,0,0,0,0,0,0,0,0,0,0,0,0,0,0,0,0,0,0,0,0,0,0,0,0,0,0,0,0,0,0,0,0,0,0,0,0,0,0,0,0,0,0,0,0,0,0,0,0,0,0,0,0,0,0,0,0,0,0,0,0,0,0,0,0,0,0,0,0,0,0,0,0,0,0,0,0,0,0,0,0,0,0,0,0,0,0,0,0,0,0,0,0,0,0,0,0,0,0,0,0,0,0,0,0,0,0,0,0,0,0,0,0,0,0,0,0,0,0,0,0,0,0,0,0,0,0,0,0,0,0,0,0,0,0,0,0,0,0,0,0,0,0,0,0,0,0,0,0,0,0,0,0,0,0,0,0,0,0,0,0,0,0,0,0,0,0,0,0,0,0,0,0,0,0,0,0,0,0,0,0,0,0,0,0,0,0,0,0,0,0,0,0,0,0,0,0,0,0,0,0,0,0,0,0,0,0,0,0,0,0,0,0,0,0,0,0,0,0,0,0,0,0,0,0,0,0,0,0,0,0,0,0,0,0,0,0,0,0,0,0,0,0,0,0,0,0,0,0,0,0,0,0,0,0,0,0,0,0,0,0,0,0,0,0,0,0,0,0,0,0,0,0,0,0,0,0,0,0,0,0,0,0,0,0,0,0,0,0
1.20942,0,1.29264,0,1.62023,0,1.22477,0,1.23156,0,1.23586,0,1.23782,0,1.24508,0,1.2466,0,1.25174,0,1.25727,0,1.2576,0,1.26521,0,1.26514,0,1.2706,0,1.29537,0,1.2886,0,1.28176,0,1.28226,0,1.26958,0,1.27096,0,1.27342,0,1.27722,0,1.27747,0,1.27787,0,1.27647,0,1.27355,0,1.26989,0,1.26567,0,1.25875,0,1.25758,0,1.25469,0,1.25871,0,1.26002,0,1.25956,0,1.25973,0,1.26203,0,1.26492,0,1.27002,0,1.27606,0,1.27983,0,1.29963,0,1.29938,0,1.34563,0,1.47169,0,1.34886,0,1.34777,0,1.44426,0,0.00374965,0,1.4674,0,1.46757,0,1.46546,0,1.46386,0,1.46303,0,1.47807,0,0.00360889,0,1.45144,0,1.48593,0,1.48454,0,1.48272,0,1.47951,0,0.00342223,0,1.39026,0,1.38776,0,1.37974,0,1.37617,0,1.37659,0,1.38128,0,1.38324,0,1.38398,0,1.38593,0,1.39236,0,1.39665,0,1.39554,0,1.39433,0,1.39581,0,1.39754,0,1.3981,0,1.4,0,1.40265,0,1.4063,0,1.41669,0,1.41502,0,1.41389,0,1.40919,0,1.40814,0,1.4019,0,1.4017,0,1.39956,0,1.40185,0,1.40206,0,1.40433,0,1.40893,0,1.40693,0,1.41291,0,1.41182,0,1.41067,0,1.40566,0,1.40457,0,0.00385082,0,1.38233,0,1.3819,0,1.61276,0,1.37033,0,1.36661,0,1.36659,0,1.36488,0,1.37142,0,1.37458,0,1.3797,0,1.38361,0,1.39827,0,1.51317,0,1.50322,0,1.42517,0,0.00379984,0,1.42748,0,1.44154,0,1.43887,0,1.43977,0,1.44145,0,1.45002,0,1.43026,0,1.42933,0,1.41727,0,1.41528,0,1.47504,0,1.47242,0,1.47037,0,1.41174,0,1.41524,0,1.4045,0,1.37802,0,1.38085,0,1.45225,0,1.4541,0,1.37616,0,1.38162,0,1.38453,0,1.38236,0,1.38257,0,1.37936,0,1.38786,0,1.42384,0,1.40946,0,1.38927,0,1.3875,0,1.38885,0,1.39191,0,1.38903,0,1.39307,0,1.39458,0,1.39388,0,1.39139,0,1.39119,0,1.39502,0,1.44148,0,1.43379,0,1.42391,0,1.49953,0,1.49872,0,1.41467,0,1.41507,0,1.41327,0,1.41868,0,1.41691,0,1.43058,0,1.43156,0,1.43784,0,1.43522,0,1.43389,0,1.43949,0,1.43458,0,1.44793,0,1.43994,0,1.41027,0,1.40903,0,1.42096,0,1.41488,0,1.41277,0,1.37563,0,1.58246,0,1.58265,0,1.58008,0,1.36328,0,1.38798,0,1.38099,0,1.38889,0,1.62027,0,1.61895,0,1.54916,0,1.54292,0,1.5406,0,1.54549,0,1.54766,0,1.54822,0,1.55516,0,1.55421,0,1.55743,0,1.55698,0,1.55442,0,1.55591,0,1.5611,0,1.56404,0,1.56773,0,1.57535,0,1.5734,0,1.57123,0,1.57495,0,1.57309,0,1.57756,0,1.57738,0,1.57876,0,1.58024,0,1.58949,0,0.00363753,0,1.60572,0,1.60557,0,1.61582,0,1.74129,0,1.62155,0,1.6231,0,1.62418,0,0.00349646,0,1.628,0,1.62653,0,1.64113,0,1.62817,0,1.6253,0,1.62776,0,1.63904,0,1.63798,0,1.64113,0,1.64086,0,1.65229,0,1.65091,0,1.65588,0,1.66221,0,1.66924,0,1.66855,0,1.67797,0,1.67254,0,1.67175,0,1.67907,0,1.67969,0,1.67484,0,1.6828,0,1.69152,0,1.69035,0,1.68917,0,1.69734,0,1.69594,0,1.70552,0,1.71256,0,1.71646,0,1.72027,0,1.71843,0,1.7183,0,1.71681,0,1.72704,0,1.7373,0,1.73719,0,1.73091,0,1.72761,0,1.73366,0,1.7318,0,1.91712,0,1.74866,0,1.74652,0,1.74645,0,1.74465,0,1.7415,0,1.74285,0,1.74846,0,1.74415,0,1.74843,0,1.74655,0,1.74411,0,1.7536,0,1.75165,0,1.74895,0,1.75784,0,1.7569,0,1.76026,0,1.75873,0,1.75807,0,1.7566,0,1.75582,0,1.75723,0,1.75444,0,1.75965,0,1.76252,0,1.7623,0,1.77207,0,1.76901,0,1.77296,0,1.77284,0,1.77393,0,1.77032,0,1.77308,0
0,0,0,0,0,0,0,0,0,0,0,0,0,0,0,0,0,0,0,0,0,0,0,0,0,0,0,0,0,0,0,0,0,0,0,0,0,0,0,0,0,0,0,0,0,0,0,0,0,0,0,0,0,0,0,0,0,0,0,0,0,0,0,0,0,0,0,0,0,0,0,0,0,0,0,0,0,0,0,0,0,0,0,0,0,0,0,0,0,0,0,0,0,0,0,0,0,0,0,0,0,0,0,0,0,0,0,0,0,0,0,0,0,0,0,0,0,0,0,0,0,0,0,0,0,0,0,0,0,0,0,0,0,0,0,0,0,0,0,0,0,0,0,0,0,0,0,0,0,0,0,0,0,0,0,0,0,0,0,0,0,0,0,0,0,0,0,0,0,0,0,0,0,0,0,0,0,0,0,0,0,0,0,0,0,0,0,0,0,0,0,0,0,0,0,0,0,0,0,0,0,0,0,0,0,0,0,0,0,0,0,0,0,0,0,0,0,0,0,0,0,0,0,0,0,0,0,0,0,0,0,0,0,0,0,0,0,0,0,0,0,0,0,0,0,0,0,0,0,0,0,0,0,0,0,0,0,0,0,0,0,0,0,0,0,0,0,0,0,0,0,0,0,0,0,0,0,0,0,0,0,0,0,0,0,0,0,0,0,0,0,0,0,0,0,0,0,0,0,0,0,0,0,0,0,0,0,0,0,0,0,0,0,0,0,0,0,0,0,0,0,0,0,0,0,0,0,0,0,0,0,0,0,0,0,0,0,0,0,0,0,0,0,0,0,0,0,0,0,0,0,0,0,0,0,0,0,0,0,0,0,0,0,0,0,0,0,0,0,0,0,0,0,0,0,0,0,0,0,0,0,0,0,0,0,0,0,0,0,0,0,0,0,0,0,0,0,0,0,0,0,0,0,0,0,0,0,0,0,0,0,0,0,0,0,0,0,0,0,0,0,0,0,0,0,0,0,0,0,0,0,0,0,0,0,0,0,0,0,0,0,0,0,0,0,0,0,0,0,0,0,0,0,0,0,0,0,0,0,0,0,0,0,0,0,0,0,0,0,0,0,0,0,0,0,0,0,0,0,0,0,0,0,0,0,0,0,0,0,0,0,0,0,0,0,0,0,0,0,0,0,0,0,0,0,0,0,0,0,0,0,0,0,0,0,0,0,0,0,0,0,0,0,0,0,0,0,0,0,0,0,0,0,0,0,0,0,0,0,0,0,0,0,0,0,0,0,0,0,0,0,0,0,0,0,0,0,0,0,0,0,0,0,0,0,0,0,0,0,0,0,0,0,0,0,0,0,0,0,0,0,0,0,0,0,0,0,0,0,0,0,0,0,0,0,0,0,0,0,0
1.21486,0,1.21782,0,1.2188,0,1.2229,0,1.22741,0,1.23666,0,1.23833,0,1.23992,0,1.24753,0,1.25055,0,1.25296,0,1.25318,0,1.25449,0,1.26138,0,1.26582,0,1.26981,0,1.27135,0,1.2752,0,1.27893,0,1.27773,0,1.28463,0,1.28331,0,1.28257,0,1.28119,0,1.34254,0,1.34105,0,1.30248,0,1.35571,0,1.35084,0,1.43501,0,1.43345,0,1.26394,0,1.26719,0,1.26718,0,1.26859,0,1.26969,0,1.27214,0,1.26911,0,1.26868,0,1.27396,0,1.37804,0,1.30692,0,1.43052,0,1.44116,0,1.37079,0,1.37084,0,1.34062,0,1.47697,0,1.47903,0,1.40321,0,1.41401,0,1.41248,0,1.41483,0,1.41419,0,1.4018,0,1.40123,0,1.39534,0,1.38842,0,1.38817,0,1.38781,0,1.3901,0,1.39056,0,1.39128,0,1.38838,0,1.381,0,1.37977,0,1.37654,0,1.37808,0,1.38041,0,1.38499,0,1.3886,0,1.38832,0,1.38934,0,1.39204,0,1.38772,0,1.38757,0,1.39583,0,1.39494,0,1.39878,0,1.40161,0,1.40239,0,1.44348,0,1.40831,0,1.40562,0,1.40339,0,1.40169,0,1.40162,0,1.39937,0,1.39726,0,1.39763,0,1.4025,0,1.40319,0,1.40621,0,1.40651,0,1.40726,0,1.40819,0,1.40615,0,1.40021,0,1.39154,0,1.38276,0,1.38078,0,1.37761,0,1.37351,0,1.36695,0,1.36855,0,1.37089,0,1.37268,0,1.50991,0,1.63557,0,1.41489,0,1.41499,0,1.41545,0,1.42322,0,1.43414,0,1.43995,0,1.4372,0,1.43725,0,1.44828,0,1.45011,0,1.448,0,1.4327,0,1.43102,0,1.4781,0,1.51023,0,1.42344,0,1.42216,0,1.46245,0,1.40619,0,1.411,0,1.41184,0,1.4465,0,1.45313,0,1.40715,0,1.40263,0,1.423,0,1.40054,0,1.39939,0,1.40375,0,1.40406,0,1.39004,0,1.42149,0,1.40566,0,1.40649,0,1.40672,0,1.39657,0,1.41135,0,1.38688,0,1.40315,0,1.39542,0,1.39407,0,1.42862,0,1.39714,0,1.40171,0,1.38753,0,1.3919,0,1.51528,0,1.45852,0,1.45917,0,1.45763,0,1.46789,0,1.47132,0,1.48141,0,1.47804,0,1.44131,0,1.40194,0,1.40883,0,1.41892,0,1.41661,0,1.40167,0,1.40212,0,1.45836,0,1.48211,0,1.47138,0,1.44431,0,1.43979,0,1.43548,0,1.43094,0,1.43034,0,1.43823,0,1.43846,0,1.4045,0,1.40078,0,1.38432,0,1.38579,0,1.37423,0,1.37393,0,1.3813,0,1.4017,0,1.42068,0,1.42925,0,1.54209,0,1.53909,0,1.54101,0,1.54284,0,1.54399,0,1.54487,0,1.55394,0,1.55927,0,0.00387691,0,1.51188,0,1.568,0,1.56831,0,1.56661,0,1.57058,0,1.56569,0,1.57167,0,1.58136,0,1.5791,0,1.58558,0,1.58485,0,1.58344,0,1.58291,0,1.58324,0,1.58417,0,1.58349,0,1.58501,0,0.00413727,0,0.00315492,0,0.00347071,0,1.67356,0,1.58672,0,1.69182,0,1.70358,0,1.59605,0,0.00421978,0,1.60228,0,1.6138,0,1.61625,0,1.62315,0,1.62143,0,1.63814,0,1.64239,0,1.64136,0,1.64312,0,1.64731,0,1.64779,0,1.65349,0,1.65844,0,1.66342,0,1.66758,0,1.67017,0,1.6784,0,1.68049,0,1.67868,0,1.67704,0,1.67993,0,1.68074,0,1.68544,0,1.6826,0,1.69018,0,1.69156,0,1.69385,0,1.70059,0,1.69768,0,1.70156,0,1.71051,0,1.71265,0,1.71964,0,1.7177,0,1.72282,0,1.71801,0,1.7206,0,1.73048,0,1.71873,0,1.72999,0,1.72659,0,1.73379,0,1.73543,0,1.73331,0,1.74011,0,1.73891,0,1.73792,0,1.74398,0,1.74528,0,1.74229,0,1.74718,0,1.74587,0,1.74741,0,1.74345,0,1.74748,0,1.75054,0,1.74839,0,1.74901,0,1.75448,0,1.75687,0,1.75312,0,1.74933,0,1.75536,0,1.75628,0,1.75578,0,1.75667,0,1.76139,0,1.76316,0,1.76325,0,1.7564,0,1.76176,0,1.75991,0,1.77311,0,1.77025,0,1.76624,0
0,0,0,0,0,0,0,0,0,0,0,0,0,0,0,0,0,0,0,0,0,0,0,0,0,0,0,0,0,0,0,0,0,0,0,0,0,0,0,0,0,0,0,0,0,0,0,0,0,0,0,0,0,0,0,0,0,0,0,0,0,0,0,0,0,0,0,0,0,0,0,0,0,0,0,0,0,0,0,0,0,0,0,0,0,0,0,0,0,0,0,0,0,0,0,0,0,0,0,0,0,0,0,0,0,0,0,0,0,0,0,0,0,0,0,0,0,0,0,0,0,0,0,0,0,0,0,0,0,0,0,0,0,0,0,0,0,0,0,0,0,0,0,0,0,0,0,0,0,0,0,0,0,0,0,0,0,0,0,0,0,0,0,0,0,0,0,0,0,0,0,0,0,0,0,0,0,0,0,0,0,0,0,0,0,0,0,0,0,0,0,0,0,0,0,0,0,0,0,0,0,0,0,0,0,0,0,0,0,0,0,0,0,0,0,0,0,0,0,0,0,0,0,0,0,0,0,0,0,0,0,0,0,0,0,0,0,0,0,0,0,0,0,0,0,0,0,0,0,0,0,0,0,0,0,0,0,0,0,0,0,0,0,0,0,0,0,0,0,0,0,0,0,0,0,0,0,0,0,0,0,0,0,0,0,0,0,0,0,0,0,0,0,0,0,0,0,0,0,0,0,0,0,0,0,0,0,0,0,0,0,0,0,0,0,0,0,0,0,0,0,0,0,0,0,0,0,0,0,0,0,0,0,0,0,0,0,0,0,0,0,0,0,0,0,0,0,0,0,0,0,0,0,0,0,0,0,0,0,0,0,0,0,0,0,0,0,0,0,0,0,0,0,0,0,0,0,0,0,0,0,0,0,0,0,0,0,0,0,0,0,0,0,0,0,0,0,0,0,0,0,0,0,0,0,0,0,0,0,0,0,0,0,0,0,0,0,0,0,0,0,0,0,0,0,0,0,0,0,0,0,0,0,0,0,0,0,0,0,0,0,0,0,0,0,0,0,0,0,0,0,0,0,0,0,0,0,0,0,0,0,0,0,0,0,0,0,0,0,0,0,0,0,0,0,0,0,0,0,0,0,0,0,0,0,0,0,0,0,0,0,0,0,0,0,0,0,0,0,0,0,0,0,0,0,0,0,0,0,0,0,0,0,0,0,0,0,0,0,0,0,0,0,0,0,0,0,0,0,0,0,0,0,0,0,0,0,0,0,0,0,0,0,0,0,0,0,0,0,0,0,0,0,0,0,0,0,0,0,0,0,0,0,0,0,0,0,0,0,0,0,0,0,0,0,0,0,0,0,0,0,0,0,0,0,0,0,0,0,0,0,0,0,0,0,0,0,0,0,0
1.2054,0,1.21533,0,1.21647,0,1.22785,0,1.23387,0,1.23596,0,1.23996,0,1.24141,0,1.2442,0,1.24598,0,1.24742,0,1.33747,0,1.26426,0,1.26564,0,1.26414,0,1.26528,0,1.26459,0,1.26587,0,1.26498,0,1.27031,0,1.2773,0,1.27834,0,1.34345,0,1.34284,0,1.30016,0,1.29945,0,1.29894,0,1.29923,0,1.30174,0,1.41425,0,1.29126,0,1.29212,0,1.29175,0,1.28432,0,1.27162,0,1.27066,0,1.2768,0,1.4559,0,1.28867,0,1.28904,0,1.29337,0,1.29239,0,1.29806,0,1.43328,0,1.3135,0,1.31882,0,1.32162,0,1.52394,0,1.47429,0,1.59843,0,1.47127,0,1.47177,0,1.52473,0,1.52819,0,1.54848,0,1.48325,0,1.4202,0,1.36364,0,1.41949,0,1.39821,0,1.39154,0,1.39174,0,1.39058,0,1.38499,0,1.38222,0,1.3739,0,1.3712,0,1.37278,0,1.36824,0,1.37436,0,1.37213,0,1.37358,0,1.37381,0,1.3737,0,1.37394,0,1.37212,0,1.47966,0,1.47965,0,1.3845,0,1.38464,0,1.4581,0,1.45908,0,1.46059,0,1.3934,0,1.39867,0,1.39748,0,1.39723,0,1.3973,0,1.39482,0,1.39484,0,1.40051,0,1.40064,0,1.40489,0,1.40536,0,1.40523,0,1.40691,0,1.397,0,1.4027,0,1.39758,0,1.39261,0,1.38944,0,1.43666,0,1.38586,0,1.53998,0,1.57459,0,1.51366,0,1.53959,0,1.5335,0,1.41952,0,1.41736,0,1.4179,0,1.42872,0,1.42702,0,1.42515,0,1.52564,0,1.45706,0,1.45687,0,1.4589,0,1.45565,0,1.4544,0,1.46214,0,1.46293,0,1.44514,0,1.444,0,1.43856,0,1.43694,0,1.43391,0,1.43633,0,1.43324,0,1.44086,0,1.44025,0,1.44236,0,1.46985,0,1.40726,0,1.39133,0,1.39058,0,1.40569,0,1.41703,0,1.42341,0,1.4061,0,1.42649,0,1.399,0,1.3966,0,1.4006,0,1.40676,0,1.40712,0,1.41415,0,1.41808,0,1.43277,0,1.43351,0,1.41055,0,1.40931,0,1.40207,0,1.38162,0,1.39144,0,1.3912,0,1.4003,0,1.43324,0,1.46702,0,1.46617,0,1.47901,0,1.44551,0,1.44481,0,1.41569,0,1.41557,0,1.39203,0,1.38996,0,1.38929,0,1.38612,0,1.40722,0,1.43856,0,1.39255,0,1.42376,0,1.43245,0,1.42408,0,1.43353,0,1.43714,0,1.43715,0,1.457,0,1.43708,0,1.41041,0,1.41281,0,1.56672,0,1.56714,0,1.50335,0,1.40849,0,1.55116,0,1.50995,0,1.53075,0,1.48867,0,1.51919,0,1.51786,0,1.51856,0,1.52583,0,1.5244,0,1.48399,0,1.47042,0,1.45393,0,1.45167,0,1.45009,0,1.45529,0,1.45784,0,1.58203,0,1.56827,0,1.57011,0,1.56905,0,1.56889,0,1.57561,0,1.58852,0,1.58555,0,1.5829,0,1.58429,0,1.56896,0,1.57143,0,1.57239,0,1.57418,0,1.5712,0,1.56774,0,1.56883,0,1.64557,0,1.57986,0,1.57854,0,1.5771,0,1.67693,0,0.00396342,0,1.61133,0,1.62335,0,1.62162,0,1.62481,0,1.62227,0,1.62978,0,1.63451,0,1.63532,0,1.64218,0,1.64063,0,1.6457,0,2.04635,0,1.66536,0,1.66312,0,1.66935,0,1.66954,0,1.67164,0,1.67564,0,1.67907,0,1.68209,0,1.68129,0,1.67992,0,1.6809,0,1.68248,0,1.685,0,1.68432,0,1.68973,0,1.69278,0,1.70254,0,1.70315,0,1.70315,0,1.71562,0,1.71529,0,1.71664,0,1.71486,0,1.72032,0,1.72054,0,1.71993,0,1.72008,0,1.72846,0,1.72647,0,1.73285,0,1.73516,0,1.73448,0,1.74012,0,1.7393,0,1.73796,0,1.74224,0,1.74329,0,1.74338,0,1.74436,0,1.74973,0,1.74259,0,1.74406,0,1.74124,0,1.73908,0,1.73869,0,1.74274,0,1.75426,0,1.75123,0,1.75591,0,1.75398,0,1.75493,0,1.75686,0,1.75502,0,1.75656,0,1.75659,0,1.75639,0,1.76235,0,1.7587,0,1.75934,0,1.76074,0,1.76086,0,1.75828,0,1.75894,0
0,0,0,0,0,0,0,0,0,0,0,0,0,0,0,0,0,0,0,0,0,0,0,0,0,0,0,0,0,0,0,0,0,0,0,0,0,0,0,0,0,0,0,0,0,0,0,0,0,0,0,0,0,0,0,0,0,0,0,0,0,0,0,0,0,0,0,0,0,0,0,0,0,0,0,0,0,0,0,0,0,0,0,0,0,0,0,0,0,0,0,0,0,0,0,0,0,0,0,0,0,0,0,0,0,0,0,0,0,0,0,0,0,0,0,0,0,0,0,0,0,0,0,0,0,0,0,0,0,0,0,0,0,0,0,0,0,0,0,0,0,0,0,0,0,0,0,0,0,0,0,0,0,0,0,0,0,0,0,0,0,0,0,0,0,0,0,0,0,0,0,0,0,0,0,0,0,0,0,0,0,0,0,0,0,0,0,0,0,0,0,0,0,0,0,0,0,0,0,0,0,0,0,0,0,0,0,0,0,0,0,0,0,0,0,0,0,0,0,0,0,0,0,0,0,0,0,0,0,0,0,0,0,0,0,0,0,0,0,0,0,0,0,0,0,0,0,0,0,0,0,0,0,0,0,0,0,0,0,0,0,0,0,0,0,0,0,0,0,0,0,0,0,0,0,0,0,0,0,0,0,0,0,0,0,0,0,0,0,0,0,0,0,0,0,0,0,0,0,0,0,0,0,0,0,0,0,0,0,0,0,0,0,0,0,0,0,0,0,0,0,0,0,0,0,0,0,0,0,0,0,0,0,0,0,0,0,0,0,0,0,0,0,0,0,0,0,0,0,0,0,0,0,0,0,0,0,0,0,0,0,0,0,0,0,0,0,0,0,0,0,0,0,0,0,0,0,0,0,0,0,0,0,0,0,0,0,0,0,0,0,0,0,0,0,0,0,0,0,0,0,0,0,0,0,0,0,0,0,0,0,0,0,0,0,0,0,0,0,0,0,0,0,0,0,0,0,0,0,0,0,0,0,0,0,0,0,0,0,0,0,0,0,0,0,0,0,0,0,0,0,0,0,0,0,0,0,0,0,0,0,0,0,0,0,0,0,0,0,0,0,0,0,0,0,0,0,0,0,0,0,0,0,0,0,0,0,0,0,0,0,0,0,0,0,0,0,0,0,0,0,0,0,0,0,0,0,0,0,0,0,0,0,0,0,0,0,0,0,0,0,0,0,0,0,0,0,0,0,0,0,0,0,0,0,0,0,0,0,0,0,0,0,0,0,0,0,0,0,0,0,0,0,0,0,0,0,0,0,0,0,0,0,0,0,0,0,0,0,0,0,0,0,0,0,0,0,0,0,0,0,0,0,0,0,0,0,0,0,0,0,0,0,0,0,0,0,0,0,0
1.20955,0,1.2091,0,1.21068,0,1.2238,0,1.2277,0,1.23027,0,1.23928,0,1.2433,0,1.24535,0,1.25002,0,1.25228,0,1.25985,0,1.25919,0,1.25966,0,1.25247,0,1.2518,0,1.25402,0,1.25771,0,1.25799,0,1.32725,0,1.32868,0,1.38348,0,1.33058,0,1.30159,0,1.29943,0,1.29815,0,1.35583,0,1.28551,0,1.28473,0,1.27631,0,1.27561,0,1.27748,0,1.26122,0,1.25897,0,1.26133,0,1.42756,0,1.28196,0,1.2882,0,1.2892,0,1.28818,0,1.29213,0,1.2942,0,1.2959,0,1.29811,0,1.34458,0,1.30932,0,1.31504,0,1.31945,0,1.31774,0,1.48975,0,1.37821,0,1.39576,0,1.35145,0,1.36512,0,1.41045,0,1.40987,0,1.36757,0,1.51643,0,1.50777,0,1.38459,0,1.43496,0,1.4954,0,1.51408,0,1.36781,0,1.35743,0,1.36043,0,1.36031,0,1.36034,0,1.35952,0,1.36671,0,1.36738,0,1.36956,0,1.37028,0,1.37195,0,1.3678,0,1.36925,0,1.36717,0,1.37409,0,1.37811,0,1.37822,0,1.37958,0,1.38228,0,1.38566,0,1.38789,0,1.39219,0,1.39156,0,1.39519,0,1.39667,0,1.39495,0,1.39893,0,1.40123,0,1.40117,0,1.40181,0,1.40417,0,1.40386,0,1.40632,0,1.40551,0,1.40477,0,1.41013,0,1.41035,0,1.40685,0,1.40749,0,1.41674,0,1.4177,0,1.42379,0,1.42874,0,1.43159,0,1.43989,0,1.44282,0,1.44115,0,1.44072,0,1.44438,0,1.44293,0,1.44778,0,1.45068,0,1.45616,0,1.45801,0,1.45704,0,1.46244,0,1.46147,0,1.47082,0,1.47093,0,1.46957,0,1.4757,0,1.4523,0,1.43598,0,1.43342,0,1.43062,0,1.41929,0,1.41914,0,1.41739,0,1.41201,0,1.41403,0,1.41589,0,1.41915,0,1.41384,0,1.4095,0,1.4128,0,1.40935,0,1.40932,0,1.40981,0,1.40545,0,1.40594,0,1.40259,0,1.40369,0,1.40466,0,1.42914,0,1.43023,0,1.40985,0,1.426,0,1.39297,0,1.4049,0,1.374,0,1.40173,0,1.40179,0,1.38798,0,1.3942,0,1.39261,0,1.39285,0,1.4052,0,1.39329,0,1.39355,0,1.39915,0,1.40564,0,1.40924,0,1.3904,0,1.38284,0,1.38132,0,1.40323,0,1.40257,0,1.38329,0,1.37236,0,1.39604,0,1.4173,0,1.42775,0,1.42044,0,1.42639,0,1.4249,0,1.44399,0,1.38266,0,1.3819,0,1.38773,0,1.42972,0,1.4546,0,1.46185,0,1.45542,0,1.51485,0,1.46995,0,1.47241,0,1.51749,0,1.51677,0,1.4935,0,1.49632,0,1.51306,0,1.55129,0,1.55646,0,1.5102,0,1.50241,0,1.48181,0,1.49027,0,1.48461,0,1.48524,0,1.58705,0,1.59165,0,1.52579,0,1.56538,0,1.54797,0,1.58217,0,1.57872,0,1.57925,0,1.57427,0,1.56757,0,1.56539,0,1.56614,0,1.56837,0,1.55844,0,1.5577,0,1.55739,0,1.55861,0,1.55924,0,1.56838,0,1.56872,0,1.57639,0,1.57877,0,1.59425,0,1.60491,0,1.61262,0,1.61347,0,1.61568,0,1.62162,0,1.62505,0,1.62691,0,1.63011,0,1.62984,0,1.63621,0,1.64799,0,1.64682,0,1.65249,0,1.64972,0,1.65947,0,1.66782,0,1.66526,0,1.66232,0,1.65904,0,1.67174,0,1.67786,0,1.67619,0,1.67725,0,1.67733,0,1.68531,0,1.6841,0,1.69012,0,1.69072,0,1.69928,0,1.7002,0,1.70581,0,1.71399,0,1.7164,0,1.71318,0,1.72105,0,1.71652,0,1.71778,0,1.7165,0,1.72393,0,1.72137,0,1.72061,0,1.72147,0,1.7379,0,1.73669,0,1.73122,0,1.73301,0,1.73384,0,1.73853,0,1.73685,0,1.74271,0,1.74028,0,1.74418,0,1.74674,0,1.74619,0,1.74795,0,1.74422,0,1.74686,0,1.74373,0,1.74247,0,1.74327,0,1.74958,0,1.74951,0,1.75904,0,1.75697,0,1.7568,0,1.75736,0,1.75325,0,1.74948,0,1.75644,0,1.74774,0,1.75444,0,1.75092,0,1.75123,0,1.75143,0,1.7502,0
0,0,0,0,0,0,0,0,0,0,0,0,0,0,0,0,0,0,0,0,0,0,0,0,0,0,0,0,0,0,0,0,0,0,0,0,0,0,0,0,0,0,0,0,0,0,0,0,0,0,0,0,0,0,0,0,0,0,0,0,0,0,0,0,0,0,0,0,0,0,0,0,0,0,0,0,0,0,0,0,0,0,0,0,0,0,0,0,0,0,0,0,0,0,0,0,0,0,0,0,0,0,0,0,0,0,0,0,0,0,0,0,0,0,0,0,0,0,0,0,0,0,0,0,0,0,0,0,0,0,0,0,0,0,0,0,0,0,0,0,0,0,0,0,0,0,0,0,0,0,0,0,0,0,0,0,0,0,0,0,0,0,0,0,0,0,0,0,0,0,0,0,0,0,0,0,0,0,0,0,0,0,0,0,0,0,0,0,0,0,0,0,0,0,0,0,0,0,0,0,0,0,0,0,0,0,0,0,0,0,0,0,0,0,0,0,0,0,0,0,0,0,0,0,0,0,0,0,0,0,0,0,0,0,0,0,0,0,0,0,0,0,0,0,0,0,0,0,0,0,0,0,0,0,0,0,0,0,0,0,0,0,0,0,0,0,0,0,0,0,0,0,0,0,0,0,0,0,0,0,0,0,0,0,0,0,0,0,0,0,0,0,0,0,0,0,0,0,0,0,0,0,0,0,0,0,0,0,0,0,0,0,0,0,0,0,0,0,0,0,0,0,0,0,0,0,0,0,0,0,0,0,0,0,0,0,0,0,0,0,0,0,0,0,0,0,0,0,0,0,0,0,0,0,0,0,0,0,0,0,0,0,0,0,0,0,0,0,0,0,0,0,0,0,0,0,0,0,0,0,0,0,0,0,0,0,0,0,0,0,0,0,0,0,0,0,0,0,0,0,0,0,0,0,0,0,0,0,0,0,0,0,0,0,0,0,0,0,0,0,0,0,0,0,0,0,0,0,0,0,0,0,0,0,0,0,0,0,0,0,0,0,0,0,0,0,0,0,0,0,0,0,0,0,0,0,0,0,0,0,0,0,0,0,0,0,0,0,0,0,0,0,0,0,0,0,0,0,0,0,0,0,0,0,0,0,0,0,0,0,0,0,0,0,0,0,0,0,0,0,0,0,0,0,0,0,0,0,0,0,0,0,0,0,0,0,0,0,0,0,0,0,0,0,0,0,0,0,0,0,0,0,0,0,0,0,0,0,0,0,0,0,0,0,0,0,0,0,0,0,0,0,0,0,0,0,0,0,0,0,0,0,0,0,0,0,0,0,0,0,0,0,0,0,0,0,0,0,0,0,0,0,0,0,0,0,0,0,0,0,0,0,0,0,0,0,0,0,0,0
1.21244,0,1.21171,0,1.21968,0,1.22195,0,1.23004,0,1.23056,0,1.23206,0,1.23246,0,1.24449,0,1.24718,0,1.29997,0,1.30151,0,1.23976,0,1.24984,0,1.24393,0,1.24718,0,1.25467,0,1.25447,0,1.29886,0,1.298,0,0.00392325,0,0.004261,0,1.3026,0,1.30458,0,1.2942,0,1.29215,0,1.29123,0,1.29287,0,1.28401,0,1.28351,0,1.4706,0,1.26263,0,1.2613,0,1.40878,0,1.27629,0,1.28047,0,1.28559,0,1.28725,0,1.28843,0,1.28838,0,1.28841,0,1.29039,0,1.29339,0,1.29478,0,1.29716,0,1.29753,0,1.30111,0,1.30836,0,1.30854,0,1.31888,0,1.31859,0,1.31865,0,1.31716,0,1.31634,0,1.31799,0,1.32047,0,1.32328,0,1.32158,0,1.50878,0,1.33297,0,1.33627,0,1.49048,0,1.34597,0,1.34709,0,1.34871,0,1.35047,0,1.34986,0,1.3528,0,1.35391,0,1.3537,0,1.3582,0,1.36413,0,1.37067,0,1.36836,0,1.36796,0,1.36472,0,1.36699,0,1.36734,0,1.36713,0,1.37461,0,1.48501,0,1.38234,0,1.38366,0,1.38971,0,1.38886,0,1.39057,0,1.39375,0,1.39383,0,1.39952,0,1.40384,0,1.40421,0,1.41052,0,1.41222,0,1.41211,0,1.40602,0,1.40668,0,1.40602,0,1.40738,0,1.40511,0,1.40709,0,1.48365,0,1.48545,0,1.44314,0,1.44256,0,1.43899,0,1.43834,0,1.43853,0,1.43962,0,1.44443,0,1.44464,0,1.4458,0,1.44141,0,1.43891,0,1.43946,0,1.43814,0,1.4437,0,1.44288,0,1.45048,0,1.4583,0,1.46063,0,1.46797,0,1.46734,0,1.46439,0,1.46753,0,1.44797,0,1.43476,0,1.43307,0,1.432,0,1.43314,0,1.4073,0,1.4062,0,1.41391,0,1.40866,0,1.40101,0,1.41263,0,1.40897,0,1.40735,0,1.40213,0,1.40277,0,1.40095,0,1.39976,0,1.40463,0,1.40526,0,1.40543,0,1.40304,0,1.39871,0,1.38354,0,1.39937,0,1.40641,0,1.39802,0,1.39786,0,1.40584,0,1.40491,0,1.40959,0,1.38635,0,1.39561,0,1.3914,0,1.3965,0,1.39849,0,1.39526,0,1.39566,0,1.38753,0,1.40546,0,1.39701,0,1.40596,0,1.4123,0,1.38874,0,1.42148,0,1.3832,0,1.3965,0,1.37288,0,1.38552,0,1.39044,0,1.40071,0,1.35169,0,1.35067,0,1.34745,0,1.35929,0,1.39606,0,1.39673,0,1.41054,0,1.39792,0,1.41116,0,1.40563,0,1.43736,0,1.44705,0,1.45471,0,1.45518,0,1.45495,0,1.46107,0,1.46046,0,1.47003,0,1.49877,0,1.49975,0,1.47205,0,1.49822,0,1.47047,0,1.46839,0,1.46566,0,1.59171,0,1.59282,0,1.50593,0,1.48225,0,1.568,0,1.56765,0,1.56877,0,1.56192,0,1.57101,0,1.57558,0,1.56762,0,1.55182,0,1.55042,0,1.55468,0,1.55761,0,1.55615,0,1.5587,0,1.55686,0,1.56538,0,1.56586,0,1.56853,0,1.57582,0,0.00388942,0,1.59225,0,1.60238,0,1.60033,0,1.59993,0,1.60564,0,1.6126,0,1.61129,0,1.617,0,1.61675,0,1.62564,0,1.62551,0,1.6317,0,1.63329,0,1.64564,0,1.64552,0,1.6454,0,1.65403,0,1.65537,0,1.66173,0,1.66412,0,1.67278,0,1.67166,0,1.67664,0,1.67732,0,1.67853,0,1.67799,0,1.67647,0,1.6858,0,1.69712,0,1.6938,0,1.69287,0,1.6973,0,1.70319,0,1.70316,0,1.72181,0,1.71627,0,1.7095,0,1.70795,0,1.71118,0,1.70959,0,1.71101,0,1.71058,0,1.71141,0,1.71735,0,1.72016,0,1.71942,0,1.72448,0,1.72671,0,1.72849,0,1.7258,0,1.72615,0,1.73183,0,1.72387,0,1.7224,0,1.74054,0,1.73901,0,1.74878,0,1.74835,0,1.74017,0,1.74222,0,1.74159,0,1.73925,0,1.74084,0,1.74593,0,1.74215,0,1.73907,0,1.7449,0,1.74679,0,1.7502,0,1.74828,0,1.74582,0,1.75129,0,1.75066,0,1.74868,0,1.74598,0,1.74822,0,1.75045,0,1.74501,0
0,0,0,0,0,0,0,0,0,0,0,0,0,0,0,0,0,0,0,0,0,0,0,0,0,0,0,0,0,0,0,0,0,0,0,0,0,0,0,0,0,0,0,0,0,0,0,0,0,0,0,0,0,0,0,0,0,0,0,0,0,0,0,0,0,0,0,0,0,0,0,0,0,0,0,0,0,0,0,0,0,0,0,0,0,0,0,0,0,0,0,0,0,0,0,0,0,0,0,0,0,0,0,0,0,0,0,0,0,0,0,0,0,0,0,0,0,0,0,0,0,0,0,0,0,0,0,0,0,0,0,0,0,0,0,0,0,0,0,0,0,0,0,0,0,0,0,0,0,0,0,0,0,0,0,0,0,0,0,0,0,0,0,0,0,0,0,0,0,0,0,0,0,0,0,0,0,0,0,0,0,0,0,0,0,0,0,0,0,0,0,0,0,0,0,0,0,0,0,0,0,0,0,0,0,0,0,0,0,0,0,0,0,0,0,0,0,0,0,0,0,0,0,0,0,0,0,0,0,0,0,0,0,0,0,0,0,0,0,0,0,0,0,0,0,0,0,0,0,0,0,0,0,0,0,0,0,0,0,0,0,0,0,0,0,0,0,0,0,0,0,0,0,0,0,0,0,0,0,0,0,0,0,0,0,0,0,0,0,0,0,0,0,0,0,0,0,0,0,0,0,0,0,0,0,0,0,0,0,0,0,0,0,0,0,0,0,0,0,0,0,0,0,0,0,0,0,0,0,0,0,0,0,0,0,0,0,0,0,0,0,0,0,0,0,0,0,0,0,0,0,0,0,0,0,0,0,0,0,0,0,0,0,0,0,0,0,0,0,0,0,0,0,0,0,0,0,0,0,0,0,0,0,0,0,0,0,0,0,0,0,0,0,0,0,0,0,0,0,0,0,0,0,0,0,0,0,0,0,0,0,0,0,0,0,0,0,0,0,0,0,0,0,0,0,0,0,0,0,0,0,0,0,0,0,0,0,0,0,0,0,0,0,0,0,0,0,0,0,0,0,0,0,0,0,0,0,0,0,0,0,0,0,0,0,0,0,0,0,0,0,0,0,0,0,0,0,0,0,0,0,0,0,0,0,0,0,0,0,0,0,0,0,0,0,0,0,0,0,0,0,0,0,0,0,0,0,0,0,0,0,0,0,0,0,0,0,0,0,0,0,0,0,0,0,0,0,0,0,0,0,0,0,0,0,0,0,0,0,0,0,0,0,0,0,0,0,0,0,0,0,0,0,0,0,0,0,0,0,0,0,0,0,0,0,0,0,0,0,0,0,0,0,0,0,0,0,0,0,0,0,0,0,0,0,0,0,0,0,0,0,0,0,0,0,0,0,0,0,0
1.20904,0,1.20814,0,1.27479,0,1.21703,0,1.21908,0,1.2125,0,1.21326,0,1.21401,0,1.21581,0,1.2152,0,1.31277,0,1.32767,0,1.32774,0,1.22297,0,1.39139,0,1.23462,0,1.24382,0,1.24332,0,1.24974,0,1.25312,0,1.25741,0,1.54123,0,1.37225,0,1.38817,0,1.28435,0,1.29197,0,1.29588,0,1.29342,0,1.29571,0,1.27296,0,1.2732,0,1.26734,0,1.26668,0,1.27092,0,1.27051,0,1.37744,0,1.28067,0,1.28087,0,1.28079,0,1.28758,0,1.28599,0,1.28751,0,1.28777,0,1.29081,0,1.28993,0,1.29037,0,1.29501,0,1.29845,0,1.30063,0,1.30396,0,1.30364,0,1.30378,0,1.30261,0,1.30362,0,1.30981,0,1.31228,0,1.31327,0,1.31928,0,1.31662,0,1.31722,0,1.32851,0,1.32726,0,1.33053,0,1.3367,0,1.33879,0,1.33887,0,1.34126,0,1.34786,0,1.34625,0,1.3477,0,1.34788,0,1.35247,0,1.4389,0,1.42298,0,1.43255,0,1.36243,0,1.36242,0,1.36705,0,1.37029,0,1.37036,0,1.42671,0,1.38614,0,1.38976,0,1.39307,0,1.39954,0,1.3996,0,1.39839,0,1.39698,0,1.39601,0,1.41368,0,1.41412,0,1.41128,0,1.41207,0,1.40715,0,1.4143,0,1.40935,0,1.44482,0,1.44523,0,1.44376,0,1.43875,0,1.44004,0,1.44118,0,1.4413,0,1.45549,0,1.45441,0,1.45401,0,1.46073,0,1.45769,0,1.45396,0,1.43772,0,1.45044,0,1.45242,0,1.45301,0,1.46164,0,1.46566,0,1.45486,0,1.46518,0,1.46765,0,1.62009,0,1.47713,0,1.47457,0,1.46893,0,1.4685,0,1.46552,0,1.44563,0,1.44293,0,1.43908,0,1.4384,0,1.43624,0,1.58544,0,1.41545,0,1.41518,0,1.41235,0,1.41452,0,1.41121,0,1.40897,0,1.40824,0,1.40386,0,1.40581,0,1.40376,0,1.4034,0,1.40259,0,1.40411,0,1.40567,0,1.43025,0,1.38327,0,1.40774,0,1.3919,0,1.38456,0,1.40353,0,1.44327,0,1.43421,0,1.40277,0,1.402,0,1.40116,0,1.4039,0,1.40191,0,1.40711,0,1.40256,0,1.403,0,1.43251,0,1.43355,0,1.42741,0,1.39699,0,1.41632,0,1.41565,0,1.44671,0,1.44568,0,0.0036856,0,0.00387069,0,1.37711,0,1.36788,0,1.42039,0,1.35965,0,1.35141,0,1.35038,0,1.34369,0,1.34002,0,1.34861,0,1.39135,0,1.36272,0,1.34932,0,1.351,0,1.43142,0,1.35815,0,1.35887,0,1.43804,0,1.42977,0,1.42747,0,1.42628,0,1.45775,0,1.48179,0,1.48484,0,1.48918,0,1.44248,0,1.42814,0,1.42835,0,1.43051,0,1.46738,0,1.48494,0,1.49089,0,1.48975,0,1.49629,0,1.57938,0,1.52664,0,1.53492,0,1.53715,0,1.54861,0,1.54663,0,1.54648,0,1.54746,0,1.55444,0,1.55202,0,1.55115,0,1.5608,0,1.56193,0,1.56736,0,1.57485,0,1.57849,0,1.57986,0,1.58578,0,1.58566,0,1.6013,0,1.59849,0,1.59607,0,1.60032,0,1.60014,0,1.6059,0,1.61662,0,1.61603,0,1.61641,0,1.62414,0,1.61204,0,1.63034,0,1.63,0,2.08731,0,1.6444,0,1.68662,0,1.65611,0,1.67055,0,1.66902,0,1.67285,0,1.67521,0,1.68541,0,1.6839,0,1.68273,0,1.68822,0,1.6883,0,1.68684,0,1.68802,0,1.69238,0,1.69611,0,1.69609,0,1.69614,0,1.709,0,1.70365,0,1.69993,0,1.70129,0,1.70054,0,1.70584,0,1.70555,0,1.70471,0,1.70588,0,1.70425,0,1.70108,0,1.7131,0,1.71075,0,1.70698,0,1.70829,0,1.70965,0,1.71748,0,1.71646,0,1.72365,0,1.7262,0,1.727,0,1.72875,0,1.72908,0,1.72756,0,1.72767,0,1.73197,0,1.73007,0,1.72909,0,1.74033,0,1.73599,0,1.73558,0,1.73852,0,1.7326,0,1.7358,0,1.73594,0,1.73883,0,1.73863,0,1.74616,0,1.74388,0,1.74958,0,1.74721,0,1.74839,0,1.74546,0,1.74938,0,1.74789,0,1.74726,0
0,0,0,0,0,0,0,0,0,0,0,0,0,0,0,0,0,0,0,0,0,0,0,0,0,0,0,0,0,0,0,0,0,0,0,0,0,0,0,0,0,0,0,0,0,0,0,0,0,0,0,0,0,0,0,0,0,0,0,0,0,0,0,0,0,0,0,0,0,0,0,0,0,0,0,0,0,0,0,0,0,0,0,0,0,0,0,0,0,0,0,0,0,0,0,0,0,0,0,0,0,0,0,0,0,0,0,0,0,0,0,0,0,0,0,0,0,0,0,0,0,0,0,0,0,0,0,0,0,0,0,0,0,0,0,0,0,0,0,0,0,0,0,0,0,0,0,0,0,0,0,0,0,0,0,0,0,0,0,0,0,0,0,0,0,0,0,0,0,0,0,0,0,0,0,0,0,0,0,0,0,0,0,0,0,0,0,0,0,0,0,0,0,0,0,0,0,0,0,0,0,0,0,0,0,0,0,0,0,0,0,0,0,0,0,0,0,0,0,0,0,0,0,0,0,0,0,0,0,0,0,0,0,0,0,0,0,0,0,0,0,0,0,0,0,0,0,0,0,0,0,0,0,0,0,0,0,0,0,0,0,0,0,0,0,0,0,0,0,0,0,0,0,0,0,0,0,0,0,0,0,0,0,0,0,0,0,0,0,0,0,0,0,0,0,0,0,0,0,0,0,0,0,0,0,0,0,0,0,0,0,0,0,0,0,0,0,0,0,0,0,0,0,0,0,0,0,0,0,0,0,0,0,0,0,0,0,0,0,0,0,0,0,0,0,0,0,0,0,0,0,0,0,0,0,0,0,0,0,0,0,0,0,0,0,0,0,0,0,0,0,0,0,0,0,0,0,0,0,0,0,0,0,0,0,0,0,0,0,0,0,0,0,0,0,0,0,0,0,0,0,0,0,0,0,0,0,0,0,0,0,0,0,0,0,0,0,0,0,0,0,0,0,0,0,0,0,0,0,0,0,0,0,0,0,0,0,0,0,0,0,0,0,0,0,0,0,0,0,0,0,0,0,0,0,0,0,0,0,0,0,0,0,0,0,0,0,0,0,0,0,0,0,0,0,0,0,0,0,0,0,0,0,0,0,0,0,0,0,0,0,0,0,0,0,0,0,0,0,0,0,0,0,0,0,0,0,0,0,0,0,0,0,0,0,0,0,0,0,0,0,0,0,0,0,0,0,0,0,0,0,0,0,0,0,0,0,0,0,0,0,0,0,0,0,0,0,0,0,0,0,0,0,0,0,0,0,0,0,0,0,0,0,0,0,0,0,0,0,0,0,0,0,0,0,0,0,0,0,0,0,0,0,0,0,0,0,0,0,0,0,0,0,0,0,0,0,0,0,0
1.21096,0,1.20014,0,1.20489,0,1.20386,0,1.21778,0,1.2011,0,1.27762,0,1.28445,0,1.30568,0,1.31888,0,1.20126,0,1.23615,0,1.28795,0,1.21681,0,1.22137,0,1.22983,0,1.23502,0,1.23353,0,1.23831,0,1.24343,0,1.24386,0,1.24672,0,1.25128,0,1.3782,0,1.37905,0,1.27287,0,1.27459,0,1.26755,0,1.26852,0,1.2664,0,1.26499,0,1.26139,0,1.26105,0,1.26156,0,1.26819,0,1.27672,0,1.27742,0,1.27994,0,1.2809,0,1.28266,0,1.2814,0,1.28476,0,1.28466,0,1.28762,0,1.28739,0,1.28901,0,1.29046,0,1.291,0,1.29365,0,1.29906,0,1.29864,0,1.29824,0,1.30019,0,1.30105,0,1.2997,0,1.29976,0,1.30837,0,1.30584,0,1.3122,0,1.31508,0,1.31577,0,1.32607,0,1.32775,0,1.33403,0,1.33349,0,1.33274,0,1.33843,0,1.34091,0,1.34941,0,1.34705,0,1.34937,0,1.34344,0,1.34365,0,1.3497,0,1.35294,0,1.42806,0,1.36638,0,1.36787,0,1.49214,0,1.38704,0,1.39413,0,1.39489,0,1.40392,0,1.40318,0,1.40558,0,1.40674,0,1.40761,0,1.41551,0,1.41658,0,1.41591,0,1.41926,0,1.39976,0,1.42682,0,1.42649,0,1.42773,0,1.43797,0,1.44401,0,1.43952,0,1.44072,0,1.46723,0,1.4725,0,1.44732,0,1.45436,0,1.45554,0,1.45356,0,1.42324,0,1.42267,0,1.40862,0,1.51449,0,1.52055,0,1.43906,0,1.43413,0,1.43232,0,1.5123,0,1.51315,0,1.48437,0,1.44186,0,1.43941,0,1.43587,0,1.40053,0,1.39822,0,1.39539,0,1.39528,0,1.38445,0,1.38609,0,1.40628,0,1.404,0,1.45123,0,1.45181,0,1.43822,0,1.43868,0,1.43353,0,1.41836,0,1.41844,0,1.43989,0,1.44579,0,1.44731,0,1.45078,0,1.44209,0,1.42691,0,1.4901,0,1.45209,0,1.5412,0,1.41202,0,1.40794,0,1.47316,0,1.39633,0,1.42084,0,1.41689,0,1.41225,0,1.41571,0,1.41002,0,1.41347,0,1.42782,0,1.42931,0,1.41613,0,1.41318,0,1.48146,0,1.40805,0,1.41532,0,1.41369,0,1.43382,0,1.44083,0,1.39293,0,1.39225,0,1.45833,0,1.47071,0,1.47219,0,1.39166,0,1.43999,0,1.38504,0,1.39247,0,1.34719,0,1.34394,0,1.36585,0,1.33786,0,1.33809,0,1.35811,0,1.3795,0,1.37751,0,1.3628,0,1.36816,0,1.34899,0,1.35106,0,1.35375,0,1.35776,0,1.35815,0,1.3777,0,1.44427,0,1.40833,0,1.41335,0,1.42,0,1.42227,0,1.42657,0,1.42178,0,1.43863,0,1.44194,0,1.44638,0,1.47779,0,1.53253,0,1.51798,0,1.5171,0,1.54764,0,1.56027,0,1.5622,0,1.54639,0,1.54346,0,1.53859,0,1.53475,0,1.53376,0,1.53538,0,1.54375,0,1.54385,0,1.5505,0,1.56105,0,1.56457,0,1.56945,0,1.57597,0,1.57959,0,1.58284,0,1.58611,0,1.58864,0,1.59599,0,1.59988,0,1.59756,0,1.60199,0,1.60371,0,1.60617,0,1.60674,0,1.60575,0,1.61493,0,1.62675,0,1.62753,0,1.6317,0,2.07302,0,1.65144,0,1.65516,0,1.65682,0,1.6625,0,1.67057,0,1.66961,0,1.67474,0,1.67325,0,1.6804,0,1.68099,0,1.67683,0,1.68574,0,1.69049,0,1.68526,0,1.68897,0,1.68904,0,1.68849,0,1.68887,0,1.69596,0,1.69507,0,1.69275,0,1.69979,0,1.6986,0,1.69609,0,1.69946,0,1.6955,0,1.69574,0,1.68852,0,1.68519,0,1.6904,0,1.69347,0,1.69055,0,1.68971,0,1.70202,0,1.7,0,1.713,0,1.71131,0,1.70721,0,1.71598,0,1.713,0,1.72039,0,1.72129,0,1.72273,0,1.72085,0,1.72048,0,1.71756,0,1.72515,0,1.72293,0,1.72057,0,1.71934,0,1.73021,0,1.72821,0,1.73371,0,1.73233,0,1.73502,0,1.74433,0,1.7387,0,1.74407,0,1.74403,0,1.74872,0,1.74907,0,1.74694,0,1.74804,0,1.74524,0,1.74986,0
0,0,0,0,0,0,0,0,0,0,0,0,0,0,0,0,0,0,0,0,0,0,0,0,0,0,0,0,0,0,0,0,0,0,0,0,0,0,0,0,0,0,0,0,0,0,0,0,0,0,0,0,0,0,0,0,0,0,0,0,0,0,0,0,0,0,0,0,0,0,0,0,0,0,0,0,0,0,0,0,0,0,0,0,0,0,0,0,0,0,0,0,0,0,0,0,0,0,0,0,0,0,0,0,0,0,0,0,0,0,0,0,0,0,0,0,0,0,0,0,0,0,0,0,0,0,0,0,0,0,0,0,0,0,0,0,0,0,0,0,0,0,0,0,0,0,0,0,0,0,0,0,0,0,0,0,0,0,0,0,0,0,0,0,0,0,0,0,0,0,0,0,0,0,0,0,0,0,0,0,0,0,0,0,0,0,0,0,0,0,0,0,0,0,0,0,0,0,0,0,0,0,0,0,0,0,0,0,0,0,0,0,0,0,0,0,0,0,0,0,0,0,0,0,0,0,0,0,0,0,0,0,0,0,0,0,0,0,0,0,0,0,0,0,0,0,0,0,0,0,0,0,0,0,0,0,0,0,0,0,0,0,0,0,0,0,0,0,0,0,0,0,0,0,0,0,0,0,0,0,0,0,0,0,0,0,0,0,0,0,0,0,0,0,0,0,0,0,0,0,0,0,0,0,0,0,0,0,0,0,0,0,0,0,0,0,0,0,0,0,0,0,0,0,0,0,0,0,0,0,0,0,0,0,0,0,0,0,0,0,0,0,0,0,0,0,0,0,0,0,0,0,0,0,0,0,0,0,0,0,0,0,0,0,0,0,0,0,0,0,0,0,0,0,0,0,0,0,0,0,0,0,0,0,0,0,0,0,0,0,0,0,0,0,0,0,0,0,0,0,0,0,0,0,0,0,0,0,0,0,0,0,0,0,0,0,0,0,0,0,0,0,0,0,0,0,0,0,0,0,0,0,0,0,0,0,0,0,0,0,0,0,0,0,0,0,0,0,0,0,0,0,0,0,0,0,0,0,0,0,0,0,0,0,0,0,0,0,0,0,0,0,0,0,0,0,0,0,0,0,0,0,0,0,0,0,0,0,0,0,0,0,0,0,0,0,0,0,0,0,0,0,0,0,0,0,0,0,0,0,0,0,0,0,0,0,0,0,0,0,0,0,0,0,0,0,0,0,0,0,0,0,0,0,0,0,0,0,0,0,0,0,0,0,0,0,0,0,0,0,0,0,0,0,0,0,0,0,0,0,0,0,0,0,0,0,0,0,0,0,0,0,0,0,0,0,0,0,0,0,0,0,0,0,0,0,0,0,0,0,0,0,0,0,0,0,0,0,0,0
1.18526,0,1.2484,0,1.34796,0,1.17881,0,1.30957,0,1.26982,0,1.27102,0,1.18524,0,1.18482,0,1.18517,0,1.19018,0,1.19224,0,1.19259,0,1.42787,0,1.29851,0,1.3103,0,1.29563,0,1.3063,0,1.26896,0,1.37756,0,1.38122,0,1.33527,0,1.32653,0,1.40293,0,1.29822,0,1.37,0,1.37079,0,1.26413,0,1.2683,0,1.26949,0,1.27115,0,1.27035,0,1.27108,0,1.2719,0,1.26382,0,1.2629,0,1.26598,0,1.2702,0,1.27274,0,1.27417,0,1.27594,0,1.30971,0,1.38514,0,1.27957,0,1.28036,0,1.3203,0,1.32274,0,1.33386,0,1.29645,0,1.30594,0,1.3001,0,1.30257,0,1.30478,0,1.30612,0,1.306,0,1.30556,0,1.307,0,1.30534,0,1.30592,0,1.31115,0,1.31329,0,1.31929,0,1.32594,0,1.3247,0,1.32729,0,1.33187,0,1.33206,0,1.33691,0,1.38242,0,1.34029,0,1.34627,0,1.34547,0,1.34462,0,1.35189,0,1.35679,0,1.45106,0,1.37426,0,1.3849,0,1.38587,0,1.39179,0,1.39129,0,1.39893,0,1.40136,0,1.40266,0,1.42179,0,1.35561,0,1.35796,0,1.42078,0,1.42072,0,1.41968,0,1.42571,0,1.42314,0,1.40334,0,1.40256,0,1.38294,0,1.42275,0,1.48326,0,1.42242,0,1.42608,0,1.45177,0,1.45493,0,1.4523,0,0.0036935,0,1.3931,0,1.40085,0,1.40346,0,1.40721,0,1.40568,0,1.39928,0,1.39917,0,1.42531,0,1.42646,0,1.41818,0,1.50056,0,1.50148,0,1.50852,0,1.41473,0,1.39151,0,1.39115,0,1.38359,0,1.38693,0,1.38811,0,1.38502,0,1.42105,0,1.40857,0,1.40263,0,1.40239,0,1.39929,0,1.42022,0,1.41003,0,1.4477,0,1.46156,0,1.46861,0,1.47003,0,1.46934,0,1.47724,0,1.49156,0,1.49288,0,1.4932,0,1.49146,0,1.48883,0,1.49045,0,1.49308,0,1.47001,0,1.46848,0,1.53407,0,1.53127,0,1.52829,0,1.52452,0,1.5261,0,1.52873,0,1.528,0,1.52784,0,1.4849,0,1.47095,0,1.45834,0,1.45792,0,1.41431,0,1.42373,0,1.44477,0,1.43808,0,1.40319,0,1.40102,0,1.4007,0,1.45034,0,1.41664,0,1.41648,0,1.39467,0,1.41023,0,1.38839,0,1.38667,0,1.48882,0,1.40779,0,1.35368,0,1.35007,0,1.36589,0,1.34656,0,1.36797,0,1.37713,0,1.35274,0,1.35072,0,1.35525,0,1.37775,0,1.39097,0,1.36853,0,1.37323,0,1.38459,0,1.409,0,1.41636,0,1.41097,0,1.41193,0,1.4134,0,1.41233,0,1.42388,0,1.43397,0,1.44108,0,1.43651,0,1.48465,0,1.48254,0,1.52333,0,1.52281,0,1.51135,0,1.52552,0,1.52105,0,1.52178,0,1.53473,0,1.53131,0,1.53666,0,1.53516,0,1.53901,0,1.54778,0,1.54734,0,1.55496,0,1.55453,0,1.56231,0,1.56772,0,1.56773,0,1.57348,0,1.57529,0,1.58218,0,1.58531,0,1.59191,0,1.58965,0,1.59554,0,1.5992,0,1.59953,0,1.60041,0,1.60125,0,1.60365,0,1.6072,0,1.61589,0,1.61472,0,0.00351611,0,1.6282,0,0.00407861,0,0.00334737,0,1.74247,0,1.64916,0,0.00390347,0,1.65939,0,0.0036434,0,1.66858,0,1.66869,0,1.67164,0,0.00403201,0,1.67455,0,1.67228,0,1.67809,0,1.67806,0,1.67883,0,0.00383145,0,1.68587,0,0.00378368,0,1.69246,0,1.6955,0,1.69452,0,1.69298,0,1.69152,0,1.68745,0,1.69265,0,1.69025,0,1.68753,0,1.68567,0,1.68394,0,1.68603,0,1.68267,0,1.69219,0,1.69245,0,1.69137,0,1.69852,0,1.69415,0,1.70338,0,1.70487,0,1.70465,0,1.70927,0,1.70671,0,1.70982,0,1.71033,0,1.70947,0,1.71813,0,1.71686,0,1.71416,0,1.71867,0,1.71709,0,1.71815,0,1.71692,0,1.71983,0,1.72377,0,1.73192,0,1.73358,0,1.73331,0,1.73453,0,1.73376,0,1.74794,0,1.7465,0,1.74759,0,1.74609,0,1.7482,0,1.74753,0,1.74655,0
0,0,0,0,0,0,0,0,0,0,0,0,0,0,0,0,0,0,0,0,0,0,0,0,0,0,0,0,0,0,0,0,0,0,0,0,0,0,0,0,0,0,0,0,0,0,0,0,0,0,0,0,0,0,0,0,0,0,0,0,0,0,0,0,0,0,0,0,0,0,0,0,0,0,0,0,0,0,0,0,0,0,0,0,0,0,0,0,0,0,0,0,0,0,0,0,0,0,0,0,0,0,0,0,0,0,0,0,0,0,0,0,0,0,0,0,0,0,0,0,0,0,0,0,0,0,0,0,0,0,0,0,0,0,0,0,0,0,0,0,0,0,0,0,0,0,0,0,0,0,0,0,0,0,0,0,0,0,0,0,0,0,0,0,0,0,0,0,0,0,0,0,0,0,0,0,0,0,0,0,0,0,0,0,0,0,0,0,0,0,0,0,0,0,0,0,0,0,0,0,0,0,0,0,0,0,0,0,0,0,0,0,0,0,0,0,0,0,0,0,0,0,0,0,0,0,0,0,0,0,0,0,0,0,0,0,0,0,0,0,0,0,0,0,0,0,0,0,0,0,0,0,0,0,0,0,0,0,0,0,0,0,0,0,0,0,0,0,0,0,0,0,0,0,0,0,0,0,0,0,0,0,0,0,0,0,0,0,0,0,0,0,0,0,0,0,0,0,0,0,0,0,0,0,0,0,0,0,0,0,0,0,0,0,0,0,0,0,0,0,0,0,0,0,0,0,0,0,0,0,0,0,0,0,0,0,0,0,0,0,0,0,0,0,0,0,0,0,0,0,0,0,0,0,0,0,0,0,0,0,0,0,0,0,0,0,0,0,0,0,0,0,0,0,0,0,0,0,0,0,0,0,0,0,0,0,0,0,0,0,0,0,0,0,0,0,0,0,0,0,0,0,0,0,0,0,0,0,0,0,0,0,0,0,0,0,0,0,0,0,0,0,0,0,0,0,0,0,0,0,0,0,0,0,0,0,0,0,0,0,0,0,0,0,0,0,0,0,0,0,0,0,0,0,0,0,0,0,0,0,0,0,0,0,0,0,0,0,0,0,0,0,0,0,0,0,0,0,0,0,0,0,0,0,0,0,0,0,0,0,0,0,0,0,0,0,0,0,0,0,0,0,0,0,0,0,0,0,0,0,0,0,0,0,0,0,0,0,0,0,0,0,0,0,0,0,0,0,0,0,0,0,0,0,0,0,0,0,0,0,0,0,0,0,0,0,0,0,0,0,0,0,0,0,0,0,0,0,0,0,0,0,0,0,0,0,0,0,0,0,0,0,0,0,0,0,0,0,0,0,0,0,0,0,0,0,0,0,0,0,0,0,0,0,0,0,0,0,0,0
1.16879,0,1.16879,0,1.16861,0,1.16588,0,1.16653,0,1.16524,0,1.16876,0,1.17171,0,1.17258,0,1.17572,0,1.1811,0,1.18182,0,1.18203,0,1.18213,0,1.18392,0,1.18675,0,1.18922,0,1.30377,0,1.30354,0,1.3057,0,1.42935,0,1.30351,0,1.27153,0,1.22963,0,1.23162,0,1.23538,0,1.32656,0,1.3002,0,1.31206,0,0.0038937,0,1.26447,0,1.25083,0,1.25222,0,0.00363404,0,1.2756,0,1.28297,0,1.28475,0,1.41264,0,1.24544,0,1.24688,0,1.24667,0,1.24733,0,1.25166,0,1.2539,0,1.26034,0,1.26276,0,1.26378,0,1.2704,0,1.37829,0,1.93959,0,1.38777,0,1.32306,0,1.3044,0,1.3083,0,1.30643,0,1.30652,0,1.30394,0,1.3008,0,1.30257,0,1.30474,0,1.34816,0,1.31144,0,1.31647,0,1.32248,0,1.32302,0,1.32327,0,1.32376,0,1.34944,0,1.33072,0,1.33061,0,1.33674,0,1.45849,0,1.37853,0,1.38284,0,1.35571,0,1.36068,0,1.38179,0,1.38503,0,1.38184,0,1.38629,0,1.38917,0,1.3963,0,1.37802,0,1.37809,0,1.35054,0,1.35052,0,1.43602,0,1.37736,0,1.42361,0,1.42355,0,1.42339,0,1.339,0,1.34793,0,1.32698,0,1.32661,0,1.34552,0,1.37172,0,1.47764,0,1.47574,0,1.36652,0,1.40468,0,1.4764,0,1.37579,0,1.35887,0,1.37111,0,1.38887,0,1.40615,0,1.39803,0,1.39855,0,1.43535,0,1.43079,0,1.42969,0,1.41005,0,1.49075,0,1.49141,0,1.4398,0,1.43932,0,1.38965,0,1.47164,0,1.4099,0,1.40935,0,1.40193,0,1.42404,0,1.42274,0,1.5296,0,1.40261,0,1.40658,0,1.42341,0,1.41773,0,1.45714,0,1.46571,0,1.48817,0,1.49606,0,1.49261,0,1.49272,0,1.49329,0,1.51464,0,1.51162,0,1.50851,0,1.51477,0,1.51109,0,1.50309,0,1.51027,0,1.51148,0,1.51764,0,1.51578,0,1.5299,0,1.53037,0,1.5214,0,1.51982,0,1.52723,0,1.52988,0,1.52862,0,1.52599,0,1.52333,0,1.49239,0,1.45928,0,1.48456,0,1.52277,0,1.52454,0,1.4267,0,1.4263,0,1.4548,0,1.4394,0,1.44742,0,1.43577,0,1.43425,0,1.42253,0,1.40996,0,1.40959,0,1.41479,0,1.41873,0,1.40389,0,1.35721,0,1.35327,0,1.38646,0,1.34428,0,1.34991,0,1.34774,0,1.36068,0,1.36188,0,1.37193,0,1.3683,0,1.38324,0,1.39282,0,1.38367,0,1.36852,0,1.36852,0,1.39705,0,1.42459,0,1.39471,0,1.43247,0,1.43514,0,1.41201,0,1.41082,0,1.44147,0,1.42353,0,1.42536,0,1.434,0,1.43779,0,1.47541,0,1.47208,0,1.51025,0,1.51043,0,1.51089,0,1.52697,0,1.53712,0,1.54382,0,1.54451,0,1.54338,0,1.54286,0,1.54328,0,1.54313,0,1.54882,0,1.55587,0,1.56366,0,1.56547,0,1.57454,0,1.5785,0,1.57947,0,1.58043,0,1.58207,0,1.58699,0,1.59621,0,1.59424,0,1.60233,0,1.60455,0,1.6067,0,1.60946,0,1.60894,0,1.60933,0,1.61007,0,1.60799,0,1.61358,0,1.61674,0,1.6288,0,1.62825,0,1.63768,0,1.64198,0,1.64436,0,1.64527,0,1.64389,0,1.65651,0,0.00365462,0,1.65862,0,1.65711,0,1.6606,0,0.00396249,0,1.66818,0,1.66725,0,1.67239,0,1.66904,0,1.66747,0,0.0037887,0,1.6862,0,1.68399,0,1.68247,0,1.67331,0,1.67502,0,1.67259,0,1.67858,0,1.67858,0,1.68269,0,1.67974,0,1.68118,0,1.68176,0,1.68149,0,1.68934,0,1.68904,0,1.69136,0,1.69025,0,1.69038,0,1.69422,0,1.69584,0,1.69919,0,1.70407,0,1.70264,0,1.70414,0,1.70371,0,1.71323,0,1.71102,0,1.70927,0,1.70754,0,1.71264,0,1.71238,0,1.71197,0,1.72288,0,1.72275,0,1.72221,0,1.72447,0,1.72515,0,1.72689,0,1.73147,0,1.73218,0,1.74442,0,1.7437,0,1.74576,0,1.74465,0,1.74108,0,1.74067,0
0,0,0,0,0,0,0,0,0,0,0,0,0,0,0,0,0,0,0,0,0,0,0,0,0,0,0,0,0,0,0,0,0,0,0,0,0,0,0,0,0,0,0,0,0,0,0,0,0,0,0,0,0,0,0,0,0,0,0,0,0,0,0,0,0,0,0,0,0,0,0,0,0,0,0,0,0,0,0,0,0,0,0,0,0,0,0,0,0,0,0,0,0,0,0,0,0,0,0,0,0,0,0,0,0,0,0,0,0,0,0,0,0,0,0,0,0,0,0,0,0,0,0,0,0,0,0,0,0,0,0,0,0,0,0,0,0,0,0,0,0,0,0,0,0,0,0,0,0,0,0,0,0,0,0,0,0,0,0,0,0,0,0,0,0,0,0,0,0,0,0,0,0,0,0,0,0,0,0,0,0,0,0,0,0,0,0,0,0,0,0,0,0,0,0,0,0,0,0,0,0,0,0,0,0,0,0,0,0,0,0,0,0,0,0,0,0,0,0,0,0,0,0,0,0,0,0,0,0,0,0,0,0,0,0,0,0,0,0,0,0,0,0,0,0,0,0,0,0,0,0,0,0,0,0,0,0,0,0,0,0,0,0,0,0,0,0,0,0,0,0,0,0,0,0,0,0,0,0,0,0,0,0,0,0,0,0,0,0,0,0,0,0,0,0,0,0,0,0,0,0,0,0,0,0,0,0,0,0,0,0,0,0,0,0,0,0,0,0,0,0,0,0,0,0,0,0,0,0,0,0,0,0,0,0,0,0,0,0,0,0,0,0,0,0,0,0,0,0,0,0,0,0,0,0,0,0,0,0,0,0,0,0,0,0,0,0,0,0,0,0,0,0,0,0,0,0,0,0,0,0,0,0,0,0,0,0,0,0,0,0,0,0,0,0,0,0,0,0,0,0,0,0,0,0,0,0,0,0,0,0,0,0,0,0,0,0,0,0,0,0,0,0,0,0,0,0,0,0,0,0,0,0,0,0,0,0,0,0,0,0,0,0,0,0,0,0,0,0,0,0,0,0,0,0,0,0,0,0,0,0,0,0,0,0,0,0,0,0,0,0,0,0,0,0,0,0,0,0,0,0,0,0,0,0,0,0,0,0,0,0,0,0,0,0,0,0,0,0,0,0,0,0,0,0,0,0,0,0,0,0,0,0,0,0,0,0,0,0,0,0,0,0,0,0,0,0,0,0,0,0,0,0,0,0,0,0,0,0,0,0,0,0,0,0,0,0,0,0,0,0,0,0,0,0,0,0,0,0,0,0,0,0,0,0,0,0,0,0,0,0,0,0,0,0,0,0,0,0,0,0,0,0,0,0,0,0,0,0,0,0,0,0,0,0,0,0,0,0,0
1.16351,0,1.16706,0,1.16903,0,1.16739,0,1.16638,0,1.16657,0,1.16691,0,1.17008,0,1.17046,0,1.17233,0,1.17524,0,1.18153,0,1.18199,0,1.18367,0,1.18358,0,1.18728,0,1.1904,0,1.19267,0,1.19445,0,1.19713,0,1.19941,0,1.30619,0,1.30846,0,1.22609,0,1.23462,0,1.23482,0,1.24175,0,1.24658,0,1.24577,0,1.24113,0,1.23371,0,1.23376,0,1.22353,0,1.22123,0,1.22352,0,1.22406,0,1.22176,0,1.22686,0,1.229,0,1.2307,0,1.23734,0,1.24157,0,1.24358,0,1.24894,0,1.25288,0,1.25716,0,1.25834,0,1.26318,0,1.27457,0,1.27633,0,1.28127,0,1.38155,0,1.28655,0,1.29626,0,1.29712,0,1.2981,0,1.29678,0,1.29881,0,1.29336,0,1.29294,0,1.3305,0,1.33018,0,1.33545,0,1.40905,0,1.31154,0,1.31351,0,1.31443,0,1.31991,0,1.31729,0,1.32291,0,1.3263,0,1.33246,0,1.38746,0,1.3433,0,1.34917,0,1.35216,0,1.49063,0,1.38346,0,1.38236,0,1.38316,0,1.38451,0,1.38798,0,1.37104,0,1.35045,0,1.34699,0,1.36729,0,1.34006,0,1.33131,0,1.33061,0,1.33839,0,1.34779,0,1.35191,0,1.35443,0,1.3528,0,1.33594,0,1.36614,0,1.36831,0,1.3681,0,1.3782,0,1.35428,0,1.38381,0,1.35754,0,1.35719,0,1.35585,0,1.40342,0,1.40182,0,1.35579,0,1.36519,0,1.36849,0,1.37863,0,1.41922,0,1.41742,0,1.39537,0,1.39543,0,1.38903,0,1.39391,0,1.42891,0,1.40932,0,1.41602,0,1.4139,0,1.41388,0,1.42251,0,1.43033,0,1.42485,0,1.42487,0,1.43754,0,1.44421,0,1.44475,0,1.44703,0,1.48679,0,1.48906,0,1.48253,0,1.4921,0,1.49462,0,1.51974,0,1.51626,0,1.51071,0,1.50701,0,1.54389,0,1.52816,0,1.52788,0,1.51997,0,1.5117,0,1.51174,0,1.50793,0,1.51999,0,1.51662,0,1.51557,0,1.5202,0,1.5237,0,1.52247,0,1.52611,0,1.51296,0,1.51993,0,1.48884,0,1.48769,0,1.47649,0,1.4966,0,1.49611,0,1.47224,0,1.47218,0,1.49171,0,1.46818,0,1.48305,0,1.48255,0,1.42114,0,1.42018,0,1.42089,0,1.41962,0,1.42299,0,1.42623,0,1.40774,0,1.40748,0,1.40889,0,1.38148,0,1.3661,0,1.39842,0,1.40538,0,1.36261,0,1.388,0,1.36816,0,1.36764,0,1.37555,0,1.37462,0,1.38432,0,1.37215,0,1.37359,0,1.42332,0,1.40179,0,1.39921,0,1.39974,0,1.39065,0,1.39162,0,1.40235,0,1.40873,0,1.42416,0,1.42382,0,1.46535,0,1.45199,0,1.45107,0,1.45137,0,1.45086,0,1.45045,0,1.49886,0,1.49326,0,1.49337,0,1.49443,0,1.5566,0,1.54986,0,1.56027,0,1.55928,0,1.55524,0,1.55125,0,1.55238,0,1.56882,0,1.56575,0,1.56797,0,1.56587,0,1.57584,0,1.57744,0,1.57988,0,1.5784,0,1.57968,0,1.59803,0,1.59528,0,1.59979,0,1.59647,0,1.59168,0,1.59172,0,1.59244,0,1.59894,0,1.59728,0,1.60631,0,1.60638,0,1.61009,0,1.60959,0,0.00359877,0,1.70509,0,1.63312,0,1.69407,0,1.6937,0,1.63321,0,1.6401,0,1.63798,0,1.65186,0,1.64606,0,1.6462,0,1.64831,0,1.64808,0,1.65512,0,1.65299,0,1.65651,0,1.65564,0,1.65288,0,1.65876,0,1.66032,0,1.66528,0,1.66969,0,1.66887,0,1.67226,0,1.66968,0,1.67017,0,1.67225,0,1.68004,0,1.67821,0,1.68297,0,1.68121,0,1.67978,0,1.67924,0,1.68359,0,1.68387,0,1.69227,0,1.69043,0,1.69488,0,1.6954,0,1.69653,0,1.69325,0,1.70587,0,1.70477,0,1.70558,0,1.70464,0,1.70656,0,1.70614,0,1.70473,0,1.70844,0,1.71316,0,1.71742,0,1.71587,0,1.7208,0,1.72122,0,1.72561,0,1.72668,0,1.72722,0,1.72757,0,1.73411,0,1.73203,0,1.73389,0,1.73599,0,1.7372,0,1.73647,0
0,0,0,0,0,0,0,0,0,0,0,0,0,0,0,0,0,0,0,0,0,0,0,0,0,0,0,0,0,0,0,0,0,0,0,0,0,0,0,0,0,0,0,0,0,0,0,0,0,0,0,0,0,0,0,0,0,0,0,0,0,0,0,0,0,0,0,0,0,0,0,0,0,0,0,0,0,0,0,0,0,0,0,0,0,0,0,0,0,0,0,0,0,0,0,0,0,0,0,0,0,0,0,0,0,0,0,0,0,0,0,0,0,0,0,0,0,0,0,0,0,0,0,0,0,0,0,0,0,0,0,0,0,0,0,0,0,0,0,0,0,0,0,0,0,0,0,0,0,0,0,0,0,0,0,0,0,0,0,0,0,0,0,0,0,0,0,0,0,0,0,0,0,0,0,0,0,0,0,0,0,0,0,0,0,0,0,0,0,0,0,0,0,0,0,0,0,0,0,0,0,0,0,0,0,0,0,0,0,0,0,0,0,0,0,0,0,0,0,0,0,0,0,0,0,0,0,0,0,0,0,0,0,0,0,0,0,0,0,0,0,0,0,0,0,0,0,0,0,0,0,0,0,0,0,0,0,0,0,0,0,0,0,0,0,0,0,0,0,0,0,0,0,0,0,0,0,0,0,0,0,0,0,0,0,0,0,0,0,0,0,0,0,0,0,0,0,0,0,0,0,0,0,0,0,0,0,0,0,0,0,0,0,0,0,0,0,0,0,0,0,0,0,0,0,0,0,0,0,0,0,0,0,0,0,0,0,0,0,0,0,0,0,0,0,0,0,0,0,0,0,0,0,0,0,0,0,0,0,0,0,0,0,0,0,0,0,0,0,0,0,0,0,0,0,0,0,0,0,0,0,0,0,0,0,0,0,0,0,0,0,0,0,0,0,0,0,0,0,0,0,0,0,0,0,0,0,0,0,0,0,0,0,0,0,0,0,0,0,0,0,0,0,0,0,0,0,0,0,0,0,0,0,0,0,0,0,0,0,0,0,0,0,0,0,0,0,0,0,0,0,0,0,0,0,0,0,0,0,0,0,0,0,0,0,0,0,0,0,0,0,0,0,0,0,0,0,0,0,0,0,0,0,0,0,0,0,0,0,0,0,0,0,0,0,0,0,0,0,0,0,0,0,0,0,0,0,0,0,0,0,0,0,0,0,0,0,0,0,0,0,0,0,0,0,0,0,0,0,0,0,0,0,0,0,0,0,0,0,0,0,0,0,0,0,0,0,0,0,0,0,0,0,0,0,0,0,0,0,0,0,0,0,0,0,0,0,0,0,0,0,0,0,0,0,0,0,0,0,0,0,0,0,0,0,0,0,0,0,0,0,0,0,0,0,0,0,0,0,0
1.1602,0,1.16036,0,1.15979,0,1.16076,0,1.16306,0,1.16329,0,1.34326,0,1.165,0,1.16683,0,1.16753,0,1.16968,0,1.17063,0,1.1727,0,1.17417,0,1.17418,0,1.21819,0,1.2186,0,1.19349,0,1.19748,0,1.19825,0,1.20281,0,1.20531,0,1.36463,0,1.28709,0,1.3114,0,1.3164,0,1.23996,0,1.24341,0,1.27868,0,1.28896,0,1.22576,0,1.21606,0,1.20905,0,1.21187,0,1.2149,0,1.21552,0,1.2156,0,1.21647,0,1.22544,0,1.23015,0,1.23307,0,1.23438,0,1.24062,0,1.24177,0,1.24948,0,1.26263,0,1.27072,0,1.26726,0,1.26756,0,1.27299,0,1.27475,0,1.28137,0,1.28167,0,1.28775,0,1.28865,0,1.296,0,1.29767,0,1.29125,0,1.28947,0,1.28729,0,1.29104,0,1.31438,0,1.29323,0,1.30609,0,1.29851,0,1.30402,0,1.30501,0,1.30793,0,1.31405,0,1.80275,0,1.32704,0,1.34336,0,1.34573,0,1.35074,0,1.35177,0,1.35408,0,1.36135,0,1.36293,0,1.36423,0,1.37078,0,1.37104,0,1.3679,0,1.36647,0,1.35652,0,1.37633,0,1.34472,0,1.34373,0,1.32399,0,1.34439,0,1.32441,0,1.32278,0,1.36156,0,1.33537,0,1.32978,0,1.31497,0,1.32373,0,1.34049,0,1.33897,0,1.35172,0,1.35187,0,1.3472,0,1.40071,0,1.383,0,1.37779,0,1.34739,0,1.34971,0,1.3681,0,1.37864,0,1.38688,0,1.37587,0,1.39146,0,1.3696,0,1.38853,0,1.41966,0,1.42946,0,1.50126,0,1.49958,0,1.41939,0,1.40922,0,1.40869,0,1.40864,0,1.44383,0,1.44412,0,1.42519,0,1.42627,0,1.4813,0,1.45004,0,1.44307,0,1.49008,0,1.49575,0,1.46468,0,1.49829,0,1.60937,0,1.536,0,1.53456,0,1.52324,0,1.5362,0,1.51977,0,1.51676,0,1.54318,0,1.57243,0,1.51087,0,1.51026,0,1.50723,0,1.51882,0,1.51297,0,1.51167,0,1.52607,0,1.54375,0,1.54328,0,1.53329,0,1.52644,0,1.52339,0,1.54658,0,1.52345,0,1.51811,0,1.51629,0,1.55454,0,1.55321,0,1.47337,0,1.47217,0,1.48101,0,1.48467,0,1.47558,0,1.47587,0,1.47763,0,1.48953,0,1.46823,0,1.46303,0,1.41329,0,1.41292,0,1.46728,0,1.42457,0,1.4254,0,1.42286,0,1.4393,0,1.43632,0,1.39896,0,1.38997,0,1.3866,0,1.38798,0,1.38772,0,1.40711,0,1.417,0,1.45077,0,1.4005,0,1.41339,0,1.41167,0,1.43361,0,1.39878,0,1.50288,0,1.44827,0,1.39151,0,1.42155,0,1.41896,0,1.42339,0,1.42722,0,1.45189,0,1.44809,0,1.45043,0,1.46579,0,1.47211,0,1.47087,0,1.44408,0,1.4494,0,1.46503,0,1.49303,0,1.48632,0,1.4727,0,1.474,0,1.54813,0,1.5532,0,1.51973,0,1.51881,0,1.53063,0,1.51691,0,1.50988,0,1.57662,0,1.58559,0,1.58896,0,1.58834,0,1.58516,0,1.58067,0,0.00364624,0,1.59506,0,1.59632,0,1.59592,0,1.59381,0,1.5917,0,1.59884,0,1.5961,0,1.59375,0,1.59901,0,1.5992,0,1.60184,0,1.60065,0,1.60439,0,1.60311,0,1.61367,0,1.61521,0,1.61932,0,1.61749,0,1.61729,0,1.85421,0,1.63512,0,1.63219,0,1.63701,0,1.64104,0,1.64312,0,1.65026,0,1.64078,0,1.65392,0,1.65279,0,1.65265,0,1.65964,0,1.65858,0,1.66172,0,1.66051,0,1.65848,0,1.66177,0,1.66904,0,1.66901,0,1.66861,0,1.66949,0,1.66907,0,1.67206,0,1.6754,0,1.67732,0,1.67816,0,1.67942,0,1.67835,0,1.6836,0,1.68299,0,1.69485,0,1.69064,0,1.69325,0,1.70202,0,1.69905,0,1.70368,0,1.70277,0,1.70577,0,1.7052,0,1.70615,0,1.70422,0,1.71028,0,1.71669,0,1.71467,0,1.71903,0,1.71753,0,1.71469,0,1.71411,0,1.71602,0,1.72628,0,1.72397,0,1.72645,0,1.72311,0,1.73041,0,1.72982,0,1.7236,0,1.72901,0
0,0,0,0,0,0,0,0,0,0,0,0,0,0,0,0,0,0,0,0,0,0,0,0,0,0,0,0,0,0,0,0,0,0,0,0,0,0,0,0,0,0,0,0,0,0,0,0,0,0,0,0,0,0,0,0,0,0,0,0,0,0,0,0,0,0,0,0,0,0,0,0,0,0,0,0,0,0,0,0,0,0,0,0,0,0,0,0,0,0,0,0,0,0,0,0,0,0,0,0,0,0,0,0,0,0,0,0,0,0,0,0,0,0,0,0,0,0,0,0,0,0,0,0,0,0,0,0,0,0,0,0,0,0,0,0,0,0,0,0,0,0,0,0,0,0,0,0,0,0,0,0,0,0,0,0,0,0,0,0,0,0,0,0,0,0,0,0,0,0,0,0,0,0,0,0,0,0,0,0,0,0,0,0,0,0,0,0,0,0,0,0,0,0,0,0,0,0,0,0,0,0,0,0,0,0,0,0,0,0,0,0,0,0,0,0,0,0,0,0,0,0,0,0,0,0,0,0,0,0,0,0,0,0,0,0,0,0,0,0,0,0,0,0,0,0,0,0,0,0,0,0,0,0,0,0,0,0,0,0,0,0,0,0,0,0,0,0,0,0,0,0,0,0,0,0,0,0,0,0,0,0,0,0,0,0,0,0,0,0,0,0,0,0,0,0,0,0,0,0,0,0,0,0,0,0,0,0,0,0,0,0,0,0,0,0,0,0,0,0,0,0,0,0,0,0,0,0,0,0,0,0,0,0,0,0,0,0,0,0,0,0,0,0,0,0,0,0,0,0,0,0,0,0,0,0,0,0,0,0,0,0,0,0,0,0,0,0,0,0,0,0,0,0,0,0,0,0,0,0,0,0,0,0,0,0,0,0,0,0,0,0,0,0,0,0,0,0,0,0,0,0,0,0,0,0,0,0,0,0,0,0,0,0,0,0,0,0,0,0,0,0,0,0,0,0,0,0,0,0,0,0,0,0,0,0,0,0,0,0,0,0,0,0,0,0,0,0,0,0,0,0,0,0,0,0,0,0,0,0,0,0,0,0,0,0,0,0,0,0,0,0,0,0,0,0,0,0,0,0,0,0,0,0,0,0,0,0,0,0,0,0,0,0,0,0,0,0,0,0,0,0,0,0,0,0,0,0,0,0,0,0,0,0,0,0,0,0,0,0,0,0,0,0,0,0,0,0,0,0,0,0,0,0,0,0,0,0,0,0,0,0,0,0,0,0,0,0,0,0,0,0,0,0,0,0,0,0,0,0,0,0,0,0,0,0,0,0,0,0,0,0,0,0,0,0,0,0,0,0,0,0,0,0,0,0,0,0,0,0,0,0,0,0,0,0,0,0,0,0
1.15174,0,1.15425,0,1.15445,0,1.15778,0,1.16412,0,1.16341,0,1.16222,0,1.16029,0,1.16283,0,1.16399,0,1.15749,0,1.15864,0,1.16421,0,1.16548,0,1.16908,0,1.17258,0,1.17586,0,1.17552,0,1.17447,0,1.30031,0,1.36981,0,1.35779,0,1.38504,0,1.25466,0,1.24515,0,1.26067,0,1.22594,0,1.22649,0,1.31408,0,1.21219,0,1.20604,0,1.20605,0,1.20631,0,1.20726,0,1.21171,0,1.2169,0,1.2175,0,1.21748,0,1.22755,0,1.23513,0,1.24038,0,1.2405,0,1.24354,0,1.24728,0,1.25122,0,1.25734,0,1.25645,0,1.27269,0,1.26883,0,1.33428,0,1.28137,0,1.27555,0,1.27396,0,1.275,0,1.27846,0,1.27958,0,1.31343,0,1.32279,0,1.30886,0,1.27334,0,1.27459,0,1.27831,0,1.28519,0,1.29127,0,1.29423,0,1.29665,0,1.42373,0,1.31712,0,1.32658,0,1.32904,0,1.33297,0,1.34312,0,1.34159,0,1.34883,0,1.34915,0,1.36127,0,1.3613,0,1.36132,0,1.36618,0,1.36713,0,1.36687,0,1.36085,0,1.35669,0,1.35744,0,1.39874,0,1.30679,0,1.313,0,1.29894,0,1.3206,0,1.31874,0,1.33083,0,1.31539,0,1.32285,0,1.30214,0,1.37498,0,1.34636,0,1.31044,0,1.32191,0,1.35102,0,1.33155,0,1.33228,0,1.38983,0,1.33671,0,1.32746,0,1.33645,0,1.33428,0,1.34278,0,1.34026,0,1.42033,0,1.36376,0,1.36406,0,1.36388,0,1.499,0,1.40363,0,1.42417,0,1.42298,0,1.39869,0,1.40599,0,1.40766,0,1.40577,0,1.40849,0,1.45702,0,1.44409,0,1.45101,0,1.43715,0,1.43954,0,1.43546,0,1.46855,0,1.45438,0,1.45391,0,1.49736,0,1.49826,0,1.52154,0,1.52086,0,1.58779,0,1.62924,0,1.52782,0,1.52721,0,1.56745,0,1.56419,0,1.54185,0,1.54896,0,1.54736,0,1.53171,0,1.56156,0,1.55858,0,1.75499,0,1.56207,0,1.57975,0,1.56873,0,1.56134,0,1.56743,0,1.55027,0,1.53778,0,1.64786,0,1.6465,0,1.51914,0,1.52246,0,1.50945,0,1.51585,0,1.50969,0,1.49115,0,1.49252,0,1.50117,0,1.51801,0,1.50204,0,1.47303,0,1.47894,0,1.51787,0,1.51725,0,1.53976,0,1.4823,0,1.44999,0,1.44481,0,1.49798,0,1.43317,0,1.43575,0,1.43614,0,1.43297,0,1.42427,0,1.42725,0,1.39952,0,1.39856,0,1.4265,0,1.41273,0,1.41587,0,1.4538,0,1.45072,0,1.43963,0,1.44681,0,1.44468,0,1.44283,0,1.41539,0,1.44008,0,1.44273,0,1.44085,0,1.46133,0,1.46019,0,1.45816,0,1.47114,0,1.42832,0,1.42806,0,1.42744,0,1.41904,0,1.41701,0,1.42801,0,1.42798,0,1.48617,0,1.45319,0,1.44891,0,1.45786,0,1.47217,0,1.45048,0,1.50513,0,1.50525,0,1.53111,0,1.52295,0,1.53407,0,1.54434,0,1.54091,0,1.54491,0,1.54559,0,1.54691,0,0.00352825,0,1.59716,0,1.59539,0,1.59625,0,1.59567,0,1.59576,0,1.59505,0,1.59475,0,1.59971,0,1.59679,0,1.59976,0,1.59921,0,1.59722,0,1.59988,0,1.59964,0,1.60314,0,1.60421,0,1.60389,0,1.61182,0,1.61135,0,1.71787,0,1.61794,0,1.62334,0,1.62338,0,1.62303,0,0.00384538,0,1.63407,0,1.63686,0,1.63895,0,1.6386,0,1.64617,0,1.64433,0,1.64391,0,1.64862,0,1.65267,0,1.65537,0,1.65776,0,1.6631,0,1.66742,0,1.66665,0,1.66658,0,1.668,0,1.66626,0,1.67232,0,1.67481,0,1.67144,0,1.67321,0,1.67258,0,1.68122,0,1.68131,0,1.69878,0,1.69583,0,1.69609,0,1.69974,0,1.69727,0,1.70269,0,1.70529,0,1.70225,0,1.70039,0,1.7105,0,1.70899,0,1.7095,0,1.70938,0,1.71262,0,1.70654,0,1.71748,0,1.71731,0,1.71847,0,1.71886,0,1.71989,0,1.71935,0,1.72132,0,1.72342,0,1.72524,0,1.72604,0,1.72299,0,1.72758,0
0,0,0,0,0,0,0,0,0,0,0,0,0,0,0,0,0,0,0,0,0,0,0,0,0,0,0,0,0,0,0,0,0,0,0,0,0,0,0,0,0,0,0,0,0,0,0,0,0,0,0,0,0,0,0,0,0,0,0,0,0,0,0,0,0,0,0,0,0,0,0,0,0,0,0,0,0,0,0,0,0,0,0,0,0,0,0,0,0,0,0,0,0,0,0,0,0,0,0,0,0,0,0,0,0,0,0,0,0,0,0,0,0,0,0,0,0,0,0,0,0,0,0,0,0,0,0,0,0,0,0,0,0,0,0,0,0,0,0,0,0,0,0,0,0,0,0,0,0,0,0,0,0,0,0,0,0,0,0,0,0,0,0,0,0,0,0,0,0,0,0,0,0,0,0,0,0,0,0,0,0,0,0,0,0,0,0,0,0,0,0,0,0,0,0,0,0,0,0,0,0,0,0,0,0,0,0,0,0,0,0,0,0,0,0,0,0,0,0,0,0,0,0,0,0,0,0,0,0,0,0,0,0,0,0,0,0,0,0,0,0,0,0,0,0,0,0,0,0,0,0,0,0,0,0,0,0,0,0,0,0,0,0,0,0,0,0,0,0,0,0,0,0,0,0,0,0,0,0,0,0,0,0,0,0,0,0,0,0,0,0,0,0,0,0,0,0,0,0,0,0,0,0,0,0,0,0,0,0,0,0,0,0,0,0,0,0,0,0,0,0,0,0,0,0,0,0,0,0,0,0,0,0,0,0,0,0,0,0,0,0,0,0,0,0,0,0,0,0,0,0,0,0,0,0,0,0,0,0,0,0,0,0,0,0,0,0,0,0,0,0,0,0,0,0,0,0,0,0,0,0,0,0,0,0,0,0,0,0,0,0,0,0,0,0,0,0,0,0,0,0,0,0,0,0,0,0,0,0,0,0,0,0,0,0,0,0,0,0,0,0,0,0,0,0,0,0,0,0,0,0,0,0,0,0,0,0,0,0,0,0,0,0,0,0,0,0,0,0,0,0,0,0,0,0,0,0,0,0,0,0,0,0,0,0,0,0,0,0,0,0,0,0,0,0,0,0,0,0,0,0,0,0,0,0,0,0,0,0,0,0,0,0,0,0,0,0,0,0,0,0,0,0,0,0,0,0,0,0,0,0,0,0,0,0,0,0,0,0,0,0,0,0,0,0,0,0,0,0,0,0,0,0,0,0,0,0,0,0,0,0,0,0,0,0,0,0,0,0,0,0,0,0,0,0,0,0,0,0,0,0,0,0,0,0,0,0,0,0,0,0,0,0,0,0,0,0,0,0,0,0,0,0,0,0,0,0,0,0,0,0,0,0,0,0,0,0,0,0,0
1.21747,0,1.14011,0,1.20574,0,1.14967,0,1.16784,0,1.14737,0,1.148,0,1.15159,0,1.14335,0,1.14422,0,1.15181,0,1.15408,0,1.1589,0,1.16185,0,1.165,0,1.16663,0,1.16406,0,1.16677,0,1.16666,0,1.16636,0,1.3943,0,1.16947,0,1.27449,0,1.44307,0,1.20509,0,1.20854,0,1.25767,0,1.20439,0,1.2019,0,1.19863,0,1.19988,0,1.20341,0,1.20478,0,1.20602,0,1.21078,0,1.21421,0,1.21707,0,1.21949,0,1.22571,0,1.2291,0,1.23423,0,1.2367,0,1.23667,0,1.24157,0,1.23963,0,1.2394,0,1.24388,0,1.26054,0,1.24951,0,1.26833,0,1.25961,0,1.26137,0,1.2629,0,1.29324,0,1.29537,0,1.26382,0,1.26355,0,1.26187,0,1.26379,0,1.269,0,1.27057,0,1.27524,0,1.27815,0,1.28468,0,1.34713,0,1.31869,0,1.32271,0,1.32616,0,1.32758,0,1.32724,0,1.32551,0,1.41719,0,1.33517,0,1.34262,0,1.37102,0,1.44555,0,1.38509,0,1.50809,0,1.37044,0,1.37,0,1.36302,0,1.39769,0,1.32957,0,1.31278,0,1.29089,0,1.28949,0,1.30213,0,1.274,0,1.29834,0,1.32946,0,1.3349,0,1.3033,0,1.29503,0,1.29096,0,1.28862,0,1.30055,0,1.3348,0,1.33982,0,1.34042,0,1.33112,0,1.34305,0,1.32306,0,1.30709,0,1.31563,0,1.31779,0,1.32539,0,1.35069,0,1.34736,0,1.43056,0,1.36197,0,1.36151,0,1.40111,0,1.3825,0,1.38022,0,1.38079,0,1.39805,0,1.39337,0,1.43829,0,1.4375,0,1.45676,0,1.45855,0,1.43476,0,1.4488,0,1.43533,0,1.44091,0,1.45892,0,1.45643,0,1.47861,0,1.48385,0,1.48233,0,1.47472,0,1.47858,0,1.59921,0,1.56562,0,1.56405,0,1.62772,0,1.62373,0,1.57951,0,1.55216,0,1.55292,0,1.56166,0,1.56249,0,1.56227,0,1.55513,0,1.55815,0,1.56104,0,1.6318,0,1.62009,0,1.58544,0,1.61021,0,1.60909,0,1.60943,0,1.60569,0,1.61214,0,1.57853,0,1.55415,0,1.63664,0,1.54492,0,1.53777,0,1.53041,0,1.52963,0,1.53829,0,1.53087,0,1.53086,0,1.54621,0,1.51033,0,1.50493,0,1.48615,0,1.47969,0,1.47666,0,1.46154,0,1.45774,0,1.45514,0,1.49562,0,1.47638,0,1.45668,0,1.44758,0,1.4552,0,1.46766,0,1.44051,0,1.44081,0,1.44216,0,1.43369,0,1.43646,0,1.41566,0,1.43762,0,1.42176,0,1.42066,0,1.41966,0,1.42952,0,1.43314,0,1.44595,0,1.44967,0,1.4305,0,1.43112,0,1.46457,0,1.45869,0,1.44909,0,1.45399,0,1.42423,0,1.45423,0,1.43919,0,1.43931,0,1.43034,0,1.39731,0,1.39757,0,1.39091,0,1.39273,0,1.48483,0,1.43444,0,1.49114,0,1.47742,0,1.59258,0,1.59185,0,1.51807,0,1.51901,0,1.52584,0,1.52085,0,1.53314,0,1.55396,0,1.54183,0,1.5494,0,1.55095,0,1.58555,0,1.58485,0,1.5864,0,1.59181,0,1.58652,0,1.59325,0,1.58917,0,1.59067,0,1.59131,0,1.59177,0,1.59232,0,1.593,0,1.59325,0,1.60043,0,1.60118,0,1.59942,0,1.60326,0,1.60168,0,1.60226,0,1.60657,0,1.61361,0,1.61293,0,1.61589,0,1.61638,0,1.61719,0,1.62025,0,1.63066,0,1.63227,0,1.63872,0,1.63763,0,1.63749,0,1.63868,0,1.64166,0,1.64095,0,1.63935,0,1.64001,0,1.64963,0,1.65096,0,1.65763,0,1.65945,0,1.66776,0,1.65673,0,1.66018,0,1.66548,0,1.6643,0,1.66832,0,1.67213,0,1.67161,0,1.6709,0,1.67213,0,1.72068,0,1.71372,0,1.6867,0,1.69042,0,1.68701,0,1.69786,0,1.70457,0,1.70257,0,1.70155,0,1.70311,0,1.69972,0,1.70363,0,1.70105,0,1.70562,0,1.7053,0,1.70232,0,1.71219,0,1.71378,0,1.71096,0,1.71956,0,1.71791,0,1.71955,0,1.71139,0,1.71676,0,1.71432,0,1.71085,0,0.00343529,0
0,0,0,0,0,0,0,0,0,0,0,0,0,0,0,0,0,0,0,0,0,0,0,0,0,0,0,0,0,0,0,0,0,0,0,0,0,0,0,0,0,0,0,0,0,0,0,0,0,0,0,0,0,0,0,0,0,0,0,0,0,0,0,0,0,0,0,0,0,0,0,0,0,0,0,0,0,0,0,0,0,0,0,0,0,0,0,0,0,0,0,0,0,0,0,0,0,0,0,0,0,0,0,0,0,0,0,0,0,0,0,0,0,0,0,0,0,0,0,0,0,0,0,0,0,0,0,0,0,0,0,0,0,0,0,0,0,0,0,0,0,0,0,0,0,0,0,0,0,0,0,0,0,0,0,0,0,0,0,0,0,0,0,0,0,0,0,0,0,0,0,0,0,0,0,0,0,0,0,0,0,0,0,0,0,0,0,0,0,0,0,0,0,0,0,0,0,0,0,0,0,0,0,0,0,0,0,0,0,0,0,0,0,0,0,0,0,0,0,0,0,0,0,0,0,0,0,0,0,0,0,0,0,0,0,0,0,0,0,0,0,0,0,0,0,0,0,0,0,0,0,0,0,0,0,0,0,0,0,0,0,0,0,0,0,0,0,0,0,0,0,0,0,0,0,0,0,0,0,0,0,0,0,0,0,0,0,0,0,0,0,0,0,0,0,0,0,0,0,0,0,0,0,0,0,0,0,0,0,0,0,0,0,0,0,0,0,0,0,0,0,0,0,0,0,0,0,0,0,0,0,0,0,0,0,0,0,0,0,0,0,0,0,0,0,0,0,0,0,0,0,0,0,0,0,0,0,0,0,0,0,0,0,0,0,0,0,0,0,0,0,0,0,0,0,0,0,0,0,0,0,0,0,0,0,0,0,0,0,0,0,0,0,0,0,0,0,0,0,0,0,0,0,0,0,0,0,0,0,0,0,0,0,0,0,0,0,0,0,0,0,0,0,0,0,0,0,0,0,0,0,0,0,0,0,0,0,0,0,0,0,0,0,0,0,0,0,0,0,0,0,0,0,0,0,0,0,0,0,0,0,0,0,0,0,0,0,0,0,0,0,0,0,0,0,0,0,0,0,0,0,0,0,0,0,0,0,0,0,0,0,0,0,0,0,0,0,0,0,0,0,0,0,0,0,0,0,0,0,0,0,0,0,0,0,0,0,0,0,0,0,0,0,0,0,0,0,0,0,0,0,0,0,0,0,0,0,0,0,0,0,0,0,0,0,0,0,0,0,0,0,0,0,0,0,0,0,0,0,0,0,0,0,0,0,0,0,0,0,0,0,0,0,0,0,0,0,0,0,0,0,0,0,0,0,0,0,0,0,0,0,0,0,0,0,0,0,0,0,0
1.12492,0,1.13474,0,1.13692,0,1.13579,0,1.13886,0,1.14318,0,1.14255,0,1.13645,0,1.13706,0,1.1361,0,1.23977,0,1.1532,0,1.15192,0,1.27623,0,1.15787,0,1.15912,0,1.15962,0,1.16207,0,1.15978,0,1.15961,0,1.16006,0,1.1737,0,1.17544,0,1.18424,0,1.25024,0,1.24909,0,1.19302,0,1.19387,0,1.27347,0,1.19802,0,1.19678,0,1.19799,0,1.19905,0,1.20059,0,1.20094,0,1.2065,0,1.20661,0,1.21006,0,1.21552,0,1.23138,0,1.22078,0,1.22666,0,1.23064,0,1.23201,0,1.23268,0,1.23008,0,1.23123,0,1.23227,0,1.24738,0,1.24639,0,1.27396,0,1.23439,0,1.31258,0,1.3117,0,1.31831,0,1.25184,0,1.25598,0,1.26055,0,1.26313,0,1.26786,0,1.29719,0,1.27804,0,1.28837,0,1.29477,0,1.29619,0,1.3821,0,1.38178,0,1.34209,0,1.33958,0,1.33898,0,1.339,0,1.34523,0,1.33836,0,1.33953,0,1.3481,0,1.44989,0,1.45305,0,1.3439,0,1.34394,0,1.27083,0,1.3184,0,1.26925,0,1.26124,0,1.25698,0,1.26961,0,1.27826,0,1.26915,0,1.27011,0,1.2799,0,1.28796,0,1.31297,0,1.30416,0,1.30924,0,1.34036,0,1.33018,0,1.35076,0,1.32472,0,1.32591,0,1.31867,0,1.31354,0,1.28943,0,1.29558,0,1.30597,0,1.33612,0,1.33576,0,1.37426,0,1.37789,0,1.37765,0,1.35,0,1.34793,0,1.38924,0,1.38291,0,1.3776,0,1.38856,0,1.41931,0,1.44999,0,1.40312,0,1.41192,0,1.41112,0,1.41196,0,1.45404,0,1.45702,0,1.4688,0,1.44489,0,1.44844,0,1.45245,0,1.45834,0,1.47656,0,1.50217,0,1.49806,0,1.48539,0,1.48214,0,1.49976,0,1.59344,0,1.57756,0,1.57028,0,1.55575,0,1.58407,0,1.59907,0,1.5999,0,1.57485,0,1.59503,0,1.64728,0,1.65984,0,1.63814,0,1.63722,0,1.66239,0,1.60477,0,1.60325,0,1.5957,0,1.60227,0,1.58647,0,1.59277,0,1.65183,0,1.66529,0,1.56569,0,1.56332,0,1.5686,0,1.56796,0,1.52618,0,1.52113,0,1.52351,0,1.5747,0,1.57194,0,1.54619,0,1.53635,0,1.52756,0,1.53861,0,1.51508,0,1.48642,0,1.47321,0,1.54027,0,1.49468,0,1.47182,0,1.46922,0,1.46395,0,1.46773,0,1.46169,0,1.44982,0,1.45225,0,1.45476,0,1.45653,0,1.46547,0,1.44748,0,1.42542,0,1.42338,0,1.42663,0,1.4277,0,1.44651,0,1.43164,0,1.44639,0,1.42593,0,1.45856,0,1.44924,0,1.44784,0,1.42981,0,1.4263,0,1.44984,0,1.41603,0,1.44345,0,1.43849,0,1.43843,0,1.46116,0,1.39506,0,1.39877,0,1.40491,0,1.40546,0,1.41155,0,1.40641,0,1.44429,0,1.46581,0,1.44308,0,1.4407,0,1.58816,0,1.49634,0,1.53617,0,1.53563,0,1.4838,0,1.5084,0,1.48382,0,1.50277,0,1.50173,0,1.49758,0,1.58795,0,1.58385,0,1.57252,0,0.00352217,0,1.58304,0,1.58583,0,1.58863,0,1.58653,0,1.58916,0,1.58925,0,1.5924,0,1.58898,0,1.58959,0,1.5891,0,1.59317,0,1.59827,0,1.59691,0,1.59591,0,1.6005,0,1.60191,0,1.59971,0,1.60311,0,1.60852,0,1.60749,0,1.61564,0,1.61641,0,1.62882,0,1.63219,0,1.63057,0,1.63082,0,1.6336,0,1.63117,0,1.63682,0,1.63492,0,1.63412,0,1.63527,0,1.64145,0,1.65038,0,1.65132,0,1.65443,0,1.65568,0,1.65886,0,1.65856,0,1.66111,0,1.65832,0,1.65837,0,1.66336,0,1.6648,0,1.66156,0,1.6684,0,1.66891,0,1.67602,0,1.68364,0,1.67948,0,1.67697,0,0.00367719,0,1.68132,0,1.68463,0,1.68638,0,1.69031,0,1.68867,0,1.69831,0,1.69549,0,1.70474,0,1.70654,0,1.70432,0,1.70346,0,1.70142,0,1.7065,0,1.70534,0,1.70818,0,1.70337,0,1.68738,0,1.68822,0,1.69119,0,1.69402,0,1.69327,0
0,0,0,0,0,0,0,0,0,0,0,0,0,0,0,0,0,0,0,0,0,0,0,0,0,0,0,0,0,0,0,0,0,0,0,0,0,0,0,0,0,0,0,0,0,0,0,0,0,0,0,0,0,0,0,0,0,0,0,0,0,0,0,0,0,0,0,0,0,0,0,0,0,0,0,0,0,0,0,0,0,0,0,0,0,0,0,0,0,0,0,0,0,0,0,0,0,0,0,0,0,0,0,0,0,0,0,0,0,0,0,0,0,0,0,0,0,0,0,0,0,0,0,0,0,0,0,0,0,0,0,0,0,0,0,0,0,0,0,0,0,0,0,0,0,0,0,0,0,0,0,0,0,0,0,0,0,0,0,0,0,0,0,0,0,0,0,0,0,0,0,0,0,0,0,0,0,0,0,0,0,0,0,0,0,0,0,0,0,0,0,0,0,0,0,0,0,0,0,0,0,0,0,0,0,0,0,0,0,0,0,0,0,0,0,0,0,0,0,0,0,0,0,0,0,0,0,0,0,0,0,0,0,0,0,0,0,0,0,0,0,0,0,0,0,0,0,0,0,0,0,0,0,0,0,0,0,0,0,0,0,0,0,0,0,0,0,0,0,0,0,0,0,0,0,0,0,0,0,0,0,0,0,0,0,0,0,0,0,0,0,0,0,0,0,0,0,0,0,0,0,0,0,0,0,0,0,0,0,0,0,0,0,0,0,0,0,0,0,0,0,0,0,0,0,0,0,0,0,0,0,0,0,0,0,0,0,0,0,0,0,0,0,0,0,0,0,0,0,0,0,0,0,0,0,0,0,0,0,0,0,0,0,0,0,0,0,0,0,0,0,0,0,0,0,0,0,0,0,0,0,0,0,0,0,0,0,0,0,0,0,0,0,0,0,0,0,0,0,0,0,0,0,0,0,0,0,0,0,0,0,0,0,0,0,0,0,0,0,0,0,0,0,0,0,0,0,0,0,0,0,0,0,0,0,0,0,0,0,0,0,0,0,0,0,0,0,0,0,0,0,0,0,0,0,0,0,0,0,0,0,0,0,0,0,0,0,0,0,0,0,0,0,0,0,0,0,0,0,0,0,0,0,0,0,0,0,0,0,0,0,0,0,0,0,0,0,0,0,0,0,0,0,0,0,0,0,0,0,0,0,0,0,0,0,0,0,0,0,0,0,0,0,0,0,0,0,0,0,0,0,0,0,0,0,0,0,0,0,0,0,0,0,0,0,0,0,0,0,0,0,0,0,0,0,0,0,0,0,0,0,0,0,0,0,0,0,0,0,0,0,0,0,0,0,0,0,0,0,0,0,0,0,0,0,0,0,0,0,0,0,0,0,0,0,0,0,0,0,0
1.12608,0,1.12908,0,1.13084,0,1.13197,0,1.13609,0,1.13972,0,1.13949,0,1.13844,0,1.13769,0,1.13747,0,1.13249,0,1.13172,0,1.13239,0,1.13356,0,1.14903,0,1.15464,0,1.15761,0,1.15889,0,1.16659,0,1.1666,0,1.16858,0,1.17175,0,1.17121,0,1.17034,0,1.16858,0,1.17342,0,1.17526,0,1.17608,0,1.18282,0,1.18406,0,1.18752,0,1.18853,0,1.19066,0,1.19233,0,1.19768,0,1.20285,0,1.2045,0,1.19963,0,1.20105,0,1.28809,0,1.20861,0,1.27911,0,1.21569,0,1.21644,0,1.21998,0,1.22227,0,1.2255,0,1.22671,0,1.2285,0,1.22846,0,1.23033,0,1.23251,0,1.23397,0,1.24014,0,1.24313,0,1.24987,0,1.25094,0,1.31149,0,1.26207,0,1.36869,0,1.28038,0,1.28416,0,1.28642,0,1.29058,0,1.39028,0,1.31327,0,1.42469,0,1.42483,0,1.33578,0,1.33611,0,1.3347,0,1.33554,0,1.4784,0,1.31983,0,1.31743,0,1.37593,0,0.00385512,0,1.26435,0,1.24433,0,1.24395,0,1.34539,0,1.25205,0,1.33598,0,1.34337,0,1.33451,0,1.3377,0,1.27541,0,1.28553,0,1.28528,0,1.28506,0,1.29154,0,1.2746,0,1.28535,0,1.30629,0,1.31506,0,1.36047,0,1.33776,0,1.28296,0,1.28334,0,1.29992,0,1.29598,0,1.29567,0,1.31848,0,1.33386,0,1.32459,0,1.3175,0,1.34629,0,1.37427,0,1.33954,0,1.33933,0,1.35947,0,1.37673,0,1.37581,0,1.41947,0,1.41777,0,1.40177,0,1.40185,0,1.4073,0,1.42746,0,1.42688,0,1.43682,0,1.42408,0,1.41381,0,1.45319,0,1.4483,0,1.44627,0,1.53096,0,1.47771,0,1.47004,0,1.47316,0,1.4617,0,1.46184,0,1.46038,0,1.49346,0,1.4932,0,1.55037,0,1.55848,0,1.57307,0,1.5625,0,1.59604,0,1.5952,0,1.61103,0,1.60936,0,1.6161,0,1.63826,0,1.62613,0,1.61435,0,1.61733,0,1.66712,0,1.6692,0,1.66859,0,1.6626,0,1.6604,0,1.58752,0,1.59578,0,1.59508,0,1.61195,0,1.60337,0,1.58952,0,1.59475,0,1.54366,0,1.54747,0,1.57603,0,1.57487,0,1.57802,0,1.54551,0,1.55546,0,1.55845,0,1.51383,0,1.49695,0,1.49555,0,1.48678,0,1.49467,0,1.48868,0,1.48519,0,1.50258,0,1.50856,0,1.49055,0,1.49085,0,1.48248,0,1.45707,0,1.47488,0,1.45816,0,1.45059,0,1.45062,0,1.44422,0,1.42556,0,1.4523,0,1.45094,0,1.4518,0,1.45846,0,1.42711,0,1.42591,0,1.41121,0,1.44422,0,1.45468,0,1.441,0,1.44144,0,1.43815,0,1.40825,0,1.41615,0,1.39498,0,1.38215,0,1.38215,0,1.39801,0,1.3979,0,1.41003,0,1.40748,0,1.40622,0,1.44607,0,1.43727,0,1.45519,0,1.49997,0,1.51159,0,1.51195,0,1.48593,0,1.49682,0,1.49588,0,1.50408,0,1.49194,0,1.57491,0,1.57426,0,1.54168,0,1.4929,0,1.57119,0,1.56954,0,1.57189,0,1.57854,0,1.575,0,1.5843,0,1.58961,0,1.58839,0,1.591,0,1.59057,0,1.58848,0,1.58964,0,1.59006,0,1.59083,0,1.59271,0,1.59066,0,1.59098,0,1.59463,0,1.5961,0,1.59807,0,1.59925,0,1.59653,0,1.60771,0,1.61221,0,1.6176,0,1.62415,0,1.62427,0,1.6297,0,1.63049,0,1.6302,0,1.62903,0,1.63264,0,1.63533,0,1.63491,0,1.63415,0,1.64562,0,0.00326451,0,1.6689,0,1.66659,0,1.67347,0,1.67147,0,1.66711,0,1.66059,0,1.65797,0,1.65685,0,1.65372,0,1.65752,0,1.65791,0,1.65768,0,1.66083,0,1.66098,0,1.66246,0,1.66033,0,1.66536,0,1.66593,0,1.67156,0,1.67304,0,1.68223,0,1.69256,0,1.69633,0,1.6936,0,1.69976,0,1.69891,0,1.69977,0,1.69964,0,1.70309,0,1.70313,0,1.70456,0,1.70425,0,1.69793,0,1.69506,0,1.69045,0,1.69142,0,1.69222,0,1.68997,0,1.69351,0
0,0,0,0,0,0,0,0,0,0,0,0,0,0,0,0,0,0,0,0,0,0,0,0,0,0,0,0,0,0,0,0,0,0,0,0,0,0,0,0,0,0,0,0,0,0,0,0,0,0,0,0,0,0,0,0,0,0,0,0,0,0,0,0,0,0,0,0,0,0,0,0,0,0,0,0,0,0,0,0,0,0,0,0,0,0,0,0,0,0,0,0,0,0,0,0,0,0,0,0,0,0,0,0,0,0,0,0,0,0,0,0,0,0,0,0,0,0,0,0,0,0,0,0,0,0,0,0,0,0,0,0,0,0,0,0,0,0,0,0,0,0,0,0,0,0,0,0,0,0,0,0,0,0,0,0,0,0,0,0,0,0,0,0,0,0,0,0,0,0,0,0,0,0,0,0,0,0,0,0,0,0,0,0,0,0,0,0,0,0,0,0,0,0,0,0,0,0,0,0,0,0,0,0,0,0,0,0,0,0,0,0,0,0,0,0,0,0,0,0,0,0,0,0,0,0,0,0,0,0,0,0,0,0,0,0,0,0,0,0,0,0,0,0,0,0,0,0,0,0,0,0,0,0,0,0,0,0,0,0,0,0,0,0,0,0,0,0,0,0,0,0,0,0,0,0,0,0,0,0,0,0,0,0,0,0,0,0,0,0,0,0,0,0,0,0,0,0,0,0,0,0,0,0,0,0,0,0,0,0,0,0,0,0,0,0,0,0,0,0,0,0,0,0,0,0,0,0,0,0,0,0,0,0,0,0,0,0,0,0,0,0,0,0,0,0,0,0,0,0,0,0,0,0,0,0,0,0,0,0,0,0,0,0,0,0,0,0,0,0,0,0,0,0,0,0,0,0,0,0,0,0,0,0,0,0,0,0,0,0,0,0,0,0,0,0,0,0,0,0,0,0,0,0,0,0,0,0,0,0,0,0,0,0,0,0,0,0,0,0,0,0,0,0,0,0,0,0,0,0,0,0,0,0,0,0,0,0,0,0,0,0,0,0,0,0,0,0,0,0,0,0,0,0,0,0,0,0,0,0,0,0,0,0,0,0,0,0,0,0,0,0,0,0,0,0,0,0,0,0,0,0,0,0,0,0,0,0,0,0,0,0,0,0,0,0,0,0,0,0,0,0,0,0,0,0,0,0,0,0,0,0,0,0,0,0,0,0,0,0,0,0,0,0,0,0,0,0,0,0,0,0,0,0,0,0,0,0,0,0,0,0,0,0,0,0,0,0,0,0,0,0,0,0,0,0,0,0,0,0,0,0,0,0,0,0,0,0,0,0,0,0,0,0,0,0,0,0,0,0,0,0,0,0,0,0,0,0,0,0,0,0,0,0,0,0,0,0,0,0
1.12518,0,1.13251,0,1.13707,0,1.14195,0,1.14238,0,1.14253,0,1.14372,0,1.13672,0,1.13816,0,1.13811,0,1.13342,0,1.13249,0,1.13418,0,1.57073,0,1.15547,0,1.16348,0,1.1635,0,1.165,0,1.29953,0,1.1704,0,1.17481,0,1.17455,0,1.17187,0,1.16924,0,1.16798,0,1.16919,0,1.16877,0,1.17022,0,1.17827,0,1.17747,0,1.17942,0,1.17913,0,1.18182,0,1.18599,0,1.18586,0,1.18663,0,1.18727,0,1.19084,0,1.19456,0,1.19575,0,1.20143,0,1.2033,0,1.20815,0,1.20884,0,1.21041,0,1.21475,0,1.21745,0,1.21578,0,1.21589,0,1.21739,0,1.22059,0,1.22567,0,1.22722,0,1.22929,0,1.23464,0,1.24161,0,1.24835,0,1.25117,0,1.32077,0,1.27172,0,1.27302,0,1.27758,0,1.30934,0,1.40388,0,1.34862,0,1.30231,0,1.30168,0,1.30529,0,1.42125,0,1.31384,0,1.31901,0,1.31866,0,1.31143,0,1.3106,0,1.31115,0,1.31097,0,0.00361482,0,1.33733,0,1.33657,0,1.34084,0,1.24832,0,1.3427,0,1.36161,0,1.266,0,1.34266,0,1.34377,0,1.25002,0,1.35111,0,1.29588,0,1.29525,0,1.29806,0,1.28794,0,1.24959,0,1.25078,0,1.25168,0,1.24652,0,1.23934,0,1.23907,0,1.25301,0,1.25301,0,1.2629,0,1.32308,0,1.29697,0,1.29761,0,1.29808,0,1.32275,0,1.31696,0,1.31683,0,1.34458,0,1.37745,0,1.34487,0,1.39923,0,1.37826,0,1.3853,0,1.39042,0,1.40065,0,1.40566,0,1.41333,0,1.39186,0,1.39563,0,1.38989,0,1.39626,0,1.39504,0,1.42961,0,1.42426,0,1.43639,0,1.4936,0,1.49512,0,1.49505,0,1.47855,0,1.47198,0,1.49352,0,1.51995,0,1.57633,0,1.5354,0,1.55622,0,1.55541,0,1.58179,0,1.59278,0,1.58664,0,1.5775,0,1.59645,0,1.58949,0,1.609,0,1.63027,0,1.62699,0,1.62204,0,1.65271,0,1.64015,0,1.63459,0,1.64137,0,1.64139,0,1.64212,0,1.63305,0,1.62864,0,1.62114,0,1.60607,0,1.5965,0,1.5933,0,1.60122,0,1.60241,0,1.58475,0,1.58315,0,1.57248,0,1.56601,0,1.56689,0,1.56758,0,1.56724,0,1.57067,0,1.54441,0,1.54396,0,1.51421,0,1.48576,0,1.48838,0,1.48716,0,1.48831,0,1.48672,0,1.50275,0,1.48884,0,1.47162,0,1.47338,0,1.46989,0,1.46072,0,1.4677,0,1.46809,0,1.46406,0,1.46506,0,1.42079,0,1.40674,0,1.40785,0,1.42013,0,1.44072,0,1.41269,0,1.40822,0,1.40752,0,1.42018,0,1.43609,0,1.42011,0,1.41858,0,1.4202,0,1.43809,0,1.39105,0,1.38532,0,1.37851,0,1.37751,0,1.40152,0,1.38962,0,1.39755,0,1.43053,0,1.42881,0,1.49814,0,1.49624,0,1.48475,0,1.48422,0,1.51649,0,1.51051,0,1.49883,0,1.49639,0,1.4861,0,1.47201,0,1.47969,0,1.48574,0,1.49621,0,1.49351,0,1.6496,0,1.57203,0,1.57291,0,1.57488,0,1.57468,0,1.57898,0,1.5772,0,1.59151,0,1.59084,0,1.59188,0,1.59032,0,1.58675,0,1.59099,0,1.58782,0,1.58842,0,1.5874,0,1.58897,0,1.59695,0,1.59681,0,1.59761,0,1.5971,0,1.59782,0,1.59969,0,1.61394,0,1.61886,0,1.62381,0,1.62702,0,1.63311,0,1.63441,0,1.63412,0,1.63406,0,1.63083,0,1.63014,0,1.63664,0,1.64972,0,1.64858,0,1.6514,0,1.73096,0,1.64686,0,1.63987,0,0.00346805,0,1.64923,0,1.6485,0,1.65484,0,1.65356,0,1.65224,0,1.654,0,1.6515,0,1.6558,0,1.65693,0,1.65143,0,1.65732,0,1.65153,0,1.65481,0,1.66115,0,1.66886,0,1.67166,0,1.67205,0,1.68172,0,1.68146,0,1.68356,0,1.68861,0,1.68705,0,1.69213,0,1.68901,0,1.69555,0,0.00358634,0,1.78006,0,1.68274,0,1.69442,0,1.69603,0,1.69783,0,1.69768,0,1.69774,0,1.69907,0,1.69535,0
0,0,0,0,0,0,0,0,0,0,0,0,0,0,0,0,0,0,0,0,0,0,0,0,0,0,0,0,0,0,0,0,0,0,0,0,0,0,0,0,0,0,0,0,0,0,0,0,0,0,0,0,0,0,0,0,0,0,0,0,0,0,0,0,0,0,0,0,0,0,0,0,0,0,0,0,0,0,0,0,0,0,0,0,0,0,0,0,0,0,0,0,0,0,0,0,0,0,0,0,0,0,0,0,0,0,0,0,0,0,0,0,0,0,0,0,0,0,0,0,0,0,0,0,0,0,0,0,0,0,0,0,0,0,0,0,0,0,0,0,0,0,0,0,0,0,0,0,0,0,0,0,0,0,0,0,0,0,0,0,0,0,0,0,0,0,0,0,0,0,0,0,0,0,0,0,0,0,0,0,0,0,0,0,0,0,0,0,0,0,0,0,0,0,0,0,0,0,0,0,0,0,0,0,0,0,0,0,0,0,0,0,0,0,0,0,0,0,0,0,0,0,0,0,0,0,0,0,0,0,0,0,0,0,0,0,0,0,0,0,0,0,0,0,0,0,0,0,0,0,0,0,0,0,0,0,0,0,0,0,0,0,0,0,0,0,0,0,0,0,0,0,0,0,0,0,0,0,0,0,0,0,0,0,0,0,0,0,0,0,0,0,0,0,0,0,0,0,0,0,0,0,0,0,0,0,0,0,0,0,0,0,0,0,0,0,0,0,0,0,0,0,0,0,0,0,0,0,0,0,0,0,0,0,0,0,0,0,0,0,0,0,0,0,0,0,0,0,0,0,0,0,0,0,0,0,0,0,0,0,0,0,0,0,0,0,0,0,0,0,0,0,0,0,0,0,0,0,0,0,0,0,0,0,0,0,0,0,0,0,0,0,0,0,0,0,0,0,0,0,0,0,0,0,0,0,0,0,0,0,0,0,0,0,0,0,0,0,0,0,0,0,0,0,0,0,0,0,0,0,0,0,0,0,0,0,0,0,0,0,0,0,0,0,0,0,0,0,0,0,0,0,0,0,0,0,0,0,0,0,0,0,0,0,0,0,0,0,0,0,0,0,0,0,0,0,0,0,0,0,0,0,0,0,0,0,0,0,0,0,0,0,0,0,0,0,0,0,0,0,0,0,0,0,0,0,0,0,0,0,0,0,0,0,0,0,0,0,0,0,0,0,0,0,0,0,0,0,0,0,0,0,0,0,0,0,0,0,0,0,0,0,0,0,0,0,0,0,0,0,0,0,0,0,0,0,0,0,0,0,0,0,0,0,0,0,0,0,0,0,0,0,0,0,0,0,0,0,0,0,0,0,0,0,0,0,0,0,0,0,0,0,0,0,0,0,0,0,0,0
1.12998,0,1.13673,0,1.13814,0,1.14661,0,1.15223,0,1.15283,0,1.15221,0,1.14462,0,1.14366,0,1.52987,0,1.14917,0,1.57567,0,1.15772,0,1.16554,0,1.16572,0,1.16525,0,1.16049,0,1.15983,0,1.1615,0,1.16295,0,1.16829,0,1.16968,0,1.17135,0,1.17136,0,1.17117,0,1.16997,0,1.16702,0,1.16795,0,1.16738,0,1.16909,0,1.17539,0,1.17816,0,1.17968,0,1.18135,0,1.17958,0,1.18133,0,1.18296,0,1.18025,0,1.17949,0,1.18442,0,1.18354,0,1.18892,0,1.19857,0,1.20057,0,1.20163,0,1.20562,0,1.20741,0,1.21028,0,1.21399,0,1.21702,0,1.21568,0,1.2186,0,1.21953,0,1.22398,0,1.22878,0,1.29544,0,1.2433,0,1.32552,0,1.35754,0,0.00338319,0,1.46563,0,1.31992,0,1.41538,0,1.41447,0,1.53697,0,1.42884,0,1.29317,0,1.29543,0,1.30163,0,0.00359608,0,1.30592,0,1.30656,0,1.29926,0,1.29922,0,1.29837,0,1.30254,0,0.00379177,0,1.30399,0,1.28534,0,1.2647,0,1.27295,0,1.26817,0,1.26778,0,1.18959,0,1.25156,0,1.24987,0,1.29613,0,1.24641,0,1.28752,0,1.24528,0,1.2723,0,1.2778,0,1.2786,0,1.20984,0,1.28439,0,1.24222,0,1.24268,0,1.24375,0,1.24295,0,1.26721,0,1.32786,0,1.30234,0,1.28519,0,1.34304,0,1.31359,0,1.3439,0,1.35021,0,1.31772,0,1.34949,0,1.35751,0,1.34538,0,1.39864,0,1.39632,0,1.40592,0,1.40274,0,1.45756,0,1.45633,0,1.45815,0,1.39823,0,1.39485,0,1.39418,0,1.42938,0,1.44811,0,1.44111,0,1.43491,0,1.45905,0,1.47099,0,1.47698,0,1.49879,0,1.49809,0,1.54752,0,1.55161,0,1.58722,0,1.58796,0,1.5954,0,1.57609,0,1.56888,0,1.57028,0,1.61321,0,1.61441,0,1.61514,0,1.62851,0,1.62872,0,1.62493,0,1.62345,0,1.63717,0,1.63689,0,1.6452,0,1.64457,0,1.65516,0,1.65741,0,1.64073,0,1.65294,0,1.65217,0,1.63462,0,1.64885,0,1.64279,0,1.733,0,1.73152,0,1.62699,0,1.66257,0,1.66678,0,1.61105,0,1.57599,0,1.57657,0,1.58137,0,1.59299,0,1.56523,0,1.56409,0,1.56379,0,1.55894,0,1.54611,0,1.54549,0,1.51109,0,1.50305,0,1.4842,0,1.48276,0,1.48216,0,1.46965,0,1.47336,0,1.4537,0,1.46801,0,1.45031,0,1.48553,0,1.44315,0,1.43398,0,1.43585,0,1.42506,0,1.39122,0,1.38854,0,1.38594,0,1.3875,0,1.38522,0,1.38207,0,1.38126,0,1.40951,0,1.48941,0,1.48882,0,1.49029,0,1.44046,0,1.40752,0,1.40231,0,1.40078,0,1.38258,0,1.40275,0,1.4042,0,1.39343,0,1.4306,0,1.42992,0,1.419,0,1.4344,0,1.44879,0,1.45014,0,1.45067,0,1.52625,0,1.48011,0,1.48077,0,1.4931,0,1.46225,0,1.45506,0,1.54008,0,1.47103,0,1.46783,0,1.46741,0,1.51079,0,1.49919,0,1.55865,0,1.56516,0,1.56238,0,1.56883,0,1.6518,0,0.00337791,0,1.57957,0,1.57868,0,1.57887,0,1.58394,0,1.58276,0,1.59242,0,1.58974,0,1.59001,0,1.60662,0,1.60293,0,1.60122,0,1.59968,0,1.60193,0,1.59805,0,1.59898,0,1.60594,0,1.61419,0,1.61211,0,1.61772,0,1.61917,0,1.71273,0,1.63635,0,1.62413,0,1.62319,0,1.62384,0,1.62949,0,1.62988,0,1.63127,0,1.63703,0,0.0037096,0,1.64107,0,1.64145,0,1.64346,0,1.64117,0,1.64385,0,1.64608,0,1.64303,0,1.64143,0,1.64001,0,1.6508,0,1.64005,0,1.63924,0,1.64394,0,1.64181,0,1.64972,0,1.65438,0,1.65882,0,0.00372794,0,1.66889,0,1.668,0,1.67697,0,1.68,0,1.65885,0,1.66857,0,1.66806,0,1.66649,0,1.66955,0,1.67065,0,1.66519,0,1.6717,0,1.68396,0,1.70147,0,1.71019,0,1.70562,0,1.70718,0,1.70458,0,1.70154,0,1.7055,0
0,0,0,0,0,0,0,0,0,0,0,0,0,0,0,0,0,0,0,0,0,0,0,0,0,0,0,0,0,0,0,0,0,0,0,0,0,0,0,0,0,0,0,0,0,0,0,0,0,0,0,0,0,0,0,0,0,0,0,0,0,0,0,0,0,0,0,0,0,0,0,0,0,0,0,0,0,0,0,0,0,0,0,0,0,0,0,0,0,0,0,0,0,0,0,0,0,0,0,0,0,0,0,0,0,0,0,0,0,0,0,0,0,0,0,0,0,0,0,0,0,0,0,0,0,0,0,0,0,0,0,0,0,0,0,0,0,0,0,0,0,0,0,0,0,0,0,0,0,0,0,0,0,0,0,0,0,0,0,0,0,0,0,0,0,0,0,0,0,0,0,0,0,0,0,0,0,0,0,0,0,0,0,0,0,0,0,0,0,0,0,0,0,0,0,0,0,0,0,0,0,0,0,0,0,0,0,0,0,0,0,0,0,0,0,0,0,0,0,0,0,0,0,0,0,0,0,0,0,0,0,0,0,0,0,0,0,0,0,0,0,0,0,0,0,0,0,0,0,0,0,0,0,0,0,0,0,0,0,0,0,0,0,0,0,0,0,0,0,0,0,0,0,0,0,0,0,0,0,0,0,0,0,0,0,0,0,0,0,0,0,0,0,0,0,0,0,0,0,0,0,0,0,0,0,0,0,0,0,0,0,0,0,0,0,0,0,0,0,0,0,0,0,0,0,0,0,0,0,0,0,0,0,0,0,0,0,0,0,0,0,0,0,0,0,0,0,0,0,0,0,0,0,0,0,0,0,0,0,0,0,0,0,0,0,0,0,0,0,0,0,0,0,0,0,0,0,0,0,0,0,0,0,0,0,0,0,0,0,0,0,0,0,0,0,0,0,0,0,0,0,0,0,0,0,0,0,0,0,0,0,0,0,0,0,0,0,0,0,0,0,0,0,0,0,0,0,0,0,0,0,0,0,0,0,0,0,0,0,0,0,0,0,0,0,0,0,0,0,0,0,0,0,0,0,0,0,0,0,0,0,0,0,0,0,0,0,0,0,0,0,0,0,0,0,0,0,0,0,0,0,0,0,0,0,0,0,0,0,0,0,0,0,0,0,0,0,0,0,0,0,0,0,0,0,0,0,0,0,0,0,0,0,0,0,0,0,0,0,0,0,0,0,0,0,0,0,0,0,0,0,0,0,0,0,0,0,0,0,0,0,0,0,0,0,0,0,0,0,0,0,0,0,0,0,0,0,0,0,0,0,0,0,0,0,0,0,0,0,0,0,0,0,0,0,0,0,0,0,0,0,0,0,0,0,0,0,0,0,0,0,0,0,0,0,0,0,0,0,0
1.12442,0,1.12757,0,1.51008,0,1.44363,0,1.44508,0,1.58255,0,1.14252,0,1.14464,0,1.1457,0,1.14897,0,1.15032,0,1.15986,0,1.16017,0,1.15627,0,1.15893,0,1.15891,0,1.14873,0,1.15079,0,1.15671,0,1.1577,0,1.15876,0,1.1617,0,1.1674,0,1.16698,0,1.17006,0,1.17031,0,1.16655,0,1.16891,0,1.17101,0,1.17574,0,1.17794,0,1.1861,0,1.16951,0,1.16962,0,1.16943,0,1.16997,0,1.16831,0,1.17009,0,1.17321,0,1.17642,0,1.17743,0,1.17907,0,1.18527,0,1.19142,0,1.19651,0,1.19551,0,1.19611,0,1.19848,0,1.20446,0,1.20677,0,1.21079,0,1.21165,0,1.21499,0,1.21618,0,1.2218,0,1.2236,0,1.32156,0,1.34842,0,1.23673,0,1.2394,0,1.24083,0,1.42873,0,1.42712,0,1.28535,0,0.00357847,0,1.51973,0,1.30593,0,1.30533,0,1.35447,0,1.31439,0,1.31949,0,1.29194,0,1.29288,0,1.39092,0,0.00346269,0,0.00337967,0,0.00371426,0,1.31991,0,1.27931,0,1.2602,0,1.28887,0,1.26869,0,1.17271,0,1.17379,0,1.21712,0,1.21628,0,1.20921,0,1.25789,0,1.22059,0,1.21992,0,1.21917,0,1.21353,0,1.21383,0,1.20606,0,1.22789,0,1.23665,0,1.24263,0,1.25081,0,1.25081,0,1.27899,0,1.31745,0,1.31748,0,1.30841,0,1.32345,0,1.31588,0,1.31419,0,1.32035,0,1.31889,0,1.34633,0,1.35488,0,1.36834,0,1.37524,0,1.3657,0,1.38948,0,1.4489,0,1.45253,0,1.42863,0,1.40097,0,1.39965,0,1.45952,0,1.43249,0,1.44371,0,1.44722,0,1.43784,0,1.48448,0,1.50732,0,1.51222,0,1.52761,0,1.55528,0,1.56596,0,1.58828,0,1.56606,0,1.60079,0,1.5714,0,1.57229,0,1.62119,0,1.57807,0,1.58962,0,1.61501,0,1.60295,0,1.63812,0,1.63433,0,1.64027,0,1.63747,0,1.63629,0,1.6333,0,1.63298,0,1.63202,0,1.65635,0,1.66256,0,1.65651,0,1.6497,0,1.64083,0,1.66068,0,1.65452,0,1.65419,0,0.00364242,0,1.68485,0,1.72841,0,1.67458,0,1.67471,0,1.66602,0,1.6313,0,1.64248,0,1.60214,0,1.59984,0,1.59231,0,1.58845,0,1.58597,0,1.5707,0,1.57049,0,1.5575,0,1.54897,0,1.53948,0,1.51585,0,1.51888,0,1.47092,0,1.48564,0,1.45179,0,1.48011,0,1.48724,0,1.4844,0,1.47533,0,1.46647,0,1.4453,0,1.44104,0,1.41884,0,1.41958,0,1.38287,0,1.37747,0,1.37824,0,1.3749,0,1.36348,0,1.40199,0,1.39955,0,1.40108,0,1.41251,0,1.48503,0,1.48919,0,1.48852,0,1.41938,0,1.41898,0,1.41377,0,1.39094,0,1.39062,0,1.41008,0,1.40851,0,1.42278,0,1.41656,0,1.41646,0,1.42483,0,1.42668,0,1.43105,0,1.4317,0,1.44957,0,1.46749,0,1.46545,0,1.46541,0,1.44164,0,1.44078,0,1.45582,0,1.45502,0,1.46718,0,1.45676,0,1.48257,0,1.48175,0,1.49914,0,1.50258,0,1.55395,0,1.55382,0,1.55473,0,1.56115,0,1.56539,0,1.56493,0,1.57283,0,1.57463,0,1.58233,0,1.57494,0,0.00354886,0,1.58388,0,1.58211,0,1.58888,0,1.60632,0,1.59748,0,1.59943,0,1.59797,0,1.59928,0,1.60613,0,1.60539,0,1.60651,0,1.61345,0,1.61917,0,1.61697,0,1.62039,0,1.62025,0,1.61771,0,1.6192,0,1.61521,0,1.61695,0,1.62555,0,1.62632,0,1.62581,0,1.63056,0,1.63372,0,1.63151,0,1.63295,0,1.63186,0,1.63438,0,1.62718,0,1.63676,0,1.63065,0,1.63317,0,1.6334,0,1.63411,0,1.63739,0,1.63827,0,1.64033,0,1.64693,0,0.00358296,0,1.65815,0,1.65351,0,1.65356,0,1.65371,0,0.00324003,0,1.66523,0,1.66337,0,0.0034955,0,1.66811,0,1.67207,0,1.67453,0,1.67413,0,1.68665,0,1.68441,0,1.69774,0,1.69515,0,1.69928,0,1.69834,0,1.69939,0,1.70236,0,1.69469,0
0,0,0,0,0,0,0,0,0,0,0,0,0,0,0,0,0,0,0,0,0,0,0,0,0,0,0,0,0,0,0,0,0,0,0,0,0,0,0,0,0,0,0,0,0,0,0,0,0,0,0,0,0,0,0,0,0,0,0,0,0,0,0,0,0,0,0,0,0,0,0,0,0,0,0,0,0,0,0,0,0,0,0,0,0,0,0,0,0,0,0,0,0,0,0,0,0,0,0,0,0,0,0,0,0,0,0,0,0,0,0,0,0,0,0,0,0,0,0,0,0,0,0,0,0,0,0,0,0,0,0,0,0,0,0,0,0,0,0,0,0,0,0,0,0,0,0,0,0,0,0,0,0,0,0,0,0,0,0,0,0,0,0,0,0,0,0,0,0,0,0,0,0,0,0,0,0,0,0,0,0,0,0,0,0,0,0,0,0,0,0,0,0,0,0,0,0,0,0,0,0,0,0,0,0,0,0,0,0,0,0,0,0,0,0,0,0,0,0,0,0,0,0,0,0,0,0,0,0,0,0,0,0,0,0,0,0,0,0,0,0,0,0,0,0,0,0,0,0,0,0,0,0,0,0,0,0,0,0,0,0,0,0,0,0,0,0,0,0,0,0,0,0,0,0,0,0,0,0,0,0,0,0,0,0,0,0,0,0,0,0,0,0,0,0,0,0,0,0,0,0,0,0,0,0,0,0,0,0,0,0,0,0,0,0,0,0,0,0,0,0,0,0,0,0,0,0,0,0,0,0,0,0,0,0,0,0,0,0,0,0,0,0,0,0,0,0,0,0,0,0,0,0,0,0,0,0,0,0,0,0,0,0,0,0,0,0,0,0,0,0,0,0,0,0,0,0,0,0,0,0,0,0,0,0,0,0,0,0,0,0,0,0,0,0,0,0,0,0,0,0,0,0,0,0,0,0,0,0,0,0,0,0,0,0,0,0,0,0,0,0,0,0,0,0,0,0,0,0,0,0,0,0,0,0,0,0,0,0,0,0,0,0,0,0,0,0,0,0,0,0,0,0,0,0,0,0,0,0,0,0,0,0,0,0,0,0,0,0,0,0,0,0,0,0,0,0,0,0,0,0,0,0,0,0,0,0,0,0,0,0,0,0,0,0,0,0,0,0,0,0,0,0,0,0,0,0,0,0,0,0,0,0,0,0,0,0,0,0,0,0,0,0,0,0,0,0,0,0,0,0,0,0,0,0,0,0,0,0,0,0,0,0,0,0,0,0,0,0,0,0,0,0,0,0,0,0,0,0,0,0,0,0,0,0,0,0,0,0,0,0,0,0,0,0,0,0,0,0,0,0,0,0,0,0,0,0,0,0,0,0,0,0,0,0,0,0,0,0,0
1.17069,0,1.12711,0,1.16192,0,1.12415,0,1.12658,0,1.1337,0,1.14371,0,1.61045,0,1.33418,0,1.16889,0,1.31359,0,1.17197,0,1.15781,0,1.15519,0,1.14557,0,1.14582,0,1.14496,0,1.14838,0,1.15006,0,1.14988,0,1.15358,0,1.16021,0,1.16108,0,1.17236,0,1.17469,0,1.17772,0,1.18125,0,1.17889,0,1.19818,0,1.21382,0,1.16197,0,1.16261,0,1.16151,0,1.16399,0,1.15827,0,1.16346,0,1.16697,0,1.16835,0,1.16752,0,1.16746,0,1.17051,0,1.1762,0,1.18033,0,1.18372,0,1.18639,0,1.18796,0,1.18767,0,1.18908,0,1.19542,0,1.19237,0,1.19474,0,1.17989,0,1.18822,0,1.2011,0,1.28939,0,0.00331614,0,1.29848,0,1.30175,0,1.22695,0,1.22771,0,1.23164,0,1.23589,0,1.32922,0,0.00368988,0,1.56849,0,1.34762,0,1.36668,0,1.37099,0,1.36805,0,0.00349805,0,1.28267,0,1.27752,0,0.0032483,0,1.19676,0,1.29611,0,1.29805,0,1.29829,0,1.29264,0,1.16774,0,1.18644,0,1.15507,0,1.15984,0,1.33994,0,1.34098,0,1.34158,0,1.34253,0,1.344,0,1.33899,0,1.2406,0,1.21501,0,1.21541,0,1.21847,0,1.21957,0,1.23126,0,1.2331,0,1.24164,0,1.2599,0,1.25974,0,1.26052,0,1.27836,0,1.27092,0,1.28377,0,1.28506,0,1.33901,0,1.35769,0,1.39399,0,1.40221,0,1.40046,0,1.39915,0,1.36353,0,1.36432,0,1.36519,0,1.37222,0,1.39771,0,1.4084,0,1.40472,0,1.40402,0,1.40593,0,1.44487,0,1.45536,0,1.46974,0,1.45956,0,1.48422,0,1.49255,0,1.49569,0,1.50636,0,1.5201,0,1.55308,0,1.57907,0,1.57984,0,1.60665,0,1.60104,0,1.60552,0,1.5967,0,1.58705,0,1.59214,0,1.58281,0,1.58753,0,1.5972,0,1.60425,0,1.60364,0,1.62141,0,1.62714,0,1.62585,0,1.67891,0,1.67501,0,1.64931,0,1.7071,0,1.68961,0,1.69153,0,1.65326,0,1.65045,0,1.64379,0,1.64257,0,1.65765,0,1.6563,0,1.68544,0,1.68503,0,1.68271,0,1.6656,0,1.66412,0,1.72694,0,1.63968,0,1.64162,0,1.72491,0,0.00345367,0,1.60945,0,1.58925,0,1.58124,0,1.58182,0,1.5724,0,1.56076,0,1.53206,0,1.5225,0,1.51694,0,1.51121,0,1.50924,0,1.50887,0,1.46968,0,1.46911,0,1.47173,0,1.47562,0,1.44286,0,1.42378,0,1.43925,0,1.49627,0,1.49491,0,1.41832,0,1.38523,0,1.37941,0,1.37911,0,1.36031,0,1.35533,0,1.35776,0,1.431,0,1.41234,0,1.41957,0,1.37494,0,1.37628,0,1.42743,0,1.42937,0,1.41068,0,1.40906,0,1.41978,0,1.38537,0,1.38398,0,1.37525,0,1.37495,0,1.39864,0,1.4089,0,1.41095,0,1.41093,0,1.41178,0,1.42392,0,1.40519,0,1.42335,0,1.43263,0,1.41346,0,1.44157,0,1.42733,0,1.4315,0,1.42258,0,1.43041,0,1.44272,0,1.46814,0,1.47501,0,1.47004,0,1.45235,0,1.4719,0,0.00376328,0,1.54728,0,0.00333921,0,1.5511,0,1.54145,0,1.5806,0,1.56774,0,1.56804,0,1.56832,0,1.56803,0,0.00359748,0,0.00347541,0,1.57559,0,1.69242,0,1.64851,0,1.58772,0,1.58705,0,1.58569,0,1.58782,0,1.5957,0,0.00368198,0,0.00372229,0,0.00378071,0,1.60901,0,1.61223,0,1.6111,0,1.61374,0,1.61277,0,1.61561,0,1.61372,0,1.60917,0,1.61359,0,1.61653,0,1.61439,0,1.61817,0,1.62357,0,1.62318,0,1.62295,0,1.62136,0,1.62188,0,1.6199,0,1.61968,0,1.62394,0,1.62959,0,1.63115,0,1.63477,0,1.63371,0,1.63412,0,1.63715,0,1.63338,0,0.00375689,0,1.64993,0,1.65065,0,1.64216,0,1.63186,0,1.63224,0,1.6425,0,1.64223,0,0.00362177,0,1.72883,0,0.00335469,0,1.67999,0,0.0037479,0,1.67974,0,1.68306,0,1.69328,0,1.69339,0,1.69601,0,0.00356222,0,0.00375497,0,1.67221,0
0,0,0,0,0,0,0,0,0,0,0,0,0,0,0,0,0,0,0,0,0,0,0,0,0,0,0,0,0,0,0,0,0,0,0,0,0,0,0,0,0,0,0,0,0,0,0,0,0,0,0,0,0,0,0,0,0,0,0,0,0,0,0,0,0,0,0,0,0,0,0,0,0,0,0,0,0,0,0,0,0,0,0,0,0,0,0,0,0,0,0,0,0,0,0,0,0,0,0,0,0,0,0,0,0,0,0,0,0,0,0,0,0,0,0,0,0,0,0,0,0,0,0,0,0,0,0,0,0,0,0,0,0,0,0,0,0,0,0,0,0,0,0,0,0,0,0,0,0,0,0,0,0,0,0,0,0,0,0,0,0,0,0,0,0,0,0,0,0,0,0,0,0,0,0,0,0,0,0,0,0,0,0,0,0,0,0,0,0,0,0,0,0,0,0,0,0,0,0,0,0,0,0,0,0,0,0,0,0,0,0,0,0,0,0,0,0,0,0,0,0,0,0,0,0,0,0,0,0,0,0,0,0,0,0,0,0,0,0,0,0,0,0,0,0,0,0,0,0,0,0,0,0,0,0,0,0,0,0,0,0,0,0,0,0,0,0,0,0,0,0,0,0,0,0,0,0,0,0,0,0,0,0,0,0,0,0,0,0,0,0,0,0,0,0,0,0,0,0,0,0,0,0,0,0,0,0,0,0,0,0,0,0,0,0,0,0,0,0,0,0,0,0,0,0,0,0,0,0,0,0,0,0,0,0,0,0,0,0,0,0,0,0,0,0,0,0,0,0,0,0,0,0,0,0,0,0,0,0,0,0,0,0,0,0,0,0,0,0,0,0,0,0,0,0,0,0,0,0,0,0,0,0,0,0,0,0,0,0,0,0,0,0,0,0,0,0,0,0,0,0,0,0,0,0,0,0,0,0,0,0,0,0,0,0,0,0,0,0,0,0,0,0,0,0,0,0,0,0,0,0,0,0,0,0,0,0,0,0,0,0,0,0,0,0,0,0,0,0,0,0,0,0,0,0,0,0,0,0,0,0,0,0,0,0,0,0,0,0,0,0,0,0,0,0,0,0,0,0,0,0,0,0,0,0,0,0,0,0,0,0,0,0,0,0,0,0,0,0,0,0,0,0,0,0,0,0,0,0,0,0,0,0,0,0,0,0,0,0,0,0,0,0,0,0,0,0,0,0,0,0,0,0,0,0,0,0,0,0,0,0,0,0,0,0,0,0,0,0,0,0,0,0,0,0,0,0,0,0,0,0,0,0,0,0,0,0,0,0,0,0,0,0,0,0,0,0,0,0,0,0,0,0,0,0,0,0,0,0,0,0,0,0,0,0,0,0,0,0,0
1.10515,0,1.11687,0,1.11014,0,1.11637,0,1.14704,0,1.1545,0,1.16052,0,1.10331,0,1.105,0,1.11104,0,1.15002,0,1.19507,0,1.12938,0,1.68394,0,1.14541,0,1.14329,0,1.14352,0,1.14345,0,1.13616,0,1.14247,0,1.16439,0,1.19693,0,1.16905,0,1.17041,0,1.1715,0,1.17369,0,1.20556,0,1.15931,0,1.1548,0,1.15364,0,1.15483,0,1.15792,0,1.15442,0,1.15525,0,1.15422,0,1.1552,0,1.15497,0,1.15842,0,1.16157,0,1.16697,0,1.16707,0,1.17356,0,1.17859,0,1.1796,0,1.17982,0,1.18073,0,1.18112,0,1.26209,0,1.1814,0,1.17242,0,1.17014,0,1.17067,0,1.1743,0,1.18043,0,1.18069,0,1.18398,0,1.30161,0,1.30959,0,1.31047,0,1.32071,0,1.32241,0,1.31066,0,0.00329828,0,1.23844,0,0.00360829,0,1.32381,0,1.25818,0,1.25455,0,1.46778,0,1.26581,0,1.26435,0,1.26224,0,1.19609,0,1.19254,0,1.18646,0,1.29752,0,1.30034,0,1.29695,0,1.16224,0,1.15266,0,1.14837,0,1.14704,0,1.14997,0,1.18677,0,1.18661,0,1.18522,0,1.18917,0,1.22302,0,1.21938,0,1.21364,0,1.22736,0,1.21862,0,1.23827,0,1.23912,0,1.26224,0,1.26358,0,1.27812,0,1.2743,0,1.27559,0,1.27851,0,1.28587,0,1.29826,0,1.4091,0,1.33788,0,1.33576,0,1.344,0,1.41895,0,1.43538,0,1.40937,0,1.36669,0,1.36824,0,1.43342,0,1.43277,0,1.43764,0,1.43711,0,1.4114,0,1.4211,0,1.43999,0,1.46853,0,1.46153,0,1.46723,0,1.48005,0,1.51128,0,1.50902,0,1.52589,0,1.54409,0,1.54481,0,1.54056,0,1.60984,0,1.6084,0,1.61921,0,1.62388,0,1.6063,0,1.59402,0,1.59234,0,1.59251,0,1.5928,0,1.60987,0,1.64112,0,1.62109,0,1.6328,0,1.64465,0,1.64531,0,1.66128,0,1.63893,0,1.63797,0,1.64355,0,1.64323,0,1.64316,0,1.6623,0,1.63877,0,1.66282,0,1.67392,0,1.66171,0,1.65871,0,1.69821,0,1.70293,0,1.73677,0,1.70816,0,1.75766,0,1.75069,0,1.74041,0,1.67904,0,1.63472,0,1.62015,0,1.61333,0,1.61142,0,1.61013,0,1.60217,0,1.57537,0,1.5777,0,1.5726,0,1.53812,0,1.56805,0,1.56174,0,1.54731,0,1.56701,0,1.52646,0,1.52651,0,1.51575,0,1.47139,0,1.44998,0,1.42449,0,1.42276,0,1.4199,0,1.40614,0,1.39537,0,1.383,0,1.38079,0,1.37904,0,1.41726,0,1.36864,0,1.36202,0,1.35629,0,1.35398,0,1.34772,0,1.3476,0,1.3582,0,1.37918,0,1.38604,0,1.38609,0,1.44137,0,1.41398,0,1.42268,0,1.42412,0,1.41765,0,1.417,0,1.37694,0,1.37694,0,1.37805,0,1.3915,0,1.3921,0,1.39277,0,1.38201,0,1.38529,0,1.39244,0,1.39544,0,1.40641,0,1.41323,0,1.43938,0,1.41755,0,1.43281,0,1.43036,0,1.42658,0,1.42519,0,1.40876,0,1.43614,0,1.45098,0,1.44854,0,1.42568,0,1.42951,0,1.51045,0,0.00376843,0,1.55528,0,1.55785,0,1.5587,0,1.56524,0,1.56523,0,1.5631,0,1.56579,0,1.56442,0,1.56328,0,1.56406,0,0.00375117,0,1.57256,0,1.57133,0,1.57684,0,1.57557,0,1.57722,0,0.00359897,0,1.58668,0,1.58631,0,0.00366888,0,0.00353822,0,1.72307,0,1.72282,0,1.58979,0,2.04187,0,1.60035,0,1.6069,0,1.60406,0,1.60624,0,1.60701,0,1.61188,0,1.60842,0,1.61199,0,1.61183,0,1.6137,0,1.61786,0,1.61771,0,1.61722,0,1.61796,0,1.61689,0,1.62344,0,1.62135,0,1.62025,0,1.62279,0,1.63017,0,1.62181,0,1.6209,0,1.63368,0,1.63165,0,1.63192,0,1.63039,0,1.63171,0,1.64422,0,1.65384,0,0.00364132,0,1.659,0,1.66264,0,1.66284,0,1.66784,0,1.66518,0,1.67252,0,1.67541,0,1.6779,0,1.67939,0,1.66436,0,1.67062,0,1.67158,0
0,0,0,0,0,0,0,0,0,0,0,0,0,0,0,0,0,0,0,0,0,0,0,0,0,0,0,0,0,0,0,0,0,0,0,0,0,0,0,0,0,0,0,0,0,0,0,0,0,0,0,0,0,0,0,0,0,0,0,0,0,0,0,0,0,0,0,0,0,0,0,0,0,0,0,0,0,0,0,0,0,0,0,0,0,0,0,0,0,0,0,0,0,0,0,0,0,0,0,0,0,0,0,0,0,0,0,0,0,0,0,0,0,0,0,0,0,0,0,0,0,0,0,0,0,0,0,0,0,0,0,0,0,0,0,0,0,0,0,0,0,0,0,0,0,0,0,0,0,0,0,0,0,0,0,0,0,0,0,0,0,0,0,0,0,0,0,0,0,0,0,0,0,0,0,0,0,0,0,0,0,0,0,0,0,0,0,0,0,0,0,0,0,0,0,0,0,0,0,0,0,0,0,0,0,0,0,0,0,0,0,0,0,0,0,0,0,0,0,0,0,0,0,0,0,0,0,0,0,0,0,0,0,0,0,0,0,0,0,0,0,0,0,0,0,0,0,0,0,0,0,0,0,0,0,0,0,0,0,0,0,0,0,0,0,0,0,0,0,0,0,0,0,0,0,0,0,0,0,0,0,0,0,0,0,0,0,0,0,0,0,0,0,0,0,0,0,0,0,0,0,0,0,0,0,0,0,0,0,0,0,0,0,0,0,0,0,0,0,0,0,0,0,0,0,0,0,0,0,0,0,0,0,0,0,0,0,0,0,0,0,0,0,0,0,0,0,0,0,0,0,0,0,0,0,0,0,0,0,0,0,0,0,0,0,0,0,0,0,0,0,0,0,0,0,0,0,0,0,0,0,0,0,0,0,0,0,0,0,0,0,0,0,0,0,0,0,0,0,0,0,0,0,0,0,0,0,0,0,0,0,0,0,0,0,0,0,0,0,0,0,0,0,0,0,0,0,0,0,0,0,0,0,0,0,0,0,0,0,0,0,0,0,0,0,0,0,0,0,0,0,0,0,0,0,0,0,0,0,0,0,0,0,0,0,0,0,0,0,0,0,0,0,0,0,0,0,0,0,0,0,0,0,0,0,0,0,0,0,0,0,0,0,0,0,0,0,0,0,0,0,0,0,0,0,0,0,0,0,0,0,0,0,0,0,0,0,0,0,0,0,0,0,0,0,0,0,0,0,0,0,0,0,0,0,0,0,0,0,0,0,0,0,0,0,0,0,0,0,0,0,0,0,0,0,0,0,0,0,0,0,0,0,0,0,0,0,0,0,0,0,0,0,0,0,0,0,0,0,0,0,0,0,0,0,0,0,0,0,0,0,0,0,0,0,0,0,0,0,0
1.13779,0,1.08046,0,1.08008,0,1.08363,0,1.08324,0,1.0807,0,1.08233,0,1.09014,0,1.09285,0,1.09447,0,1.20644,0,1.30128,0,1.30545,0,1.12006,0,1.20622,0,1.12691,0,1.12709,0,1.12753,0,1.12701,0,1.13067,0,1.21644,0,1.21796,0,1.27457,0,1.21539,0,1.15615,0,1.15489,0,1.151,0,1.15152,0,1.15138,0,1.15209,0,1.14815,0,1.14527,0,1.1461,0,1.14637,0,1.14666,0,1.14689,0,1.14996,0,1.15309,0,1.1577,0,1.16017,0,1.16132,0,1.16815,0,1.16769,0,1.16918,0,1.16927,0,1.167,0,1.16612,0,1.16622,0,1.16476,0,1.16585,0,1.16624,0,1.16928,0,1.17377,0,1.1795,0,1.17991,0,1.18101,0,1.18725,0,1.3235,0,1.30454,0,1.20617,0,1.2041,0,1.22214,0,1.22253,0,1.22737,0,1.23224,0,1.23083,0,1.51961,0,0.00367102,0,1.26028,0,1.26116,0,1.2598,0,1.26518,0,1.2096,0,1.2578,0,0.00396785,0,1.19681,0,1.29044,0,1.3026,0,1.30643,0,1.15763,0,1.15194,0,1.14637,0,1.14423,0,1.14457,0,1.15213,0,1.14939,0,1.20852,0,1.2068,0,1.28059,0,1.24591,0,1.2465,0,1.23916,0,1.33416,0,1.26361,0,1.26124,0,1.26423,0,1.27135,0,1.28791,0,1.31187,0,1.32378,0,1.32402,0,1.29408,0,1.2949,0,1.31708,0,1.32761,0,1.33459,0,1.37533,0,1.34965,0,1.39954,0,1.39921,0,1.40557,0,1.43138,0,1.43044,0,1.41087,0,1.41062,0,1.43247,0,1.44106,0,1.46107,0,1.44319,0,1.469,0,1.48458,0,1.49567,0,1.49558,0,1.51143,0,1.51175,0,1.54598,0,1.56663,0,1.58945,0,1.61948,0,1.62209,0,1.64162,0,1.64786,0,1.62481,0,1.60257,0,1.60088,0,1.61402,0,1.62028,0,1.62336,0,1.6484,0,1.63892,0,1.65891,0,1.64068,0,1.65432,0,1.65113,0,1.66204,0,1.67605,0,1.71425,0,1.71561,0,1.6452,0,1.64003,0,1.63832,0,1.6452,0,1.64736,0,1.73143,0,1.69657,0,1.72087,0,1.6987,0,1.70401,0,1.70395,0,1.70256,0,1.70065,0,1.70014,0,1.70668,0,1.64159,0,1.61474,0,1.61302,0,1.6204,0,1.64458,0,1.59929,0,1.57745,0,1.58305,0,1.56451,0,1.5501,0,1.54659,0,1.54296,0,1.56556,0,1.56522,0,1.53572,0,1.53548,0,1.52663,0,1.47124,0,1.4637,0,1.4639,0,1.43711,0,1.43244,0,1.41001,0,1.40607,0,1.39479,0,1.41342,0,1.42034,0,1.41858,0,1.44066,0,1.44163,0,1.36796,0,1.34872,0,1.3474,0,1.34203,0,1.34323,0,1.34437,0,1.38138,0,1.44012,0,1.42968,0,1.41196,0,1.53094,0,1.5121,0,1.5162,0,1.38902,0,1.39204,0,1.39932,0,1.37009,0,1.38639,0,1.39359,0,1.39226,0,1.39181,0,1.39926,0,1.39652,0,1.38545,0,1.39451,0,1.41623,0,1.42773,0,1.38882,0,1.4273,0,1.45152,0,1.45064,0,1.45307,0,1.43047,0,1.40853,0,1.40912,0,1.45449,0,1.46547,0,1.44003,0,1.44744,0,0.00414772,0,0.00369234,0,1.55222,0,0.00379459,0,1.56094,0,1.55717,0,1.55226,0,1.55612,0,1.55088,0,1.55612,0,1.55279,0,1.55381,0,1.55228,0,1.67539,0,1.56249,0,1.56687,0,1.56365,0,1.5625,0,1.56503,0,1.57449,0,1.57087,0,1.57907,0,1.57304,0,1.58265,0,1.58163,0,1.58685,0,1.59834,0,1.59633,0,1.59495,0,1.60267,0,1.5987,0,1.60243,0,1.60291,0,1.60352,0,1.60073,0,1.60061,0,1.60283,0,1.60481,0,1.61051,0,1.61171,0,1.61192,0,1.61438,0,1.61518,0,1.61386,0,1.61499,0,1.61798,0,1.6229,0,1.622,0,1.62339,0,1.63026,0,1.62858,0,1.63771,0,1.64081,0,1.64444,0,1.64816,0,1.65502,0,1.65645,0,1.65789,0,1.65981,0,1.65885,0,1.66418,0,1.65872,0,1.65555,0,1.66084,0,1.66076,0,1.6594,0,1.66111,0,1.66148,0
0,0,0,0,0,0,0,0,0,0,0,0,0,0,0,0,0,0,0,0,0,0,0,0,0,0,0,0,0,0,0,0,0,0,0,0,0,0,0,0,0,0,0,0,0,0,0,0,0,0,0,0,0,0,0,0,0,0,0,0,0,0,0,0,0,0,0,0,0,0,0,0,0,0,0,0,0,0,0,0,0,0,0,0,0,0,0,0,0,0,0,0,0,0,0,0,0,0,0,0,0,0,0,0,0,0,0,0,0,0,0,0,0,0,0,0,0,0,0,0,0,0,0,0,0,0,0,0,0,0,0,0,0,0,0,0,0,0,0,0,0,0,0,0,0,0,0,0,0,0,0,0,0,0,0,0,0,0,0,0,0,0,0,0,0,0,0,0,0,0,0,0,0,0,0,0,0,0,0,0,0,0,0,0,0,0,0,0,0,0,0,0,0,0,0,0,0,0,0,0,0,0,0,0,0,0,0,0,0,0,0,0,0,0,0,0,0,0,0,0,0,0,0,0,0,0,0,0,0,0,0,0,0,0,0,0,0,0,0,0,0,0,0,0,0,0,0,0,0,0,0,0,0,0,0,0,0,0,0,0,0,0,0,0,0,0,0,0,0,0,0,0,0,0,0,0,0,0,0,0,0,0,0,0,0,0,0,0,0,0,0,0,0,0,0,0,0,0,0,0,0,0,0,0,0,0,0,0,0,0,0,0,0,0,0,0,0,0,0,0,0,0,0,0,0,0,0,0,0,0,0,0,0,0,0,0,0,0,0,0,0,0,0,0,0,0,0,0,0,0,0,0,0,0,0,0,0,0,0,0,0,0,0,0,0,0,0,0,0,0,0,0,0,0,0,0,0,0,0,0,0,0,0,0,0,0,0,0,0,0,0,0,0,0,0,0,0,0,0,0,0,0,0,0,0,0,0,0,0,0,0,0,0,0,0,0,0,0,0,0,0,0,0,0,0,0,0,0,0,0,0,0,0,0,0,0,0,0,0,0,0,0,0,0,0,0,0,0,0,0,0,0,0,0,0,0,0,0,0,0,0,0,0,0,0,0,0,0,0,0,0,0,0,0,0,0,0,0,0,0,0,0,0,0,0,0,0,0,0,0,0,0,0,0,0,0,0,0,0,0,0,0,0,0,0,0,0,0,0,0,0,0,0,0,0,0,0,0,0,0,0,0,0,0,0,0,0,0,0,0,0,0,0,0,0,0,0,0,0,0,0,0,0,0,0,0,0,0,0,0,0,0,0,0,0,0,0,0,0,0,0,0,0,0,0,0,0,0,0,0,0,0,0,0,0,0,0,0,0,0,0,0,0,0,0,0,0,0,0,0,0,0,0,0,0,0,0,0,0,0
1.07026,0,1.07047,0,1.07213,0,1.0732,0,1.07277,0,1.07288,0,1.07398,0,1.28247,0,1.28277,0,1.08457,0,1.08394,0,1.08934,0,1.09136,0,1.21729,0,1.21691,0,1.20895,0,1.11822,0,1.11903,0,1.11941,0,1.11988,0,1.12073,0,1.22807,0,1.14212,0,1.15188,0,1.15187,0,1.15276,0,1.14583,0,1.14511,0,1.1461,0,1.14762,0,1.14628,0,1.14526,0,1.1447,0,1.14574,0,1.14443,0,1.14508,0,1.14427,0,1.14399,0,1.14932,0,1.15186,0,1.15475,0,1.15603,0,1.15629,0,1.15756,0,1.15606,0,1.15601,0,1.15203,0,1.15303,0,1.15394,0,1.15843,0,1.16104,0,1.16353,0,1.16687,0,1.1688,0,1.17395,0,1.1795,0,1.30016,0,1.29022,0,1.20307,0,1.20755,0,1.21305,0,1.21702,0,1.21927,0,1.2249,0,1.22457,0,1.2259,0,0.00346099,0,1.24023,0,1.24406,0,1.25129,0,1.54135,0,1.24887,0,1.25786,0,0.00390663,0,1.22768,0,1.18762,0,1.17888,0,1.17097,0,1.16537,0,1.14878,0,1.14983,0,1.15197,0,1.15254,0,1.15635,0,1.24001,0,1.25295,0,1.19299,0,1.20105,0,1.20588,0,1.20652,0,1.2389,0,1.24027,0,1.2236,0,1.22314,0,1.23452,0,1.27271,0,1.31335,0,1.29708,0,1.29336,0,1.29141,0,1.28126,0,1.29645,0,1.31909,0,1.31535,0,1.29284,0,1.33328,0,1.37548,0,1.3743,0,1.37381,0,1.41082,0,1.42706,0,1.4142,0,1.41164,0,1.46708,0,1.46468,0,1.47623,0,1.45195,0,1.47124,0,1.47454,0,1.47555,0,1.5271,0,1.51891,0,1.56087,0,1.56789,0,1.558,0,1.5693,0,1.626,0,1.61387,0,1.63421,0,1.64459,0,1.64357,0,1.64302,0,1.63691,0,1.63825,0,1.65399,0,1.66087,0,1.67121,0,1.68049,0,1.67869,0,1.67993,0,1.6687,0,1.66957,0,1.6692,0,1.66563,0,1.66492,0,1.67083,0,1.67234,0,1.67605,0,1.68657,0,1.65811,0,1.67355,0,1.68356,0,1.65481,0,1.67188,0,1.69513,0,1.6781,0,1.73425,0,1.6963,0,1.7004,0,1.78841,0,1.7099,0,1.69902,0,1.74721,0,1.76087,0,1.70316,0,1.6584,0,1.65985,0,1.62433,0,1.58946,0,1.5828,0,1.57855,0,1.58057,0,1.54131,0,1.53843,0,1.54645,0,1.53479,0,1.52725,0,1.51496,0,1.52795,0,1.48613,0,1.48225,0,1.48892,0,1.48727,0,1.45733,0,1.44525,0,1.45347,0,1.45783,0,1.40913,0,1.40751,0,1.40753,0,1.40908,0,1.41836,0,1.45082,0,1.36788,0,1.36911,0,1.35228,0,1.36855,0,1.34666,0,1.34718,0,1.3965,0,1.39558,0,1.41902,0,1.42102,0,1.39957,0,1.41643,0,1.39687,0,1.39942,0,1.38473,0,1.43664,0,1.44016,0,1.37507,0,1.40604,0,1.40183,0,1.39146,0,1.38595,0,1.38366,0,1.38135,0,1.38038,0,1.38078,0,1.38454,0,1.38505,0,1.37173,0,1.39495,0,1.43325,0,1.43912,0,1.43933,0,1.4124,0,1.4459,0,1.44524,0,1.44048,0,1.44095,0,1.43964,0,1.4381,0,1.46218,0,0.00348463,0,0.00361646,0,0.00343648,0,1.54506,0,0.00350642,0,1.54616,0,1.54448,0,1.54401,0,1.54423,0,1.54406,0,1.5545,0,1.55079,0,1.54496,0,1.55435,0,1.55207,0,1.55862,0,1.55798,0,1.56123,0,1.56468,0,1.57083,0,1.57294,0,1.57454,0,1.57558,0,0.00401932,0,1.58724,0,1.58604,0,1.58878,0,1.59368,0,1.59191,0,1.59129,0,1.59227,0,1.59388,0,1.5982,0,1.5952,0,1.60052,0,1.5991,0,1.60477,0,1.59803,0,1.60422,0,1.60537,0,1.61135,0,1.61128,0,1.61469,0,1.61429,0,1.6163,0,1.6232,0,1.62719,0,1.62473,0,1.63479,0,1.62802,0,1.63361,0,1.64143,0,1.63871,0,1.68102,0,0.00349216,0,1.64559,0,1.64738,0,1.6445,0,1.65153,0,1.65159,0,1.65391,0,1.65415,0,1.65635,0,1.6544,0,1.65435,0,1.64986,0
0,0,0,0,0,0,0,0,0,0,0,0,0,0,0,0,0,0,0,0,0,0,0,0,0,0,0,0,0,0,0,0,0,0,0,0,0,0,0,0,0,0,0,0,0,0,0,0,0,0,0,0,0,0,0,0,0,0,0,0,0,0,0,0,0,0,0,0,0,0,0,0,0,0,0,0,0,0,0,0,0,0,0,0,0,0,0,0,0,0,0,0,0,0,0,0,0,0,0,0,0,0,0,0,0,0,0,0,0,0,0,0,0,0,0,0,0,0,0,0,0,0,0,0,0,0,0,0,0,0,0,0,0,0,0,0,0,0,0,0,0,0,0,0,0,0,0,0,0,0,0,0,0,0,0,0,0,0,0,0,0,0,0,0,0,0,0,0,0,0,0,0,0,0,0,0,0,0,0,0,0,0,0,0,0,0,0,0,0,0,0,0,0,0,0,0,0,0,0,0,0,0,0,0,0,0,0,0,0,0,0,0,0,0,0,0,0,0,0,0,0,0,0,0,0,0,0,0,0,0,0,0,0,0,0,0,0,0,0,0,0,0,0,0,0,0,0,0,0,0,0,0,0,0,0,0,0,0,0,0,0,0,0,0,0,0,0,0,0,0,0,0,0,0,0,0,0,0,0,0,0,0,0,0,0,0,0,0,0,0,0,0,0,0,0,0,0,0,0,0,0,0,0,0,0,0,0,0,0,0,0,0,0,0,0,0,0,0,0,0,0,0,0,0,0,0,0,0,0,0,0,0,0,0,0,0,0,0,0,0,0,0,0,0,0,0,0,0,0,0,0,0,0,0,0,0,0,0,0,0,0,0,0,0,0,0,0,0,0,0,0,0,0,0,0,0,0,0,0,0,0,0,0,0,0,0,0,0,0,0,0,0,0,0,0,0,0,0,0,0,0,0,0,0,0,0,0,0,0,0,0,0,0,0,0,0,0,0,0,0,0,0,0,0,0,0,0,0,0,0,0,0,0,0,0,0,0,0,0,0,0,0,0,0,0,0,0,0,0,0,0,0,0,0,0,0,0,0,0,0,0,0,0,0,0,0,0,0,0,0,0,0,0,0,0,0,0,0,0,0,0,0,0,0,0,0,0,0,0,0,0,0,0,0,0,0,0,0,0,0,0,0,0,0,0,0,0,0,0,0,0,0,0,0,0,0,0,0,0,0,0,0,0,0,0,0,0,0,0,0,0,0,0,0,0,0,0,0,0,0,0,0,0,0,0,0,0,0,0,0,0,0,0,0,0,0,0,0,0,0,0,0,0,0,0,0,0,0,0,0,0,0,0,0,0,0,0,0,0,0,0,0,0,0,0,0,0,0,0,0,0,0,0,0,0,0,0,0,0,0
1.06503,0,1.06356,0,1.05875,0,1.05941,0,1.06301,0,1.06469,0,1.06656,0,1.06875,0,1.07009,0,1.07517,0,1.08211,0,1.08262,0,1.08449,0,1.08925,0,1.09305,0,1.10505,0,1.10706,0,1.1086,0,1.11491,0,1.11718,0,1.12239,0,1.12499,0,1.14085,0,1.14004,0,1.13961,0,1.1527,0,1.14412,0,1.21196,0,1.21835,0,1.13438,0,1.13243,0,1.13533,0,1.13757,0,1.14247,0,1.14489,0,1.1399,0,1.14032,0,1.14348,0,1.14381,0,1.14783,0,1.14973,0,1.14827,0,1.14646,0,1.14698,0,1.14411,0,1.14413,0,1.14643,0,1.15036,0,1.15339,0,1.15515,0,1.16252,0,1.16303,0,1.17049,0,1.1715,0,1.17263,0,1.17674,0,0.00340111,0,1.34728,0,1.19946,0,1.20263,0,1.20698,0,1.21063,0,1.21424,0,1.21553,0,1.21744,0,1.2184,0,1.21799,0,1.22223,0,0.00369875,0,0.00355903,0,0.0035092,0,1.20483,0,1.20531,0,0.00356173,0,1.23303,0,1.23331,0,1.16119,0,1.15808,0,1.15475,0,1.17085,0,1.17088,0,1.18899,0,1.19852,0,1.22198,0,1.18795,0,1.18798,0,1.17024,0,1.18778,0,1.18841,0,1.17457,0,1.1746,0,1.17503,0,1.19918,0,1.20813,0,1.23837,0,1.23782,0,1.30101,0,1.28188,0,1.27351,0,1.27901,0,1.2928,0,1.29834,0,1.31305,0,1.28345,0,1.29249,0,1.34126,0,1.34593,0,1.422,0,1.42136,0,1.42763,0,1.43801,0,1.43748,0,1.43518,0,1.43178,0,1.45774,0,1.456,0,1.51407,0,1.51585,0,1.5131,0,1.53329,0,1.53271,0,1.53271,0,1.55662,0,1.55942,0,1.59821,0,1.59753,0,1.6135,0,1.61329,0,1.64422,0,1.63686,0,1.66606,0,1.6559,0,1.65491,0,1.65064,0,1.66151,0,1.66047,0,1.68887,0,1.68848,0,1.69963,0,1.69409,0,1.73205,0,1.70188,0,1.68317,0,1.68266,0,1.6822,0,1.69055,0,1.68703,0,1.68417,0,1.69851,0,1.70043,0,1.66118,0,1.65853,0,1.64056,0,1.70392,0,1.70267,0,1.70192,0,1.75458,0,1.68827,0,1.69277,0,1.69876,0,1.74474,0,1.7407,0,1.75399,0,1.75503,0,1.77314,0,1.78984,0,1.77894,0,1.76451,0,1.6283,0,1.62731,0,1.62737,0,1.63827,0,1.57514,0,1.5501,0,1.54062,0,1.52999,0,1.52454,0,1.50499,0,1.47881,0,1.4796,0,1.4919,0,1.4813,0,1.49205,0,1.47754,0,1.47662,0,1.47846,0,1.45011,0,1.46594,0,1.39992,0,1.39653,0,1.3856,0,1.39289,0,1.37984,0,1.38291,0,1.38705,0,1.3889,0,1.39083,0,1.39004,0,1.38092,0,1.36787,0,1.39798,0,1.40729,0,1.40744,0,1.38519,0,1.38533,0,1.40343,0,1.40145,0,1.42557,0,1.44466,0,1.44637,0,1.36453,0,1.36447,0,1.38878,0,1.39689,0,1.39807,0,1.38857,0,1.38201,0,1.38945,0,1.39133,0,1.3891,0,1.38705,0,1.3897,0,1.3888,0,1.46149,0,1.46177,0,1.43516,0,1.43788,0,1.45388,0,1.45037,0,1.43297,0,1.47139,0,1.41126,0,1.41053,0,1.48332,0,1.48189,0,1.52328,0,1.52218,0,1.53709,0,1.53511,0,1.53354,0,1.53282,0,1.53302,0,1.53889,0,1.53534,0,1.53696,0,1.53476,0,1.54069,0,1.54724,0,1.54727,0,0.00360009,0,1.55276,0,1.5531,0,1.55836,0,1.55743,0,1.56145,0,1.56438,0,1.57171,0,1.57256,0,1.5734,0,1.58218,0,1.57933,0,1.58497,0,1.58473,0,1.5776,0,1.58329,0,1.58202,0,1.58482,0,1.59025,0,1.58864,0,1.59249,0,1.59848,0,1.59538,0,1.59894,0,1.60112,0,1.60296,0,1.60906,0,1.61669,0,1.61317,0,1.61916,0,1.6176,0,1.62391,0,1.62154,0,1.61922,0,1.62132,0,1.62271,0,1.62074,0,0.00351917,0,1.62873,0,1.63666,0,1.63618,0,1.63344,0,1.64043,0,1.64148,0,1.65207,0,1.65061,0,1.64854,0,1.64878,0,1.65043,0,1.65068,0,1.6476,0
0,0,0,0,0,0,0,0,0,0,0,0,0,0,0,0,0,0,0,0,0,0,0,0,0,0,0,0,0,0,0,0,0,0,0,0,0,0,0,0,0,0,0,0,0,0,0,0,0,0,0,0,0,0,0,0,0,0,0,0,0,0,0,0,0,0,0,0,0,0,0,0,0,0,0,0,0,0,0,0,0,0,0,0,0,0,0,0,0,0,0,0,0,0,0,0,0,0,0,0,0,0,0,0,0,0,0,0,0,0,0,0,0,0,0,0,0,0,0,0,0,0,0,0,0,0,0,0,0,0,0,0,0,0,0,0,0,0,0,0,0,0,0,0,0,0,0,0,0,0,0,0,0,0,0,0,0,0,0,0,0,0,0,0,0,0,0,0,0,0,0,0,0,0,0,0,0,0,0,0,0,0,0,0,0,0,0,0,0,0,0,0,0,0,0,0,0,0,0,0,0,0,0,0,0,0,0,0,0,0,0,0,0,0,0,0,0,0,0,0,0,0,0,0,0,0,0,0,0,0,0,0,0,0,0,0,0,0,0,0,0,0,0,0,0,0,0,0,0,0,0,0,0,0,0,0,0,0,0,0,0,0,0,0,0,0,0,0,0,0,0,0,0,0,0,0,0,0,0,0,0,0,0,0,0,0,0,0,0,0,0,0,0,0,0,0,0,0,0,0,0,0,0,0,0,0,0,0,0,0,0,0,0,0,0,0,0,0,0,0,0,0,0,0,0,0,0,0,0,0,0,0,0,0,0,0,0,0,0,0,0,0,0,0,0,0,0,0,0,0,0,0,0,0,0,0,0,0,0,0,0,0,0,0,0,0,0,0,0,0,0,0,0,0,0,0,0,0,0,0,0,0,0,0,0,0,0,0,0,0,0,0,0,0,0,0,0,0,0,0,0,0,0,0,0,0,0,0,0,0,0,0,0,0,0,0,0,0,0,0,0,0,0,0,0,0,0,0,0,0,0,0,0,0,0,0,0,0,0,0,0,0,0,0,0,0,0,0,0,0,0,0,0,0,0,0,0,0,0,0,0,0,0,0,0,0,0,0,0,0,0,0,0,0,0,0,0,0,0,0,0,0,0,0,0,0,0,0,0,0,0,0,0,0,0,0,0,0,0,0,0,0,0,0,0,0,0,0,0,0,0,0,0,0,0,0,0,0,0,0,0,0,0,0,0,0,0,0,0,0,0,0,0,0,0,0,0,0,0,0,0,0,0,0,0,0,0,0,0,0,0,0,0,0,0,0,0,0,0,0,0,0,0,0,0,0,0,0,0,0,0,0,0,0,0,0,0,0,0,0,0,0,0,0,0,0,0,0,0,0,0,0,0,0,0,0,0,0,0,0
1.05824,0,1.06058,0,1.06204,0,1.05434,0,1.05658,0,1.05854,0,1.21151,0,1.06734,0,1.07044,0,1.07185,0,1.0742,0,1.0806,0,1.08292,0,1.08376,0,1.08413,0,1.09079,0,1.09741,0,1.10173,0,1.10868,0,1.10539,0,1.10862,0,1.10896,0,1.10705,0,1.10966,0,1.11082,0,1.1142,0,1.11866,0,1.11985,0,1.11983,0,1.12027,0,1.12649,0,1.13514,0,1.14295,0,1.14684,0,1.14793,0,1.13899,0,1.13907,0,1.13179,0,1.1338,0,1.13573,0,1.24374,0,1.1394,0,1.138,0,1.13528,0,1.13628,0,1.13386,0,1.14036,0,1.1416,0,1.14477,0,1.14658,0,1.15412,0,1.15589,0,1.16067,0,1.16482,0,1.16861,0,1.17436,0,1.17622,0,1.18218,0,1.18567,0,1.35385,0,1.53241,0,1.54299,0,1.54316,0,1.20229,0,1.20758,0,1.20867,0,1.21364,0,1.20716,0,1.2074,0,1.20682,0,0.00348699,0,1.12916,0,1.28813,0,1.10891,0,1.2529,0,1.25386,0,1.25454,0,1.25607,0,1.26035,0,1.13691,0,1.13884,0,1.16802,0,1.2102,0,1.18695,0,1.21603,0,1.23167,0,1.23239,0,1.21181,0,1.19218,0,1.17454,0,1.16145,0,1.18889,0,1.19708,0,1.21052,0,1.22913,0,1.21699,0,1.21854,0,1.23401,0,1.25629,0,1.26493,0,1.25996,0,1.27939,0,1.26449,0,1.35678,0,1.29615,0,1.36952,0,1.41007,0,1.40982,0,1.39378,0,1.43206,0,1.43765,0,1.42293,0,1.45723,0,1.51702,0,1.51344,0,1.48887,0,1.5294,0,1.49664,0,1.5205,0,1.53925,0,1.51754,0,1.54091,0,1.56428,0,1.58275,0,1.59944,0,1.62484,0,1.61422,0,1.62037,0,1.62794,0,1.67309,0,1.67846,0,1.67992,0,1.675,0,1.71094,0,1.7451,0,1.74315,0,1.71086,0,1.69793,0,1.69791,0,1.70428,0,1.69893,0,1.69568,0,1.696,0,1.69645,0,1.69993,0,1.72517,0,1.72807,0,1.72679,0,1.75586,0,1.75505,0,1.69799,0,1.71041,0,1.70757,0,1.72273,0,1.71591,0,1.71294,0,1.69049,0,1.69106,0,1.69101,0,1.72296,0,1.72085,0,1.71671,0,1.71658,0,1.77217,0,1.76045,0,1.77642,0,1.79996,0,1.75777,0,1.64715,0,1.64595,0,1.66422,0,1.61349,0,1.61699,0,1.58025,0,1.5148,0,1.51718,0,1.53194,0,1.53279,0,1.50911,0,1.48513,0,1.50519,0,1.49563,0,1.48689,0,1.48659,0,1.48917,0,1.48138,0,1.45854,0,1.46524,0,1.4562,0,1.40172,0,1.40062,0,1.39327,0,1.41297,0,1.40602,0,1.40553,0,1.44173,0,1.4413,0,1.46523,0,1.39283,0,1.39487,0,1.36062,0,1.40312,0,1.4134,0,1.38471,0,1.40031,0,1.4128,0,1.39364,0,1.39867,0,1.38349,0,1.38096,0,1.38105,0,1.46123,0,1.45404,0,1.39152,0,1.38885,0,1.3683,0,1.36178,0,1.40218,0,1.3991,0,1.39733,0,1.40351,0,1.41672,0,1.413,0,1.43598,0,1.43341,0,1.42859,0,1.42932,0,1.43843,0,1.4429,0,1.43444,0,1.43601,0,1.4198,0,1.41989,0,1.4234,0,1.52571,0,1.52621,0,1.52976,0,1.52326,0,1.52286,0,1.52703,0,1.53006,0,1.53278,0,1.53125,0,1.53005,0,1.53216,0,1.53033,0,1.53979,0,1.53825,0,1.54283,0,1.54498,0,1.54424,0,1.5443,0,1.54864,0,1.54907,0,1.5558,0,1.56095,0,1.56349,0,1.56426,0,1.56511,0,1.56402,0,1.57021,0,1.57694,0,1.57929,0,1.57903,0,1.57853,0,1.5761,0,1.583,0,1.58231,0,1.58618,0,1.58888,0,1.58874,0,1.59467,0,1.59072,0,1.59323,0,1.59966,0,1.59769,0,1.59519,0,1.59569,0,1.59911,0,1.71432,0,1.61442,0,1.61299,0,1.61372,0,1.62158,0,1.62287,0,1.619,0,1.62337,0,1.62321,0,1.6278,0,1.63285,0,1.63308,0,1.64355,0,1.64381,0,1.64416,0,1.64596,0,1.65021,0,1.6511,0,1.64735,0,1.64404,0,1.64762,0
0,0,0,0,0,0,0,0,0,0,0,0,0,0,0,0,0,0,0,0,0,0,0,0,0,0,0,0,0,0,0,0,0,0,0,0,0,0,0,0,0,0,0,0,0,0,0,0,0,0,0,0,0,0,0,0,0,0,0,0,0,0,0,0,0,0,0,0,0,0,0,0,0,0,0,0,0,0,0,0,0,0,0,0,0,0,0,0,0,0,0,0,0,0,0,0,0,0,0,0,0,0,0,0,0,0,0,0,0,0,0,0,0,0,0,0,0,0,0,0,0,0,0,0,0,0,0,0,0,0,0,0,0,0,0,0,0,0,0,0,0,0,0,0,0,0,0,0,0,0,0,0,0,0,0,0,0,0,0,0,0,0,0,0,0,0,0,0,0,0,0,0,0,0,0,0,0,0,0,0,0,0,0,0,0,0,0,0,0,0,0,0,0,0,0,0,0,0,0,0,0,0,0,0,0,0,0,0,0,0,0,0,0,0,0,0,0,0,0,0,0,0,0,0,0,0,0,0,0,0,0,0,0,0,0,0,0,0,0,0,0,0,0,0,0,0,0,0,0,0,0,0,0,0,0,0,0,0,0,0,0,0,0,0,0,0,0,0,0,0,0,0,0,0,0,0,0,0,0,0,0,0,0,0,0,0,0,0,0,0,0,0,0,0,0,0,0,0,0,0,0,0,0,0,0,0,0,0,0,0,0,0,0,0,0,0,0,0,0,0,0,0,0,0,0,0,0,0,0,0,0,0,0,0,0,0,0,0,0,0,0,0,0,0,0,0,0,0,0,0,0,0,0,0,0,0,0,0,0,0,0,0,0,0,0,0,0,0,0,0,0,0,0,0,0,0,0,0,0,0,0,0,0,0,0,0,0,0,0,0,0,0,0,0,0,0,0,0,0,0,0,0,0,0,0,0,0,0,0,0,0,0,0,0,0,0,0,0,0,0,0,0,0,0,0,0,0,0,0,0,0,0,0,0,0,0,0,0,0,0,0,0,0,0,0,0,0,0,0,0,0,0,0,0,0,0,0,0,0,0,0,0,0,0,0,0,0,0,0,0,0,0,0,0,0,0,0,0,0,0,0,0,0,0,0,0,0,0,0,0,0,0,0,0,0,0,0,0,0,0,0,0,0,0,0,0,0,0,0,0,0,0,0,0,0,0,0,0,0,0,0,0,0,0,0,0,0,0,0,0,0,0,0,0,0,0,0,0,0,0,0,0,0,0,0,0,0,0,0,0,0,0,0,0,0,0,0,0,0,0,0,0,0,0,0,0,0,0,0,0,0,0,0,0,0,0,0,0,0,0,0,0,0,0,0,0,0,0,0,0,0,0,0,0,0,0,0,0,0,0
1.05013,0,1.05191,0,1.05493,0,1.05509,0,1.0543,0,1.05753,0,1.0609,0,1.06349,0,1.06712,0,1.06806,0,1.0675,0,1.0718,0,1.07392,0,1.08015,0,1.08262,0,1.08416,0,1.08819,0,1.09242,0,1.09447,0,1.09729,0,1.09793,0,1.09901,0,1.09848,0,1.10036,0,1.10163,0,1.10391,0,1.10533,0,1.10818,0,1.11428,0,1.12293,0,1.12174,0,1.12257,0,1.25773,0,1.13961,0,1.13377,0,0.00344637,0,1.12149,0,1.11947,0,1.11824,0,1.11853,0,1.12127,0,1.12514,0,1.12523,0,1.12973,0,1.1301,0,1.1315,0,1.13239,0,1.13212,0,1.13432,0,1.13812,0,1.14351,0,1.14791,0,1.15668,0,1.16316,0,1.16423,0,1.16768,0,1.17151,0,1.17393,0,1.17499,0,1.18086,0,1.1831,0,1.32903,0,1.19231,0,1.19312,0,1.19436,0,1.1955,0,1.19885,0,1.19844,0,1.19876,0,0.00355416,0,0.00366885,0,0.00322552,0,1.06718,0,1.06709,0,1.06819,0,1.04663,0,1.04697,0,1.05708,0,1.07294,0,1.07209,0,1.23967,0,1.22371,0,1.18811,0,1.19768,0,1.20031,0,1.19884,0,1.20114,0,1.19954,0,1.17887,0,1.18361,0,1.17431,0,1.19338,0,1.18554,0,1.23841,0,1.23833,0,1.2782,0,1.23008,0,1.22073,0,1.24356,0,1.2699,0,1.26752,0,1.26791,0,1.26765,0,1.26602,0,1.3081,0,1.37943,0,1.379,0,1.36244,0,1.36149,0,1.39851,0,1.3988,0,1.46659,0,1.43952,0,1.4386,0,1.50038,0,1.48391,0,1.51246,0,1.5678,0,1.52414,0,1.55094,0,1.55853,0,1.5442,0,1.66961,0,1.61109,0,1.6084,0,1.61535,0,1.61715,0,1.65184,0,1.65215,0,1.73843,0,1.67518,0,1.67225,0,1.70061,0,1.70226,0,1.71056,0,1.71363,0,1.73846,0,1.72539,0,1.73157,0,1.73097,0,1.71089,0,1.72732,0,1.70298,0,1.70693,0,1.72223,0,1.73519,0,1.75886,0,1.76353,0,1.75801,0,1.72756,0,1.73799,0,1.73176,0,1.71832,0,1.74452,0,1.74399,0,1.728,0,1.73765,0,1.72267,0,1.7217,0,1.72037,0,1.71744,0,1.71623,0,1.71062,0,1.70942,0,1.71118,0,1.69945,0,1.74768,0,1.72303,0,1.7255,0,1.61642,0,1.61312,0,1.63762,0,1.60311,0,1.56156,0,1.56459,0,1.53253,0,1.5204,0,1.51921,0,1.51014,0,1.49135,0,1.49836,0,1.48017,0,1.52309,0,1.47768,0,1.48804,0,1.48021,0,1.47945,0,1.47844,0,1.42295,0,1.42197,0,1.4299,0,1.42854,0,1.4038,0,1.39933,0,1.42038,0,1.40149,0,1.40182,0,1.37396,0,1.36452,0,1.3592,0,1.35339,0,1.37143,0,1.39365,0,1.40484,0,1.4034,0,1.407,0,1.39621,0,1.40239,0,1.38548,0,1.39511,0,1.39691,0,1.3972,0,1.54384,0,1.4194,0,1.40556,0,1.37304,0,1.37341,0,1.404,0,1.40568,0,1.39695,0,1.4059,0,1.42756,0,1.41313,0,1.41406,0,1.41295,0,1.40083,0,1.40578,0,1.42063,0,1.4215,0,1.43514,0,1.44038,0,1.43041,0,1.47388,0,1.47263,0,1.50498,0,1.50443,0,1.50837,0,1.51051,0,1.51001,0,1.52048,0,1.52133,0,1.52355,0,1.52163,0,1.52538,0,1.52692,0,1.52842,0,1.53649,0,1.5373,0,1.54217,0,1.54413,0,1.54647,0,1.5424,0,1.54974,0,1.54735,0,1.54833,0,1.54723,0,1.55344,0,1.55841,0,1.56436,0,1.56287,0,1.56462,0,1.57579,0,1.5748,0,1.57356,0,1.57444,0,1.57501,0,1.57989,0,1.58603,0,1.585,0,1.58817,0,1.59052,0,1.59084,0,1.59011,0,1.59547,0,1.59238,0,1.59166,0,1.59212,0,1.59203,0,1.59579,0,1.59657,0,1.60307,0,1.6032,0,1.60932,0,1.60725,0,1.61502,0,1.61541,0,1.62341,0,1.62366,0,1.62861,0,1.62861,0,1.64066,0,1.64073,0,1.64711,0,1.64393,0,1.64209,0,1.63834,0,1.63801,0,1.6365,0,1.6416,0,1.64269,0
0,0,0,0,0,0,0,0,0,0,0,0,0,0,0,0,0,0,0,0,0,0,0,0,0,0,0,0,0,0,0,0,0,0,0,0,0,0,0,0,0,0,0,0,0,0,0,0,0,0,0,0,0,0,0,0,0,0,0,0,0,0,0,0,0,0,0,0,0,0,0,0,0,0,0,0,0,0,0,0,0,0,0,0,0,0,0,0,0,0,0,0,0,0,0,0,0,0,0,0,0,0,0,0,0,0,0,0,0,0,0,0,0,0,0,0,0,0,0,0,0,0,0,0,0,0,0,0,0,0,0,0,0,0,0,0,0,0,0,0,0,0,0,0,0,0,0,0,0,0,0,0,0,0,0,0,0,0,0,0,0,0,0,0,0,0,0,0,0,0,0,0,0,0,0,0,0,0,0,0,0,0,0,0,0,0,0,0,0,0,0,0,0,0,0,0,0,0,0,0,0,0,0,0,0,0,0,0,0,0,0,0,0,0,0,0,0,0,0,0,0,0,0,0,0,0,0,0,0,0,0,0,0,0,0,0,0,0,0,0,0,0,0,0,0,0,0,0,0,0,0,0,0,0,0,0,0,0,0,0,0,0,0,0,0,0,0,0,0,0,0,0,0,0,0,0,0,0,0,0,0,0,0,0,0,0,0,0,0,0,0,0,0,0,0,0,0,0,0,0,0,0,0,0,0,0,0,0,0,0,0,0,0,0,0,0,0,0,0,0,0,0,0,0,0,0,0,0,0,0,0,0,0,0,0,0,0,0,0,0,0,0,0,0,0,0,0,0,0,0,0,0,0,0,0,0,0,0,0,0,0,0,0,0,0,0,0,0,0,0,0,0,0,0,0,0,0,0,0,0,0,0,0,0,0,0,0,0,0,0,0,0,0,0,0,0,0,0,0,0,0,0,0,0,0,0,0,0,0,0,0,0,0,0,0,0,0,0,0,0,0,0,0,0,0,0,0,0,0,0,0,0,0,0,0,0,0,0,0,0,0,0,0,0,0,0,0,0,0,0,0,0,0,0,0,0,0,0,0,0,0,0,0,0,0,0,0,0,0,0,0,0,0,0,0,0,0,0,0,0,0,0,0,0,0,0,0,0,0,0,0,0,0,0,0,0,0,0,0,0,0,0,0,0,0,0,0,0,0,0,0,0,0,0,0,0,0,0,0,0,0,0,0,0,0,0,0,0,0,0,0,0,0,0,0,0,0,0,0,0,0,0,0,0,0,0,0,0,0,0,0,0,0,0,0,0,0,0,0,0,0,0,0,0,0,0,0,0,0,0,0,0,0,0,0,0,0,0,0,0,0,0,0,0,0,0,0,0,0,0,0,0,0,0,0,0,0,0,0,0
1.04973,0,1.04937,0,1.05132,0,1.05244,0,1.05308,0,1.05865,0,1.06265,0,1.06408,0,1.06459,0,1.06619,0,1.06666,0,1.07341,0,1.07816,0,1.08139,0,1.08313,0,1.08462,0,1.08485,0,1.08943,0,1.08914,0,1.08906,0,1.09154,0,1.09219,0,1.09264,0,1.09242,0,1.09744,0,1.09842,0,1.09997,0,1.09932,0,1.10171,0,1.09831,0,1.1102,0,1.11399,0,1.11604,0,1.11542,0,1.11557,0,1.10846,0,1.10979,0,1.10828,0,1.10687,0,1.10584,0,1.10869,0,1.11019,0,1.11171,0,1.11435,0,1.11663,0,1.11863,0,1.12108,0,1.11932,0,1.12467,0,1.12917,0,1.13377,0,1.13719,0,1.24557,0,0.00348152,0,0.00359127,0,1.15826,0,1.15876,0,1.16312,0,1.16566,0,1.62187,0,1.17321,0,1.17488,0,1.18105,0,1.18711,0,1.19129,0,1.19133,0,1.19307,0,1.19428,0,1.19509,0,1.19527,0,1.19545,0,1.12636,0,1.24182,0,1.24347,0,1.04898,0,1.05048,0,1.05242,0,1.04997,0,1.05279,0,1.22224,0,1.09251,0,1.09615,0,1.18095,0,1.19884,0,1.19921,0,1.20019,0,1.19809,0,1.17526,0,1.17666,0,1.17511,0,1.17013,0,1.16149,0,1.24773,0,1.23668,0,1.22951,0,1.23656,0,1.21993,0,1.22365,0,1.22207,0,1.22082,0,1.24743,0,1.25478,0,1.31683,0,1.28415,0,1.29958,0,1.30642,0,1.33128,0,1.33165,0,1.38623,0,1.3864,0,1.41329,0,1.44176,0,1.44145,0,1.4508,0,1.48389,0,1.49068,0,1.55914,0,1.54344,0,1.57688,0,1.5795,0,1.56214,0,1.62747,0,1.61728,0,1.60254,0,1.60942,0,1.62722,0,1.62804,0,1.65981,0,1.64851,0,1.6618,0,1.68658,0,1.69242,0,1.70544,0,1.70655,0,1.71651,0,1.71651,0,1.73204,0,1.72701,0,1.7094,0,1.762,0,1.73695,0,1.76154,0,1.76291,0,1.77462,0,1.74749,0,1.75133,0,1.75152,0,1.73669,0,1.77126,0,1.75229,0,1.75306,0,1.76155,0,1.76201,0,1.7348,0,1.73853,0,1.74999,0,1.73187,0,1.73098,0,1.73249,0,1.73219,0,1.72169,0,1.72136,0,1.72326,0,1.72989,0,1.7131,0,1.7095,0,1.77743,0,1.69924,0,1.70445,0,1.70111,0,1.75105,0,1.68243,0,1.58387,0,1.58716,0,1.55414,0,1.52837,0,1.51014,0,1.50779,0,1.53681,0,1.49682,0,1.50057,0,1.48794,0,1.47825,0,1.49717,0,1.49079,0,1.47047,0,1.46239,0,1.4516,0,1.45788,0,1.45457,0,1.45208,0,1.4528,0,1.45643,0,1.43671,0,1.45385,0,1.45057,0,1.4032,0,1.38614,0,1.37485,0,1.39932,0,1.39364,0,1.41615,0,1.3959,0,1.39049,0,1.39139,0,1.40701,0,1.38436,0,1.38579,0,1.39274,0,1.38119,0,1.37775,0,1.41543,0,1.41606,0,1.43033,0,1.43207,0,1.396,0,1.37212,0,1.40882,0,1.38853,0,1.4032,0,1.42062,0,1.39908,0,1.40206,0,1.40482,0,1.41603,0,1.39451,0,1.40421,0,1.39049,0,1.39336,0,1.39367,0,1.39553,0,1.44518,0,1.45287,0,1.5094,0,1.49229,0,1.48478,0,1.51291,0,1.49549,0,1.49821,0,1.50192,0,0.00334762,0,0.00372037,0,1.51697,0,1.51984,0,1.51911,0,1.52599,0,1.68534,0,1.53447,0,1.54002,0,1.54214,0,1.54256,0,1.54109,0,1.54638,0,1.54449,0,1.54769,0,1.55279,0,1.55018,0,1.5549,0,1.55698,0,0.00360168,0,1.57451,0,1.57207,0,1.57898,0,1.57764,0,1.57439,0,1.57856,0,1.57748,0,1.5743,0,1.57938,0,1.57739,0,1.57923,0,1.58441,0,1.58201,0,1.58047,0,1.58622,0,1.59281,0,1.5927,0,1.59262,0,1.59343,0,1.59724,0,1.60192,0,1.60594,0,1.60599,0,1.60933,0,1.61038,0,1.62303,0,1.61982,0,1.62536,0,1.62954,0,1.62767,0,1.63064,0,1.63088,0,1.63483,0,1.63447,0,1.63273,0,1.62625,0,1.62701,0,1.62479,0,1.63546,0,1.63821,0
0,0,0,0,0,0,0,0,0,0,0,0,0,0,0,0,0,0,0,0,0,0,0,0,0,0,0,0,0,0,0,0,0,0,0,0,0,0,0,0,0,0,0,0,0,0,0,0,0,0,0,0,0,0,0,0,0,0,0,0,0,0,0,0,0,0,0,0,0,0,0,0,0,0,0,0,0,0,0,0,0,0,0,0,0,0,0,0,0,0,0,0,0,0,0,0,0,0,0,0,0,0,0,0,0,0,0,0,0,0,0,0,0,0,0,0,0,0,0,0,0,0,0,0,0,0,0,0,0,0,0,0,0,0,0,0,0,0,0,0,0,0,0,0,0,0,0,0,0,0,0,0,0,0,0,0,0,0,0,0,0,0,0,0,0,0,0,0,0,0,0,0,0,0,0,0,0,0,0,0,0,0,0,0,0,0,0,0,0,0,0,0,0,0,0,0,0,0,0,0,0,0,0,0,0,0,0,0,0,0,0,0,0,0,0,0,0,0,0,0,0,0,0,0,0,0,0,0,0,0,0,0,0,0,0,0,0,0,0,0,0,0,0,0,0,0,0,0,0,0,0,0,0,0,0,0,0,0,0,0,0,0,0,0,0,0,0,0,0,0,0,0,0,0,0,0,0,0,0,0,0,0,0,0,0,0,0,0,0,0,0,0,0,0,0,0,0,0,0,0,0,0,0,0,0,0,0,0,0,0,0,0,0,0,0,0,0,0,0,0,0,0,0,0,0,0,0,0,0,0,0,0,0,0,0,0,0,0,0,0,0,0,0,0,0,0,0,0,0,0,0,0,0,0,0,0,0,0,0,0,0,0,0,0,0,0,0,0,0,0,0,0,0,0,0,0,0,0,0,0,0,0,0,0,0,0,0,0,0,0,0,0,0,0,0,0,0,0,0,0,0,0,0,0,0,0,0,0,0,0,0,0,0,0,0,0,0,0,0,0,0,0,0,0,0,0,0,0,0,0,0,0,0,0,0,0,0,0,0,0,0,0,0,0,0,0,0,0,0,0,0,0,0,0,0,0,0,0,0,0,0,0,0,0,0,0,0,0,0,0,0,0,0,0,0,0,0,0,0,0,0,0,0,0,0,0,0,0,0,0,0,0,0,0,0,0,0,0,0,0,0,0,0,0,0,0,0,0,0,0,0,0,0,0,0,0,0,0,0,0,0,0,0,0,0,0,0,0,0,0,0,0,0,0,0,0,0,0,0,0,0,0,0,0,0,0,0,0,0,0,0,0,0,0,0,0,0,0,0,0,0,0,0,0,0,0,0,0,0,0,0,0,0,0,0,0,0,0,0,0,0,0,0,0,0,0,0,0,0,0,0,0,0,0,0,0,0,0,0,0
1.05538,0,1.05641,0,1.05369,0,1.05442,0,1.0567,0,1.06304,0,1.06349,0,1.068,0,1.06924,0,1.07027,0,1.07271,0,1.07541,0,1.07829,0,1.07896,0,1.07934,0,1.08137,0,1.08392,0,1.08413,0,1.08732,0,1.08823,0,1.09148,0,1.09205,0,1.09168,0,1.09087,0,1.09793,0,1.09769,0,1.09866,0,1.09883,0,1.09882,0,1.09912,0,1.09953,0,1.10112,0,1.10002,0,1.10189,0,1.10147,0,1.09604,0,1.0942,0,1.09249,0,1.09367,0,1.09844,0,1.09802,0,1.10006,0,1.10434,0,1.10577,0,1.11142,0,1.11279,0,1.11347,0,1.11199,0,1.11586,0,1.11998,0,1.12595,0,1.13281,0,1.13786,0,1.13772,0,1.13954,0,0.00367998,0,1.1565,0,1.15892,0,1.46804,0,1.48648,0,1.17272,0,1.17534,0,1.17627,0,1.17997,0,1.18748,0,1.18694,0,1.18853,0,1.18949,0,1.19308,0,1.19084,0,1.1928,0,1.15869,0,1.12526,0,0.00358501,0,1.07361,0,1.07224,0,1.07558,0,1.27783,0,1.27817,0,1.28073,0,1.26966,0,1.27018,0,1.19954,0,1.17529,0,1.15556,0,1.18126,0,1.1343,0,1.13918,0,1.1264,0,1.12672,0,1.16845,0,1.17883,0,1.22567,0,1.23303,0,1.23587,0,1.20187,0,1.19207,0,1.18958,0,1.19501,0,1.20251,0,1.27624,0,1.28014,0,1.22056,0,1.29902,0,1.29578,0,1.31721,0,1.31321,0,1.34356,0,1.35159,0,1.35688,0,1.39692,0,1.43642,0,1.43504,0,1.45011,0,1.54388,0,1.52744,0,1.51757,0,1.56253,0,1.59269,0,1.59132,0,1.58175,0,1.58912,0,1.58756,0,1.61062,0,1.61664,0,1.63096,0,1.64087,0,1.62988,0,1.65701,0,1.66719,0,1.71456,0,1.72054,0,1.74011,0,1.73512,0,1.73101,0,1.73173,0,1.75753,0,1.77744,0,1.75697,0,1.74848,0,1.75883,0,1.78633,0,1.77159,0,1.78009,0,1.77786,0,1.77218,0,1.77354,0,1.77591,0,1.7787,0,1.77905,0,1.76267,0,1.76175,0,1.75678,0,1.75645,0,1.74143,0,1.75776,0,1.75433,0,1.74822,0,1.74472,0,1.74559,0,1.72187,0,1.74027,0,1.75467,0,1.70035,0,1.69694,0,1.6872,0,1.67956,0,1.67907,0,1.68799,0,1.70079,0,1.70692,0,1.75058,0,1.63112,0,1.58366,0,1.56134,0,1.56029,0,1.61683,0,1.57359,0,1.55018,0,1.53737,0,1.50911,0,1.50777,0,1.49058,0,1.52388,0,1.47046,0,1.48193,0,1.45462,0,1.44768,0,1.42097,0,1.42149,0,1.44737,0,1.43602,0,1.44466,0,1.43837,0,1.41775,0,1.42347,0,1.36967,0,1.36982,0,1.36991,0,1.4666,0,1.46574,0,1.46584,0,1.38483,0,1.38518,0,1.39515,0,1.41365,0,1.42778,0,1.44702,0,1.44688,0,1.40829,0,1.38682,0,1.40478,0,1.39529,0,1.39583,0,1.36853,0,1.36766,0,1.37187,0,1.37228,0,1.40245,0,1.39235,0,1.38275,0,1.4111,0,1.39114,0,1.39233,0,1.41446,0,1.38892,0,1.3957,0,1.4206,0,1.39035,0,1.38526,0,1.39196,0,1.40385,0,1.45667,0,1.47853,0,1.47971,0,1.48076,0,1.52797,0,1.51211,0,1.50008,0,1.50058,0,1.50687,0,1.51238,0,1.51086,0,1.51967,0,1.51815,0,1.52539,0,1.53,0,1.53391,0,1.53661,0,1.54826,0,1.54659,0,1.54698,0,1.54721,0,1.55397,0,1.55169,0,1.56008,0,1.55574,0,1.55329,0,1.55836,0,1.56466,0,1.56175,0,1.5641,0,1.55527,0,1.56489,0,1.56801,0,1.56199,0,1.56803,0,1.56711,0,1.57484,0,1.57603,0,1.57214,0,1.57813,0,1.576,0,1.57859,0,1.58459,0,1.58957,0,1.58865,0,1.58789,0,1.59709,0,1.59604,0,1.59699,0,1.6014,0,1.61015,0,1.61687,0,1.61271,0,2.48605,0,1.62313,0,1.61817,0,1.61803,0,0.00374178,0,1.62259,0,1.62015,0,1.61179,0,1.61179,0,1.61016,0,1.61419,0,1.61627,0,1.62318,0,1.62342,0,1.62209,0
0,0,0,0,0,0,0,0,0,0,0,0,0,0,0,0,0,0,0,0,0,0,0,0,0,0,0,0,0,0,0,0,0,0,0,0,0,0,0,0,0,0,0,0,0,0,0,0,0,0,0,0,0,0,0,0,0,0,0,0,0,0,0,0,0,0,0,0,0,0,0,0,0,0,0,0,0,0,0,0,0,0,0,0,0,0,0,0,0,0,0,0,0,0,0,0,0,0,0,0,0,0,0,0,0,0,0,0,0,0,0,0,0,0,0,0,0,0,0,0,0,0,0,0,0,0,0,0,0,0,0,0,0,0,0,0,0,0,0,0,0,0,0,0,0,0,0,0,0,0,0,0,0,0,0,0,0,0,0,0,0,0,0,0,0,0,0,0,0,0,0,0,0,0,0,0,0,0,0,0,0,0,0,0,0,0,0,0,0,0,0,0,0,0,0,0,0,0,0,0,0,0,0,0,0,0,0,0,0,0,0,0,0,0,0,0,0,0,0,0,0,0,0,0,0,0,0,0,0,0,0,0,0,0,0,0,0,0,0,0,0,0,0,0,0,0,0,0,0,0,0,0,0,0,0,0,0,0,0,0,0,0,0,0,0,0,0,0,0,0,0,0,0,0,0,0,0,0,0,0,0,0,0,0,0,0,0,0,0,0,0,0,0,0,0,0,0,0,0,0,0,0,0,0,0,0,0,0,0,0,0,0,0,0,0,0,0,0,0,0,0,0,0,0,0,0,0,0,0,0,0,0,0,0,0,0,0,0,0,0,0,0,0,0,0,0,0,0,0,0,0,0,0,0,0,0,0,0,0,0,0,0,0,0,0,0,0,0,0,0,0,0,0,0,0,0,0,0,0,0,0,0,0,0,0,0,0,0,0,0,0,0,0,0,0,0,0,0,0,0,0,0,0,0,0,0,0,0,0,0,0,0,0,0,0,0,0,0,0,0,0,0,0,0,0,0,0,0,0,0,0,0,0,0,0,0,0,0,0,0,0,0,0,0,0,0,0,0,0,0,0,0,0,0,0,0,0,0,0,0,0,0,0,0,0,0,0,0,0,0,0,0,0,0,0,0,0,0,0,0,0,0,0,0,0,0,0,0,0,0,0,0,0,0,0,0,0,0,0,0,0,0,0,0,0,0,0,0,0,0,0,0,0,0,0,0,0,0,0,0,0,0,0,0,0,0,0,0,0,0,0,0,0,0,0,0,0,0,0,0,0,0,0,0,0,0,0,0,0,0,0,0,0,0,0,0,0,0,0,0,0,0,0,0,0,0,0,0,0,0,0,0,0,0,0,0,0,0,0,0,0,0,0,0,0,0,0,0,0,0,0,0,0,0,0,0,0,0,0,0
1.05737,0,1.05667,0,1.06001,0,1.05968,0,1.05895,0,1.0617,0,1.06699,0,1.06648,0,1.0688,0,1.07039,0,1.0726,0,1.07213,0,1.07406,0,1.0765,0,1.07837,0,1.0802,0,1.08272,0,1.08481,0,1.08653,0,1.08511,0,1.08424,0,1.08476,0,1.08566,0,1.08514,0,1.08532,0,1.0842,0,1.0856,0,1.08574,0,1.08653,0,1.08892,0,1.08857,0,1.08937,0,1.09018,0,1.08372,0,1.0846,0,1.08153,0,1.08829,0,1.08187,0,1.08208,0,1.08227,0,1.08407,0,1.09405,0,1.09623,0,1.10156,0,1.10817,0,1.10844,0,1.1092,0,1.1053,0,1.11121,0,1.11098,0,1.11327,0,1.11793,0,1.12252,0,1.13091,0,0.00319962,0,0.00353436,0,0.00362183,0,1.14904,0,0.00349396,0,0.0037538,0,1.1665,0,1.17019,0,1.17318,0,1.17628,0,1.18165,0,1.18395,0,1.18551,0,1.18955,0,1.18969,0,1.19052,0,1.19116,0,1.19326,0,1.18176,0,1.17333,0,1.16919,0,1.17009,0,0.00349253,0,1.41999,0,1.07321,0,1.17415,0,1.17389,0,1.15189,0,1.13871,0,1.15024,0,1.16567,0,1.16613,0,1.11761,0,1.11812,0,1.11708,0,1.13277,0,1.15512,0,1.15411,0,1.20588,0,1.19674,0,1.18746,0,1.19156,0,1.16354,0,1.16511,0,1.18436,0,1.18908,0,1.23462,0,1.25113,0,1.24703,0,1.27586,0,1.32211,0,1.32555,0,1.32549,0,1.32534,0,1.36895,0,1.35802,0,1.39303,0,1.40648,0,1.42566,0,1.44682,0,1.49481,0,1.49523,0,1.54162,0,1.56591,0,1.60013,0,1.62087,0,1.60736,0,1.6144,0,1.62957,0,1.62405,0,1.621,0,1.61819,0,1.63417,0,1.65278,0,1.68149,0,1.73234,0,1.73389,0,1.74304,0,1.74504,0,1.75781,0,1.7629,0,1.77999,0,1.78975,0,1.78975,0,1.79667,0,1.79334,0,1.80809,0,1.81455,0,1.79388,0,1.79403,0,1.80232,0,1.79395,0,1.78645,0,1.78755,0,1.78689,0,1.82687,0,1.79985,0,1.79936,0,1.77948,0,1.76227,0,1.76858,0,1.76908,0,1.75537,0,1.76337,0,1.75269,0,1.76042,0,1.73719,0,1.73263,0,1.74058,0,1.71603,0,1.69547,0,1.67798,0,1.67614,0,1.7089,0,1.74733,0,1.74653,0,1.70229,0,1.6964,0,1.74027,0,1.64271,0,1.63418,0,1.57641,0,1.57509,0,1.56959,0,1.65172,0,1.55309,0,1.70949,0,1.5475,0,1.49225,0,1.49155,0,1.47272,0,1.4784,0,1.44532,0,1.40995,0,1.45664,0,1.43115,0,1.42365,0,1.39171,0,1.40186,0,1.40253,0,1.38914,0,1.36052,0,1.39684,0,1.39637,0,1.39642,0,1.41343,0,1.40472,0,1.37567,0,1.40182,0,1.39736,0,1.3824,0,1.41555,0,1.42612,0,1.41069,0,1.396,0,1.40377,0,1.45803,0,1.37974,0,1.34724,0,1.33917,0,1.32939,0,1.34979,0,1.36925,0,1.36772,0,1.37904,0,1.38328,0,1.38805,0,1.38551,0,1.4129,0,1.43644,0,1.40306,0,1.39261,0,1.40313,0,1.40407,0,1.39518,0,1.40162,0,1.4472,0,1.4602,0,1.4653,0,1.47805,0,1.4635,0,1.46252,0,1.49923,0,1.5086,0,1.49144,0,1.49373,0,1.49335,0,1.49729,0,1.51287,0,1.51433,0,1.51879,0,1.51754,0,1.51965,0,1.52956,0,0.00405775,0,1.60926,0,1.54707,0,1.55108,0,1.55087,0,1.5488,0,1.54703,0,1.54633,0,1.54279,0,1.54356,0,1.54677,0,1.54802,0,1.55395,0,1.5524,0,1.55566,0,1.55527,0,1.55933,0,1.55753,0,1.56488,0,1.56312,0,1.56552,0,1.56737,0,1.5733,0,1.56872,0,1.57698,0,1.57689,0,1.58196,0,1.58106,0,1.59056,0,1.59218,0,1.59552,0,1.59578,0,1.59641,0,1.62048,0,1.61924,0,1.60046,0,1.60209,0,0.00355715,0,0.00351267,0,0.00372166,0,0.00390098,0,1.62869,0,1.60414,0,1.60597,0,1.60539,0,1.60044,0,1.60008,0,1.60322,0,1.61256,0,1.61023,0,1.60999,0,1.61862,0
0,0,0,0,0,0,0,0,0,0,0,0,0,0,0,0,0,0,0,0,0,0,0,0,0,0,0,0,0,0,0,0,0,0,0,0,0,0,0,0,0,0,0,0,0,0,0,0,0,0,0,0,0,0,0,0,0,0,0,0,0,0,0,0,0,0,0,0,0,0,0,0,0,0,0,0,0,0,0,0,0,0,0,0,0,0,0,0,0,0,0,0,0,0,0,0,0,0,0,0,0,0,0,0,0,0,0,0,0,0,0,0,0,0,0,0,0,0,0,0,0,0,0,0,0,0,0,0,0,0,0,0,0,0,0,0,0,0,0,0,0,0,0,0,0,0,0,0,0,0,0,0,0,0,0,0,0,0,0,0,0,0,0,0,0,0,0,0,0,0,0,0,0,0,0,0,0,0,0,0,0,0,0,0,0,0,0,0,0,0,0,0,0,0,0,0,0,0,0,0,0,0,0,0,0,0,0,0,0,0,0,0,0,0,0,0,0,0,0,0,0,0,0,0,0,0,0,0,0,0,0,0,0,0,0,0,0,0,0,0,0,0,0,0,0,0,0,0,0,0,0,0,0,0,0,0,0,0,0,0,0,0,0,0,0,0,0,0,0,0,0,0,0,0,0,0,0,0,0,0,0,0,0,0,0,0,0,0,0,0,0,0,0,0,0,0,0,0,0,0,0,0,0,0,0,0,0,0,0,0,0,0,0,0,0,0,0,0,0,0,0,0,0,0,0,0,0,0,0,0,0,0,0,0,0,0,0,0,0,0,0,0,0,0,0,0,0,0,0,0,0,0,0,0,0,0,0,0,0,0,0,0,0,0,0,0,0,0,0,0,0,0,0,0,0,0,0,0,0,0,0,0,0,0,0,0,0,0,0,0,0,0,0,0,0,0,0,0,0,0,0,0,0,0,0,0,0,0,0,0,0,0,0,0,0,0,0,0,0,0,0,0,0,0,0,0,0,0,0,0,0,0,0,0,0,0,0,0,0,0,0,0,0,0,0,0,0,0,0,0,0,0,0,0,0,0,0,0,0,0,0,0,0,0,0,0,0,0,0,0,0,0,0,0,0,0,0,0,0,0,0,0,0,0,0,0,0,0,0,0,0,0,0,0,0,0,0,0,0,0,0,0,0,0,0,0,0,0,0,0,0,0,0,0,0,0,0,0,0,0,0,0,0,0,0,0,0,0,0,0,0,0,0,0,0,0,0,0,0,0,0,0,0,0,0,0,0,0,0,0,0,0,0,0,0,0,0,0,0,0,0,0,0,0,0,0,0,0,0,0,0,0,0,0,0,0,0,0,0,0,0,0,0,0,0,0,0,0,0,0,0,0,0,0,0,0,0,0,0,0
1.05299,0,1.05292,0,1.05418,0,1.05887,0,1.05812,0,1.06052,0,1.06346,0,1.06695,0,1.06943,0,1.07028,0,1.07397,0,1.07583,0,1.07644,0,1.07775,0,1.07924,0,1.07838,0,1.07985,0,1.08072,0,1.0814,0,1.08129,0,1.08304,0,1.08387,0,1.08705,0,1.08395,0,1.07837,0,1.08008,0,1.08027,0,1.07977,0,1.0817,0,1.08272,0,1.08748,0,1.07381,0,1.07237,0,1.07613,0,1.07745,0,1.07301,0,1.07335,0,1.07715,0,1.07738,0,1.07928,0,1.08065,0,1.08951,0,1.09106,0,1.09116,0,1.09268,0,1.10207,0,1.10243,0,1.10402,0,1.10511,0,1.10767,0,1.10976,0,1.11343,0,1.11374,0,0.00316857,0,1.11923,0,0.00367816,0,1.50752,0,0.00351472,0,1.48082,0,1.41911,0,0.0037098,0,1.16459,0,1.44966,0,1.17705,0,1.17833,0,1.18152,0,1.18156,0,1.18345,0,1.18423,0,1.18598,0,1.18824,0,1.19076,0,1.18394,0,1.18466,0,1.17406,0,1.17758,0,1.17104,0,1.16245,0,1.16441,0,1.13777,0,1.13742,0,1.1391,0,1.14039,0,1.12693,0,1.12247,0,1.12024,0,1.12194,0,1.11961,0,1.14007,0,1.15956,0,1.13677,0,1.13656,0,1.15848,0,1.15586,0,1.1677,0,1.16763,0,1.15412,0,1.19138,0,1.19267,0,1.20292,0,1.20556,0,1.20642,0,1.20539,0,1.21131,0,1.21248,0,1.22947,0,1.32888,0,1.33341,0,1.36567,0,1.37818,0,1.37824,0,1.41932,0,1.41827,0,1.45747,0,1.49516,0,1.57883,0,1.55601,0,1.62873,0,1.62294,0,1.61419,0,1.62339,0,1.62079,0,1.62676,0,1.66083,0,1.77492,0,1.78569,0,1.72842,0,1.68551,0,1.75136,0,1.73997,0,1.76641,0,1.79542,0,1.80841,0,1.77609,0,1.81734,0,1.81663,0,1.81597,0,1.80666,0,1.803,0,1.80209,0,1.81475,0,1.83847,0,1.80906,0,1.80751,0,1.82069,0,1.8149,0,1.82638,0,1.83141,0,1.80507,0,1.82047,0,1.79682,0,1.80656,0,1.78866,0,1.7841,0,1.77946,0,1.78423,0,1.7764,0,1.77453,0,1.7751,0,1.74818,0,1.74189,0,1.73436,0,1.7289,0,1.73528,0,1.7405,0,1.72698,0,1.70415,0,1.69988,0,1.69666,0,1.68525,0,1.6813,0,1.66847,0,1.63434,0,1.63652,0,1.63854,0,1.63749,0,1.64046,0,1.63969,0,1.59862,0,1.56069,0,1.55636,0,1.55565,0,1.52811,0,1.52592,0,1.52639,0,1.47139,0,1.44379,0,1.46106,0,1.41455,0,1.39868,0,1.38021,0,1.38076,0,1.45175,0,1.39127,0,1.39072,0,1.37011,0,1.42594,0,1.39062,0,1.40524,0,1.39655,0,1.40208,0,1.39533,0,1.39479,0,1.37421,0,1.38122,0,1.37816,0,1.40291,0,1.40394,0,1.41688,0,1.40148,0,1.40198,0,1.40226,0,1.37155,0,1.37179,0,1.38567,0,1.35083,0,1.35349,0,1.35832,0,1.38177,0,1.39358,0,1.39683,0,1.40295,0,1.40588,0,1.39808,0,1.3998,0,1.40895,0,1.40196,0,1.40078,0,1.42025,0,1.44129,0,1.44175,0,1.46255,0,1.46358,0,1.49493,0,1.45057,0,1.50876,0,1.4953,0,1.4991,0,1.49731,0,1.50315,0,1.50244,0,1.50351,0,1.50514,0,1.50248,0,1.51027,0,1.51291,0,1.51223,0,0.00323962,0,0.00377494,0,0.00349084,0,1.53979,0,1.54038,0,1.53527,0,1.54039,0,1.53567,0,1.53559,0,1.53542,0,1.53733,0,1.5391,0,1.54416,0,1.54336,0,1.55028,0,1.54989,0,1.5519,0,1.55152,0,1.56122,0,1.56083,0,1.56619,0,1.56563,0,1.56834,0,1.56852,0,1.57339,0,1.57404,0,1.57181,0,1.57925,0,1.5796,0,1.61048,0,1.61588,0,1.58258,0,1.58131,0,1.57838,0,0.0035466,0,1.59695,0,1.60192,0,1.58892,0,1.59353,0,1.5927,0,1.59117,0,1.59011,0,1.58911,0,1.58861,0,1.59758,0,1.5988,0,1.59454,0,1.60061,0,1.59697,0,1.60203,0,1.60668,0,1.60593,0,1.62005,0
0,0,0,0,0,0,0,0,0,0,0,0,0,0,0,0,0,0,0,0,0,0,0,0,0,0,0,0,0,0,0,0,0,0,0,0,0,0,0,0,0,0,0,0,0,0,0,0,0,0,0,0,0,0,0,0,0,0,0,0,0,0,0,0,0,0,0,0,0,0,0,0,0,0,0,0,0,0,0,0,0,0,0,0,0,0,0,0,0,0,0,0,0,0,0,0,0,0,0,0,0,0,0,0,0,0,0,0,0,0,0,0,0,0,0,0,0,0,0,0,0,0,0,0,0,0,0,0,0,0,0,0,0,0,0,0,0,0,0,0,0,0,0,0,0,0,0,0,0,0,0,0,0,0,0,0,0,0,0,0,0,0,0,0,0,0,0,0,0,0,0,0,0,0,0,0,0,0,0,0,0,0,0,0,0,0,0,0,0,0,0,0,0,0,0,0,0,0,0,0,0,0,0,0,0,0,0,0,0,0,0,0,0,0,0,0,0,0,0,0,0,0,0,0,0,0,0,0,0,0,0,0,0,0,0,0,0,0,0,0,0,0,0,0,0,0,0,0,0,0,0,0,0,0,0,0,0,0,0,0,0,0,0,0,0,0,0,0,0,0,0,0,0,0,0,0,0,0,0,0,0,0,0,0,0,0,0,0,0,0,0,0,0,0,0,0,0,0,0,0,0,0,0,0,0,0,0,0,0,0,0,0,0,0,0,0,0,0,0,0,0,0,0,0,0,0,0,0,0,0,0,0,0,0,0,0,0,0,0,0,0,0,0,0,0,0,0,0,0,0,0,0,0,0,0,0,0,0,0,0,0,0,0,0,0,0,0,0,0,0,0,0,0,0,0,0,0,0,0,0,0,0,0,0,0,0,0,0,0,0,0,0,0,0,0,0,0,0,0,0,0,0,0,0,0,0,0,0,0,0,0,0,0,0,0,0,0,0,0,0,0,0,0,0,0,0,0,0,0,0,0,0,0,0,0,0,0,0,0,0,0,0,0,0,0,0,0,0,0,0,0,0,0,0,0,0,0,0,0,0,0,0,0,0,0,0,0,0,0,0,0,0,0,0,0,0,0,0,0,0,0,0,0,0,0,0,0,0,0,0,0,0,0,0,0,0,0,0,0,0,0,0,0,0,0,0,0,0,0,0,0,0,0,0,0,0,0,0,0,0,0,0,0,0,0,0,0,0,0,0,0,0,0,0,0,0,0,0,0,0,0,0,0,0,0,0,0,0,0,0,0,0,0,0,0,0,0,0,0,0,0,0,0,0,0,0,0,0,0,0,0,0,0,0,0,0,0,0,0,0,0,0,0,0,0,0,0,0,0,0,0,0,0,0,0,0,0,0,0,0
1.04,0,1.0445,0,1.04539,0,1.05438,0,1.0559,0,1.06183,0,1.06568,0,1.06931,0,1.06952,0,1.07069,0,1.07167,0,1.07361,0,1.07297,0,1.0784,0,1.07997,0,1.08029,0,1.08119,0,1.08148,0,1.08406,0,1.08032,0,1.07993,0,1.07944,0,1.08052,0,1.0802,0,1.08036,0,1.08043,0,1.08097,0,1.07344,0,1.07124,0,1.06865,0,1.06563,0,1.06643,0,1.06632,0,1.06791,0,1.06578,0,1.06644,0,1.06701,0,1.069,0,1.07152,0,1.07146,0,1.0755,0,1.07612,0,1.0769,0,1.08542,0,1.08615,0,1.09437,0,1.09766,0,1.09701,0,1.09878,0,1.10174,0,1.10245,0,1.10521,0,1.10625,0,1.10945,0,1.11158,0,1.11845,0,1.12528,0,1.13283,0,1.14086,0,1.35014,0,1.36113,0,1.35991,0,1.16105,0,1.38874,0,1.36018,0,1.36878,0,1.37418,0,1.17717,0,1.17753,0,1.1837,0,1.18396,0,1.19106,0,1.18675,0,1.18874,0,1.20265,0,1.20479,0,1.13543,0,1.13331,0,1.21568,0,1.14948,0,1.13409,0,1.13382,0,1.11612,0,1.11012,0,1.11176,0,1.12135,0,1.10593,0,1.12086,0,1.1351,0,1.10271,0,1.16982,0,1.1689,0,1.1376,0,1.13634,0,1.13681,0,1.16114,0,1.15693,0,1.11777,0,1.17346,0,1.17401,0,1.17543,0,1.18753,0,1.18818,0,1.20299,0,1.22242,0,1.29858,0,1.29776,0,1.29735,0,1.30346,0,1.34715,0,1.3721,0,1.39952,0,1.466,0,1.46521,0,1.47475,0,1.55302,0,1.58915,0,1.62697,0,1.63475,0,1.63023,0,1.63097,0,1.66466,0,1.6557,0,1.66676,0,1.66547,0,1.76818,0,1.75818,0,1.78253,0,1.8332,0,1.80615,0,1.81326,0,1.81329,0,1.79579,0,1.83469,0,1.83063,0,1.83428,0,1.83757,0,1.83809,0,1.82054,0,1.83233,0,1.85906,0,1.84493,0,1.83693,0,1.84574,0,1.84101,0,1.84863,0,1.85136,0,1.81387,0,1.8133,0,1.82512,0,1.81727,0,1.82111,0,1.80763,0,1.82322,0,1.79205,0,1.80163,0,1.80095,0,1.80275,0,1.76792,0,1.76786,0,1.75243,0,1.7445,0,1.74148,0,1.74117,0,1.73045,0,1.718,0,1.69742,0,1.69079,0,1.71079,0,1.70617,0,1.70433,0,1.64598,0,1.63565,0,1.63293,0,1.64759,0,1.6372,0,1.63659,0,0.00348133,0,1.5885,0,1.58499,0,1.58268,0,1.56159,0,1.54724,0,1.52528,0,1.5237,0,1.48515,0,1.47245,0,1.46447,0,1.45335,0,1.45203,0,1.44281,0,1.41802,0,1.41476,0,1.4632,0,1.44371,0,1.39368,0,1.39835,0,1.41272,0,1.38655,0,1.39279,0,1.38869,0,1.38861,0,1.3578,0,1.36496,0,1.38429,0,1.41289,0,1.41135,0,1.42311,0,1.42201,0,1.42045,0,1.4482,0,1.44856,0,1.39157,0,1.36889,0,1.37035,0,1.38824,0,1.37226,0,1.35919,0,1.35455,0,1.37993,0,1.38215,0,1.38161,0,1.3922,0,1.42851,0,1.43064,0,1.41135,0,1.42523,0,1.40106,0,1.40283,0,1.40297,0,1.43352,0,1.43952,0,1.43923,0,1.49248,0,1.4687,0,1.48595,0,1.48231,0,1.48375,0,1.488,0,1.49859,0,1.49616,0,1.49833,0,1.50569,0,1.50914,0,1.51237,0,1.51106,0,1.51408,0,1.51744,0,1.5173,0,1.51486,0,1.52407,0,1.5265,0,1.52576,0,1.52593,0,1.52792,0,1.53114,0,1.53389,0,1.53584,0,1.53521,0,1.54436,0,1.54248,0,1.55138,0,1.54902,0,1.547,0,1.54955,0,1.67122,0,1.56384,0,1.56637,0,1.56591,0,1.56552,0,1.55972,0,1.56193,0,1.56282,0,1.56369,0,0.00321938,0,1.59319,0,0.00362225,0,0.00345799,0,1.56263,0,1.5665,0,1.57382,0,1.57444,0,1.57503,0,1.57948,0,1.58216,0,1.58681,0,1.58533,0,1.58409,0,1.58486,0,1.58526,0,1.58631,0,1.59143,0,1.58688,0,1.58568,0,1.5903,0,1.60267,0,1.61712,0,1.6091,0,1.60363,0,1.60325,0
0,0,0,0,0,0,0,0,0,0,0,0,0,0,0,0,0,0,0,0,0,0,0,0,0,0,0,0,0,0,0,0,0,0,0,0,0,0,0,0,0,0,0,0,0,0,0,0,0,0,0,0,0,0,0,0,0,0,0,0,0,0,0,0,0,0,0,0,0,0,0,0,0,0,0,0,0,0,0,0,0,0,0,0,0,0,0,0,0,0,0,0,0,0,0,0,0,0,0,0,0,0,0,0,0,0,0,0,0,0,0,0,0,0,0,0,0,0,0,0,0,0,0,0,0,0,0,0,0,0,0,0,0,0,0,0,0,0,0,0,0,0,0,0,0,0,0,0,0,0,0,0,0,0,0,0,0,0,0,0,0,0,0,0,0,0,0,0,0,0,0,0,0,0,0,0,0,0,0,0,0,0,0,0,0,0,0,0,0,0,0,0,0,0,0,0,0,0,0,0,0,0,0,0,0,0,0,0,0,0,0,0,0,0,0,0,0,0,0,0,0,0,0,0,0,0,0,0,0,0,0,0,0,0,0,0,0,0,0,0,0,0,0,0,0,0,0,0,0,0,0,0,0,0,0,0,0,0,0,0,0,0,0,0,0,0,0,0,0,0,0,0,0,0,0,0,0,0,0,0,0,0,0,0,0,0,0,0,0,0,0,0,0,0,0,0,0,0,0,0,0,0,0,0,0,0,0,0,0,0,0,0,0,0,0,0,0,0,0,0,0,0,0,0,0,0,0,0,0,0,0,0,0,0,0,0,0,0,0,0,0,0,0,0,0,0,0,0,0,0,0,0,0,0,0,0,0,0,0,0,0,0,0,0,0,0,0,0,0,0,0,0,0,0,0,0,0,0,0,0,0,0,0,0,0,0,0,0,0,0,0,0,0,0,0,0,0,0,0,0,0,0,0,0,0,0,0,0,0,0,0,0,0,0,0,0,0,0,0,0,0,0,0,0,0,0,0,0,0,0,0,0,0,0,0,0,0,0,0,0,0,0,0,0,0,0,0,0,0,0,0,0,0,0,0,0,0,0,0,0,0,0,0,0,0,0,0,0,0,0,0,0,0,0,0,0,0,0,0,0,0,0,0,0,0,0,0,0,0,0,0,0,0,0,0,0,0,0,0,0,0,0,0,0,0,0,0,0,0,0,0,0,0,0,0,0,0,0,0,0,0,0,0,0,0,0,0,0,0,0,0,0,0,0,0,0,0,0,0,0,0,0,0,0,0,0,0,0,0,0,0,0,0,0,0,0,0,0,0,0,0,0,0,0,0,0,0,0,0,0,0,0,0,0,0,0,0,0,0,0,0,0,0,0,0,0,0,0,0,0,0,0,0,0,0,0,0,0,0,0
1.03212,0,1.03338,0,1.03519,0,1.03604,0,1.12518,0,0.00369346,0,0.00378198,0,1.06315,0,1.06304,0,1.06225,0,1.06168,0,1.0653,0,1.06642,0,1.07232,0,1.07416,0,1.07811,0,1.08141,0,1.07312,0,1.07403,0,1.07673,0,1.07722,0,1.0757,0,1.0577,0,1.05779,0,1.0607,0,1.05949,0,1.06109,0,1.06084,0,1.06094,0,1.06191,0,1.06223,0,1.063,0,1.06296,0,1.06617,0,1.06863,0,1.07054,0,1.06219,0,1.06502,0,1.07076,0,1.06726,0,1.06778,0,1.06877,0,1.07186,0,1.07342,0,1.07682,0,1.07703,0,1.08102,0,1.08533,0,1.08825,0,1.08934,0,1.09436,0,1.09872,0,1.10274,0,1.10693,0,1.11259,0,1.11529,0,1.40893,0,1.13172,0,1.13275,0,1.32764,0,1.3508,0,0.00339917,0,1.37517,0,1.39056,0,1.15929,0,1.37717,0,1.38809,0,1.17042,0,1.17194,0,1.17409,0,1.18224,0,1.1816,0,1.18271,0,1.18558,0,1.42185,0,1.09542,0,1.14058,0,1.16058,0,1.15292,0,1.1477,0,1.17239,0,1.13141,0,1.14008,0,1.13975,0,1.12992,0,1.12976,0,1.09694,0,1.09753,0,1.12362,0,1.12198,0,1.10579,0,1.10635,0,1.12669,0,1.11435,0,1.12307,0,1.13517,0,1.10309,0,1.10467,0,1.13726,0,1.13829,0,1.17452,0,1.18186,0,1.18185,0,1.19876,0,1.25671,0,1.2629,0,1.27038,0,1.27874,0,1.30234,0,1.33214,0,1.35942,0,1.42359,0,1.48012,0,1.48149,0,1.5146,0,1.57739,0,1.61362,0,1.61688,0,1.65375,0,1.66979,0,1.67308,0,1.68947,0,1.74925,0,1.78634,0,1.76972,0,1.78264,0,1.78424,0,1.82765,0,1.81464,0,1.8177,0,1.81499,0,1.82145,0,1.8472,0,1.86593,0,1.8689,0,1.88589,0,1.87649,0,1.89363,0,1.87627,0,1.90998,0,1.85707,0,1.86335,0,1.83602,0,1.86919,0,1.85488,0,1.83445,0,1.84075,0,1.89352,0,1.84689,0,1.84521,0,1.82453,0,1.81722,0,1.78758,0,1.79061,0,1.77556,0,1.792,0,1.80731,0,1.78504,0,1.78376,0,1.75716,0,1.7553,0,1.75547,0,1.73297,0,1.73015,0,1.7296,0,1.72833,0,1.70215,0,1.69986,0,1.71758,0,1.7256,0,1.74739,0,1.62851,0,1.62687,0,1.6265,0,1.62581,0,1.63732,0,1.63589,0,1.62072,0,1.60396,0,1.60257,0,1.60288,0,1.58424,0,0.00400176,0,1.52773,0,1.52733,0,1.52734,0,1.51419,0,1.47357,0,1.4606,0,1.4611,0,1.46195,0,1.43042,0,1.42782,0,1.4273,0,1.40498,0,1.40753,0,1.39183,0,1.38509,0,1.38997,0,1.38607,0,1.38954,0,1.37943,0,1.35951,0,1.3584,0,1.38885,0,1.48779,0,1.40618,0,1.40971,0,1.42704,0,1.41645,0,1.41307,0,1.38305,0,1.39243,0,1.38506,0,1.38283,0,1.38813,0,1.37519,0,1.3603,0,1.40259,0,1.399,0,1.39843,0,1.38931,0,1.38117,0,1.39243,0,1.40178,0,1.39887,0,1.39566,0,1.43363,0,1.43442,0,1.40922,0,1.41081,0,1.44202,0,1.4429,0,1.49595,0,1.46287,0,0.00321249,0,1.49038,0,1.48954,0,1.49357,0,1.49947,0,1.49694,0,1.49932,0,1.49964,0,1.49952,0,0.0033843,0,1.51056,0,1.51052,0,1.51295,0,1.51386,0,1.51384,0,1.52055,0,1.50994,0,1.5226,0,1.52143,0,1.52324,0,1.52756,0,1.53171,0,1.52961,0,1.53094,0,1.53917,0,1.53876,0,1.54041,0,1.54832,0,1.55207,0,1.55202,0,1.55405,0,1.67506,0,1.5458,0,1.62007,0,1.55092,0,1.55088,0,0.00344552,0,1.54623,0,1.5432,0,1.54686,0,1.54776,0,1.54867,0,1.55512,0,1.55529,0,1.55558,0,1.56257,0,0.00390838,0,1.57583,0,1.5788,0,1.57836,0,1.579,0,1.5766,0,1.57588,0,1.57767,0,1.58467,0,1.58073,0,1.58137,0,1.58303,0,1.58793,0,1.58971,0,1.58897,0,1.58973,0,1.589,0,1.59416,0,1.59387,0
0,0,0,0,0,0,0,0,0,0,0,0,0,0,0,0,0,0,0,0,0,0,0,0,0,0,0,0,0,0,0,0,0,0,0,0,0,0,0,0,0,0,0,0,0,0,0,0,0,0,0,0,0,0,0,0,0,0,0,0,0,0,0,0,0,0,0,0,0,0,0,0,0,0,0,0,0,0,0,0,0,0,0,0,0,0,0,0,0,0,0,0,0,0,0,0,0,0,0,0,0,0,0,0,0,0,0,0,0,0,0,0,0,0,0,0,0,0,0,0,0,0,0,0,0,0,0,0,0,0,0,0,0,0,0,0,0,0,0,0,0,0,0,0,0,0,0,0,0,0,0,0,0,0,0,0,0,0,0,0,0,0,0,0,0,0,0,0,0,0,0,0,0,0,0,0,0,0,0,0,0,0,0,0,0,0,0,0,0,0,0,0,0,0,0,0,0,0,0,0,0,0,0,0,0,0,0,0,0,0,0,0,0,0,0,0,0,0,0,0,0,0,0,0,0,0,0,0,0,0,0,0,0,0,0,0,0,0,0,0,0,0,0,0,0,0,0,0,0,0,0,0,0,0,0,0,0,0,0,0,0,0,0,0,0,0,0,0,0,0,0,0,0,0,0,0,0,0,0,0,0,0,0,0,0,0,0,0,0,0,0,0,0,0,0,0,0,0,0,0,0,0,0,0,0,0,0,0,0,0,0,0,0,0,0,0,0,0,0,0,0,0,0,0,0,0,0,0,0,0,0,0,0,0,0,0,0,0,0,0,0,0,0,0,0,0,0,0,0,0,0,0,0,0,0,0,0,0,0,0,0,0,0,0,0,0,0,0,0,0,0,0,0,0,0,0,0,0,0,0,0,0,0,0,0,0,0,0,0,0,0,0,0,0,0,0,0,0,0,0,0,0,0,0,0,0,0,0,0,0,0,0,0,0,0,0,0,0,0,0,0,0,0,0,0,0,0,0,0,0,0,0,0,0,0,0,0,0,0,0,0,0,0,0,0,0,0,0,0,0,0,0,0,0,0,0,0,0,0,0,0,0,0,0,0,0,0,0,0,0,0,0,0,0,0,0,0,0,0,0,0,0,0,0,0,0,0,0,0,0,0,0,0,0,0,0,0,0,0,0,0,0,0,0,0,0,0,0,0,0,0,0,0,0,0,0,0,0,0,0,0,0,0,0,0,0,0,0,0,0,0,0,0,0,0,0,0,0,0,0,0,0,0,0,0,0,0,0,0,0,0,0,0,0,0,0,0,0,0,0,0,0,0,0,0,0,0,0,0,0,0,0,0,0,0,0,0,0,0,0,0,0,0,0,0,0,0,0,0,0,0,0,0,0,0,0,0,0,0,0
1.01644,0,1.02058,0,1.02074,0,1.02685,0,1.0295,0,1.11924,0,1.04948,0,1.05074,0,1.05204,0,1.05142,0,1.0514,0,1.05631,0,1.0606,0,1.06129,0,1.06232,0,1.06333,0,1.06273,0,1.06079,0,1.0595,0,1.05983,0,1.06036,0,1.05894,0,1.05964,0,1.06209,0,1.0634,0,1.06422,0,1.06479,0,1.06496,0,1.06543,0,1.06019,0,1.06267,0,1.06202,0,1.06272,0,1.06943,0,1.07108,0,1.06064,0,1.06145,0,1.05812,0,1.05565,0,1.05575,0,1.0579,0,1.05854,0,1.05948,0,1.06149,0,1.27069,0,1.07049,0,1.07283,0,1.08145,0,1.08395,0,1.0854,0,1.08889,0,1.09192,0,1.09518,0,1.09997,0,1.34,0,1.11207,0,1.35483,0,1.31025,0,1.13103,0,1.13356,0,1.13439,0,1.3596,0,1.37145,0,1.1497,0,0.00371092,0,1.15404,0,1.15519,0,1.15733,0,1.15478,0,1.1552,0,1.40267,0,1.40337,0,1.134,0,1.12354,0,1.12446,0,1.12848,0,1.07373,0,1.17807,0,1.1393,0,1.17648,0,1.13204,0,1.12935,0,1.15463,0,1.14314,0,1.14496,0,1.10696,0,1.10838,0,1.11229,0,1.11634,0,1.1171,0,1.14238,0,1.136,0,1.1127,0,1.10684,0,1.12144,0,1.11218,0,1.13736,0,1.16161,0,1.11972,0,1.12155,0,1.1311,0,1.13244,0,1.18231,0,1.24001,0,1.24487,0,1.24621,0,1.24784,0,1.34002,0,1.32044,0,1.32297,0,1.35354,0,1.42583,0,1.48705,0,1.49503,0,1.52722,0,1.56178,0,1.58982,0,1.61367,0,1.6753,0,1.68949,0,1.68894,0,1.75915,0,1.78239,0,1.76914,0,1.77724,0,1.78159,0,1.8263,0,1.8113,0,1.81393,0,1.86277,0,1.85667,0,1.87457,0,1.87276,0,1.87093,0,1.86954,0,1.8832,0,1.86424,0,1.8855,0,1.88293,0,1.91839,0,1.91668,0,1.91515,0,1.91318,0,1.90159,0,1.87607,0,1.87035,0,1.86278,0,1.86006,0,1.83042,0,1.84761,0,1.83077,0,1.83141,0,1.81937,0,1.80479,0,1.79186,0,1.7772,0,1.77961,0,1.78088,0,1.7764,0,1.76928,0,1.74905,0,1.73305,0,1.74949,0,1.74904,0,1.71581,0,1.7228,0,1.70522,0,1.70814,0,1.69793,0,1.68394,0,1.68219,0,1.68988,0,1.62568,0,1.62061,0,1.6217,0,1.62912,0,1.71758,0,1.59186,0,1.5915,0,1.58562,0,1.58486,0,1.57246,0,1.56761,0,1.5658,0,1.52953,0,1.53789,0,1.53314,0,1.48599,0,1.48535,0,1.47479,0,1.47072,0,1.44048,0,1.44902,0,1.43085,0,1.39873,0,1.39917,0,1.40365,0,1.40561,0,1.40233,0,1.40275,0,1.40972,0,1.3955,0,1.38505,0,1.37416,0,1.3755,0,1.40828,0,1.38108,0,1.38087,0,1.42471,0,1.38957,0,1.39126,0,1.38995,0,1.38589,0,1.39805,0,1.36375,0,1.35511,0,1.38258,0,1.3874,0,1.38523,0,1.39675,0,1.39505,0,1.43747,0,1.40815,0,1.40559,0,1.4049,0,1.41573,0,1.40581,0,1.44393,0,1.40776,0,1.41657,0,1.43707,0,1.45593,0,1.51202,0,1.51051,0,1.51612,0,1.51172,0,1.51225,0,1.49996,0,1.49256,0,1.49698,0,1.49601,0,1.49714,0,1.49634,0,1.49514,0,1.50101,0,1.50689,0,1.50609,0,1.50628,0,1.50427,0,1.5063,0,1.51548,0,1.51333,0,1.51506,0,1.5172,0,1.52049,0,1.52357,0,1.5299,0,1.52741,0,1.52717,0,2.2907,0,0.00346302,0,1.56482,0,1.53157,0,0.00325037,0,0.0033197,0,1.53195,0,1.53054,0,1.53456,0,1.53467,0,0.00368276,0,0.00372159,0,0.00356565,0,1.52574,0,1.58689,0,1.53897,0,1.53858,0,1.5438,0,1.54288,0,1.61458,0,1.55428,0,1.55353,0,1.56145,0,1.56076,0,1.57234,0,1.57095,0,1.56869,0,1.57137,0,1.57892,0,1.57719,0,1.57643,0,1.57629,0,1.57729,0,1.57618,0,1.5765,0,1.58675,0,1.58548,0,1.58975,0,1.59029,0,1.59364,0,1.59332,0
0,0,0,0,0,0,0,0,0,0,0,0,0,0,0,0,0,0,0,0,0,0,0,0,0,0,0,0,0,0,0,0,0,0,0,0,0,0,0,0,0,0,0,0,0,0,0,0,0,0,0,0,0,0,0,0,0,0,0,0,0,0,0,0,0,0,0,0,0,0,0,0,0,0,0,0,0,0,0,0,0,0,0,0,0,0,0,0,0,0,0,0,0,0,0,0,0,0,0,0,0,0,0,0,0,0,0,0,0,0,0,0,0,0,0,0,0,0,0,0,0,0,0,0,0,0,0,0,0,0,0,0,0,0,0,0,0,0,0,0,0,0,0,0,0,0,0,0,0,0,0,0,0,0,0,0,0,0,0,0,0,0,0,0,0,0,0,0,0,0,0,0,0,0,0,0,0,0,0,0,0,0,0,0,0,0,0,0,0,0,0,0,0,0,0,0,0,0,0,0,0,0,0,0,0,0,0,0,0,0,0,0,0,0,0,0,0,0,0,0,0,0,0,0,0,0,0,0,0,0,0,0,0,0,0,0,0,0,0,0,0,0,0,0,0,0,0,0,0,0,0,0,0,0,0,0,0,0,0,0,0,0,0,0,0,0,0,0,0,0,0,0,0,0,0,0,0,0,0,0,0,0,0,0,0,0,0,0,0,0,0,0,0,0,0,0,0,0,0,0,0,0,0,0,0,0,0,0,0,0,0,0,0,0,0,0,0,0,0,0,0,0,0,0,0,0,0,0,0,0,0,0,0,0,0,0,0,0,0,0,0,0,0,0,0,0,0,0,0,0,0,0,0,0,0,0,0,0,0,0,0,0,0,0,0,0,0,0,0,0,0,0,0,0,0,0,0,0,0,0,0,0,0,0,0,0,0,0,0,0,0,0,0,0,0,0,0,0,0,0,0,0,0,0,0,0,0,0,0,0,0,0,0,0,0,0,0,0,0,0,0,0,0,0,0,0,0,0,0,0,0,0,0,0,0,0,0,0,0,0,0,0,0,0,0,0,0,0,0,0,0,0,0,0,0,0,0,0,0,0,0,0,0,0,0,0,0,0,0,0,0,0,0,0,0,0,0,0,0,0,0,0,0,0,0,0,0,0,0,0,0,0,0,0,0,0,0,0,0,0,0,0,0,0,0,0,0,0,0,0,0,0,0,0,0,0,0,0,0,0,0,0,0,0,0,0,0,0,0,0,0,0,0,0,0,0,0,0,0,0,0,0,0,0,0,0,0,0,0,0,0,0,0,0,0,0,0,0,0,0,0,0,0,0,0,0,0,0,0,0,0,0,0,0,0,0,0,0,0,0,0,0,0,0,0,0,0,0,0,0,0,0,0,0,0,0,0,0,0,0
1.00913,0,1.01233,0,1.01602,0,1.01764,0,1.0216,0,1.02443,0,1.03101,0,1.03552,0,1.03562,0,1.02874,0,1.03691,0,1.0462,0,1.04639,0,1.05003,0,1.05041,0,1.053,0,1.05513,0,1.05494,0,1.0515,0,1.2192,0,1.05136,0,1.05596,0,1.05609,0,1.05617,0,1.05567,0,1.05872,0,1.05856,0,1.05833,0,1.05787,0,1.05466,0,1.05548,0,1.05866,0,1.06024,0,1.06431,0,1.18654,0,0.00343567,0,1.33681,0,1.26301,0,1.26347,0,1.27251,0,1.26875,0,1.26929,0,1.26696,0,1.26707,0,1.24696,0,1.07121,0,1.0745,0,1.07534,0,1.07677,0,1.08292,0,1.08733,0,1.0881,0,1.0902,0,1.30307,0,1.30249,0,1.11552,0,1.11802,0,1.12071,0,1.12351,0,1.35429,0,1.13009,0,1.37734,0,1.13502,0,1.13872,0,1.14008,0,1.4024,0,1.4038,0,1.40689,0,1.40989,0,0.00348642,0,1.12033,0,1.13321,0,1.11986,0,1.1221,0,1.0666,0,1.06946,0,1.0713,0,1.09403,0,1.09557,0,1.10883,0,1.10475,0,1.10828,0,1.2152,0,1.11935,0,1.11959,0,1.12358,0,1.11906,0,1.10474,0,1.09418,0,1.10945,0,1.1129,0,1.11701,0,1.10898,0,1.11211,0,1.10299,0,1.04333,0,1.03899,0,1.0394,0,1.05817,0,1.07453,0,1.11314,0,1.12238,0,1.13795,0,1.2031,0,1.22312,0,1.2435,0,1.26198,0,1.29264,0,1.30567,0,1.30345,0,1.34343,0,1.35386,0,1.44928,0,1.46872,0,1.53059,0,1.54827,0,1.54689,0,1.60477,0,1.65902,0,1.7125,0,1.71661,0,1.76244,0,1.7601,0,1.83149,0,1.80349,0,1.80649,0,1.82197,0,1.86893,0,1.86568,0,1.86561,0,1.8807,0,1.86946,0,1.91743,0,1.89377,0,1.93797,0,1.88805,0,1.88876,0,1.88824,0,1.87947,0,1.87738,0,1.89994,0,1.90008,0,1.9348,0,1.88575,0,1.89005,0,1.88357,0,1.8664,0,1.86543,0,1.84377,0,1.84068,0,1.82627,0,1.83962,0,1.80918,0,1.82366,0,1.82802,0,1.79356,0,1.79538,0,1.83766,0,1.74755,0,1.7571,0,1.7478,0,1.74055,0,1.74143,0,1.73358,0,1.73831,0,1.73577,0,1.72536,0,1.72224,0,1.70166,0,1.69067,0,1.66689,0,1.68983,0,1.66691,0,1.66446,0,1.61754,0,1.61619,0,1.60997,0,1.60883,0,1.58755,0,1.58586,0,1.57976,0,1.55613,0,1.55327,0,1.54101,0,1.54058,0,1.57321,0,1.54781,0,1.53024,0,1.51425,0,1.47945,0,1.47809,0,1.48483,0,1.44912,0,1.44789,0,1.46491,0,1.41677,0,1.41213,0,1.42967,0,1.39976,0,1.39987,0,1.38138,0,1.39651,0,1.39884,0,1.42122,0,1.41634,0,1.38798,0,1.38934,0,1.41686,0,1.40806,0,1.40312,0,1.40599,0,1.40559,0,1.41898,0,1.37173,0,1.3597,0,1.3851,0,1.3822,0,1.38534,0,1.38378,0,1.40405,0,1.44008,0,1.42717,0,1.42662,0,1.41873,0,1.41607,0,1.42111,0,1.41616,0,1.4159,0,1.43051,0,1.43757,0,1.42401,0,1.45584,0,1.438,0,1.43815,0,1.49188,0,1.49127,0,1.48844,0,1.48679,0,1.48427,0,1.48939,0,1.48932,0,1.48932,0,1.49677,0,1.50532,0,1.50532,0,1.5085,0,1.50304,0,1.50794,0,1.50774,0,1.51189,0,1.51164,0,1.51307,0,1.51435,0,1.51688,0,1.51254,0,1.51012,0,1.51394,0,1.51133,0,1.51989,0,1.51341,0,1.52109,0,0.00375364,0,1.51307,0,1.51454,0,1.51511,0,1.51657,0,1.51647,0,1.52265,0,1.51958,0,1.51701,0,1.51506,0,1.51884,0,1.51853,0,1.70326,0,1.53085,0,1.52571,0,1.53448,0,1.53478,0,1.54783,0,1.54867,0,1.54871,0,1.55525,0,1.5549,0,1.55525,0,1.55921,0,1.56454,0,1.56819,0,1.56835,0,1.57472,0,1.57704,0,1.57655,0,1.57788,0,1.57718,0,1.58072,0,1.58207,0,1.58193,0,1.59419,0,1.59247,0,1.59564,0,1.5941,0
0,0,0,0,0,0,0,0,0,0,0,0,0,0,0,0,0,0,0,0,0,0,0,0,0,0,0,0,0,0,0,0,0,0,0,0,0,0,0,0,0,0,0,0,0,0,0,0,0,0,0,0,0,0,0,0,0,0,0,0,0,0,0,0,0,0,0,0,0,0,0,0,0,0,0,0,0,0,0,0,0,0,0,0,0,0,0,0,0,0,0,0,0,0,0,0,0,0,0,0,0,0,0,0,0,0,0,0,0,0,0,0,0,0,0,0,0,0,0,0,0,0,0,0,0,0,0,0,0,0,0,0,0,0,0,0,0,0,0,0,0,0,0,0,0,0,0,0,0,0,0,0,0,0,0,0,0,0,0,0,0,0,0,0,0,0,0,0,0,0,0,0,0,0,0,0,0,0,0,0,0,0,0,0,0,0,0,0,0,0,0,0,0,0,0,0,0,0,0,0,0,0,0,0,0,0,0,0,0,0,0,0,0,0,0,0,0,0,0,0,0,0,0,0,0,0,0,0,0,0,0,0,0,0,0,0,0,0,0,0,0,0,0,0,0,0,0,0,0,0,0,0,0,0,0,0,0,0,0,0,0,0,0,0,0,0,0,0,0,0,0,0,0,0,0,0,0,0,0,0,0,0,0,0,0,0,0,0,0,0,0,0,0,0,0,0,0,0,0,0,0,0,0,0,0,0,0,0,0,0,0,0,0,0,0,0,0,0,0,0,0,0,0,0,0,0,0,0,0,0,0,0,0,0,0,0,0,0,0,0,0,0,0,0,0,0,0,0,0,0,0,0,0,0,0,0,0,0,0,0,0,0,0,0,0,0,0,0,0,0,0,0,0,0,0,0,0,0,0,0,0,0,0,0,0,0,0,0,0,0,0,0,0,0,0,0,0,0,0,0,0,0,0,0,0,0,0,0,0,0,0,0,0,0,0,0,0,0,0,0,0,0,0,0,0,0,0,0,0,0,0,0,0,0,0,0,0,0,0,0,0,0,0,0,0,0,0,0,0,0,0,0,0,0,0,0,0,0,0,0,0,0,0,0,0,0,0,0,0,0,0,0,0,0,0,0,0,0,0,0,0,0,0,0,0,0,0,0,0,0,0,0,0,0,0,0,0,0,0,0,0,0,0,0,0,0,0,0,0,0,0,0,0,0,0,0,0,0,0,0,0,0,0,0,0,0,0,0,0,0,0,0,0,0,0,0,0,0,0,0,0,0,0,0,0,0,0,0,0,0,0,0,0,0,0,0,0,0,0,0,0,0,0,0,0,0,0,0,0,0,0,0,0,0,0,0,0,0,0,0,0,0,0,0,0,0,0,0,0,0,0,0,0,0,0,0,0,0,0,0
1.00705,0,1.00651,0,1.00921,0,1.01685,0,1.02059,0,1.02319,0,1.02628,0,1.0297,0,1.03306,0,1.02701,0,1.02968,0,1.02966,0,1.03198,0,1.0353,0,1.03571,0,1.03879,0,1.12607,0,1.13313,0,1.04256,0,1.03874,0,1.04052,0,1.04129,0,1.04554,0,1.04595,0,1.04831,0,1.04955,0,1.05042,0,1.04858,0,1.04976,0,1.04958,0,1.04955,0,1.0501,0,1.05071,0,1.23971,0,1.24625,0,1.24641,0,1.24746,0,1.24911,0,1.26051,0,1.25279,0,1.23222,0,1.21581,0,1.27084,0,1.3845,0,1.24995,0,1.28083,0,1.06565,0,1.06727,0,1.07,0,1.07461,0,1.0806,0,1.08101,0,1.28465,0,0.00352372,0,1.27991,0,1.10485,0,1.30074,0,1.11151,0,1.11618,0,1.11603,0,1.37508,0,1.12609,0,1.12778,0,1.12987,0,1.12923,0,1.13659,0,0.00337177,0,0.00364127,0,0.00357553,0,1.12267,0,1.11589,0,1.11247,0,1.12284,0,1.11086,0,1.11982,0,1.11989,0,1.12037,0,1.18689,0,1.10272,0,1.10911,0,1.09269,0,1.09604,0,1.0963,0,1.09872,0,1.11532,0,1.13273,0,1.119,0,1.11125,0,1.08267,0,1.10569,0,1.04425,0,1.03973,0,1.02598,0,1.02619,0,1.03247,0,1.0068,0,0.999752,0,1.02447,0,1.03171,0,1.11194,0,1.10661,0,1.10646,0,1.14673,0,1.20922,0,1.20492,0,1.23564,0,1.24308,0,1.26725,0,1.26808,0,1.29451,0,1.30558,0,1.36903,0,1.37167,0,1.51379,0,1.53803,0,1.5346,0,1.57606,0,1.64325,0,1.64289,0,1.6613,0,1.73762,0,1.74567,0,1.81776,0,1.79035,0,1.8423,0,1.83829,0,1.82383,0,1.8553,0,1.92175,0,1.89742,0,1.88357,0,1.91122,0,1.89469,0,1.92023,0,1.96461,0,1.90782,0,1.91017,0,1.89609,0,1.8903,0,1.89736,0,1.89306,0,1.89655,0,1.89713,0,1.88005,0,1.89866,0,1.89716,0,1.86242,0,1.86132,0,1.84702,0,1.84387,0,1.84149,0,1.81553,0,1.8161,0,1.80999,0,1.80317,0,1.79804,0,1.79829,0,1.79716,0,1.79481,0,1.74352,0,1.74074,0,1.73237,0,1.71683,0,1.71759,0,1.71663,0,1.72352,0,1.71578,0,1.70036,0,1.70105,0,1.68155,0,1.67248,0,1.67522,0,1.67023,0,1.66486,0,1.60759,0,1.60483,0,1.59876,0,1.59793,0,1.59518,0,1.58564,0,1.585,0,1.56124,0,1.56177,0,1.62123,0,1.5437,0,1.60702,0,1.60693,0,1.53558,0,1.51208,0,1.52363,0,1.49686,0,1.49286,0,1.47518,0,1.46288,0,1.46819,0,1.42479,0,1.44323,0,1.42168,0,1.39864,0,1.44766,0,1.44396,0,1.43719,0,1.43338,0,1.43594,0,1.42824,0,1.38888,0,1.38692,0,1.3866,0,1.4697,0,1.39302,0,1.41472,0,1.39281,0,1.41006,0,1.37945,0,1.3913,0,1.40229,0,1.3919,0,1.40246,0,1.40582,0,1.41411,0,1.45054,0,1.42316,0,1.42417,0,1.42593,0,1.45774,0,1.42707,0,1.41635,0,1.41578,0,1.43589,0,1.42301,0,1.42382,0,1.46954,0,1.44347,0,1.44353,0,1.47811,0,1.47618,0,1.51286,0,1.51322,0,1.49646,0,1.51259,0,1.50893,0,1.50771,0,1.49282,0,1.49607,0,1.49688,0,1.4974,0,1.4998,0,1.49859,0,0.00317996,0,1.50039,0,1.49944,0,1.50323,0,1.50358,0,1.50084,0,1.50048,0,1.50629,0,1.50239,0,1.50186,0,1.50483,0,1.50279,0,1.50292,0,1.50399,0,1.50358,0,1.50111,0,1.50089,0,1.49715,0,1.4972,0,1.50063,0,0.00348748,0,1.50913,0,1.50438,0,1.50885,0,1.51163,0,1.51716,0,1.51877,0,1.52102,0,1.5213,0,0.00355776,0,1.53753,0,1.54501,0,1.54028,0,1.54647,0,1.54414,0,1.54835,0,1.55753,0,1.56033,0,1.56094,0,1.56791,0,1.56703,0,1.57217,0,1.57432,0,1.57246,0,1.57306,0,1.57945,0,1.58723,0,1.58844,0,1.58904,0,1.58804,0,1.59144,0,1.59614,0
0,0,0,0,0,0,0,0,0,0,0,0,0,0,0,0,0,0,0,0,0,0,0,0,0,0,0,0,0,0,0,0,0,0,0,0,0,0,0,0,0,0,0,0,0,0,0,0,0,0,0,0,0,0,0,0,0,0,0,0,0,0,0,0,0,0,0,0,0,0,0,0,0,0,0,0,0,0,0,0,0,0,0,0,0,0,0,0,0,0,0,0,0,0,0,0,0,0,0,0,0,0,0,0,0,0,0,0,0,0,0,0,0,0,0,0,0,0,0,0,0,0,0,0,0,0,0,0,0,0,0,0,0,0,0,0,0,0,0,0,0,0,0,0,0,0,0,0,0,0,0,0,0,0,0,0,0,0,0,0,0,0,0,0,0,0,0,0,0,0,0,0,0,0,0,0,0,0,0,0,0,0,0,0,0,0,0,0,0,0,0,0,0,0,0,0,0,0,0,0,0,0,0,0,0,0,0,0,0,0,0,0,0,0,0,0,0,0,0,0,0,0,0,0,0,0,0,0,0,0,0,0,0,0,0,0,0,0,0,0,0,0,0,0,0,0,0,0,0,0,0,0,0,0,0,0,0,0,0,0,0,0,0,0,0,0,0,0,0,0,0,0,0,0,0,0,0,0,0,0,0,0,0,0,0,0,0,0,0,0,0,0,0,0,0,0,0,0,0,0,0,0,0,0,0,0,0,0,0,0,0,0,0,0,0,0,0,0,0,0,0,0,0,0,0,0,0,0,0,0,0,0,0,0,0,0,0,0,0,0,0,0,0,0,0,0,0,0,0,0,0,0,0,0,0,0,0,0,0,0,0,0,0,0,0,0,0,0,0,0,0,0,0,0,0,0,0,0,0,0,0,0,0,0,0,0,0,0,0,0,0,0,0,0,0,0,0,0,0,0,0,0,0,0,0,0,0,0,0,0,0,0,0,0,0,0,0,0,0,0,0,0,0,0,0,0,0,0,0,0,0,0,0,0,0,0,0,0,0,0,0,0,0,0,0,0,0,0,0,0,0,0,0,0,0,0,0,0,0,0,0,0,0,0,0,0,0,0,0,0,0,0,0,0,0,0,0,0,0,0,0,0,0,0,0,0,0,0,0,0,0,0,0,0,0,0,0,0,0,0,0,0,0,0,0,0,0,0,0,0,0,0,0,0,0,0,0,0,0,0,0,0,0,0,0,0,0,0,0,0,0,0,0,0,0,0,0,0,0,0,0,0,0,0,0,0,0,0,0,0,0,0,0,0,0,0,0,0,0,0,0,0,0,0,0,0,0,0,0,0,0,0,0,0,0,0,0,0,0,0,0,0,0,0,0,0,0,0,0,0,0,0,0,0,0,0,0,0,0,0
1.00233,0,1.00304,0,0.995211,0,1.01296,0,1.01615,0,1.02154,0,1.02216,0,1.02188,0,1.02183,0,1.0234,0,1.02442,0,1.02332,0,1.02504,0,1.02832,0,1.02735,0,1.0191,0,1.01975,0,1.02573,0,1.03349,0,1.03919,0,1.03786,0,1.04156,0,1.03884,0,1.03932,0,1.03819,0,1.03958,0,1.03693,0,1.03832,0,1.03916,0,1.03745,0,1.03756,0,1.03771,0,1.03784,0,1.20917,0,1.22896,0,1.22931,0,1.2441,0,1.20671,0,1.25434,0,1.25599,0,1.25627,0,1.27049,0,1.26885,0,1.2494,0,1.3783,0,1.37914,0,1.05065,0,1.05387,0,1.05383,0,1.27814,0,1.0684,0,1.28101,0,1.0844,0,1.08845,0,1.09447,0,1.09748,0,1.09923,0,0.00393116,0,1.1078,0,1.11289,0,1.11706,0,1.12669,0,1.12659,0,1.12862,0,1.13053,0,1.13066,0,1.12345,0,1.11609,0,1.11668,0,1.11538,0,1.11766,0,1.11716,0,1.11635,0,1.1192,0,1.12087,0,1.13144,0,1.1328,0,1.12146,0,1.12507,0,1.09279,0,1.08024,0,1.08101,0,1.12584,0,1.12821,0,1.12642,0,1.14358,0,1.11503,0,1.11486,0,1.08091,0,1.072,0,1.0468,0,1.04754,0,1.04015,0,1.02919,0,1.00431,0,1.0039,0,0.993558,0,0.991646,0,1.00237,0,1.01354,0,1.03719,0,1.06455,0,1.13203,0,1.17999,0,1.20537,0,1.24378,0,1.24291,0,1.2584,0,1.28999,0,1.26974,0,1.31919,0,1.395,0,1.39368,0,1.48762,0,1.55886,0,1.56776,0,1.59808,0,1.61801,0,1.65148,0,1.66942,0,1.67022,0,1.68991,0,1.75346,0,1.7979,0,1.79933,0,1.82273,0,1.82055,0,1.86531,0,1.88266,0,1.95054,0,1.94325,0,1.92465,0,1.93482,0,1.93075,0,1.93122,0,1.9319,0,1.94392,0,1.93564,0,1.92478,0,1.92396,0,1.93147,0,1.93841,0,1.91462,0,1.90058,0,1.90401,0,1.90049,0,1.85699,0,1.8558,0,1.85266,0,1.85627,0,1.84723,0,1.8301,0,1.81663,0,1.80382,0,1.84921,0,1.79639,0,1.79797,0,1.76369,0,1.7902,0,1.76117,0,1.74454,0,1.74689,0,1.73179,0,1.73416,0,1.72064,0,1.72907,0,1.71626,0,1.7037,0,1.68745,0,1.69251,0,1.6616,0,1.67749,0,1.6612,0,1.64923,0,1.65218,0,1.6141,0,1.61401,0,1.60183,0,1.58173,0,1.58206,0,1.57215,0,1.57501,0,1.5688,0,1.56697,0,1.61121,0,1.60824,0,1.6032,0,1.56798,0,1.55891,0,1.49167,0,1.49925,0,1.51569,0,1.52278,0,1.4491,0,1.44696,0,1.47755,0,1.4287,0,1.43017,0,1.43706,0,1.41673,0,1.44039,0,1.43756,0,1.4358,0,1.44152,0,1.42945,0,1.3962,0,1.39851,0,1.38539,0,1.40611,0,1.41106,0,1.38066,0,1.40107,0,1.40059,0,1.41034,0,1.41266,0,1.40568,0,1.41492,0,1.41173,0,1.41535,0,1.39663,0,1.43626,0,1.4257,0,1.43411,0,1.45338,0,1.43935,0,1.42528,0,1.42367,0,1.40259,0,1.40194,0,1.41658,0,1.45718,0,1.45349,0,1.45389,0,1.46313,0,1.46172,0,1.46126,0,1.46059,0,1.48185,0,1.49018,0,1.48864,0,1.4817,0,1.48519,0,1.48711,0,1.49473,0,1.48927,0,1.4916,0,1.49313,0,1.49597,0,1.49531,0,1.49691,0,1.49649,0,1.49317,0,1.49551,0,1.49428,0,1.49722,0,1.49563,0,1.49437,0,1.49297,0,1.4981,0,1.49356,0,1.49171,0,1.49236,0,1.4913,0,1.49072,0,1.48951,0,1.4882,0,1.49192,0,1.49416,0,1.49235,0,1.4951,0,1.49679,0,1.49903,0,1.50232,0,1.51041,0,1.51325,0,1.51251,0,1.51581,0,1.52279,0,1.52231,0,1.5358,0,1.53501,0,1.53525,0,1.54093,0,1.53921,0,1.54311,0,1.56091,0,1.5585,0,1.56338,0,1.56242,0,1.56471,0,1.56827,0,1.57055,0,1.57097,0,1.58124,0,1.5787,0,1.58584,0,1.58596,0,1.58765,0,1.5858,0,1.59324,0
0,0,0,0,0,0,0,0,0,0,0,0,0,0,0,0,0,0,0,0,0,0,0,0,0,0,0,0,0,0,0,0,0,0,0,0,0,0,0,0,0,0,0,0,0,0,0,0,0,0,0,0,0,0,0,0,0,0,0,0,0,0,0,0,0,0,0,0,0,0,0,0,0,0,0,0,0,0,0,0,0,0,0,0,0,0,0,0,0,0,0,0,0,0,0,0,0,0,0,0,0,0,0,0,0,0,0,0,0,0,0,0,0,0,0,0,0,0,0,0,0,0,0,0,0,0,0,0,0,0,0,0,0,0,0,0,0,0,0,0,0,0,0,0,0,0,0,0,0,0,0,0,0,0,0,0,0,0,0,0,0,0,0,0,0,0,0,0,0,0,0,0,0,0,0,0,0,0,0,0,0,0,0,0,0,0,0,0,0,0,0,0,0,0,0,0,0,0,0,0,0,0,0,0,0,0,0,0,0,0,0,0,0,0,0,0,0,0,0,0,0,0,0,0,0,0,0,0,0,0,0,0,0,0,0,0,0,0,0,0,0,0,0,0,0,0,0,0,0,0,0,0,0,0,0,0,0,0,0,0,0,0,0,0,0,0,0,0,0,0,0,0,0,0,0,0,0,0,0,0,0,0,0,0,0,0,0,0,0,0,0,0,0,0,0,0,0,0,0,0,0,0,0,0,0,0,0,0,0,0,0,0,0,0,0,0,0,0,0,0,0,0,0,0,0,0,0,0,0,0,0,0,0,0,0,0,0,0,0,0,0,0,0,0,0,0,0,0,0,0,0,0,0,0,0,0,0,0,0,0,0,0,0,0,0,0,0,0,0,0,0,0,0,0,0,0,0,0,0,0,0,0,0,0,0,0,0,0,0,0,0,0,0,0,0,0,0,0,0,0,0,0,0,0,0,0,0,0,0,0,0,0,0,0,0,0,0,0,0,0,0,0,0,0,0,0,0,0,0,0,0,0,0,0,0,0,0,0,0,0,0,0,0,0,0,0,0,0,0,0,0,0,0,0,0,0,0,0,0,0,0,0,0,0,0,0,0,0,0,0,0,0,0,0,0,0,0,0,0,0,0,0,0,0,0,0,0,0,0,0,0,0,0,0,0,0,0,0,0,0,0,0,0,0,0,0,0,0,0,0,0,0,0,0,0,0,0,0,0,0,0,0,0,0,0,0,0,0,0,0,0,0,0,0,0,0,0,0,0,0,0,0,0,0,0,0,0,0,0,0,0,0,0,0,0,0,0,0,0,0,0,0,0,0,0,0,0,0,0,0,0,0,0,0,0,0,0,0,0,0,0,0,0,0,0,0,0,0,0,0,0,0,0,0,0,0,0,0,0,0
0.997222,0,0.999011,0,1.00175,0,1.00441,0,1.00443,0,1.00706,0,1.00062,0,1.00178,0,1.00633,0,1.01239,0,1.02193,0,1.02369,0,1.02294,0,1.01404,0,1.01406,0,1.01809,0,1.01865,0,1.01849,0,1.02091,0,1.03285,0,1.0331,0,1.02866,0,1.02833,0,1.02763,0,1.02743,0,1.0282,0,1.02753,0,1.02834,0,1.02839,0,1.02986,0,1.03224,0,1.03306,0,1.19719,0,0.00322046,0,1.19231,0,1.05967,0,0.964979,0,0.963245,0,0.965863,0,0.966059,0,1.25483,0,1.36575,0,1.25068,0,1.2321,0,1.23343,0,1.04067,0,1.04554,0,1.05031,0,1.05605,0,1.06295,0,1.06946,0,1.07616,0,1.29269,0,1.09096,0,1.09105,0,1.09076,0,1.31509,0,1.33829,0,1.34038,0,1.10758,0,1.10774,0,1.11383,0,1.3429,0,1.12068,0,0.00328089,0,1.11553,0,1.10996,0,1.11215,0,1.11271,0,1.11497,0,1.11912,0,1.12043,0,1.13111,0,1.13235,0,1.13587,0,1.14129,0,1.14262,0,1.12632,0,1.12293,0,1.12551,0,1.05828,0,1.05866,0,1.06186,0,1.08801,0,1.0824,0,1.09115,0,1.09902,0,1.07261,0,1.04547,0,1.07297,0,1.03315,0,1.01771,0,1.0281,0,1.00201,0,0.992605,0,0.995404,0,0.99752,0,1.02306,0,0.996632,0,1.03397,0,1.02231,0,1.04222,0,1.07818,0,1.1689,0,1.20503,0,1.18581,0,1.22131,0,1.27928,0,1.28323,0,1.2817,0,1.28247,0,1.30304,0,1.47745,0,1.4768,0,1.53274,0,1.59258,0,1.59344,0,1.62488,0,1.65456,0,1.66113,0,1.68862,0,1.68973,0,1.76433,0,1.80336,0,1.83923,0,1.83061,0,1.83678,0,1.89554,0,1.89004,0,1.90208,0,1.91481,0,1.93385,0,1.93461,0,1.93196,0,1.93288,0,1.95026,0,1.95247,0,1.9517,0,1.94513,0,1.93763,0,1.92324,0,1.93481,0,1.91949,0,1.92042,0,1.92314,0,1.89991,0,1.89563,0,1.86907,0,1.86708,0,1.85559,0,1.83697,0,1.83839,0,1.83867,0,1.8648,0,1.85907,0,1.85796,0,1.79251,0,1.7674,0,1.7786,0,1.7915,0,1.74477,0,1.74193,0,1.73336,0,1.74644,0,1.72735,0,1.72448,0,1.71014,0,1.7093,0,1.68988,0,1.68766,0,1.69703,0,1.66813,0,1.66519,0,1.64796,0,1.62501,0,1.62518,0,1.62693,0,1.60532,0,1.5938,0,1.59886,0,1.57247,0,1.57455,0,1.59914,0,1.59842,0,1.59138,0,1.57489,0,1.57559,0,1.51292,0,1.52544,0,1.50379,0,1.52478,0,1.48312,0,1.48284,0,1.46743,0,1.46619,0,1.4455,0,1.44621,0,1.43533,0,1.40023,0,1.42025,0,1.42144,0,1.41231,0,1.40622,0,1.40619,0,1.37405,0,1.37047,0,1.37468,0,1.37194,0,1.38426,0,1.39925,0,1.38989,0,1.39133,0,1.38442,0,1.39035,0,1.39007,0,1.42655,0,1.39925,0,1.3979,0,1.40727,0,1.42974,0,1.43389,0,1.43344,0,1.42159,0,1.433,0,1.41478,0,1.40597,0,1.41678,0,1.40307,0,1.40745,0,1.43557,0,1.43621,0,1.43289,0,1.47389,0,1.45451,0,1.4677,0,1.45522,0,1.45389,0,1.45167,0,1.4612,0,1.46851,0,1.46741,0,1.47775,0,1.47946,0,1.47921,0,1.48642,0,1.48533,0,1.48801,0,1.48883,0,1.48798,0,1.48683,0,1.48659,0,1.48725,0,1.48669,0,1.48572,0,1.48706,0,1.48806,0,1.48799,0,1.48653,0,1.48334,0,1.488,0,1.48903,0,1.48827,0,1.48545,0,1.4822,0,1.4823,0,1.48377,0,1.48439,0,1.48786,0,1.49119,0,1.4968,0,1.49592,0,1.49974,0,1.50742,0,1.50599,0,1.50523,0,1.50396,0,1.50533,0,1.50956,0,0.00346727,0,1.52228,0,1.52326,0,1.52788,0,1.52589,0,1.53009,0,0.00355624,0,0.00327198,0,1.55132,0,1.55678,0,1.55757,0,1.56377,0,1.56277,0,1.56718,0,1.56651,0,1.57035,0,1.57771,0,1.58249,0,1.5883,0,1.58833,0,1.5878,0,1.59252,0
0,0,0,0,0,0,0,0,0,0,0,0,0,0,0,0,0,0,0,0,0,0,0,0,0,0,0,0,0,0,0,0,0,0,0,0,0,0,0,0,0,0,0,0,0,0,0,0,0,0,0,0,0,0,0,0,0,0,0,0,0,0,0,0,0,0,0,0,0,0,0,0,0,0,0,0,0,0,0,0,0,0,0,0,0,0,0,0,0,0,0,0,0,0,0,0,0,0,0,0,0,0,0,0,0,0,0,0,0,0,0,0,0,0,0,0,0,0,0,0,0,0,0,0,0,0,0,0,0,0,0,0,0,0,0,0,0,0,0,0,0,0,0,0,0,0,0,0,0,0,0,0,0,0,0,0,0,0,0,0,0,0,0,0,0,0,0,0,0,0,0,0,0,0,0,0,0,0,0,0,0,0,0,0,0,0,0,0,0,0,0,0,0,0,0,0,0,0,0,0,0,0,0,0,0,0,0,0,0,0,0,0,0,0,0,0,0,0,0,0,0,0,0,0,0,0,0,0,0,0,0,0,0,0,0,0,0,0,0,0,0,0,0,0,0,0,0,0,0,0,0,0,0,0,0,0,0,0,0,0,0,0,0,0,0,0,0,0,0,0,0,0,0,0,0,0,0,0,0,0,0,0,0,0,0,0,0,0,0,0,0,0,0,0,0,0,0,0,0,0,0,0,0,0,0,0,0,0,0,0,0,0,0,0,0,0,0,0,0,0,0,0,0,0,0,0,0,0,0,0,0,0,0,0,0,0,0,0,0,0,0,0,0,0,0,0,0,0,0,0,0,0,0,0,0,0,0,0,0,0,0,0,0,0,0,0,0,0,0,0,0,0,0,0,0,0,0,0,0,0,0,0,0,0,0,0,0,0,0,0,0,0,0,0,0,0,0,0,0,0,0,0,0,0,0,0,0,0,0,0,0,0,0,0,0,0,0,0,0,0,0,0,0,0,0,0,0,0,0,0,0,0,0,0,0,0,0,0,0,0,0,0,0,0,0,0,0,0,0,0,0,0,0,0,0,0,0,0,0,0,0,0,0,0,0,0,0,0,0,0,0,0,0,0,0,0,0,0,0,0,0,0,0,0,0,0,0,0,0,0,0,0,0,0,0,0,0,0,0,0,0,0,0,0,0,0,0,0,0,0,0,0,0,0,0,0,0,0,0,0,0,0,0,0,0,0,0,0,0,0,0,0,0,0,0,0,0,0,0,0,0,0,0,0,0,0,0,0,0,0,0,0,0,0,0,0,0,0,0,0,0,0,0,0,0,0,0,0,0,0,0,0,0,0,0,0,0,0,0,0,0,0,0,0,0,0,0,0,0,0,0,0,0,0,0,0,0,0,0,0
1.05848,0,0.00377004,0,1.00121,0,1.00281,0,0.997874,0,0.998009,0,0.999441,0,1.00639,0,1.00753,0,1.00961,0,1.01094,0,1.00966,0,1.01114,0,1.01095,0,1.01156,0,1.01239,0,1.0134,0,1.02083,0,1.02212,0,1.02119,0,1.01826,0,1.0168,0,1.01646,0,1.01601,0,1.01944,0,1.01989,0,1.02194,0,1.02086,0,1.02395,0,1.02793,0,1.03033,0,1.13792,0,0.0033533,0,0.00354226,0,1.21558,0,1.2344,0,1.21375,0,0.967411,0,0.966795,0,1.24224,0,1.28899,0,1.28903,0,1.22783,0,1.29209,0,1.293,0,1.04436,0,1.04479,0,1.05699,0,1.05819,0,1.05871,0,1.0583,0,1.07118,0,1.0738,0,1.07501,0,1.07772,0,1.07866,0,1.27407,0,1.30082,0,1.2809,0,1.39698,0,1.34025,0,1.34107,0,1.33208,0,1.10893,0,1.11038,0,1.11145,0,1.11355,0,1.11453,0,1.11762,0,1.12052,0,1.12365,0,1.12696,0,1.12778,0,1.12708,0,1.13146,0,1.13424,0,1.14369,0,1.14412,0,1.10743,0,1.0797,0,1.07533,0,1.06831,0,1.05061,0,1.05457,0,1.05773,0,1.07902,0,1.09402,0,1.05528,0,1.05651,0,1.04961,0,1.03109,0,1.03344,0,1.00153,0,1.00429,0,1.01526,0,1.00115,0,1.02257,0,1.01868,0,1.02006,0,1.03311,0,1.11556,0,1.11551,0,1.11891,0,1.12082,0,1.17036,0,1.20271,0,1.19415,0,1.22663,0,1.23275,0,1.29308,0,1.29184,0,1.30527,0,1.33915,0,1.40142,0,1.52385,0,1.56807,0,1.56477,0,1.58482,0,1.60892,0,1.65513,0,1.64493,0,1.72808,0,1.7241,0,1.79661,0,1.80974,0,1.83417,0,1.88879,0,1.91605,0,1.92176,0,1.92081,0,1.96319,0,1.98596,0,1.93176,0,1.94548,0,1.95629,0,1.93978,0,1.94193,0,1.9603,0,1.94243,0,1.94222,0,1.94012,0,1.95187,0,1.94933,0,1.90844,0,1.90905,0,1.92125,0,1.89528,0,1.88455,0,1.88172,0,1.87855,0,1.85143,0,1.85708,0,1.85484,0,1.85624,0,1.84603,0,1.82151,0,1.79389,0,1.78378,0,1.78742,0,1.78668,0,1.78172,0,1.77572,0,1.75662,0,1.74216,0,1.72876,0,1.73742,0,1.71198,0,1.70713,0,1.70303,0,1.68561,0,1.67935,0,1.66955,0,1.66077,0,1.65441,0,1.66036,0,1.63049,0,1.62905,0,1.62592,0,1.62469,0,1.59846,0,1.59663,0,1.55814,0,1.55695,0,1.56787,0,1.5955,0,1.54207,0,1.54217,0,1.5408,0,1.48728,0,1.49586,0,1.50256,0,1.52699,0,1.52674,0,1.52635,0,1.45399,0,1.48198,0,1.44704,0,1.43115,0,1.43389,0,1.41519,0,1.39606,0,1.39768,0,1.37411,0,1.37227,0,1.37036,0,1.37076,0,1.36862,0,1.39871,0,1.40392,0,1.40324,0,1.37731,0,1.37868,0,1.3792,0,1.36158,0,1.36652,0,1.40271,0,1.40207,0,1.40849,0,1.40251,0,1.41014,0,1.39182,0,1.43997,0,1.42206,0,1.44126,0,1.41946,0,1.41534,0,1.40881,0,1.41615,0,1.41675,0,1.42551,0,1.43323,0,1.441,0,1.48389,0,1.48579,0,1.4873,0,1.44667,0,1.45836,0,1.4756,0,1.44796,0,2.14999,0,1.46089,0,1.46236,0,2.19532,0,1.51624,0,1.49665,0,1.49729,0,1.47556,0,1.4774,0,1.47903,0,1.4809,0,1.48129,0,1.48445,0,1.4814,0,1.48169,0,1.48066,0,1.48277,0,1.48189,0,1.48293,0,1.48188,0,1.48604,0,1.48504,0,1.48154,0,1.4815,0,1.47966,0,1.4802,0,1.48102,0,1.48203,0,1.4851,0,1.4916,0,1.48605,0,1.4884,0,1.48916,0,1.50066,0,1.4995,0,1.50035,0,1.50107,0,1.50319,0,1.50145,0,1.50556,0,1.50351,0,1.50239,0,1.50713,0,1.51604,0,1.5203,0,1.52166,0,1.5241,0,1.54714,0,1.55615,0,1.55379,0,1.55413,0,1.56542,0,1.56385,0,1.56177,0,1.56411,0,1.56492,0,1.56842,0,1.57135,0,1.57714,0,1.57812,0,0.0033445,0
0,0,0,0,0,0,0,0,0,0,0,0,0,0,0,0,0,0,0,0,0,0,0,0,0,0,0,0,0,0,0,0,0,0,0,0,0,0,0,0,0,0,0,0,0,0,0,0,0,0,0,0,0,0,0,0,0,0,0,0,0,0,0,0,0,0,0,0,0,0,0,0,0,0,0,0,0,0,0,0,0,0,0,0,0,0,0,0,0,0,0,0,0,0,0,0,0,0,0,0,0,0,0,0,0,0,0,0,0,0,0,0,0,0,0,0,0,0,0,0,0,0,0,0,0,0,0,0,0,0,0,0,0,0,0,0,0,0,0,0,0,0,0,0,0,0,0,0,0,0,0,0,0,0,0,0,0,0,0,0,0,0,0,0,0,0,0,0,0,0,0,0,0,0,0,0,0,0,0,0,0,0,0,0,0,0,0,0,0,0,0,0,0,0,0,0,0,0,0,0,0,0,0,0,0,0,0,0,0,0,0,0,0,0,0,0,0,0,0,0,0,0,0,0,0,0,0,0,0,0,0,0,0,0,0,0,0,0,0,0,0,0,0,0,0,0,0,0,0,0,0,0,0,0,0,0,0,0,0,0,0,0,0,0,0,0,0,0,0,0,0,0,0,0,0,0,0,0,0,0,0,0,0,0,0,0,0,0,0,0,0,0,0,0,0,0,0,0,0,0,0,0,0,0,0,0,0,0,0,0,0,0,0,0,0,0,0,0,0,0,0,0,0,0,0,0,0,0,0,0,0,0,0,0,0,0,0,0,0,0,0,0,0,0,0,0,0,0,0,0,0,0,0,0,0,0,0,0,0,0,0,0,0,0,0,0,0,0,0,0,0,0,0,0,0,0,0,0,0,0,0,0,0,0,0,0,0,0,0,0,0,0,0,0,0,0,0,0,0,0,0,0,0,0,0,0,0,0,0,0,0,0,0,0,0,0,0,0,0,0,0,0,0,0,0,0,0,0,0,0,0,0,0,0,0,0,0,0,0,0,0,0,0,0,0,0,0,0,0,0,0,0,0,0,0,0,0,0,0,0,0,0,0,0,0,0,0,0,0,0,0,0,0,0,0,0,0,0,0,0,0,0,0,0,0,0,0,0,0,0,0,0,0,0,0,0,0,0,0,0,0,0,0,0,0,0,0,0,0,0,0,0,0,0,0,0,0,0,0,0,0,0,0,0,0,0,0,0,0,0,0,0,0,0,0,0,0,0,0,0,0,0,0,0,0,0,0,0,0,0,0,0,0,0,0,0,0,0,0,0,0,0,0,0,0,0,0,0,0,0,0,0,0,0,0,0,0,0,0,0,0,0,0,0,0,0,0,0,0,0,0,0,0,0,0,0,0,0,0,0
0.976886,0,0.977833,0,0.988802,0,0.994622,0,0.994159,0,0.995211,0,1.00469,0,0.99907,0,0.996451,0,0.999622,0,1.00415,0,1.00613,0,1.00655,0,1.01128,0,1.01227,0,1.01222,0,1.01278,0,1.01174,0,1.01285,0,1.00625,0,1.01119,0,1.0108,0,1.01118,0,1.01197,0,1.01357,0,1.01455,0,1.01579,0,1.01812,0,1.01916,0,1.02615,0,1.02721,0,1.02997,0,0.00316673,0,1.24996,0,1.16778,0,1.23379,0,1.23625,0,1.28009,0,1.24033,0,1.24051,0,1.24271,0,1.27747,0,1.23436,0,1.23071,0,1.03919,0,1.04347,0,1.05046,0,1.05775,0,1.05696,0,1.05767,0,1.06241,0,1.0625,0,1.0645,0,1.07126,0,1.07792,0,1.07857,0,1.08021,0,1.08279,0,1.08695,0,1.28972,0,1.09585,0,1.09954,0,1.10032,0,1.10503,0,1.10509,0,1.10842,0,1.11085,0,1.11169,0,1.11492,0,1.11529,0,1.1174,0,1.11912,0,1.11888,0,1.4813,0,1.21001,0,1.11612,0,1.1145,0,1.11139,0,1.10783,0,1.10439,0,1.06333,0,1.05873,0,1.08612,0,1.05844,0,1.05693,0,1.057,0,1.10721,0,1.11294,0,1.05593,0,1.05505,0,0.999335,0,1.03137,0,0.994445,0,1.00579,0,1.01064,0,1.01943,0,1.01852,0,1.03611,0,1.03596,0,1.03698,0,1.04982,0,1.10031,0,1.10549,0,1.09308,0,1.17091,0,1.17426,0,1.18553,0,1.20547,0,1.21181,0,1.27664,0,1.29576,0,1.30679,0,1.30892,0,1.395,0,1.44331,0,1.5358,0,1.53658,0,1.56614,0,1.55286,0,1.59257,0,1.63645,0,1.66443,0,1.68602,0,1.69332,0,1.82511,0,1.86888,0,1.87319,0,1.92015,0,1.91353,0,1.91994,0,1.9833,0,1.99735,0,1.96191,0,1.99742,0,1.99524,0,1.94774,0,1.95536,0,1.91908,0,1.91981,0,1.94688,0,1.9144,0,1.92736,0,1.92702,0,1.90378,0,1.91343,0,1.89848,0,1.88644,0,1.87643,0,1.86662,0,1.8844,0,1.85265,0,1.85226,0,1.84668,0,1.84993,0,1.85145,0,1.83449,0,1.84594,0,1.79191,0,1.81013,0,1.77971,0,1.78562,0,1.76552,0,1.73618,0,1.737,0,1.72062,0,1.71657,0,1.71676,0,1.74396,0,1.69085,0,1.68702,0,1.68446,0,1.6897,0,1.655,0,1.66815,0,1.63766,0,1.63802,0,1.70723,0,1.60831,0,1.60862,0,1.57773,0,1.57531,0,1.55241,0,1.53423,0,1.53653,0,1.52569,0,1.52638,0,1.54207,0,1.54053,0,1.49057,0,1.50359,0,1.50245,0,1.4766,0,1.43524,0,1.47079,0,1.46538,0,1.45032,0,1.46183,0,1.47233,0,1.49674,0,1.39356,0,1.39278,0,1.38225,0,1.39074,0,1.37202,0,1.3717,0,1.37212,0,1.3684,0,1.4058,0,1.39711,0,1.38765,0,1.37353,0,1.37374,0,1.38781,0,1.39237,0,1.35669,0,1.3757,0,1.3826,0,1.39308,0,1.37893,0,1.39555,0,1.4084,0,1.41005,0,1.41056,0,1.40692,0,1.4062,0,1.39607,0,1.4002,0,1.40245,0,1.43948,0,1.40613,0,1.40463,0,1.40875,0,1.41063,0,1.43472,0,1.47203,0,1.49248,0,1.47524,0,1.47071,0,1.46785,0,1.46231,0,1.44681,0,1.49267,0,1.4922,0,1.48838,0,1.48664,0,1.49818,0,1.50521,0,1.47824,0,1.47913,0,1.47868,0,1.47688,0,1.47927,0,1.4785,0,1.4808,0,1.48044,0,1.47987,0,1.47817,0,1.47913,0,1.48467,0,1.48193,0,1.48433,0,1.4898,0,1.49111,0,1.48756,0,1.48571,0,1.48491,0,1.48794,0,1.48526,0,1.48206,0,1.4865,0,1.49109,0,1.49277,0,1.49237,0,1.49707,0,1.49625,0,1.4954,0,1.49157,0,1.50055,0,1.49948,0,1.50172,0,1.49675,0,1.49868,0,1.50559,0,1.50578,0,0.00331543,0,0.00348753,0,0.00347338,0,0.00341417,0,1.54904,0,1.55277,0,1.55723,0,1.55726,0,1.55709,0,1.56052,0,1.55905,0,1.56477,0,1.57697,0,1.5761,0,1.57653,0,1.57599,0
0,0,0,0,0,0,0,0,0,0,0,0,0,0,0,0,0,0,0,0,0,0,0,0,0,0,0,0,0,0,0,0,0,0,0,0,0,0,0,0,0,0,0,0,0,0,0,0,0,0,0,0,0,0,0,0,0,0,0,0,0,0,0,0,0,0,0,0,0,0,0,0,0,0,0,0,0,0,0,0,0,0,0,0,0,0,0,0,0,0,0,0,0,0,0,0,0,0,0,0,0,0,0,0,0,0,0,0,0,0,0,0,0,0,0,0,0,0,0,0,0,0,0,0,0,0,0,0,0,0,0,0,0,0,0,0,0,0,0,0,0,0,0,0,0,0,0,0,0,0,0,0,0,0,0,0,0,0,0,0,0,0,0,0,0,0,0,0,0,0,0,0,0,0,0,0,0,0,0,0,0,0,0,0,0,0,0,0,0,0,0,0,0,0,0,0,0,0,0,0,0,0,0,0,0,0,0,0,0,0,0,0,0,0,0,0,0,0,0,0,0,0,0,0,0,0,0,0,0,0,0,0,0,0,0,0,0,0,0,0,0,0,0,0,0,0,0,0,0,0,0,0,0,0,0,0,0,0,0,0,0,0,0,0,0,0,0,0,0,0,0,0,0,0,0,0,0,0,0,0,0,0,0,0,0,0,0,0,0,0,0,0,0,0,0,0,0,0,0,0,0,0,0,0,0,0,0,0,0,0,0,0,0,0,0,0,0,0,0,0,0,0,0,0,0,0,0,0,0,0,0,0,0,0,0,0,0,0,0,0,0,0,0,0,0,0,0,0,0,0,0,0,0,0,0,0,0,0,0,0,0,0,0,0,0,0,0,0,0,0,0,0,0,0,0,0,0,0,0,0,0,0,0,0,0,0,0,0,0,0,0,0,0,0,0,0,0,0,0,0,0,0,0,0,0,0,0,0,0,0,0,0,0,0,0,0,0,0,0,0,0,0,0,0,0,0,0,0,0,0,0,0,0,0,0,0,0,0,0,0,0,0,0,0,0,0,0,0,0,0,0,0,0,0,0,0,0,0,0,0,0,0,0,0,0,0,0,0,0,0,0,0,0,0,0,0,0,0,0,0,0,0,0,0,0,0,0,0,0,0,0,0,0,0,0,0,0,0,0,0,0,0,0,0,0,0,0,0,0,0,0,0,0,0,0,0,0,0,0,0,0,0,0,0,0,0,0,0,0,0,0,0,0,0,0,0,0,0,0,0,0,0,0,0,0,0,0,0,0,0,0,0,0,0,0,0,0,0,0,0,0,0,0,0,0,0,0,0,0,0,0,0,0,0,0,0,0,0,0,0,0,0,0,0,0,0,0,0,0,0,0,0,0,0,0,0,0,0,0,0
0.971998,0,0.977198,0,0.981869,0,0.987223,0,0.989022,0,0.990943,0,0.992043,0,0.993334,0,0.996697,0,0.997196,0,1.00031,0,1.00225,0,1.00287,0,1.00413,0,1.01062,0,1.01309,0,1.00943,0,1.00909,0,1.00658,0,1.00462,0,1.00381,0,1.00437,0,1.00487,0,1.00643,0,1.00807,0,1.01016,0,1.01381,0,1.01553,0,1.01793,0,1.02117,0,1.0248,0,1.02592,0,1.02632,0,1.0255,0,1.02208,0,1.17097,0,1.21337,0,1.21195,0,1.22074,0,1.21551,0,1.27141,0,1.03346,0,1.03707,0,1.04166,0,1.04642,0,1.05311,0,1.05518,0,1.05383,0,1.05411,0,1.05566,0,1.05595,0,1.05733,0,1.05792,0,1.06144,0,1.0674,0,1.07093,0,1.07299,0,1.07547,0,1.07869,0,1.08099,0,0.00355907,0,1.17906,0,1.17401,0,1.175,0,1.10117,0,1.10196,0,1.10329,0,1.10937,0,1.11399,0,1.11636,0,1.23293,0,1.10704,0,1.10576,0,1.10377,0,1.10552,0,1.10787,0,1.11824,0,1.11398,0,1.10447,0,1.07679,0,1.0836,0,1.0956,0,1.06587,0,1.06698,0,1.05689,0,1.05884,0,1.04125,0,1.04732,0,1.02625,0,1.00583,0,1.03765,0,1.0543,0,1.00676,0,0.994981,0,1.01132,0,1.01975,0,1.01937,0,1.0198,0,1.09109,0,1.0847,0,1.08473,0,1.09242,0,1.08303,0,1.12633,0,1.15767,0,1.17016,0,1.18923,0,1.21911,0,1.24204,0,1.26017,0,1.26176,0,1.3377,0,1.34659,0,1.35634,0,1.4087,0,1.46461,0,1.51761,0,1.53463,0,1.54979,0,1.57097,0,1.59628,0,1.63219,0,1.67429,0,1.83139,0,1.82869,0,1.8598,0,1.8959,0,1.89994,0,1.9002,0,1.91492,0,1.90414,0,1.94882,0,1.92738,0,1.90405,0,1.91002,0,1.91117,0,1.9205,0,1.92069,0,1.89597,0,1.9514,0,1.94906,0,1.93183,0,1.94662,0,1.98919,0,1.98675,0,1.92418,0,1.88185,0,1.88562,0,1.88041,0,1.87792,0,1.86278,0,1.84301,0,1.86745,0,1.86553,0,1.82473,0,1.83244,0,1.81602,0,1.80603,0,1.80197,0,1.78157,0,1.76163,0,1.72632,0,1.72385,0,1.70139,0,1.69995,0,1.70979,0,1.70435,0,1.70295,0,1.69435,0,1.67969,0,1.67929,0,1.66136,0,1.65567,0,1.65413,0,1.63496,0,1.63082,0,1.61169,0,1.60928,0,1.59304,0,1.58103,0,1.57864,0,1.54711,0,1.53746,0,1.52989,0,1.50995,0,1.51533,0,1.5177,0,1.48142,0,1.4956,0,1.45496,0,1.45012,0,1.44942,0,1.43963,0,1.43798,0,1.44537,0,1.45546,0,1.44374,0,1.45715,0,1.40261,0,1.40195,0,1.40958,0,1.40507,0,1.39442,0,1.39704,0,1.39551,0,1.39849,0,1.4218,0,1.39688,0,1.39571,0,1.39501,0,1.40319,0,1.37604,0,1.3632,0,1.36474,0,1.37074,0,1.37006,0,1.38352,0,1.38508,0,1.38309,0,1.38148,0,1.38085,0,1.39222,0,1.38994,0,1.38594,0,1.35762,0,1.35994,0,1.33056,0,1.4469,0,1.45403,0,1.34106,0,1.34003,0,1.3603,0,1.35927,0,1.36296,0,1.45393,0,1.40707,0,1.46782,0,1.46786,0,1.46553,0,1.48253,0,1.47871,0,1.44719,0,1.4463,0,1.48563,0,1.4679,0,1.46755,0,1.47422,0,1.4721,0,1.47582,0,1.47277,0,1.47278,0,1.47824,0,1.47775,0,1.48065,0,1.4766,0,1.47739,0,1.48366,0,1.48229,0,1.48497,0,1.48461,0,1.48485,0,1.48817,0,1.48727,0,1.48553,0,1.48372,0,1.48779,0,1.48659,0,1.48871,0,1.48065,0,1.4835,0,1.49069,0,1.48842,0,1.49254,0,1.48689,0,1.48549,0,1.48984,0,1.49068,0,1.48989,0,1.49143,0,1.48873,0,1.49293,0,1.49732,0,1.50289,0,1.50762,0,1.51826,0,0.00330365,0,0.00346772,0,1.54449,0,1.54316,0,1.54755,0,1.55217,0,1.55338,0,1.56295,0,1.56215,0,1.55961,0,1.56096,0,1.56156,0,1.56727,0,1.56982,0,1.57137,0
0,0,0,0,0,0,0,0,0,0,0,0,0,0,0,0,0,0,0,0,0,0,0,0,0,0,0,0,0,0,0,0,0,0,0,0,0,0,0,0,0,0,0,0,0,0,0,0,0,0,0,0,0,0,0,0,0,0,0,0,0,0,0,0,0,0,0,0,0,0,0,0,0,0,0,0,0,0,0,0,0,0,0,0,0,0,0,0,0,0,0,0,0,0,0,0,0,0,0,0,0,0,0,0,0,0,0,0,0,0,0,0,0,0,0,0,0,0,0,0,0,0,0,0,0,0,0,0,0,0,0,0,0,0,0,0,0,0,0,0,0,0,0,0,0,0,0,0,0,0,0,0,0,0,0,0,0,0,0,0,0,0,0,0,0,0,0,0,0,0,0,0,0,0,0,0,0,0,0,0,0,0,0,0,0,0,0,0,0,0,0,0,0,0,0,0,0,0,0,0,0,0,0,0,0,0,0,0,0,0,0,0,0,0,0,0,0,0,0,0,0,0,0,0,0,0,0,0,0,0,0,0,0,0,0,0,0,0,0,0,0,0,0,0,0,0,0,0,0,0,0,0,0,0,0,0,0,0,0,0,0,0,0,0,0,0,0,0,0,0,0,0,0,0,0,0,0,0,0,0,0,0,0,0,0,0,0,0,0,0,0,0,0,0,0,0,0,0,0,0,0,0,0,0,0,0,0,0,0,0,0,0,0,0,0,0,0,0,0,0,0,0,0,0,0,0,0,0,0,0,0,0,0,0,0,0,0,0,0,0,0,0,0,0,0,0,0,0,0,0,0,0,0,0,0,0,0,0,0,0,0,0,0,0,0,0,0,0,0,0,0,0,0,0,0,0,0,0,0,0,0,0,0,0,0,0,0,0,0,0,0,0,0,0,0,0,0,0,0,0,0,0,0,0,0,0,0,0,0,0,0,0,0,0,0,0,0,0,0,0,0,0,0,0,0,0,0,0,0,0,0,0,0,0,0,0,0,0,0,0,0,0,0,0,0,0,0,0,0,0,0,0,0,0,0,0,0,0,0,0,0,0,0,0,0,0,0,0,0,0,0,0,0,0,0,0,0,0,0,0,0,0,0,0,0,0,0,0,0,0,0,0,0,0,0,0,0,0,0,0,0,0,0,0,0,0,0,0,0,0,0,0,0,0,0,0,0,0,0,0,0,0,0,0,0,0,0,0,0,0,0,0,0,0,0,0,0,0,0,0,0,0,0,0,0,0,0,0,0,0,0,0,0,0,0,0,0,0,0,0,0,0,0,0,0,0,0,0,0,0,0,0,0,0,0,0,0,0,0,0,0,0,0,0,0,0,0,0,0,0,0,0,0,0,0,0,0,0,0,0
0.966437,0,0.971694,0,0.981189,0,0.981809,0,0.980631,0,0.98091,0,0.98183,0,0.982567,0,0.991346,0,0.994495,0,0.994362,0,0.998321,0,0.999236,0,1.0007,0,1.00811,0,1.00821,0,1.00366,0,1.00086,0,0.999074,0,1.00039,0,0.998816,0,1.00094,0,1.00007,0,1.00401,0,1.00578,0,1.00775,0,1.01449,0,1.0161,0,1.01901,0,1.02032,0,1.02077,0,1.0211,0,1.01987,0,1.02176,0,1.02115,0,1.01984,0,1.0222,0,1.01964,0,1.02385,0,1.02561,0,1.02821,0,1.03012,0,1.02936,0,1.04414,0,1.04735,0,1.05373,0,1.0554,0,1.05774,0,1.05479,0,1.05249,0,1.05087,0,1.05171,0,1.05122,0,1.05343,0,1.05695,0,1.05996,0,0.00343257,0,1.06484,0,0.00353188,0,0.00345011,0,0.00364313,0,1.07946,0,1.17589,0,1.17642,0,0.00361609,0,1.2483,0,0.0035494,0,1.09915,0,1.30312,0,1.10071,0,1.10201,0,1.10193,0,1.10225,0,1.21893,0,1.09038,0,1.08907,0,1.07801,0,1.09611,0,1.08169,0,1.08888,0,1.08919,0,1.08273,0,1.12287,0,1.13915,0,1.13927,0,1.02516,0,1.01602,0,1.01439,0,1.02288,0,1.00181,0,1.07176,0,1.08453,0,1.08466,0,1.02261,0,1.02238,0,1.01984,0,1.014,0,1.01537,0,1.04064,0,1.03603,0,1.05441,0,1.10819,0,1.10801,0,1.1355,0,1.13647,0,1.18643,0,1.21628,0,1.2226,0,1.22714,0,1.24014,0,1.26221,0,1.25997,0,1.30627,0,1.32563,0,1.40534,0,1.40444,0,1.48968,0,1.50592,0,1.55977,0,1.59255,0,1.579,0,1.60961,0,1.70967,0,1.70895,0,1.80661,0,1.8416,0,1.85827,0,1.86558,0,1.91435,0,1.91927,0,1.91003,0,1.91515,0,1.90697,0,1.92607,0,1.89883,0,1.92434,0,1.91064,0,1.91807,0,1.90239,0,1.89274,0,1.94761,0,1.92142,0,1.92042,0,1.92709,0,1.92207,0,1.91902,0,1.876,0,1.87395,0,1.88795,0,1.86137,0,1.90021,0,1.84197,0,1.88691,0,1.84238,0,1.83885,0,1.82227,0,1.81024,0,1.77651,0,1.79399,0,1.76667,0,1.74889,0,1.73078,0,1.72332,0,1.69553,0,1.69196,0,1.70063,0,1.70033,0,1.67574,0,1.68556,0,1.68802,0,1.66415,0,1.66417,0,1.69496,0,1.64743,0,1.63307,0,1.62286,0,1.61671,0,1.61446,0,1.65294,0,1.58331,0,1.61793,0,1.53235,0,1.51843,0,1.52638,0,1.50164,0,1.4993,0,1.49576,0,1.49886,0,1.54124,0,1.45088,0,1.47527,0,1.47341,0,1.57224,0,1.47297,0,1.47292,0,1.42009,0,1.40839,0,1.42018,0,1.41168,0,1.41572,0,1.35475,0,1.39247,0,1.38996,0,1.38814,0,1.38562,0,1.37978,0,1.3822,0,1.39239,0,1.40976,0,1.41043,0,1.3949,0,1.39274,0,1.3711,0,1.37073,0,1.35477,0,1.35384,0,1.36525,0,1.38118,0,1.37964,0,1.36915,0,1.32255,0,1.32483,0,1.3437,0,1.35062,0,1.32728,0,1.28742,0,1.28766,0,1.30143,0,1.32971,0,1.2981,0,1.29911,0,1.37641,0,1.37659,0,1.46974,0,1.43397,0,1.45722,0,1.40204,0,1.40099,0,1.40823,0,1.40998,0,1.43813,0,1.45501,0,1.44737,0,1.47493,0,1.46268,0,1.46932,0,1.4684,0,1.46913,0,1.46992,0,1.4715,0,1.47471,0,1.47452,0,1.48,0,1.47771,0,1.47438,0,1.47938,0,1.48234,0,1.48164,0,1.48533,0,1.48386,0,1.48435,0,1.47968,0,1.48455,0,1.48285,0,1.48354,0,1.48905,0,1.48358,0,1.48209,0,1.47968,0,1.48925,0,1.48991,0,1.49214,0,1.49182,0,1.48494,0,1.48381,0,1.48349,0,1.48798,0,1.4883,0,1.48548,0,1.48614,0,1.49333,0,1.4943,0,1.5084,0,1.51129,0,1.51787,0,1.52449,0,1.53391,0,1.53365,0,1.54137,0,1.54806,0,1.54759,0,1.54485,0,1.55225,0,1.55935,0,1.55769,0,1.56061,0,1.56537,0,1.56801,0,1.56972,0,1.57457,0
0,0,0,0,0,0,0,0,0,0,0,0,0,0,0,0,0,0,0,0,0,0,0,0,0,0,0,0,0,0,0,0,0,0,0,0,0,0,0,0,0,0,0,0,0,0,0,0,0,0,0,0,0,0,0,0,0,0,0,0,0,0,0,0,0,0,0,0,0,0,0,0,0,0,0,0,0,0,0,0,0,0,0,0,0,0,0,0,0,0,0,0,0,0,0,0,0,0,0,0,0,0,0,0,0,0,0,0,0,0,0,0,0,0,0,0,0,0,0,0,0,0,0,0,0,0,0,0,0,0,0,0,0,0,0,0,0,0,0,0,0,0,0,0,0,0,0,0,0,0,0,0,0,0,0,0,0,0,0,0,0,0,0,0,0,0,0,0,0,0,0,0,0,0,0,0,0,0,0,0,0,0,0,0,0,0,0,0,0,0,0,0,0,0,0,0,0,0,0,0,0,0,0,0,0,0,0,0,0,0,0,0,0,0,0,0,0,0,0,0,0,0,0,0,0,0,0,0,0,0,0,0,0,0,0,0,0,0,0,0,0,0,0,0,0,0,0,0,0,0,0,0,0,0,0,0,0,0,0,0,0,0,0,0,0,0,0,0,0,0,0,0,0,0,0,0,0,0,0,0,0,0,0,0,0,0,0,0,0,0,0,0,0,0,0,0,0,0,0,0,0,0,0,0,0,0,0,0,0,0,0,0,0,0,0,0,0,0,0,0,0,0,0,0,0,0,0,0,0,0,0,0,0,0,0,0,0,0,0,0,0,0,0,0,0,0,0,0,0,0,0,0,0,0,0,0,0,0,0,0,0,0,0,0,0,0,0,0,0,0,0,0,0,0,0,0,0,0,0,0,0,0,0,0,0,0,0,0,0,0,0,0,0,0,0,0,0,0,0,0,0,0,0,0,0,0,0,0,0,0,0,0,0,0,0,0,0,0,0,0,0,0,0,0,0,0,0,0,0,0,0,0,0,0,0,0,0,0,0,0,0,0,0,0,0,0,0,0,0,0,0,0,0,0,0,0,0,0,0,0,0,0,0,0,0,0,0,0,0,0,0,0,0,0,0,0,0,0,0,0,0,0,0,0,0,0,0,0,0,0,0,0,0,0,0,0,0,0,0,0,0,0,0,0,0,0,0,0,0,0,0,0,0,0,0,0,0,0,0,0,0,0,0,0,0,0,0,0,0,0,0,0,0,0,0,0,0,0,0,0,0,0,0,0,0,0,0,0,0,0,0,0,0,0,0,0,0,0,0,0,0,0,0,0,0,0,0,0,0,0,0,0,0,0,0,0,0,0,0,0,0,0,0,0,0,0,0,0,0,0,0,0,0,0,0,0,0,0,0,0
0.960281,0,0.96402,0,0.00343115,0,0.964138,0,0.970329,0,0.970302,0,0.975542,0,0.977122,0,0.98375,0,0.988382,0,0.991807,0,0.990893,0,0.991035,0,1.11361,0,1.12105,0,0.999659,0,0.998606,0,0.997351,0,0.996642,0,0.99612,0,0.997634,0,0.999081,0,0.999282,0,1.00104,0,1.00491,0,1.01958,0,1.0132,0,1.01293,0,1.01351,0,1.01434,0,1.01431,0,1.01572,0,1.01722,0,1.01734,0,1.01606,0,1.01791,0,1.0184,0,1.02152,0,1.0218,0,1.02511,0,1.02882,0,1.03195,0,1.03912,0,1.04338,0,1.04803,0,1.0518,0,1.05218,0,1.04707,0,1.04823,0,1.04783,0,1.04705,0,1.04961,0,1.05093,0,1.05009,0,1.05128,0,1.05289,0,1.05291,0,1.05445,0,1.0547,0,0.00347327,0,1.17385,0,1.17734,0,1.17423,0,1.26378,0,1.16709,0,0.00339664,0,1.3373,0,1.395,0,1.08939,0,1.08791,0,1.09038,0,1.08998,0,1.09014,0,1.08693,0,1.08447,0,1.08594,0,1.09938,0,1.12584,0,1.11046,0,1.09237,0,1.14928,0,1.05061,0,1.0435,0,1.0333,0,1.04421,0,1.04719,0,1.02652,0,1.03079,0,1.00858,0,0.999176,0,1.00517,0,1.10591,0,1.09482,0,1.10152,0,1.12336,0,1.12411,0,1.04717,0,1.02976,0,1.02956,0,1.07687,0,1.10285,0,1.08804,0,1.09889,0,1.12023,0,1.14995,0,1.20226,0,1.21243,0,1.21244,0,1.24197,0,1.25651,0,1.27498,0,1.27468,0,1.2697,0,1.31277,0,1.38908,0,1.41197,0,1.42168,0,1.49335,0,1.57677,0,1.57186,0,1.61393,0,1.66888,0,1.66628,0,1.65846,0,1.82168,0,1.83082,0,1.83747,0,1.84458,0,1.87346,0,1.92469,0,1.92804,0,1.89953,0,1.90723,0,1.92815,0,1.87352,0,1.89288,0,1.89537,0,1.88912,0,1.89311,0,1.89716,0,1.89871,0,1.91151,0,1.91188,0,1.91721,0,1.87606,0,1.88478,0,1.88258,0,1.87941,0,1.88068,0,1.84667,0,1.85268,0,1.83464,0,1.81535,0,1.80731,0,1.80067,0,1.80271,0,1.79507,0,1.76252,0,1.74892,0,1.74387,0,1.78258,0,1.7381,0,1.75564,0,1.70622,0,1.70588,0,1.69821,0,1.6936,0,1.6958,0,1.67933,0,1.66883,0,1.65562,0,1.66544,0,1.67241,0,1.64604,0,1.64279,0,1.61321,0,1.7265,0,1.57234,0,1.56514,0,1.56807,0,1.57411,0,1.53395,0,1.53313,0,1.52575,0,1.51039,0,1.49551,0,1.49584,0,1.51056,0,1.52069,0,1.47164,0,1.47041,0,1.49093,0,1.40788,0,1.40943,0,1.42562,0,1.42655,0,1.42343,0,1.41604,0,1.42313,0,1.3832,0,1.39813,0,1.35207,0,1.3623,0,1.40851,0,1.39873,0,1.39774,0,1.40562,0,1.39122,0,1.36521,0,1.3675,0,1.34735,0,1.35038,0,1.36217,0,1.37292,0,1.34933,0,1.3471,0,1.3453,0,1.3487,0,1.32162,0,1.29875,0,1.305,0,1.31999,0,1.28669,0,1.28756,0,1.27759,0,1.27719,0,1.29417,0,1.29568,0,1.27963,0,1.30392,0,1.30818,0,1.30684,0,1.36107,0,1.3612,0,1.45651,0,1.40288,0,1.40522,0,1.40555,0,1.4072,0,1.40929,0,1.4352,0,1.44818,0,1.45178,0,1.46201,0,1.46256,0,1.46335,0,1.46809,0,1.46731,0,1.46756,0,1.4719,0,1.47486,0,1.47999,0,1.47812,0,1.4774,0,1.476,0,1.47472,0,1.47759,0,1.47401,0,1.47839,0,1.4801,0,1.4791,0,1.4788,0,1.4793,0,1.47784,0,1.4805,0,1.48303,0,1.48824,0,1.48884,0,1.48895,0,1.49043,0,1.48883,0,1.4898,0,1.48937,0,1.4889,0,1.49149,0,1.48127,0,1.47873,0,1.48121,0,1.48968,0,1.48911,0,1.49099,0,1.49978,0,1.50853,0,0.00359263,0,1.52469,0,1.52703,0,1.53071,0,1.52948,0,1.54106,0,1.54109,0,1.54311,0,1.55084,0,1.56079,0,1.56098,0,1.55943,0,1.56185,0,1.56067,0,1.56019,0,1.56643,0,1.56618,0
0,0,0,0,0,0,0,0,0,0,0,0,0,0,0,0,0,0,0,0,0,0,0,0,0,0,0,0,0,0,0,0,0,0,0,0,0,0,0,0,0,0,0,0,0,0,0,0,0,0,0,0,0,0,0,0,0,0,0,0,0,0,0,0,0,0,0,0,0,0,0,0,0,0,0,0,0,0,0,0,0,0,0,0,0,0,0,0,0,0,0,0,0,0,0,0,0,0,0,0,0,0,0,0,0,0,0,0,0,0,0,0,0,0,0,0,0,0,0,0,0,0,0,0,0,0,0,0,0,0,0,0,0,0,0,0,0,0,0,0,0,0,0,0,0,0,0,0,0,0,0,0,0,0,0,0,0,0,0,0,0,0,0,0,0,0,0,0,0,0,0,0,0,0,0,0,0,0,0,0,0,0,0,0,0,0,0,0,0,0,0,0,0,0,0,0,0,0,0,0,0,0,0,0,0,0,0,0,0,0,0,0,0,0,0,0,0,0,0,0,0,0,0,0,0,0,0,0,0,0,0,0,0,0,0,0,0,0,0,0,0,0,0,0,0,0,0,0,0,0,0,0,0,0,0,0,0,0,0,0,0,0,0,0,0,0,0,0,0,0,0,0,0,0,0,0,0,0,0,0,0,0,0,0,0,0,0,0,0,0,0,0,0,0,0,0,0,0,0,0,0,0,0,0,0,0,0,0,0,0,0,0,0,0,0,0,0,0,0,0,0,0,0,0,0,0,0,0,0,0,0,0,0,0,0,0,0,0,0,0,0,0,0,0,0,0,0,0,0,0,0,0,0,0,0,0,0,0,0,0,0,0,0,0,0,0,0,0,0,0,0,0,0,0,0,0,0,0,0,0,0,0,0,0,0,0,0,0,0,0,0,0,0,0,0,0,0,0,0,0,0,0,0,0,0,0,0,0,0,0,0,0,0,0,0,0,0,0,0,0,0,0,0,0,0,0,0,0,0,0,0,0,0,0,0,0,0,0,0,0,0,0,0,0,0,0,0,0,0,0,0,0,0,0,0,0,0,0,0,0,0,0,0,0,0,0,0,0,0,0,0,0,0,0,0,0,0,0,0,0,0,0,0,0,0,0,0,0,0,0,0,0,0,0,0,0,0,0,0,0,0,0,0,0,0,0,0,0,0,0,0,0,0,0,0,0,0,0,0,0,0,0,0,0,0,0,0,0,0,0,0,0,0,0,0,0,0,0,0,0,0,0,0,0,0,0,0,0,0,0,0,0,0,0,0,0,0,0,0,0,0,0,0,0,0,0,0,0,0,0,0,0,0,0,0,0,0,0,0,0,0,0,0,0,0,0,0,0,0,0,0,0,0,0,0,0,0,0,0,0
0.952329,0,0.9558,0,0.956577,0,0.959337,0,0.966589,0,0.968252,0,0.969519,0,0.96962,0,0.968528,0,0.978553,0,0.979199,0,0.983637,0,0.987983,0,0.990506,0,0.991153,0,0.99182,0,0.991657,0,0.990506,0,0.990525,0,0.991625,0,0.991849,0,0.992871,0,0.995166,0,0.997624,0,1.00244,0,1.00563,0,1.00716,0,1.0078,0,1.00853,0,1.00681,0,1.00898,0,1.01014,0,1.01251,0,1.01205,0,1.01354,0,1.01317,0,1.01901,0,1.02224,0,1.02617,0,1.02834,0,1.02888,0,1.03324,0,1.03728,0,1.03935,0,1.0433,0,1.04283,0,1.04208,0,1.04193,0,1.04197,0,1.04288,0,1.04331,0,1.03795,0,1.03734,0,1.04054,0,0.00337146,0,0.00351911,0,0.00334136,0,0.00347116,0,1.04209,0,1.18496,0,1.18821,0,1.19042,0,1.19317,0,1.19363,0,1.19462,0,1.19333,0,1.19313,0,1.33372,0,1.08602,0,1.09288,0,1.09453,0,1.0944,0,1.09573,0,1.09711,0,1.11755,0,1.12439,0,1.12471,0,1.11896,0,1.119,0,1.05689,0,1.03008,0,1.02906,0,1.05288,0,1.05242,0,1.01965,0,1.02072,0,1.0236,0,1.03678,0,1.01635,0,0.970975,0,0.985262,0,1.04946,0,1.15627,0,1.15805,0,1.09772,0,1.07885,0,1.07864,0,1.01826,0,1.02745,0,1.05911,0,1.08926,0,1.1229,0,1.10961,0,1.08923,0,1.11214,0,1.12757,0,1.12972,0,1.19021,0,1.21036,0,1.20139,0,1.22003,0,1.26505,0,1.27434,0,1.28404,0,1.32851,0,1.37331,0,1.42072,0,1.46159,0,1.46466,0,1.53082,0,1.57211,0,1.59266,0,1.60386,0,1.62327,0,1.6513,0,1.83684,0,1.83739,0,1.83892,0,1.84435,0,1.84151,0,1.83675,0,1.83855,0,1.93727,0,1.8695,0,1.87713,0,1.87896,0,1.86941,0,1.85804,0,1.8784,0,1.88596,0,1.88299,0,1.87298,0,1.87363,0,1.87527,0,1.89734,0,1.89799,0,1.86716,0,1.90005,0,1.88588,0,1.85937,0,1.84107,0,1.84114,0,1.81398,0,1.81297,0,1.77919,0,1.77688,0,1.77915,0,1.79342,0,1.72947,0,1.72685,0,1.72773,0,1.71832,0,1.7307,0,1.73502,0,1.70238,0,1.69262,0,1.69158,0,1.69579,0,1.66878,0,1.72094,0,1.6529,0,1.65727,0,1.63857,0,1.62374,0,1.6176,0,1.61336,0,1.56007,0,1.55436,0,1.55555,0,1.55569,0,1.55838,0,1.52285,0,1.51408,0,1.51085,0,1.48673,0,1.50411,0,1.47433,0,1.51358,0,1.45287,0,1.47857,0,1.47095,0,1.42346,0,1.42351,0,1.44019,0,1.41462,0,1.40737,0,1.39737,0,1.42388,0,1.40504,0,1.39517,0,1.39238,0,1.37317,0,1.36359,0,1.34291,0,1.35185,0,1.37309,0,1.37043,0,1.37006,0,1.35068,0,1.35411,0,1.35156,0,1.34055,0,1.35802,0,1.33755,0,1.36466,0,1.3658,0,1.37276,0,1.38841,0,1.30317,0,1.30611,0,1.29311,0,1.29195,0,1.2617,0,1.27887,0,1.24951,0,1.23725,0,1.2502,0,1.2793,0,1.28047,0,1.28484,0,1.33035,0,1.33032,0,1.32976,0,1.40068,0,1.35156,0,1.37608,0,1.40791,0,1.404,0,1.40713,0,1.41393,0,1.44239,0,1.4409,0,1.45156,0,1.45162,0,1.45107,0,1.46033,0,1.46018,0,1.46131,0,1.46499,0,1.46612,0,1.46828,0,1.46877,0,1.46846,0,1.46836,0,1.46807,0,1.46949,0,1.47027,0,1.46913,0,1.47185,0,1.47354,0,1.4739,0,1.47467,0,1.47298,0,1.47156,0,1.47801,0,1.47921,0,1.48501,0,1.48845,0,1.48698,0,1.48626,0,1.48891,0,1.49012,0,1.49281,0,1.49088,0,1.49322,0,1.48963,0,1.48964,0,1.49125,0,1.4868,0,1.49102,0,1.49257,0,1.49181,0,0.00329192,0,1.51724,0,1.52141,0,1.52354,0,1.53339,0,1.53135,0,1.54037,0,1.54367,0,1.55398,0,1.55211,0,1.54908,0,1.54974,0,1.55664,0,1.55561,0,1.56066,0,1.55467,0,1.55661,0,1.55614,0
0,0,0,0,0,0,0,0,0,0,0,0,0,0,0,0,0,0,0,0,0,0,0,0,0,0,0,0,0,0,0,0,0,0,0,0,0,0,0,0,0,0,0,0,0,0,0,0,0,0,0,0,0,0,0,0,0,0,0,0,0,0,0,0,0,0,0,0,0,0,0,0,0,0,0,0,0,0,0,0,0,0,0,0,0,0,0,0,0,0,0,0,0,0,0,0,0,0,0,0,0,0,0,0,0,0,0,0,0,0,0,0,0,0,0,0,0,0,0,0,0,0,0,0,0,0,0,0,0,0,0,0,0,0,0,0,0,0,0,0,0,0,0,0,0,0,0,0,0,0,0,0,0,0,0,0,0,0,0,0,0,0,0,0,0,0,0,0,0,0,0,0,0,0,0,0,0,0,0,0,0,0,0,0,0,0,0,0,0,0,0,0,0,0,0,0,0,0,0,0,0,0,0,0,0,0,0,0,0,0,0,0,0,0,0,0,0,0,0,0,0,0,0,0,0,0,0,0,0,0,0,0,0,0,0,0,0,0,0,0,0,0,0,0,0,0,0,0,0,0,0,0,0,0,0,0,0,0,0,0,0,0,0,0,0,0,0,0,0,0,0,0,0,0,0,0,0,0,0,0,0,0,0,0,0,0,0,0,0,0,0,0,0,0,0,0,0,0,0,0,0,0,0,0,0,0,0,0,0,0,0,0,0,0,0,0,0,0,0,0,0,0,0,0,0,0,0,0,0,0,0,0,0,0,0,0,0,0,0,0,0,0,0,0,0,0,0,0,0,0,0,0,0,0,0,0,0,0,0,0,0,0,0,0,0,0,0,0,0,0,0,0,0,0,0,0,0,0,0,0,0,0,0,0,0,0,0,0,0,0,0,0,0,0,0,0,0,0,0,0,0,0,0,0,0,0,0,0,0,0,0,0,0,0,0,0,0,0,0,0,0,0,0,0,0,0,0,0,0,0,0,0,0,0,0,0,0,0,0,0,0,0,0,0,0,0,0,0,0,0,0,0,0,0,0,0,0,0,0,0,0,0,0,0,0,0,0,0,0,0,0,0,0,0,0,0,0,0,0,0,0,0,0,0,0,0,0,0,0,0,0,0,0,0,0,0,0,0,0,0,0,0,0,0,0,0,0,0,0,0,0,0,0,0,0,0,0,0,0,0,0,0,0,0,0,0,0,0,0,0,0,0,0,0,0,0,0,0,0,0,0,0,0,0,0,0,0,0,0,0,0,0,0,0,0,0,0,0,0,0,0,0,0,0,0,0,0,0,0,0,0,0,0,0,0,0,0,0,0,0,0,0,0,0,0,0,0,0,0,0,0,0,0,0,0,0,0,0,0,0
0.948263,0,0.949329,0,0.951104,0,0.956545,0,0.960382,0,0.960519,0,0.964351,0,0.965885,0,0.966537,0,0.966763,0,0.969438,0,0.978221,0,0.983773,0,0.983903,0,0.98079,0,0.977569,0,0.978223,0,0.984422,0,0.988279,0,0.989223,0,0.989749,0,0.989747,0,0.993778,0,0.994827,0,1.00046,0,1.02677,0,0.999616,0,1.00065,0,1.0011,0,1.00107,0,1.00336,0,1.00383,0,1.00949,0,1.00667,0,1.00802,0,1.01219,0,1.01684,0,1.02002,0,1.02397,0,1.02545,0,1.02533,0,1.02957,0,1.03233,0,1.03259,0,1.03107,0,1.03097,0,1.03243,0,1.03516,0,1.03392,0,1.03377,0,1.02708,0,1.02593,0,1.02518,0,1.02611,0,1.02388,0,1.02164,0,1.17699,0,1.17814,0,1.03204,0,1.03275,0,1.03424,0,1.03493,0,1.03593,0,1.03869,0,1.29207,0,1.46925,0,0.00365914,0,0.00332383,0,1.09382,0,1.09221,0,1.09181,0,1.09262,0,1.09878,0,1.08771,0,1.08825,0,1.0875,0,1.09054,0,1.0915,0,1.03939,0,1.04058,0,1.02861,0,1.06439,0,1.02619,0,1.06981,0,1.03658,0,1.03684,0,1.04537,0,1.1011,0,1.10203,0,1.02534,0,1.0153,0,1.03091,0,1.07009,0,1.07214,0,1.06186,0,1.04962,0,1.05806,0,1.0725,0,1.02226,0,1.05072,0,1.04945,0,1.09175,0,1.10279,0,1.08336,0,1.10519,0,1.12353,0,1.12326,0,1.13322,0,1.19328,0,1.2163,0,1.24054,0,1.23688,0,1.23666,0,1.24182,0,1.28982,0,1.32371,0,1.32141,0,1.42348,0,1.45975,0,1.45384,0,1.52642,0,1.57188,0,1.58508,0,1.6255,0,1.65677,0,1.64396,0,1.7391,0,1.82468,0,1.81326,0,1.83506,0,1.82026,0,1.81379,0,1.86428,0,1.86332,0,1.85389,0,1.8452,0,1.85833,0,1.85944,0,1.86058,0,1.87159,0,1.85313,0,1.8552,0,1.85929,0,1.85829,0,1.8754,0,1.8619,0,1.84228,0,1.86115,0,1.86136,0,1.83948,0,1.83512,0,1.81433,0,1.82338,0,1.8069,0,1.79285,0,1.80312,0,1.7962,0,1.79564,0,1.79398,0,1.80589,0,1.73083,0,1.72666,0,1.724,0,1.71175,0,1.71014,0,1.7009,0,1.68861,0,1.6761,0,1.67558,0,1.65545,0,1.66649,0,1.65231,0,1.62883,0,1.60326,0,1.61274,0,1.60971,0,1.55858,0,1.55604,0,1.52689,0,1.58954,0,1.6034,0,1.56344,0,1.50608,0,1.50259,0,1.48575,0,1.514,0,1.45648,0,1.44842,0,1.46775,0,1.41747,0,1.43117,0,1.44793,0,1.44941,0,1.42812,0,1.41091,0,1.40965,0,1.4086,0,1.42178,0,1.40661,0,1.3987,0,1.45757,0,1.45676,0,1.45319,0,1.37911,0,1.34448,0,1.35221,0,1.36019,0,1.36155,0,1.35406,0,1.34877,0,1.34766,0,1.33024,0,1.33601,0,1.33553,0,1.36343,0,1.34201,0,1.36725,0,1.35009,0,1.3237,0,1.31564,0,1.29725,0,1.2736,0,1.24558,0,1.23765,0,1.24057,0,1.24,0,1.24095,0,1.50048,0,1.28281,0,1.29788,0,1.3665,0,1.35751,0,1.3375,0,1.36213,0,1.36129,0,1.45812,0,1.40081,0,1.44685,0,1.46841,0,1.4688,0,1.44404,0,1.44542,0,1.45111,0,1.4553,0,1.45668,0,1.45841,0,1.4584,0,1.46704,0,1.46637,0,1.46707,0,1.46509,0,1.46769,0,1.4624,0,1.46713,0,1.46654,0,1.46586,0,1.46678,0,1.46567,0,1.46713,0,1.46167,0,1.46377,0,1.46276,0,1.46657,0,1.46829,0,1.46607,0,1.47073,0,1.47857,0,1.48228,0,1.48787,0,1.48696,0,1.48939,0,1.48607,0,1.49383,0,1.49252,0,1.49135,0,1.49183,0,1.49543,0,1.49549,0,1.49592,0,1.4936,0,1.48613,0,1.48674,0,1.6472,0,1.5835,0,0.00397022,0,0.00334045,0,1.52806,0,1.52647,0,1.53436,0,1.53751,0,1.53841,0,1.54294,0,1.54511,0,1.54479,0,1.55002,0,1.55008,0,1.55457,0,1.55194,0,1.55741,0,1.55548,0
0,0,0,0,0,0,0,0,0,0,0,0,0,0,0,0,0,0,0,0,0,0,0,0,0,0,0,0,0,0,0,0,0,0,0,0,0,0,0,0,0,0,0,0,0,0,0,0,0,0,0,0,0,0,0,0,0,0,0,0,0,0,0,0,0,0,0,0,0,0,0,0,0,0,0,0,0,0,0,0,0,0,0,0,0,0,0,0,0,0,0,0,0,0,0,0,0,0,0,0,0,0,0,0,0,0,0,0,0,0,0,0,0,0,0,0,0,0,0,0,0,0,0,0,0,0,0,0,0,0,0,0,0,0,0,0,0,0,0,0,0,0,0,0,0,0,0,0,0,0,0,0,0,0,0,0,0,0,0,0,0,0,0,0,0,0,0,0,0,0,0,0,0,0,0,0,0,0,0,0,0,0,0,0,0,0,0,0,0,0,0,0,0,0,0,0,0,0,0,0,0,0,0,0,0,0,0,0,0,0,0,0,0,0,0,0,0,0,0,0,0,0,0,0,0,0,0,0,0,0,0,0,0,0,0,0,0,0,0,0,0,0,0,0,0,0,0,0,0,0,0,0,0,0,0,0,0,0,0,0,0,0,0,0,0,0,0,0,0,0,0,0,0,0,0,0,0,0,0,0,0,0,0,0,0,0,0,0,0,0,0,0,0,0,0,0,0,0,0,0,0,0,0,0,0,0,0,0,0,0,0,0,0,0,0,0,0,0,0,0,0,0,0,0,0,0,0,0,0,0,0,0,0,0,0,0,0,0,0,0,0,0,0,0,0,0,0,0,0,0,0,0,0,0,0,0,0,0,0,0,0,0,0,0,0,0,0,0,0,0,0,0,0,0,0,0,0,0,0,0,0,0,0,0,0,0,0,0,0,0,0,0,0,0,0,0,0,0,0,0,0,0,0,0,0,0,0,0,0,0,0,0,0,0,0,0,0,0,0,0,0,0,0,0,0,0,0,0,0,0,0,0,0,0,0,0,0,0,0,0,0,0,0,0,0,0,0,0,0,0,0,0,0,0,0,0,0,0,0,0,0,0,0,0,0,0,0,0,0,0,0,0,0,0,0,0,0,0,0,0,0,0,0,0,0,0,0,0,0,0,0,0,0,0,0,0,0,0,0,0,0,0,0,0,0,0,0,0,0,0,0,0,0,0,0,0,0,0,0,0,0,0,0,0,0,0,0,0,0,0,0,0,0,0,0,0,0,0,0,0,0,0,0,0,0,0,0,0,0,0,0,0,0,0,0,0,0,0,0,0,0,0,0,0,0,0,0,0,0,0,0,0,0,0,0,0,0,0,0,0,0,0,0,0,0,0,0,0,0,0,0,0,0,0,0,0,0,0,0,0
0.0033151,0,0.938255,0,0.942009,0,0.945928,0,0.946532,0,0.956752,0,0.960292,0,0.962544,0,0.96972,0,0.970793,0,0.97173,0,0.972569,0,0.00336773,0,0.96197,0,0.969526,0,0.969997,0,0.972257,0,0.975564,0,0.9748,0,0.976712,0,0.982104,0,0.983749,0,0.991,0,0.991012,0,0.991423,0,0.991941,0,0.994661,0,0.998395,0,0.996285,0,0.998155,0,0.999466,0,0.999855,0,1.00111,0,1.00256,0,1.00829,0,1.01206,0,1.00977,0,1.01037,0,1.01271,0,1.01811,0,1.01681,0,0.00355884,0,1.02248,0,1.0294,0,1.02961,0,1.03176,0,1.0284,0,1.02208,0,1.02484,0,1.02488,0,1.02499,0,1.01397,0,1.01127,0,1.01238,0,1.00803,0,1.00873,0,1.00993,0,0.00331115,0,0.00375367,0,1.02559,0,1.02725,0,1.03059,0,1.03104,0,1.03682,0,0.00357753,0,1.49242,0,1.06464,0,1.29759,0,0.00343977,0,0.0031594,0,1.07484,0,1.07527,0,1.06868,0,1.08273,0,1.08141,0,1.0778,0,1.04251,0,1.04322,0,1.04389,0,1.02935,0,1.02399,0,1.03166,0,1.05043,0,1.05017,0,1.05158,0,1.11923,0,1.02505,0,1.02355,0,1.01178,0,1.01518,0,0.998135,0,0.989676,0,1.0264,0,1.01642,0,1.03128,0,1.05146,0,1.05203,0,1.03277,0,1.04419,0,1.05086,0,1.02282,0,1.02238,0,1.02238,0,1.03249,0,1.12804,0,1.13001,0,1.11894,0,1.11018,0,1.18753,0,1.17244,0,1.20328,0,1.22801,0,1.25777,0,1.25695,0,1.27499,0,1.29884,0,1.29949,0,1.37462,0,1.42071,0,1.43781,0,1.46154,0,1.5031,0,1.52321,0,1.53762,0,1.58656,0,1.65219,0,1.68437,0,1.7252,0,1.8308,0,1.82854,0,1.82084,0,1.81994,0,1.81967,0,1.81865,0,1.81621,0,1.83882,0,1.83621,0,1.85411,0,1.84539,0,1.8426,0,1.84994,0,1.86499,0,1.86774,0,1.86825,0,1.84115,0,1.85161,0,1.84128,0,1.79993,0,1.80997,0,1.81359,0,1.81612,0,1.7904,0,1.79187,0,1.78235,0,1.79241,0,1.74149,0,1.74676,0,1.73244,0,1.73179,0,1.72839,0,1.73665,0,1.73448,0,1.72138,0,1.71428,0,1.75823,0,1.75645,0,1.69866,0,1.69978,0,1.69922,0,1.65652,0,1.64031,0,1.6757,0,1.71117,0,1.62711,0,1.59933,0,1.59323,0,1.59255,0,1.54394,0,1.52373,0,1.50645,0,1.50938,0,1.51133,0,1.51554,0,1.486,0,1.48376,0,1.44315,0,1.44322,0,1.45806,0,1.45726,0,1.4448,0,1.42787,0,1.42677,0,1.4243,0,1.42412,0,1.4089,0,1.40588,0,1.38691,0,1.3873,0,1.38304,0,1.38291,0,1.41595,0,1.41564,0,1.41687,0,1.36446,0,1.33796,0,1.34077,0,1.34699,0,1.35754,0,1.35898,0,1.34698,0,1.35821,0,1.32443,0,1.31886,0,1.32138,0,1.32088,0,1.33025,0,1.33444,0,1.32008,0,1.30971,0,1.29804,0,1.31362,0,1.26757,0,1.24267,0,1.24305,0,1.23793,0,1.2414,0,1.24463,0,1.24681,0,1.30924,0,1.3638,0,1.35879,0,1.36044,0,1.37899,0,1.38885,0,1.41749,0,1.42016,0,1.42133,0,1.46602,0,1.42644,0,1.43632,0,1.43797,0,1.44886,0,1.44843,0,1.45464,0,1.45416,0,1.45697,0,1.45634,0,1.4582,0,1.46381,0,1.46144,0,1.46053,0,1.46166,0,1.4649,0,1.4684,0,1.46751,0,1.47109,0,1.46123,0,1.46118,0,1.45909,0,1.45811,0,1.45906,0,1.45704,0,1.46213,0,1.46128,0,1.46481,0,1.46996,0,1.4834,0,1.4824,0,1.48481,0,1.49047,0,1.48993,0,1.48855,0,1.49431,0,1.49389,0,1.49219,0,1.48955,0,1.49291,0,1.49583,0,1.5,0,1.49251,0,1.47907,0,1.47947,0,0.00350818,0,1.60843,0,0.00337776,0,0.0036551,0,1.53616,0,1.53455,0,1.53495,0,1.53396,0,1.5366,0,1.53399,0,1.54346,0,1.54329,0,1.55013,0,1.55059,0,1.54507,0,1.55415,0,1.55215,0,1.55775,0
0,0,0,0,0,0,0,0,0,0,0,0,0,0,0,0,0,0,0,0,0,0,0,0,0,0,0,0,0,0,0,0,0,0,0,0,0,0,0,0,0,0,0,0,0,0,0,0,0,0,0,0,0,0,0,0,0,0,0,0,0,0,0,0,0,0,0,0,0,0,0,0,0,0,0,0,0,0,0,0,0,0,0,0,0,0,0,0,0,0,0,0,0,0,0,0,0,0,0,0,0,0,0,0,0,0,0,0,0,0,0,0,0,0,0,0,0,0,0,0,0,0,0,0,0,0,0,0,0,0,0,0,0,0,0,0,0,0,0,0,0,0,0,0,0,0,0,0,0,0,0,0,0,0,0,0,0,0,0,0,0,0,0,0,0,0,0,0,0,0,0,0,0,0,0,0,0,0,0,0,0,0,0,0,0,0,0,0,0,0,0,0,0,0,0,0,0,0,0,0,0,0,0,0,0,0,0,0,0,0,0,0,0,0,0,0,0,0,0,0,0,0,0,0,0,0,0,0,0,0,0,0,0,0,0,0,0,0,0,0,0,0,0,0,0,0,0,0,0,0,0,0,0,0,0,0,0,0,0,0,0,0,0,0,0,0,0,0,0,0,0,0,0,0,0,0,0,0,0,0,0,0,0,0,0,0,0,0,0,0,0,0,0,0,0,0,0,0,0,0,0,0,0,0,0,0,0,0,0,0,0,0,0,0,0,0,0,0,0,0,0,0,0,0,0,0,0,0,0,0,0,0,0,0,0,0,0,0,0,0,0,0,0,0,0,0,0,0,0,0,0,0,0,0,0,0,0,0,0,0,0,0,0,0,0,0,0,0,0,0,0,0,0,0,0,0,0,0,0,0,0,0,0,0,0,0,0,0,0,0,0,0,0,0,0,0,0,0,0,0,0,0,0,0,0,0,0,0,0,0,0,0,0,0,0,0,0,0,0,0,0,0,0,0,0,0,0,0,0,0,0,0,0,0,0,0,0,0,0,0,0,0,0,0,0,0,0,0,0,0,0,0,0,0,0,0,0,0,0,0,0,0,0,0,0,0,0,0,0,0,0,0,0,0,0,0,0,0,0,0,0,0,0,0,0,0,0,0,0,0,0,0,0,0,0,0,0,0,0,0,0,0,0,0,0,0,0,0,0,0,0,0,0,0,0,0,0,0,0,0,0,0,0,0,0,0,0,0,0,0,0,0,0,0,0,0,0,0,0,0,0,0,0,0,0,0,0,0,0,0,0,0,0,0,0,0,0,0,0,0,0,0,0,0,0,0,0,0,0,0,0,0,0,0,0,0,0,0,0,0,0,0,0,0,0,0,0,0,0,0,0,0,0,0,0,0,0,0,0,0
0.930129,0,0.930687,0,0.935281,0,0.940657,0,0.941281,0,0.947363,0,0.00358989,0,0.00336393,0,0.955615,0,0.955381,0,0.952614,0,0.953519,0,0.954356,0,0.955307,0,0.959346,0,0.961157,0,0.972796,0,0.00351071,0,0.967211,0,0.977235,0,1.05494,0,1.05443,0,0.983455,0,0.986391,0,0.990012,0,0.990784,0,0.99159,0,0.990813,0,0.992344,0,0.993579,0,0.997519,0,0.998025,0,0.998879,0,1.00582,0,1.00702,0,1.00532,0,1.00599,0,1.00658,0,1.00493,0,1.00413,0,1.00253,0,1.00507,0,0.00347875,0,1.0947,0,1.10151,0,0.00365602,0,0.00381754,0,1.00843,0,1.20793,0,1.00463,0,0.998908,0,1.00008,0,1.00206,0,1.00445,0,1.0003,0,0.999258,0,1.00142,0,0.999276,0,1.00869,0,1.24031,0,1.0236,0,1.02628,0,0.00354331,0,0.00340732,0,1.03851,0,0.00361245,0,0.0036685,0,0.00340082,0,1.05699,0,1.19956,0,1.06449,0,1.06628,0,1.06595,0,1.055,0,1.04802,0,1.04908,0,1.04925,0,1.08698,0,1.08794,0,0.00343011,0,1.03742,0,1.04026,0,1.03027,0,1.04631,0,1.04,0,1.02914,0,1.01661,0,1.02185,0,1.0195,0,1.0152,0,0.988086,0,0.962277,0,0.963346,0,1.02782,0,1.0308,0,1.00493,0,1.04719,0,0.986757,0,0.98482,0,0.987387,0,1.00544,0,1.00191,0,0.991241,0,1.03175,0,1.0355,0,1.02694,0,1.07491,0,1.08181,0,1.14863,0,1.13455,0,1.14274,0,1.17529,0,1.23105,0,1.24832,0,1.26817,0,1.26389,0,1.27474,0,1.28029,0,1.29972,0,1.45107,0,1.4123,0,1.41298,0,1.50024,0,1.51373,0,1.52075,0,1.59227,0,1.5959,0,1.66573,0,1.67154,0,1.68768,0,1.68897,0,1.82298,0,1.82171,0,1.78381,0,1.80835,0,1.80891,0,1.80987,0,1.81753,0,1.84662,0,1.83519,0,1.84211,0,1.81079,0,1.80712,0,1.77164,0,1.77495,0,1.76918,0,1.77805,0,1.79021,0,1.77198,0,1.78974,0,1.75547,0,1.7507,0,1.75404,0,1.75093,0,1.72399,0,1.71787,0,1.71654,0,1.71497,0,1.71432,0,1.70603,0,1.7487,0,1.74052,0,1.6927,0,1.74044,0,1.69182,0,1.6775,0,1.6828,0,1.66452,0,1.66599,0,1.64946,0,1.63425,0,1.63741,0,1.62959,0,1.68899,0,1.58565,0,1.53746,0,1.53305,0,1.53015,0,1.5127,0,1.53729,0,1.50035,0,1.49343,0,1.49416,0,1.49427,0,1.4689,0,1.44788,0,1.44774,0,1.4531,0,1.41986,0,1.42065,0,1.42083,0,1.43064,0,1.42525,0,1.41561,0,1.41477,0,1.39629,0,1.39413,0,1.34032,0,1.34041,0,1.34364,0,1.34747,0,1.35842,0,1.38385,0,1.37083,0,1.35255,0,1.35007,0,1.33309,0,1.35055,0,1.33639,0,1.33721,0,1.34087,0,1.33391,0,1.3255,0,1.31365,0,1.32095,0,1.31018,0,1.33733,0,1.31712,0,1.29874,0,1.30333,0,1.30683,0,1.31081,0,1.25488,0,1.24579,0,1.25373,0,1.2541,0,1.24838,0,1.30638,0,1.33191,0,1.3453,0,1.37904,0,1.3719,0,1.38891,0,1.39919,0,1.41023,0,1.41179,0,1.43833,0,1.43968,0,1.44784,0,1.44734,0,1.4414,0,1.44602,0,1.45163,0,1.4505,0,1.44915,0,1.45121,0,1.45172,0,1.45268,0,1.45492,0,1.45886,0,1.45646,0,1.45764,0,1.46222,0,1.46765,0,1.46853,0,1.46254,0,1.4641,0,1.46355,0,1.45693,0,1.45578,0,1.45679,0,1.45973,0,1.46233,0,1.46263,0,1.4646,0,1.47233,0,1.47791,0,1.48013,0,1.48325,0,1.48893,0,1.49224,0,1.49073,0,1.49165,0,1.48903,0,1.48965,0,1.49331,0,1.49464,0,1.50165,0,1.50253,0,1.49141,0,1.49132,0,1.49766,0,1.49635,0,0.00316934,0,0.0037919,0,1.52891,0,1.53054,0,1.53069,0,1.53095,0,1.52755,0,1.52685,0,1.53878,0,1.5404,0,1.53919,0,1.53923,0,1.53839,0,1.54354,0,1.54171,0,1.54796,0,1.55339,0
0,0,0,0,0,0,0,0,0,0,0,0,0,0,0,0,0,0,0,0,0,0,0,0,0,0,0,0,0,0,0,0,0,0,0,0,0,0,0,0,0,0,0,0,0,0,0,0,0,0,0,0,0,0,0,0,0,0,0,0,0,0,0,0,0,0,0,0,0,0,0,0,0,0,0,0,0,0,0,0,0,0,0,0,0,0,0,0,0,0,0,0,0,0,0,0,0,0,0,0,0,0,0,0,0,0,0,0,0,0,0,0,0,0,0,0,0,0,0,0,0,0,0,0,0,0,0,0,0,0,0,0,0,0,0,0,0,0,0,0,0,0,0,0,0,0,0,0,0,0,0,0,0,0,0,0,0,0,0,0,0,0,0,0,0,0,0,0,0,0,0,0,0,0,0,0,0,0,0,0,0,0,0,0,0,0,0,0,0,0,0,0,0,0,0,0,0,0,0,0,0,0,0,0,0,0,0,0,0,0,0,0,0,0,0,0,0,0,0,0,0,0,0,0,0,0,0,0,0,0,0,0,0,0,0,0,0,0,0,0,0,0,0,0,0,0,0,0,0,0,0,0,0,0,0,0,0,0,0,0,0,0,0,0,0,0,0,0,0,0,0,0,0,0,0,0,0,0,0,0,0,0,0,0,0,0,0,0,0,0,0,0,0,0,0,0,0,0,0,0,0,0,0,0,0,0,0,0,0,0,0,0,0,0,0,0,0,0,0,0,0,0,0,0,0,0,0,0,0,0,0,0,0,0,0,0,0,0,0,0,0,0,0,0,0,0,0,0,0,0,0,0,0,0,0,0,0,0,0,0,0,0,0,0,0,0,0,0,0,0,0,0,0,0,0,0,0,0,0,0,0,0,0,0,0,0,0,0,0,0,0,0,0,0,0,0,0,0,0,0,0,0,0,0,0,0,0,0,0,0,0,0,0,0,0,0,0,0,0,0,0,0,0,0,0,0,0,0,0,0,0,0,0,0,0,0,0,0,0,0,0,0,0,0,0,0,0,0,0,0,0,0,0,0,0,0,0,0,0,0,0,0,0,0,0,0,0,0,0,0,0,0,0,0,0,0,0,0,0,0,0,0,0,0,0,0,0,0,0,0,0,0,0,0,0,0,0,0,0,0,0,0,0,0,0,0,0,0,0,0,0,0,0,0,0,0,0,0,0,0,0,0,0,0,0,0,0,0,0,0,0,0,0,0,0,0,0,0,0,0,0,0,0,0,0,0,0,0,0,0,0,0,0,0,0,0,0,0,0,0,0,0,0,0,0,0,0,0,0,0,0,0,0,0,0,0,0,0,0,0,0,0,0,0,0,0,0,0,0,0,0,0,0,0,0,0,0,0,0,0
0.928873,0,0.932223,0,0.931827,0,0.931052,0,0.932326,0,0.932611,0,0.92921,0,0.934024,0,0.942617,0,0.94643,0,0.953074,0,0.951656,0,0.950584,0,0.948528,0,0.947496,0,0.949909,0,0.955568,0,0.955118,0,0.960346,0,1.05095,0,1.05165,0,0.00349315,0,0.97703,0,0.976155,0,0.985778,0,0.986602,0,0.987241,0,0.986603,0,0.987976,0,0.990205,0,0.990468,0,0.991052,0,0.995551,0,0.998473,0,0.999527,0,0.995137,0,0.00351395,0,0.992948,0,0.997439,0,0.998881,0,1.0002,0,1.14972,0,0.977864,0,0.977937,0,0.982583,0,1.21957,0,0.00317036,0,0.991686,0,1.29761,0,0.986953,0,0.992508,0,0.994673,0,0.988238,0,0.990088,0,0.99069,0,0.990882,0,0.996869,0,0.998831,0,0.999971,0,1.01342,0,0.00351239,0,1.02225,0,1.02421,0,1.0267,0,0.00334356,0,1.03613,0,1.19661,0,1.04604,0,1.04847,0,1.05289,0,1.0534,0,1.05485,0,1.05566,0,1.05264,0,1.05257,0,1.07608,0,1.07465,0,1.08673,0,1.08754,0,1.08382,0,1.09938,0,1.06857,0,1.06409,0,1.03248,0,1.03541,0,1.00836,0,1.01661,0,1.0163,0,1.00745,0,0.991002,0,0.989248,0,0.991932,0,0.980362,0,0.998984,0,0.999745,0,1.05602,0,1.02989,0,1.0196,0,1.02271,0,0.982356,0,0.984808,0,0.996141,0,1.02117,0,1.01246,0,1.01956,0,1.01244,0,1.04392,0,1.04628,0,1.06794,0,1.06995,0,1.1725,0,1.17078,0,1.2138,0,1.19281,0,1.20447,0,1.2136,0,1.2546,0,1.25766,0,1.28523,0,1.34966,0,1.39874,0,1.42778,0,1.46436,0,1.48874,0,1.49865,0,1.52235,0,1.57373,0,1.60658,0,1.65739,0,1.63748,0,1.70041,0,1.69369,0,1.81228,0,1.77982,0,1.79049,0,1.81373,0,1.78284,0,1.8129,0,1.77289,0,1.74447,0,1.74929,0,1.76965,0,1.75231,0,1.75245,0,1.7688,0,1.76972,0,1.75682,0,1.76231,0,1.78141,0,1.74049,0,1.73461,0,1.71379,0,1.69826,0,1.69345,0,1.72188,0,1.7311,0,1.71436,0,1.71003,0,1.70712,0,1.70737,0,1.71393,0,1.71176,0,1.68669,0,1.67468,0,1.67239,0,1.67112,0,1.73379,0,1.72519,0,1.63977,0,1.6368,0,1.70351,0,1.60277,0,1.6114,0,1.56334,0,1.55899,0,1.53937,0,1.53255,0,1.53217,0,1.51565,0,1.54667,0,1.50323,0,1.49903,0,1.49609,0,1.4808,0,1.46389,0,1.43956,0,1.44581,0,1.43468,0,1.43377,0,1.42707,0,1.40314,0,1.41591,0,1.39315,0,1.40448,0,1.40471,0,1.36341,0,1.34878,0,1.34645,0,1.3579,0,1.32202,0,1.32298,0,1.3551,0,1.35176,0,1.35564,0,1.33648,0,1.33979,0,1.34014,0,1.33338,0,1.33324,0,1.34727,0,1.33736,0,1.31915,0,1.31789,0,1.36763,0,1.3021,0,1.33574,0,1.34328,0,1.29884,0,1.31436,0,1.31472,0,1.32349,0,1.32403,0,1.3291,0,1.39118,0,1.38964,0,1.34709,0,1.29834,0,1.33797,0,1.34624,0,1.3587,0,1.36037,0,1.37542,0,1.37762,0,1.41713,0,1.40833,0,1.41034,0,1.41418,0,1.43587,0,1.42971,0,1.43451,0,1.43731,0,1.4422,0,1.4428,0,1.44535,0,1.44856,0,1.44921,0,1.45205,0,1.45031,0,1.4519,0,1.45531,0,1.45592,0,1.45992,0,1.4602,0,1.46434,0,1.46679,0,1.46426,0,1.46443,0,1.46216,0,1.45866,0,1.46055,0,1.45863,0,1.45792,0,1.46483,0,1.46506,0,1.4667,0,1.47112,0,1.47528,0,1.48219,0,1.48231,0,1.48708,0,1.49021,0,1.48943,0,1.49166,0,1.49302,0,1.49263,0,1.49346,0,1.49309,0,1.49494,0,1.4961,0,1.49256,0,1.49206,0,1.49904,0,1.50958,0,1.59943,0,1.52549,0,1.52422,0,1.52218,0,1.52695,0,1.53382,0,1.53058,0,1.53188,0,1.53336,0,1.52763,0,1.53266,0,1.53404,0,1.53745,0,1.53735,0,1.54006,0,1.54855,0,1.55468,0
0,0,0,0,0,0,0,0,0,0,0,0,0,0,0,0,0,0,0,0,0,0,0,0,0,0,0,0,0,0,0,0,0,0,0,0,0,0,0,0,0,0,0,0,0,0,0,0,0,0,0,0,0,0,0,0,0,0,0,0,0,0,0,0,0,0,0,0,0,0,0,0,0,0,0,0,0,0,0,0,0,0,0,0,0,0,0,0,0,0,0,0,0,0,0,0,0,0,0,0,0,0,0,0,0,0,0,0,0,0,0,0,0,0,0,0,0,0,0,0,0,0,0,0,0,0,0,0,0,0,0,0,0,0,0,0,0,0,0,0,0,0,0,0,0,0,0,0,0,0,0,0,0,0,0,0,0,0,0,0,0,0,0,0,0,0,0,0,0,0,0,0,0,0,0,0,0,0,0,0,0,0,0,0,0,0,0,0,0,0,0,0,0,0,0,0,0,0,0,0,0,0,0,0,0,0,0,0,0,0,0,0,0,0,0,0,0,0,0,0,0,0,0,0,0,0,0,0,0,0,0,0,0,0,0,0,0,0,0,0,0,0,0,0,0,0,0,0,0,0,0,0,0,0,0,0,0,0,0,0,0,0,0,0,0,0,0,0,0,0,0,0,0,0,0,0,0,0,0,0,0,0,0,0,0,0,0,0,0,0,0,0,0,0,0,0,0,0,0,0,0,0,0,0,0,0,0,0,0,0,0,0,0,0,0,0,0,0,0,0,0,0,0,0,0,0,0,0,0,0,0,0,0,0,0,0,0,0,0,0,0,0,0,0,0,0,0,0,0,0,0,0,0,0,0,0,0,0,0,0,0,0,0,0,0,0,0,0,0,0,0,0,0,0,0,0,0,0,0,0,0,0,0,0,0,0,0,0,0,0,0,0,0,0,0,0,0,0,0,0,0,0,0,0,0,0,0,0,0,0,0,0,0,0,0,0,0,0,0,0,0,0,0,0,0,0,0,0,0,0,0,0,0,0,0,0,0,0,0,0,0,0,0,0,0,0,0,0,0,0,0,0,0,0,0,0,0,0,0,0,0,0,0,0,0,0,0,0,0,0,0,0,0,0,0,0,0,0,0,0,0,0,0,0,0,0,0,0,0,0,0,0,0,0,0,0,0,0,0,0,0,0,0,0,0,0,0,0,0,0,0,0,0,0,0,0,0,0,0,0,0,0,0,0,0,0,0,0,0,0,0,0,0,0,0,0,0,0,0,0,0,0,0,0,0,0,0,0,0,0,0,0,0,0,0,0,0,0,0,0,0,0,0,0,0,0,0,0,0,0,0,0,0,0,0,0,0,0,0,0,0,0,0,0,0,0,0,0,0,0,0,0,0,0,0,0,0,0,0,0
0.904449,0,0.914255,0,0.911902,0,0.911667,0,0.912036,0,0.921265,0,0.920915,0,0.921513,0,0.930426,0,0.00345228,0,0.00351024,0,0.00343215,0,0.931419,0,0.934626,0,0.93534,0,0.937476,0,1.04314,0,0.943091,0,1.11597,0,1.1392,0,1.11782,0,1.05799,0,0.969701,0,1.12877,0,1.08335,0,0.976225,0,0.973206,0,0.97783,0,0.981508,0,0.981974,0,0.981111,0,0.977208,0,0.979317,0,0.00333199,0,0.980061,0,0.980367,0,0.981185,0,0.974982,0,0.973917,0,1.10589,0,1.13434,0,1.13408,0,0.970014,0,0.977518,0,0.98072,0,0.976019,0,0.974218,0,0.977442,0,0.977455,0,0.978225,0,0.979014,0,0.982915,0,0.98549,0,0.989128,0,0.993985,0,0.993899,0,1.00137,0,1.00493,0,1.00197,0,1.00326,0,1.00959,0,0.00355119,0,1.02058,0,1.0255,0,1.02659,0,1.42303,0,1.42273,0,1.22702,0,1.04329,0,1.04705,0,1.05147,0,1.05418,0,1.05403,0,1.05309,0,1.053,0,1.05436,0,1.05589,0,1.06593,0,0.00354462,0,0.0033164,0,1.07354,0,1.07171,0,1.0674,0,1.03114,0,1.04832,0,1.02616,0,1.02926,0,1.03079,0,1.01504,0,1.02314,0,1.01202,0,1.00833,0,1.00207,0,0.999194,0,1.02988,0,1.00177,0,1.0111,0,1.02113,0,1.019,0,1.01668,0,1.00086,0,1.0292,0,0.969534,0,1.02195,0,1.02137,0,0.997761,0,1.00066,0,1.01717,0,1.02943,0,1.05672,0,1.10512,0,1.10899,0,1.1889,0,1.17774,0,1.1881,0,1.21905,0,1.20483,0,1.20538,0,1.24307,0,1.30238,0,1.28612,0,1.32551,0,1.33321,0,1.41993,0,1.46237,0,1.49935,0,1.50904,0,1.55086,0,1.55775,0,1.63109,0,1.63,0,1.64898,0,1.67598,0,1.70196,0,1.75105,0,1.70958,0,1.71264,0,1.72398,0,1.70244,0,1.70001,0,1.70845,0,1.75348,0,1.75267,0,1.70593,0,1.70042,0,1.71339,0,1.74104,0,1.73382,0,1.73466,0,1.72846,0,1.73152,0,1.72007,0,1.70563,0,1.70191,0,1.73574,0,1.71841,0,1.72489,0,1.73765,0,1.75143,0,1.70032,0,1.70437,0,1.7119,0,1.67754,0,1.64951,0,1.64781,0,1.65172,0,1.64811,0,1.68061,0,1.59735,0,1.59406,0,1.60903,0,1.62749,0,1.62425,0,1.62499,0,1.55098,0,1.6004,0,1.53276,0,1.54095,0,1.55406,0,1.53348,0,1.50568,0,1.48837,0,1.47132,0,1.46998,0,1.41927,0,1.41879,0,1.52678,0,1.43661,0,1.4519,0,1.45123,0,1.3978,0,1.38919,0,1.3818,0,1.39641,0,1.40968,0,1.3687,0,1.36771,0,1.35634,0,1.35965,0,1.32013,0,1.31521,0,1.3191,0,1.32024,0,1.32966,0,1.32651,0,1.3254,0,1.32449,0,1.33348,0,1.32834,0,1.33648,0,1.30485,0,1.30488,0,1.32911,0,1.32925,0,1.32899,0,1.30043,0,1.3008,0,1.29469,0,1.29147,0,1.31707,0,1.31774,0,1.32371,0,1.3237,0,1.34329,0,1.33248,0,1.33345,0,1.34851,0,1.34053,0,1.36259,0,1.36359,0,1.3552,0,1.3608,0,1.39923,0,1.39007,0,1.40522,0,1.44214,0,1.42962,0,1.43055,0,1.43148,0,1.4369,0,1.44195,0,1.44334,0,1.44345,0,1.44414,0,1.44164,0,1.44514,0,1.44632,0,1.44464,0,1.44991,0,1.44808,0,1.45648,0,1.4554,0,1.45598,0,1.45881,0,1.45857,0,1.46473,0,1.4642,0,1.46271,0,1.45612,0,1.45763,0,1.45857,0,1.45694,0,1.46255,0,1.46604,0,1.46678,0,1.4692,0,1.47346,0,1.47399,0,1.48174,0,1.48029,0,1.48506,0,1.48564,0,1.48982,0,1.49011,0,1.49256,0,1.49058,0,1.49738,0,1.49606,0,1.49518,0,1.49299,0,1.49413,0,1.4946,0,1.51257,0,1.51504,0,1.52099,0,1.52085,0,1.51954,0,1.52338,0,1.52419,0,1.5218,0,1.5269,0,1.52766,0,1.53001,0,1.53388,0,1.5347,0,1.53178,0,1.5331,0,0.00336095,0,1.54069,0,1.55339,0
0,0,0,0,0,0,0,0,0,0,0,0,0,0,0,0,0,0,0,0,0,0,0,0,0,0,0,0,0,0,0,0,0,0,0,0,0,0,0,0,0,0,0,0,0,0,0,0,0,0,0,0,0,0,0,0,0,0,0,0,0,0,0,0,0,0,0,0,0,0,0,0,0,0,0,0,0,0,0,0,0,0,0,0,0,0,0,0,0,0,0,0,0,0,0,0,0,0,0,0,0,0,0,0,0,0,0,0,0,0,0,0,0,0,0,0,0,0,0,0,0,0,0,0,0,0,0,0,0,0,0,0,0,0,0,0,0,0,0,0,0,0,0,0,0,0,0,0,0,0,0,0,0,0,0,0,0,0,0,0,0,0,0,0,0,0,0,0,0,0,0,0,0,0,0,0,0,0,0,0,0,0,0,0,0,0,0,0,0,0,0,0,0,0,0,0,0,0,0,0,0,0,0,0,0,0,0,0,0,0,0,0,0,0,0,0,0,0,0,0,0,0,0,0,0,0,0,0,0,0,0,0,0,0,0,0,0,0,0,0,0,0,0,0,0,0,0,0,0,0,0,0,0,0,0,0,0,0,0,0,0,0,0,0,0,0,0,0,0,0,0,0,0,0,0,0,0,0,0,0,0,0,0,0,0,0,0,0,0,0,0,0,0,0,0,0,0,0,0,0,0,0,0,0,0,0,0,0,0,0,0,0,0,0,0,0,0,0,0,0,0,0,0,0,0,0,0,0,0,0,0,0,0,0,0,0,0,0,0,0,0,0,0,0,0,0,0,0,0,0,0,0,0,0,0,0,0,0,0,0,0,0,0,0,0,0,0,0,0,0,0,0,0,0,0,0,0,0,0,0,0,0,0,0,0,0,0,0,0,0,0,0,0,0,0,0,0,0,0,0,0,0,0,0,0,0,0,0,0,0,0,0,0,0,0,0,0,0,0,0,0,0,0,0,0,0,0,0,0,0,0,0,0,0,0,0,0,0,0,0,0,0,0,0,0,0,0,0,0,0,0,0,0,0,0,0,0,0,0,0,0,0,0,0,0,0,0,0,0,0,0,0,0,0,0,0,0,0,0,0,0,0,0,0,0,0,0,0,0,0,0,0,0,0,0,0,0,0,0,0,0,0,0,0,0,0,0,0,0,0,0,0,0,0,0,0,0,0,0,0,0,0,0,0,0,0,0,0,0,0,0,0,0,0,0,0,0,0,0,0,0,0,0,0,0,0,0,0,0,0,0,0,0,0,0,0,0,0,0,0,0,0,0,0,0,0,0,0,0,0,0,0,0,0,0,0,0,0,0,0,0,0,0,0,0,0,0,0,0,0,0,0,0,0,0,0,0,0,0,0
0.904118,0,0.907334,0,0.909235,0,0.911611,0,0.914123,0,0.915242,0,0.916741,0,0.917047,0,0.00331614,0,0.914552,0,0.00340517,0,0.91567,0,0.00334634,0,0.00344126,0,0.925126,0,0.926631,0,0.930218,0,0.935599,0,0.00328577,0,0.00322131,0,0.950852,0,0.954408,0,0.961347,0,0.958347,0,0.960522,0,0.962787,0,0.96936,0,0.968418,0,0.971484,0,0.967682,0,0.969619,0,0.971008,0,0.972739,0,0.973224,0,0.975265,0,0.978437,0,0.979031,0,0.97789,0,0.949851,0,0.95116,0,0.955939,0,0.960658,0,0.96566,0,0.976583,0,0.975318,0,0.976596,0,0.978848,0,0.979687,0,0.977834,0,0.979643,0,0.980764,0,0.981169,0,0.985053,0,0.985998,0,0.988002,0,0.990606,0,0.991337,0,0.993531,0,0.995055,0,1.00244,0,1.00977,0,1.01003,0,1.01498,0,1.01386,0,1.0159,0,1.02149,0,1.42811,0,1.02923,0,1.02999,0,1.03332,0,0.00370339,0,1.04669,0,1.04778,0,1.04676,0,1.0456,0,1.04705,0,1.05118,0,1.0733,0,1.07929,0,1.08403,0,1.08523,0,1.02987,0,1.02166,0,1.02082,0,1.01177,0,1.01362,0,1.02376,0,1.02602,0,1.00756,0,1.01147,0,1.00975,0,1.00771,0,0.988855,0,0.989641,0,1.05683,0,1.06308,0,1.00923,0,0.989523,0,0.988297,0,0.988454,0,0.997752,0,0.998375,0,1.01701,0,0.994486,0,0.998927,0,0.980958,0,0.982221,0,0.985336,0,0.988257,0,1.00354,0,1.04221,0,1.10628,0,1.10732,0,1.10722,0,1.18013,0,1.17135,0,1.18717,0,1.20904,0,1.1999,0,1.21637,0,1.28531,0,1.28845,0,1.3316,0,1.33322,0,1.40539,0,1.40502,0,1.46228,0,1.51606,0,1.54182,0,1.54221,0,1.55238,0,1.57644,0,1.65346,0,1.64729,0,1.67134,0,1.71002,0,1.66577,0,1.69988,0,1.65711,0,1.69086,0,1.70132,0,1.71761,0,1.7053,0,1.70204,0,1.67233,0,1.67347,0,1.66169,0,1.67526,0,1.67099,0,1.67948,0,1.68817,0,1.68663,0,1.68392,0,1.66834,0,1.6931,0,1.69308,0,1.65681,0,1.66194,0,1.66581,0,1.65963,0,1.64277,0,1.63703,0,1.63564,0,1.64128,0,1.64067,0,1.64119,0,1.64796,0,1.57324,0,1.56229,0,1.56048,0,1.56084,0,1.52904,0,1.56842,0,1.55364,0,1.50379,0,1.52297,0,1.48674,0,1.48632,0,1.44436,0,1.43913,0,1.43478,0,1.45688,0,1.45562,0,1.44471,0,1.47334,0,1.42962,0,1.41833,0,1.4123,0,1.40685,0,1.38716,0,1.3769,0,1.37653,0,1.38569,0,1.40864,0,1.38237,0,1.36229,0,1.35097,0,1.33262,0,1.31788,0,1.3177,0,1.31961,0,1.34701,0,1.33135,0,1.32396,0,1.326,0,1.34112,0,1.33053,0,1.32618,0,1.30833,0,1.30859,0,1.31892,0,1.32611,0,1.33414,0,1.32556,0,1.3362,0,1.31994,0,1.3201,0,1.29583,0,1.29611,0,1.29622,0,1.33365,0,1.31018,0,1.32354,0,1.36258,0,1.33744,0,1.35476,0,1.34024,0,1.37751,0,1.37794,0,1.35726,0,1.36147,0,1.37427,0,1.37835,0,1.38202,0,1.39629,0,1.42983,0,1.45516,0,1.43696,0,1.43535,0,1.44246,0,1.442,0,1.44315,0,1.44214,0,1.44236,0,1.43872,0,1.442,0,1.44258,0,1.44268,0,1.44432,0,1.45195,0,1.44864,0,1.45462,0,1.45538,0,1.45699,0,1.45615,0,1.46037,0,1.45921,0,1.45888,0,1.45609,0,1.45414,0,1.46148,0,1.45498,0,1.45593,0,1.4594,0,1.45947,0,1.46975,0,1.47022,0,1.47221,0,1.4784,0,1.47735,0,1.48261,0,1.48685,0,1.48627,0,1.48837,0,1.4944,0,1.50487,0,1.50436,0,1.50264,0,1.50301,0,1.50474,0,1.49988,0,1.50238,0,1.50709,0,1.50968,0,1.51094,0,1.51887,0,1.51973,0,1.51716,0,1.52046,0,1.52393,0,1.52594,0,1.52988,0,1.52892,0,1.5277,0,1.52753,0,1.53141,0,1.53274,0,1.54455,0,1.54254,0,1.55414,0
0,0,0,0,0,0,0,0,0,0,0,0,0,0,0,0,0,0,0,0,0,0,0,0,0,0,0,0,0,0,0,0,0,0,0,0,0,0,0,0,0,0,0,0,0,0,0,0,0,0,0,0,0,0,0,0,0,0,0,0,0,0,0,0,0,0,0,0,0,0,0,0,0,0,0,0,0,0,0,0,0,0,0,0,0,0,0,0,0,0,0,0,0,0,0,0,0,0,0,0,0,0,0,0,0,0,0,0,0,0,0,0,0,0,0,0,0,0,0,0,0,0,0,0,0,0,0,0,0,0,0,0,0,0,0,0,0,0,0,0,0,0,0,0,0,0,0,0,0,0,0,0,0,0,0,0,0,0,0,0,0,0,0,0,0,0,0,0,0,0,0,0,0,0,0,0,0,0,0,0,0,0,0,0,0,0,0,0,0,0,0,0,0,0,0,0,0,0,0,0,0,0,0,0,0,0,0,0,0,0,0,0,0,0,0,0,0,0,0,0,0,0,0,0,0,0,0,0,0,0,0,0,0,0,0,0,0,0,0,0,0,0,0,0,0,0,0,0,0,0,0,0,0,0,0,0,0,0,0,0,0,0,0,0,0,0,0,0,0,0,0,0,0,0,0,0,0,0,0,0,0,0,0,0,0,0,0,0,0,0,0,0,0,0,0,0,0,0,0,0,0,0,0,0,0,0,0,0,0,0,0,0,0,0,0,0,0,0,0,0,0,0,0,0,0,0,0,0,0,0,0,0,0,0,0,0,0,0,0,0,0,0,0,0,0,0,0,0,0,0,0,0,0,0,0,0,0,0,0,0,0,0,0,0,0,0,0,0,0,0,0,0,0,0,0,0,0,0,0,0,0,0,0,0,0,0,0,0,0,0,0,0,0,0,0,0,0,0,0,0,0,0,0,0,0,0,0,0,0,0,0,0,0,0,0,0,0,0,0,0,0,0,0,0,0,0,0,0,0,0,0,0,0,0,0,0,0,0,0,0,0,0,0,0,0,0,0,0,0,0,0,0,0,0,0,0,0,0,0,0,0,0,0,0,0,0,0,0,0,0,0,0,0,0,0,0,0,0,0,0,0,0,0,0,0,0,0,0,0,0,0,0,0,0,0,0,0,0,0,0,0,0,0,0,0,0,0,0,0,0,0,0,0,0,0,0,0,0,0,0,0,0,0,0,0,0,0,0,0,0,0,0,0,0,0,0,0,0,0,0,0,0,0,0,0,0,0,0,0,0,0,0,0,0,0,0,0,0,0,0,0,0,0,0,0,0,0,0,0,0,0,0,0,0,0,0,0,0,0,0,0,0,0,0,0,0,0,0,0,0,0,0,0,0,0,0,0,0,0,0
0.894786,0,0.00325852,0,0.907491,0,0.911149,0,0.911768,0,0.00324011,0,0.900741,0,0.900672,0,0.899763,0,0.90427,0,0.904447,0,0.908375,0,0.911911,0,0.914839,0,0.918895,0,0.925983,0,0.92744,0,0.930568,0,0.935916,0,0.943725,0,0.946617,0,0.948637,0,0.952622,0,0.953625,0,0.953806,0,0.955009,0,0.96006,0,0.959716,0,0.961217,0,0.963276,0,0.96534,0,0.963955,0,0.962471,0,0.00318718,0,0.00360796,0,0.944797,0,0.95198,0,0.953199,0,0.951469,0,0.955409,0,0.956407,0,0.963014,0,0.966463,0,0.967511,0,0.968538,0,0.972397,0,0.977243,0,0.975761,0,0.980026,0,0.980548,0,0.982207,0,0.984241,0,0.98418,0,0.986432,0,0.989104,0,0.990564,0,0.996041,0,0.99658,0,1.00239,0,1.00866,0,1.00951,0,1.01188,0,1.01225,0,1.01308,0,1.0132,0,1.01684,0,1.02228,0,1.02454,0,1.02888,0,1.03149,0,1.03391,0,0.00323713,0,1.0402,0,1.04123,0,1.04133,0,1.03967,0,1.06379,0,1.06491,0,1.03652,0,1.03297,0,1.02557,0,1.02907,0,1.02004,0,1.0185,0,1.00061,0,1.00638,0,1.00643,0,1.03287,0,1.06331,0,1.06121,0,1.0098,0,1.02652,0,0.998315,0,0.998303,0,1.07679,0,1.09078,0,1.00579,0,1.0124,0,1.01588,0,0.984133,0,0.983569,0,1.01134,0,1.02136,0,1.01543,0,1.04659,0,1.03691,0,1.00197,0,1.0022,0,1.00859,0,0.996723,0,1.05058,0,1.04406,0,1.07501,0,1.05955,0,1.12868,0,1.18187,0,1.18357,0,1.18798,0,1.2044,0,1.21226,0,1.25724,0,1.31542,0,1.32247,0,1.33159,0,1.37407,0,1.37467,0,1.44642,0,1.47158,0,1.48457,0,1.51295,0,1.52554,0,1.55546,0,1.59216,0,1.61125,0,1.61931,0,1.61569,0,1.61895,0,1.63652,0,1.63571,0,1.64709,0,1.65403,0,1.65253,0,1.65404,0,1.65776,0,1.65719,0,1.65781,0,1.65779,0,1.64858,0,1.64908,0,1.68205,0,1.66139,0,1.68889,0,1.67173,0,1.67326,0,1.67551,0,1.67624,0,1.65418,0,1.6508,0,1.66525,0,1.68429,0,1.68545,0,1.68225,0,1.63037,0,1.67317,0,1.67265,0,1.59878,0,1.57575,0,1.5819,0,1.56227,0,1.51797,0,1.51833,0,1.58172,0,1.50531,0,1.50202,0,1.49425,0,1.49425,0,1.48256,0,1.48435,0,1.45759,0,1.4666,0,1.45403,0,1.41939,0,1.42396,0,1.42607,0,1.4095,0,1.39824,0,1.41727,0,1.38056,0,1.36442,0,1.37614,0,1.38219,0,1.36417,0,1.35197,0,1.34929,0,1.36558,0,1.34898,0,1.36207,0,1.32561,0,1.3141,0,1.32191,0,1.32348,0,1.32732,0,1.30043,0,1.29956,0,1.29837,0,1.3255,0,1.3117,0,1.3371,0,1.32231,0,1.35698,0,1.35957,0,1.33521,0,1.31945,0,1.33946,0,1.42061,0,1.3325,0,1.33177,0,1.32498,0,1.30553,0,1.33419,0,1.3398,0,1.33216,0,1.32651,0,1.33073,0,1.34995,0,1.35083,0,1.35479,0,1.3532,0,1.35506,0,1.35068,0,1.3601,0,1.38838,0,1.3915,0,1.39868,0,1.46795,0,1.41504,0,1.43132,0,1.43479,0,1.43856,0,1.44225,0,1.44352,0,1.44206,0,1.44127,0,1.44165,0,1.44082,0,1.44323,0,1.44059,0,1.44524,0,1.4461,0,1.44685,0,1.44995,0,1.44994,0,1.45649,0,1.45548,0,1.45323,0,1.45355,0,1.4541,0,1.45529,0,1.45637,0,1.45327,0,1.45236,0,1.45842,0,1.45558,0,1.46017,0,1.45747,0,1.45989,0,1.47737,0,1.47136,0,1.47456,0,1.4749,0,1.47695,0,1.48184,0,1.48175,0,1.48857,0,1.49346,0,1.50293,0,1.50411,0,1.50378,0,1.50392,0,1.50972,0,1.50533,0,1.50611,0,1.5087,0,1.5091,0,1.51388,0,1.5166,0,1.52084,0,1.52147,0,1.5183,0,1.52375,0,1.52414,0,1.52543,0,1.52651,0,1.52416,0,1.52809,0,1.53284,0,1.5376,0,1.53796,0,1.53774,0,1.54435,0
0,0,0,0,0,0,0,0,0,0,0,0,0,0,0,0,0,0,0,0,0,0,0,0,0,0,0,0,0,0,0,0,0,0,0,0,0,0,0,0,0,0,0,0,0,0,0,0,0,0,0,0,0,0,0,0,0,0,0,0,0,0,0,0,0,0,0,0,0,0,0,0,0,0,0,0,0,0,0,0,0,0,0,0,0,0,0,0,0,0,0,0,0,0,0,0,0,0,0,0,0,0,0,0,0,0,0,0,0,0,0,0,0,0,0,0,0,0,0,0,0,0,0,0,0,0,0,0,0,0,0,0,0,0,0,0,0,0,0,0,0,0,0,0,0,0,0,0,0,0,0,0,0,0,0,0,0,0,0,0,0,0,0,0,0,0,0,0,0,0,0,0,0,0,0,0,0,0,0,0,0,0,0,0,0,0,0,0,0,0,0,0,0,0,0,0,0,0,0,0,0,0,0,0,0,0,0,0,0,0,0,0,0,0,0,0,0,0,0,0,0,0,0,0,0,0,0,0,0,0,0,0,0,0,0,0,0,0,0,0,0,0,0,0,0,0,0,0,0,0,0,0,0,0,0,0,0,0,0,0,0,0,0,0,0,0,0,0,0,0,0,0,0,0,0,0,0,0,0,0,0,0,0,0,0,0,0,0,0,0,0,0,0,0,0,0,0,0,0,0,0,0,0,0,0,0,0,0,0,0,0,0,0,0,0,0,0,0,0,0,0,0,0,0,0,0,0,0,0,0,0,0,0,0,0,0,0,0,0,0,0,0,0,0,0,0,0,0,0,0,0,0,0,0,0,0,0,0,0,0,0,0,0,0,0,0,0,0,0,0,0,0,0,0,0,0,0,0,0,0,0,0,0,0,0,0,0,0,0,0,0,0,0,0,0,0,0,0,0,0,0,0,0,0,0,0,0,0,0,0,0,0,0,0,0,0,0,0,0,0,0,0,0,0,0,0,0,0,0,0,0,0,0,0,0,0,0,0,0,0,0,0,0,0,0,0,0,0,0,0,0,0,0,0,0,0,0,0,0,0,0,0,0,0,0,0,0,0,0,0,0,0,0,0,0,0,0,0,0,0,0,0,0,0,0,0,0,0,0,0,0,0,0,0,0,0,0,0,0,0,0,0,0,0,0,0,0,0,0,0,0,0,0,0,0,0,0,0,0,0,0,0,0,0,0,0,0,0,0,0,0,0,0,0,0,0,0,0,0,0,0,0,0,0,0,0,0,0,0,0,0,0,0,0,0,0,0,0,0,0,0,0,0,0,0,0,0,0,0,0,0,0,0,0,0,0,0,0,0,0,0,0,0,0,0,0,0,0,0,0,0,0,0,0,0,0,0,0,0,0
0.887982,0,0.89087,0,0.896303,0,0.895573,0,0.894402,0,0.892173,0,0.889269,0,0.892861,0,0.89399,0,0.897565,0,0.900792,0,0.90555,0,0.90802,0,0.914454,0,0.915164,0,1.0481,0,0.00341158,0,0.937473,0,0.942963,0,0.943751,0,0.945497,0,0.945339,0,0.94673,0,0.946485,0,0.948242,0,0.94953,0,0.952394,0,0.956359,0,0.954157,0,0.953068,0,0.936661,0,0.935332,0,0.938915,0,0.942299,0,0.941821,0,0.940508,0,0.945033,0,0.94517,0,0.947239,0,0.947117,0,0.948181,0,0.957696,0,0.959332,0,0.963301,0,0.965171,0,0.968665,0,0.977463,0,0.977779,0,0.983933,0,0.986616,0,0.986469,0,0.986421,0,0.988894,0,0.990993,0,0.993978,0,0.994416,0,0.998134,0,1.00028,0,1.00213,0,1.00403,0,1.00575,0,1.01156,0,1.01215,0,1.0126,0,1.013,0,1.01542,0,1.01476,0,1.01522,0,1.02064,0,1.02113,0,0.00331654,0,1.02557,0,0.00379882,0,0.00333644,0,1.02892,0,1.0276,0,1.02904,0,1.03062,0,1.03218,0,1.03372,0,1.03535,0,1.03473,0,1.01876,0,1.02067,0,1.032,0,1.03513,0,1.05619,0,0.950618,0,1.05282,0,0.985275,0,0.989635,0,1.01653,0,0.980499,0,0.987302,0,0.992406,0,0.993489,0,1.02223,0,0.95102,0,0.989564,0,0.952329,0,0.982475,0,0.980715,0,0.981264,0,1.01571,0,1.01903,0,1.01481,0,1.01012,0,1.048,0,1.01116,0,1.0046,0,1.01537,0,1.01843,0,1.11615,0,1.09482,0,1.09571,0,1.18219,0,1.18185,0,1.19415,0,1.19555,0,1.22939,0,1.24433,0,1.30164,0,1.3025,0,1.32004,0,1.31742,0,1.31303,0,1.31796,0,1.44263,0,1.44209,0,1.44232,0,1.44769,0,1.46045,0,1.52114,0,1.5594,0,1.56085,0,1.57155,0,1.56463,0,1.59904,0,1.6131,0,1.59106,0,1.6347,0,1.70306,0,1.65195,0,1.62151,0,1.64616,0,1.59629,0,1.58896,0,1.61573,0,1.61381,0,1.64992,0,1.65292,0,1.62252,0,1.66469,0,1.67259,0,1.67577,0,1.67214,0,1.67252,0,1.65724,0,1.62014,0,1.61762,0,1.61001,0,1.61044,0,1.57963,0,1.51908,0,1.51984,0,1.50123,0,1.49899,0,1.50185,0,1.50688,0,1.49136,0,1.48923,0,1.47186,0,1.46094,0,1.46277,0,1.46859,0,1.44836,0,1.46424,0,1.44479,0,1.44368,0,1.44368,0,1.43271,0,1.42132,0,1.43466,0,1.40377,0,1.39323,0,1.36786,0,1.37879,0,1.36978,0,1.36852,0,1.3773,0,1.3525,0,1.35173,0,1.30358,0,1.30265,0,1.31537,0,1.31081,0,1.3277,0,1.32387,0,1.33765,0,1.30464,0,1.30492,0,1.30856,0,1.31245,0,1.31584,0,1.30903,0,1.3044,0,1.31339,0,1.31854,0,1.31741,0,1.36718,0,1.33482,0,1.31722,0,1.30923,0,1.33375,0,1.3472,0,1.31725,0,1.2909,0,1.28897,0,1.26624,0,1.30331,0,1.30048,0,1.33075,0,1.34372,0,1.32582,0,1.32362,0,1.32677,0,1.3382,0,1.34314,0,1.33205,0,1.31831,0,1.33,0,1.37919,0,1.37165,0,1.42293,0,1.41427,0,1.41522,0,1.44117,0,1.44674,0,1.44592,0,1.44457,0,1.44171,0,1.441,0,1.44092,0,1.44181,0,1.44141,0,1.44327,0,1.44183,0,1.44355,0,1.44211,0,1.44527,0,1.44961,0,1.44907,0,1.4509,0,1.45165,0,1.45118,0,1.45063,0,1.45193,0,1.45308,0,1.45366,0,1.45104,0,1.45061,0,1.45301,0,1.45761,0,1.45346,0,1.45611,0,1.45404,0,1.46671,0,1.46639,0,1.4726,0,1.47159,0,1.47518,0,1.48365,0,1.48798,0,1.48864,0,1.49991,0,1.49928,0,1.50023,0,1.50569,0,1.50951,0,1.50859,0,1.50697,0,1.50268,0,1.50285,0,1.51053,0,1.50934,0,1.5107,0,1.51461,0,1.51436,0,1.51519,0,1.51915,0,1.51964,0,1.52298,0,1.52316,0,1.5263,0,1.52714,0,1.52749,0,1.52895,0,1.53104,0,1.5309,0,1.54884,0
0,0,0,0,0,0,0,0,0,0,0,0,0,0,0,0,0,0,0,0,0,0,0,0,0,0,0,0,0,0,0,0,0,0,0,0,0,0,0,0,0,0,0,0,0,0,0,0,0,0,0,0,0,0,0,0,0,0,0,0,0,0,0,0,0,0,0,0,0,0,0,0,0,0,0,0,0,0,0,0,0,0,0,0,0,0,0,0,0,0,0,0,0,0,0,0,0,0,0,0,0,0,0,0,0,0,0,0,0,0,0,0,0,0,0,0,0,0,0,0,0,0,0,0,0,0,0,0,0,0,0,0,0,0,0,0,0,0,0,0,0,0,0,0,0,0,0,0,0,0,0,0,0,0,0,0,0,0,0,0,0,0,0,0,0,0,0,0,0,0,0,0,0,0,0,0,0,0,0,0,0,0,0,0,0,0,0,0,0,0,0,0,0,0,0,0,0,0,0,0,0,0,0,0,0,0,0,0,0,0,0,0,0,0,0,0,0,0,0,0,0,0,0,0,0,0,0,0,0,0,0,0,0,0,0,0,0,0,0,0,0,0,0,0,0,0,0,0,0,0,0,0,0,0,0,0,0,0,0,0,0,0,0,0,0,0,0,0,0,0,0,0,0,0,0,0,0,0,0,0,0,0,0,0,0,0,0,0,0,0,0,0,0,0,0,0,0,0,0,0,0,0,0,0,0,0,0,0,0,0,0,0,0,0,0,0,0,0,0,0,0,0,0,0,0,0,0,0,0,0,0,0,0,0,0,0,0,0,0,0,0,0,0,0,0,0,0,0,0,0,0,0,0,0,0,0,0,0,0,0,0,0,0,0,0,0,0,0,0,0,0,0,0,0,0,0,0,0,0,0,0,0,0,0,0,0,0,0,0,0,0,0,0,0,0,0,0,0,0,0,0,0,0,0,0,0,0,0,0,0,0,0,0,0,0,0,0,0,0,0,0,0,0,0,0,0,0,0,0,0,0,0,0,0,0,0,0,0,0,0,0,0,0,0,0,0,0,0,0,0,0,0,0,0,0,0,0,0,0,0,0,0,0,0,0,0,0,0,0,0,0,0,0,0,0,0,0,0,0,0,0,0,0,0,0,0,0,0,0,0,0,0,0,0,0,0,0,0,0,0,0,0,0,0,0,0,0,0,0,0,0,0,0,0,0,0,0,0,0,0,0,0,0,0,0,0,0,0,0,0,0,0,0,0,0,0,0,0,0,0,0,0,0,0,0,0,0,0,0,0,0,0,0,0,0,0,0,0,0,0,0,0,0,0,0,0,0,0,0,0,0,0,0,0,0,0,0,0,0,0,0,0,0,0,0,0,0,0,0,0,0,0,0,0,0,0,0,0,0,0
0.884115,0,0.88639,0,0.885997,0,0.881585,0,0.873321,0,0.887196,0,0.885965,0,0.887952,0,0.888943,0,1.00512,0,0.89895,0,0.902498,0,0.906455,0,0.913051,0,1.17388,0,0.92749,0,0.930373,0,0.938926,0,0.940431,0,0.941187,0,0.94328,0,0.945289,0,0.945626,0,0.94558,0,0.946878,0,0.950102,0,0.948775,0,0.944095,0,0.929671,0,0.931099,0,0.9354,0,0.932467,0,0.933245,0,0.932061,0,0.935611,0,0.936857,0,0.939529,0,0.940331,0,0.942505,0,0.945294,0,0.947171,0,0.948432,0,0.949577,0,0.958951,0,0.965024,0,0.968259,0,0.968756,0,0.982875,0,0.983775,0,0.984494,0,0.98441,0,0.985834,0,0.986928,0,0.987983,0,0.991859,0,0.99471,0,0.996048,0,0.994231,0,0.99475,0,1.00209,0,1.00051,0,1.00442,0,1.00762,0,1.00893,0,1.01004,0,1.00875,0,1.00865,0,1.00852,0,1.00833,0,1.00943,0,1.01159,0,1.01231,0,1.01444,0,1.01679,0,1.01839,0,1.18212,0,1.01804,0,1.24862,0,1.02251,0,1.02869,0,1.02728,0,1.02621,0,1.02636,0,1.03331,0,1.03691,0,0.956256,0,0.954793,0,0.947521,0,0.95318,0,1.00403,0,0.998595,0,0.999706,0,0.976135,0,1.0063,0,0.97111,0,0.977019,0,0.967326,0,1.08917,0,1.01881,0,0.980977,0,0.998745,0,0.958876,0,0.959433,0,1.01232,0,1.01413,0,1.01298,0,1.0254,0,1.02051,0,1.00607,0,1.02163,0,1.03367,0,1.03204,0,1.03424,0,1.09063,0,1.10572,0,1.14661,0,1.16412,0,1.18524,0,1.18046,0,1.21961,0,1.22648,0,1.22751,0,1.28635,0,1.28821,0,1.29564,0,1.29741,0,1.29239,0,1.30917,0,1.31609,0,1.42136,0,1.46559,0,1.47219,0,1.47206,0,1.46503,0,1.52333,0,1.51286,0,1.54803,0,1.54638,0,1.54651,0,1.53169,0,1.5398,0,1.5402,0,1.55413,0,1.55822,0,1.57211,0,1.56823,0,1.56706,0,1.56316,0,1.5727,0,1.57455,0,1.57505,0,1.59789,0,1.58722,0,1.64429,0,1.64183,0,1.59773,0,1.62239,0,0.0033593,0,1.66127,0,1.66046,0,1.58758,0,1.58847,0,1.55026,0,1.52291,0,1.52357,0,1.49042,0,1.49286,0,1.49804,0,1.50636,0,1.4707,0,1.49676,0,1.47575,0,1.48193,0,1.47548,0,1.45722,0,1.44984,0,1.46383,0,1.4474,0,1.44374,0,1.44252,0,1.40477,0,1.40568,0,1.407,0,1.40711,0,1.36188,0,1.36368,0,1.41208,0,1.3603,0,1.36321,0,1.35659,0,1.33071,0,1.2943,0,1.29174,0,1.29061,0,1.29201,0,1.30567,0,1.3049,0,1.30606,0,1.31389,0,1.32523,0,1.30965,0,1.32547,0,1.28521,0,1.28576,0,1.31027,0,1.31198,0,1.28007,0,1.29254,0,1.29104,0,1.31294,0,1.28788,0,1.30078,0,1.30834,0,1.30497,0,1.32075,0,1.28655,0,1.2883,0,1.2841,0,1.27309,0,1.31754,0,1.31846,0,1.29418,0,1.34769,0,1.31289,0,1.31657,0,1.31541,0,1.31824,0,1.31286,0,1.31633,0,1.31786,0,1.40759,0,1.39203,0,1.39307,0,1.43652,0,1.41275,0,1.42337,0,1.42328,0,1.44604,0,1.44509,0,1.44403,0,1.44278,0,1.43986,0,1.43659,0,1.43745,0,1.43935,0,1.4402,0,1.43743,0,1.43577,0,1.44099,0,1.44384,0,1.44323,0,1.44999,0,1.4505,0,1.44667,0,1.44622,0,1.44692,0,1.4472,0,1.45036,0,1.45277,0,1.45091,0,1.45379,0,1.45431,0,1.44664,0,1.4484,0,1.46094,0,1.45979,0,1.46372,0,1.46983,0,1.47277,0,1.47267,0,1.47457,0,1.47986,0,1.48407,0,1.48771,0,1.49886,0,1.50104,0,1.50075,0,1.50662,0,1.50792,0,1.50677,0,1.50095,0,1.50136,0,1.50028,0,1.50647,0,1.5112,0,1.51641,0,1.51547,0,1.51042,0,1.51931,0,1.51584,0,1.52337,0,1.52347,0,1.52596,0,1.52418,0,1.52338,0,1.52459,0,1.52639,0,1.5282,0,1.53248,0,1.54038,0
0,0,0,0,0,0,0,0,0,0,0,0,0,0,0,0,0,0,0,0,0,0,0,0,0,0,0,0,0,0,0,0,0,0,0,0,0,0,0,0,0,0,0,0,0,0,0,0,0,0,0,0,0,0,0,0,0,0,0,0,0,0,0,0,0,0,0,0,0,0,0,0,0,0,0,0,0,0,0,0,0,0,0,0,0,0,0,0,0,0,0,0,0,0,0,0,0,0,0,0,0,0,0,0,0,0,0,0,0,0,0,0,0,0,0,0,0,0,0,0,0,0,0,0,0,0,0,0,0,0,0,0,0,0,0,0,0,0,0,0,0,0,0,0,0,0,0,0,0,0,0,0,0,0,0,0,0,0,0,0,0,0,0,0,0,0,0,0,0,0,0,0,0,0,0,0,0,0,0,0,0,0,0,0,0,0,0,0,0,0,0,0,0,0,0,0,0,0,0,0,0,0,0,0,0,0,0,0,0,0,0,0,0,0,0,0,0,0,0,0,0,0,0,0,0,0,0,0,0,0,0,0,0,0,0,0,0,0,0,0,0,0,0,0,0,0,0,0,0,0,0,0,0,0,0,0,0,0,0,0,0,0,0,0,0,0,0,0,0,0,0,0,0,0,0,0,0,0,0,0,0,0,0,0,0,0,0,0,0,0,0,0,0,0,0,0,0,0,0,0,0,0,0,0,0,0,0,0,0,0,0,0,0,0,0,0,0,0,0,0,0,0,0,0,0,0,0,0,0,0,0,0,0,0,0,0,0,0,0,0,0,0,0,0,0,0,0,0,0,0,0,0,0,0,0,0,0,0,0,0,0,0,0,0,0,0,0,0,0,0,0,0,0,0,0,0,0,0,0,0,0,0,0,0,0,0,0,0,0,0,0,0,0,0,0,0,0,0,0,0,0,0,0,0,0,0,0,0,0,0,0,0,0,0,0,0,0,0,0,0,0,0,0,0,0,0,0,0,0,0,0,0,0,0,0,0,0,0,0,0,0,0,0,0,0,0,0,0,0,0,0,0,0,0,0,0,0,0,0,0,0,0,0,0,0,0,0,0,0,0,0,0,0,0,0,0,0,0,0,0,0,0,0,0,0,0,0,0,0,0,0,0,0,0,0,0,0,0,0,0,0,0,0,0,0,0,0,0,0,0,0,0,0,0,0,0,0,0,0,0,0,0,0,0,0,0,0,0,0,0,0,0,0,0,0,0,0,0,0,0,0,0,0,0,0,0,0,0,0,0,0,0,0,0,0,0,0,0,0,0,0,0,0,0,0,0,0,0,0,0,0,0,0,0,0,0,0,0,0,0,0,0,0,0,0,0,0,0,0,0,0,0,0,0,0,0,0,0,0,0
0.950228,0,0.877478,0,0.877346,0,0.879197,0,0.880166,0,0.881223,0,0.882928,0,0.885594,0,0.891637,0,0.894657,0,0.897036,0,0.901112,0,0.00350258,0,1.16159,0,0.979558,0,0.930161,0,0.932093,0,0.932332,0,0.929139,0,0.936568,0,0.940548,0,0.930583,0,0.932842,0,0.939238,0,0.938689,0,0.00367433,0,0.00326749,0,0.924901,0,0.920883,0,0.924313,0,0.00332795,0,0.927049,0,0.926431,0,0.928246,0,0.931062,0,0.932021,0,0.932761,0,0.929995,0,0.930063,0,0.936284,0,0.933033,0,0.940571,0,0.945808,0,0.947614,0,0.00335959,0,0.962214,0,0.96659,0,1.14227,0,0.971678,0,0.975132,0,0.974415,0,0.975794,0,0.979778,0,0.00385899,0,0.990615,0,0.990833,0,0.990422,0,0.989081,0,0.988825,0,0.989511,0,0.990723,0,0.997133,0,0.997213,0,0.998734,0,0.997646,0,0.997424,0,0.998039,0,1.00165,0,0.00330478,0,1.00446,0,1.00648,0,1.00758,0,1.00886,0,1.01095,0,1.00918,0,1.01494,0,1.01456,0,1.01603,0,1.01678,0,1.02378,0,1.02395,0,1.02431,0,1.02493,0,1.02729,0,1.03006,0,0.975649,0,0.976442,0,0.963375,0,0.967494,0,0.961721,0,0.958459,0,0.967309,0,0.99785,0,1.02328,0,0.984963,0,1.00123,0,1.00673,0,1.00819,0,1.01261,0,1.0148,0,0.971342,0,0.961356,0,0.968449,0,1.00594,0,1.09089,0,1.00041,0,1.01182,0,1.01267,0,1.00261,0,1.04035,0,1.03831,0,1.03283,0,1.08584,0,1.10738,0,1.1107,0,1.11883,0,1.13902,0,1.13051,0,1.17693,0,1.17876,0,1.19273,0,1.22794,0,1.20688,0,1.25672,0,1.25627,0,1.26991,0,1.28523,0,1.27978,0,1.28087,0,1.35525,0,1.35487,0,1.45075,0,1.43144,0,1.45075,0,1.46072,0,1.48474,0,1.48221,0,1.5233,0,1.52133,0,1.50486,0,1.52093,0,1.55509,0,1.5528,0,1.54307,0,1.55492,0,1.56544,0,1.57427,0,1.55846,0,1.55669,0,1.56433,0,1.5691,0,1.56131,0,1.63221,0,1.58747,0,1.58668,0,1.57895,0,1.57796,0,1.58311,0,1.58318,0,1.58213,0,1.5511,0,1.54995,0,1.5429,0,1.51763,0,1.5171,0,1.53377,0,1.5013,0,1.4849,0,1.48476,0,1.46174,0,1.4617,0,1.48518,0,1.48528,0,1.43266,0,1.44451,0,1.42093,0,1.42169,0,1.42155,0,1.41505,0,1.42061,0,1.42022,0,1.38211,0,1.34089,0,1.34223,0,1.34846,0,1.35345,0,1.36831,0,1.35469,0,1.30876,0,1.32188,0,1.31891,0,1.3102,0,1.29091,0,1.29238,0,1.28509,0,1.28577,0,1.31775,0,1.29285,0,1.2928,0,1.29816,0,1.30509,0,1.30721,0,1.30054,0,1.29919,0,1.29232,0,1.27723,0,1.28807,0,1.38191,0,1.28801,0,1.29513,0,1.25719,0,1.25691,0,1.2819,0,1.28499,0,1.26562,0,1.2774,0,1.26367,0,1.29876,0,1.27876,0,1.27927,0,1.31388,0,1.31819,0,1.30293,0,1.30631,0,1.30282,0,1.30413,0,1.32269,0,1.34336,0,1.33659,0,1.34435,0,1.39642,0,1.40101,0,1.43406,0,1.43359,0,1.41556,0,1.41605,0,1.42234,0,1.43726,0,1.43595,0,1.43728,0,1.43003,0,1.43128,0,1.43657,0,1.43843,0,1.43826,0,1.43481,0,1.43276,0,1.43282,0,1.43833,0,1.43801,0,1.43675,0,1.44094,0,1.4394,0,1.44528,0,1.44234,0,1.44342,0,1.44159,0,1.44793,0,1.45024,0,1.45022,0,1.44755,0,1.44732,0,1.45186,0,1.45217,0,1.45567,0,1.46418,0,1.46203,0,1.46789,0,1.46804,0,1.47107,0,1.47201,0,1.47321,0,1.4747,0,1.49083,0,1.49107,0,1.4899,0,1.49005,0,1.48977,0,0.00348992,0,1.50231,0,1.50067,0,1.50253,0,1.50038,0,1.50256,0,1.51033,0,1.5107,0,1.51354,0,1.50924,0,1.50983,0,1.51505,0,1.51677,0,1.52239,0,1.52067,0,1.51907,0,1.52451,0,1.52359,0,1.52576,0,1.52761,0,1.53138,0,1.53615,0
0,0,0,0,0,0,0,0,0,0,0,0,0,0,0,0,0,0,0,0,0,0,0,0,0,0,0,0,0,0,0,0,0,0,0,0,0,0,0,0,0,0,0,0,0,0,0,0,0,0,0,0,0,0,0,0,0,0,0,0,0,0,0,0,0,0,0,0,0,0,0,0,0,0,0,0,0,0,0,0,0,0,0,0,0,0,0,0,0,0,0,0,0,0,0,0,0,0,0,0,0,0,0,0,0,0,0,0,0,0,0,0,0,0,0,0,0,0,0,0,0,0,0,0,0,0,0,0,0,0,0,0,0,0,0,0,0,0,0,0,0,0,0,0,0,0,0,0,0,0,0,0,0,0,0,0,0,0,0,0,0,0,0,0,0,0,0,0,0,0,0,0,0,0,0,0,0,0,0,0,0,0,0,0,0,0,0,0,0,0,0,0,0,0,0,0,0,0,0,0,0,0,0,0,0,0,0,0,0,0,0,0,0,0,0,0,0,0,0,0,0,0,0,0,0,0,0,0,0,0,0,0,0,0,0,0,0,0,0,0,0,0,0,0,0,0,0,0,0,0,0,0,0,0,0,0,0,0,0,0,0,0,0,0,0,0,0,0,0,0,0,0,0,0,0,0,0,0,0,0,0,0,0,0,0,0,0,0,0,0,0,0,0,0,0,0,0,0,0,0,0,0,0,0,0,0,0,0,0,0,0,0,0,0,0,0,0,0,0,0,0,0,0,0,0,0,0,0,0,0,0,0,0,0,0,0,0,0,0,0,0,0,0,0,0,0,0,0,0,0,0,0,0,0,0,0,0,0,0,0,0,0,0,0,0,0,0,0,0,0,0,0,0,0,0,0,0,0,0,0,0,0,0,0,0,0,0,0,0,0,0,0,0,0,0,0,0,0,0,0,0,0,0,0,0,0,0,0,0,0,0,0,0,0,0,0,0,0,0,0,0,0,0,0,0,0,0,0,0,0,0,0,0,0,0,0,0,0,0,0,0,0,0,0,0,0,0,0,0,0,0,0,0,0,0,0,0,0,0,0,0,0,0,0,0,0,0,0,0,0,0,0,0,0,0,0,0,0,0,0,0,0,0,0,0,0,0,0,0,0,0,0,0,0,0,0,0,0,0,0,0,0,0,0,0,0,0,0,0,0,0,0,0,0,0,0,0,0,0,0,0,0,0,0,0,0,0,0,0,0,0,0,0,0,0,0,0,0,0,0,0,0,0,0,0,0,0,0,0,0,0,0,0,0,0,0,0,0,0,0,0,0,0,0,0,0,0,0,0,0,0,0,0,0,0,0,0,0,0,0,0,0,0,0,0,0,0,0,0,0,0,0,0,0,0,0,0,0,0,0
0.873154,0,0.874581,0,0.875631,0,0.873979,0,0.874751,0,0.879637,0,0.88111,0,0.888244,0,0.888947,0,1.15699,0,0.901197,0,0.907659,0,0.915974,0,0.92216,0,0.924851,0,0.925985,0,0.925405,0,0.924564,0,0.925635,0,0.928143,0,0.928643,0,0.928832,0,0.00346323,0,0.897628,0,0.00323479,0,0.00374527,0,0.904349,0,0.904894,0,0.90966,0,0.908449,0,0.912036,0,0.914318,0,0.918692,0,0.918994,0,0.920928,0,0.921497,0,0.00345573,0,0.00342747,0,0.935002,0,0.936588,0,0.936857,0,0.933986,0,1.1892,0,0.00292155,0,0.957139,0,0.96115,0,0.962579,0,0.963413,0,0.964912,0,0.964181,0,0.964704,0,0.00357832,0,0.966775,0,0.971246,0,0.971647,0,0.971636,0,0.00354079,0,1.23742,0,0.00364767,0,0.9885,0,0.987555,0,0.98962,0,0.98461,0,0.984912,0,0.98537,0,0.985387,0,0.98498,0,0.991831,0,0.994382,0,0.997451,0,0.997378,0,1.00142,0,1.0031,0,1.00446,0,1.00465,0,1.00733,0,1.00759,0,1.00823,0,1.01166,0,1.01233,0,1.01454,0,1.01661,0,1.02396,0,1.02509,0,0.984078,0,0.979841,0,0.963065,0,0.963933,0,0.978022,0,0.960341,0,0.952762,0,0.9544,0,0.994113,0,0.995235,0,0.998458,0,0.998568,0,1.03003,0,0.991139,0,0.984761,0,0.960161,0,0.975569,0,1.05344,0,1.01582,0,0.976753,0,0.984041,0,0.9857,0,1.01411,0,1.00046,0,1.02115,0,1.02304,0,1.02038,0,1.016,0,1.02173,0,1.03653,0,1.03646,0,1.11968,0,1.05781,0,1.0679,0,1.08393,0,1.15361,0,1.17503,0,1.17628,0,1.19771,0,1.2064,0,1.21265,0,1.25459,0,1.25728,0,1.2633,0,1.25139,0,1.25593,0,1.27852,0,1.37202,0,1.37956,0,1.37167,0,1.42761,0,1.41398,0,1.42382,0,1.44401,0,1.44159,0,1.43452,0,1.50908,0,1.50554,0,1.51481,0,1.51437,0,1.52026,0,0.00342955,0,0.00348974,0,1.50877,0,1.50814,0,1.54695,0,1.51541,0,1.53623,0,1.62651,0,1.54979,0,1.58591,0,1.58528,0,1.58025,0,1.47266,0,1.47101,0,1.46657,0,1.46606,0,1.4799,0,1.4865,0,1.48361,0,1.47385,0,1.46151,0,1.45126,0,1.4179,0,1.45406,0,1.41447,0,1.45007,0,1.4502,0,1.43331,0,1.42781,0,1.41983,0,1.44638,0,1.44674,0,1.4492,0,1.36805,0,1.37192,0,1.37522,0,1.38629,0,1.38184,0,1.3261,0,1.29945,0,1.30034,0,1.31661,0,1.31199,0,1.34119,0,1.41745,0,1.361,0,1.3626,0,1.2792,0,1.27184,0,1.30169,0,1.28628,0,1.2933,0,1.3294,0,1.35461,0,1.30914,0,1.27483,0,1.29199,0,1.29501,0,1.29161,0,1.28592,0,1.27313,0,1.29993,0,1.30117,0,1.28629,0,1.30194,0,1.30889,0,1.27527,0,1.25874,0,1.26369,0,1.27765,0,1.26575,0,1.2721,0,1.27366,0,1.28129,0,1.31939,0,1.3203,0,1.32844,0,1.34759,0,1.34833,0,1.31289,0,1.31291,0,1.32076,0,1.32109,0,1.32422,0,1.3792,0,1.40499,0,1.39675,0,1.39546,0,1.39945,0,1.40449,0,1.42784,0,1.42005,0,1.42106,0,1.42981,0,1.42427,0,1.42714,0,1.42786,0,1.43035,0,0.00304386,0,1.42838,0,1.42654,0,1.43279,0,1.43173,0,1.43405,0,1.43598,0,1.43661,0,1.43625,0,1.43709,0,1.43695,0,1.43744,0,1.43927,0,1.43873,0,1.44261,0,1.44445,0,1.44588,0,1.44546,0,1.44803,0,1.44897,0,1.45102,0,1.4506,0,1.45328,0,1.45683,0,1.46371,0,1.46379,0,1.46699,0,1.46607,0,1.46752,0,1.48069,0,1.48117,0,1.48119,0,1.48748,0,1.48034,0,1.48222,0,1.48809,0,1.46859,0,1.49593,0,1.49057,0,1.4907,0,1.49949,0,1.6505,0,1.50451,0,1.50589,0,1.50046,0,1.5032,0,1.50946,0,1.5111,0,1.51038,0,1.51649,0,1.51616,0,1.51765,0,1.52346,0,1.52123,0,1.52779,0,1.52559,0,1.52887,0
0,0,0,0,0,0,0,0,0,0,0,0,0,0,0,0,0,0,0,0,0,0,0,0,0,0,0,0,0,0,0,0,0,0,0,0,0,0,0,0,0,0,0,0,0,0,0,0,0,0,0,0,0,0,0,0,0,0,0,0,0,0,0,0,0,0,0,0,0,0,0,0,0,0,0,0,0,0,0,0,0,0,0,0,0,0,0,0,0,0,0,0,0,0,0,0,0,0,0,0,0,0,0,0,0,0,0,0,0,0,0,0,0,0,0,0,0,0,0,0,0,0,0,0,0,0,0,0,0,0,0,0,0,0,0,0,0,0,0,0,0,0,0,0,0,0,0,0,0,0,0,0,0,0,0,0,0,0,0,0,0,0,0,0,0,0,0,0,0,0,0,0,0,0,0,0,0,0,0,0,0,0,0,0,0,0,0,0,0,0,0,0,0,0,0,0,0,0,0,0,0,0,0,0,0,0,0,0,0,0,0,0,0,0,0,0,0,0,0,0,0,0,0,0,0,0,0,0,0,0,0,0,0,0,0,0,0,0,0,0,0,0,0,0,0,0,0,0,0,0,0,0,0,0,0,0,0,0,0,0,0,0,0,0,0,0,0,0,0,0,0,0,0,0,0,0,0,0,0,0,0,0,0,0,0,0,0,0,0,0,0,0,0,0,0,0,0,0,0,0,0,0,0,0,0,0,0,0,0,0,0,0,0,0,0,0,0,0,0,0,0,0,0,0,0,0,0,0,0,0,0,0,0,0,0,0,0,0,0,0,0,0,0,0,0,0,0,0,0,0,0,0,0,0,0,0,0,0,0,0,0,0,0,0,0,0,0,0,0,0,0,0,0,0,0,0,0,0,0,0,0,0,0,0,0,0,0,0,0,0,0,0,0,0,0,0,0,0,0,0,0,0,0,0,0,0,0,0,0,0,0,0,0,0,0,0,0,0,0,0,0,0,0,0,0,0,0,0,0,0,0,0,0,0,0,0,0,0,0,0,0,0,0,0,0,0,0,0,0,0,0,0,0,0,0,0,0,0,0,0,0,0,0,0,0,0,0,0,0,0,0,0,0,0,0,0,0,0,0,0,0,0,0,0,0,0,0,0,0,0,0,0,0,0,0,0,0,0,0,0,0,0,0,0,0,0,0,0,0,0,0,0,0,0,0,0,0,0,0,0,0,0,0,0,0,0,0,0,0,0,0,0,0,0,0,0,0,0,0,0,0,0,0,0,0,0,0,0,0,0,0,0,0,0,0,0,0,0,0,0,0,0,0,0,0,0,0,0,0,0,0,0,0,0,0,0,0,0,0,0,0,0,0,0,0,0,0,0,0,0,0,0,0,0,0,0,0,0,0,0
0.865811,0,0.865098,0,0.866743,0,0.870744,0,0.874315,0,1.35586,0,1.35608,0,0.890008,0,0.893936,0,0.897725,0,0.907878,0,0.911316,0,0.914174,0,0.915744,0,0.921228,0,0.921542,0,0.913883,0,0.913815,0,0.00354815,0,0.954748,0,0.88383,0,0.887626,0,0.887811,0,0.888628,0,1.02729,0,0.897687,0,0.900208,0,0.903292,0,0.906286,0,0.906423,0,0.906632,0,0.906046,0,0.907516,0,0.899273,0,0.904547,0,0.898818,0,0.899717,0,0.901883,0,0.907161,0,0.907622,0,0.932286,0,0.93424,0,0.937155,0,0.94237,0,0.945351,0,0.947491,0,0.947451,0,0.953466,0,1.16118,0,0.957024,0,0.956805,0,0.9569,0,0.954787,0,0.958342,0,0.961177,0,0.964055,0,0.964066,0,0.965845,0,0.96986,0,0.969327,0,0.970791,0,0.971228,0,0.971876,0,0.976307,0,0.978855,0,0.979473,0,0.984363,0,0.986068,0,0.992157,0,0.995782,0,0.997856,0,0.999809,0,1.00073,0,1.00306,0,1.00365,0,1.00522,0,1.00658,0,1.01052,0,1.0146,0,1.01439,0,1.01467,0,1.01275,0,1.01408,0,1.01372,0,1.01445,0,0.97499,0,0.971943,0,0.955689,0,0.955287,0,0.957388,0,0.947531,0,0.948381,0,1.06327,0,1.06552,0,1.01483,0,1.01634,0,1.00915,0,0.966518,0,0.993187,0,0.95808,0,0.959391,0,0.979593,0,1.00426,0,1.00494,0,1.00403,0,0.947605,0,0.96584,0,1.01448,0,1.0187,0,1.03141,0,1.03567,0,1.00514,0,1.03785,0,1.02879,0,1.0428,0,1.04328,0,1.06096,0,1.04789,0,1.13534,0,1.14788,0,1.15135,0,1.1509,0,1.19311,0,1.20514,0,1.2082,0,1.2303,0,1.25208,0,1.26296,0,1.2499,0,1.24832,0,1.26365,0,1.32576,0,1.32058,0,1.34662,0,1.36935,0,1.39083,0,1.36523,0,1.40587,0,1.42309,0,1.4239,0,1.42757,0,1.47561,0,1.47976,0,1.49844,0,1.46016,0,1.45822,0,1.45669,0,1.46367,0,1.46423,0,1.47705,0,1.52708,0,1.45695,0,1.5053,0,1.55197,0,1.45148,0,1.45176,0,1.4427,0,1.50582,0,1.57462,0,1.43786,0,1.43774,0,1.52353,0,1.47634,0,1.47533,0,1.4766,0,1.45666,0,1.48867,0,1.43339,0,1.4306,0,1.39524,0,1.49939,0,1.50118,0,1.50177,0,1.46405,0,1.412,0,1.45352,0,1.44992,0,1.38928,0,1.36647,0,1.32824,0,1.37136,0,1.37233,0,1.30019,0,1.29359,0,1.28965,0,1.30206,0,1.39528,0,1.39474,0,1.29126,0,1.3714,0,1.26036,0,1.26031,0,1.25637,0,1.2715,0,1.28789,0,1.27224,0,1.29137,0,1.28207,0,1.29111,0,1.29541,0,1.29567,0,1.28297,0,1.28527,0,1.27402,0,1.28754,0,1.29133,0,1.2963,0,1.30221,0,1.32172,0,1.32332,0,1.33361,0,1.3208,0,1.29318,0,1.29498,0,1.29604,0,1.29773,0,1.29989,0,1.28144,0,1.28949,0,1.3162,0,1.3259,0,1.3202,0,1.30192,0,1.30605,0,1.33274,0,1.31902,0,1.32246,0,1.32199,0,1.39294,0,1.37806,0,1.37754,0,1.38023,0,1.43313,0,1.43026,0,1.43124,0,1.41982,0,1.41897,0,1.41993,0,1.42012,0,1.42356,0,1.42266,0,1.42285,0,1.42239,0,1.41949,0,1.41757,0,1.4257,0,1.43094,0,1.43079,0,1.43202,0,1.43151,0,1.4325,0,1.43306,0,1.43156,0,1.43304,0,1.43374,0,1.43514,0,1.4348,0,1.43397,0,1.44174,0,1.44125,0,1.44326,0,1.44649,0,1.44392,0,1.44295,0,1.45042,0,1.44532,0,1.44778,0,1.45337,0,1.45708,0,1.46482,0,1.46511,0,1.4677,0,1.47678,0,1.47647,0,1.47701,0,1.47487,0,1.47539,0,1.48174,0,1.47967,0,1.47763,0,1.47896,0,1.47849,0,1.47973,0,1.4857,0,1.48768,0,1.49286,0,1.50355,0,1.50226,0,1.5059,0,1.50795,0,1.50708,0,1.51013,0,1.51275,0,1.5191,0,1.51324,0,1.51716,0,1.52684,0,1.52751,0,1.53027,0,1.53011,0
0,0,0,0,0,0,0,0,0,0,0,0,0,0,0,0,0,0,0,0,0,0,0,0,0,0,0,0,0,0,0,0,0,0,0,0,0,0,0,0,0,0,0,0,0,0,0,0,0,0,0,0,0,0,0,0,0,0,0,0,0,0,0,0,0,0,0,0,0,0,0,0,0,0,0,0,0,0,0,0,0,0,0,0,0,0,0,0,0,0,0,0,0,0,0,0,0,0,0,0,0,0,0,0,0,0,0,0,0,0,0,0,0,0,0,0,0,0,0,0,0,0,0,0,0,0,0,0,0,0,0,0,0,0,0,0,0,0,0,0,0,0,0,0,0,0,0,0,0,0,0,0,0,0,0,0,0,0,0,0,0,0,0,0,0,0,0,0,0,0,0,0,0,0,0,0,0,0,0,0,0,0,0,0,0,0,0,0,0,0,0,0,0,0,0,0,0,0,0,0,0,0,0,0,0,0,0,0,0,0,0,0,0,0,0,0,0,0,0,0,0,0,0,0,0,0,0,0,0,0,0,0,0,0,0,0,0,0,0,0,0,0,0,0,0,0,0,0,0,0,0,0,0,0,0,0,0,0,0,0,0,0,0,0,0,0,0,0,0,0,0,0,0,0,0,0,0,0,0,0,0,0,0,0,0,0,0,0,0,0,0,0,0,0,0,0,0,0,0,0,0,0,0,0,0,0,0,0,0,0,0,0,0,0,0,0,0,0,0,0,0,0,0,0,0,0,0,0,0,0,0,0,0,0,0,0,0,0,0,0,0,0,0,0,0,0,0,0,0,0,0,0,0,0,0,0,0,0,0,0,0,0,0,0,0,0,0,0,0,0,0,0,0,0,0,0,0,0,0,0,0,0,0,0,0,0,0,0,0,0,0,0,0,0,0,0,0,0,0,0,0,0,0,0,0,0,0,0,0,0,0,0,0,0,0,0,0,0,0,0,0,0,0,0,0,0,0,0,0,0,0,0,0,0,0,0,0,0,0,0,0,0,0,0,0,0,0,0,0,0,0,0,0,0,0,0,0,0,0,0,0,0,0,0,0,0,0,0,0,0,0,0,0,0,0,0,0,0,0,0,0,0,0,0,0,0,0,0,0,0,0,0,0,0,0,0,0,0,0,0,0,0,0,0,0,0,0,0,0,0,0,0,0,0,0,0,0,0,0,0,0,0,0,0,0,0,0,0,0,0,0,0,0,0,0,0,0,0,0,0,0,0,0,0,0,0,0,0,0,0,0,0,0,0,0,0,0,0,0,0,0,0,0,0,0,0,0,0,0,0,0,0,0,0,0,0,0,0,0,0,0,0,0,0,0,0,0,0,0,0,0,0,0,0,0,0,0,0,0,0
0.863187,0,0.863972,0,0.866914,0,0.866942,0,0.874274,0,0.880435,0,0.883905,0,0.887319,0,0.895051,0,0.89789,0,0.902434,0,0.902621,0,0.00374153,0,0.91435,0,0.00327768,0,0.0034823,0,0.00378147,0,0.877557,0,0.872816,0,0.872232,0,0.875869,0,0.876786,0,0.88767,0,0.891114,0,0.892315,0,0.900973,0,0.906121,0,0.907335,0,0.907595,0,0.907359,0,1.13875,0,0.893382,0,0.894006,0,0.896966,0,0.895083,0,0.895923,0,0.900084,0,0.904213,0,0.90475,0,0.905371,0,0.00373065,0,0.928346,0,0.927061,0,0.928531,0,0.00354888,0,1.11078,0,0.937084,0,0.946037,0,0.94549,0,0.948143,0,0.943842,0,0.946648,0,0.947217,0,0.953716,0,0.956392,0,0.96273,0,0.962376,0,0.962575,0,0.963418,0,0.970515,0,0.971797,0,0.969352,0,0.969872,0,0.97025,0,0.976762,0,0.978921,0,0.979728,0,0.981589,0,0.992479,0,0.99742,0,0.996992,0,0.995839,0,0.998018,0,0.997593,0,1.00122,0,1.00041,0,1.00249,0,1.0087,0,1.00908,0,1.00983,0,1.01182,0,1.01369,0,1.01727,0,1.01816,0,1.01533,0,1.01665,0,1.02362,0,0.993852,0,0.944774,0,0.00342133,0,0.989414,0,0.988276,0,0.988694,0,0.989607,0,1.01028,0,1.01173,0,1.03385,0,0.997538,0,0.996966,0,0.972163,0,0.973574,0,0.992224,0,1.00444,0,0.999092,0,0.968606,0,1.00935,0,0.993271,0,1.00925,0,1.00894,0,1.015,0,1.01577,0,1.04429,0,1.01805,0,1.01948,0,1.02215,0,1.02468,0,1.02981,0,1.04296,0,1.04696,0,1.04662,0,1.15832,0,1.15959,0,1.15317,0,1.15457,0,1.16724,0,1.16856,0,1.2172,0,1.2163,0,1.23426,0,1.25381,0,1.2684,0,1.2824,0,1.29387,0,1.29657,0,1.30207,0,1.30328,0,1.31537,0,1.35201,0,1.3572,0,1.35768,0,1.44832,0,1.41512,0,1.41473,0,1.48178,0,1.45952,0,1.40788,0,1.40731,0,1.43537,0,1.43026,0,1.44035,0,1.43894,0,1.43809,0,1.39593,0,1.39052,0,1.42062,0,1.40161,0,1.39751,0,1.39547,0,1.37534,0,1.38205,0,1.40264,0,1.4006,0,1.39069,0,1.39528,0,1.4344,0,1.42108,0,1.41533,0,1.42641,0,1.37663,0,1.43372,0,1.43379,0,1.37039,0,1.36739,0,1.36444,0,1.3927,0,1.39628,0,1.36128,0,1.33849,0,1.33997,0,1.32032,0,1.31113,0,1.28098,0,1.27942,0,1.27289,0,1.30285,0,1.29246,0,1.29112,0,1.29017,0,1.27824,0,1.25606,0,1.26885,0,1.27435,0,1.28476,0,1.32972,0,1.26578,0,1.27909,0,1.27031,0,1.27624,0,1.28563,0,1.29211,0,1.34396,0,1.28246,0,1.28033,0,1.28666,0,1.29497,0,1.29332,0,1.2981,0,1.30916,0,1.31411,0,1.298,0,1.29691,0,1.30196,0,1.30105,0,1.29577,0,1.28281,0,1.2872,0,1.29793,0,1.30115,0,1.31964,0,1.32011,0,1.32298,0,1.30649,0,1.30905,0,1.30569,0,1.32694,0,1.3257,0,1.33372,0,1.38841,0,1.37149,0,1.37713,0,1.37625,0,1.39951,0,1.40975,0,1.42211,0,1.41105,0,1.41548,0,1.41584,0,1.41821,0,1.41893,0,1.4194,0,1.41896,0,1.41771,0,1.41679,0,1.42201,0,1.41371,0,1.41454,0,1.42412,0,1.42595,0,1.42501,0,1.42455,0,1.42771,0,1.43418,0,1.43079,0,1.43628,0,1.43496,0,1.43769,0,1.43086,0,1.43275,0,1.43507,0,1.4354,0,1.43674,0,1.44296,0,1.4386,0,1.43922,0,1.44244,0,1.44084,0,1.44237,0,1.44702,0,1.46108,0,1.46338,0,1.46404,0,1.46999,0,1.46944,0,1.47214,0,1.4705,0,1.46991,0,1.46776,0,1.46543,0,1.46664,0,1.47176,0,1.47095,0,1.47604,0,1.47221,0,1.4722,0,1.48833,0,1.4875,0,1.50677,0,1.50659,0,1.50749,0,1.50539,0,1.50375,0,1.50317,0,1.50581,0,0.00346592,0,1.67491,0,1.5319,0,1.53163,0,1.52778,0,1.5301,0,1.53338,0
0,0,0,0,0,0,0,0,0,0,0,0,0,0,0,0,0,0,0,0,0,0,0,0,0,0,0,0,0,0,0,0,0,0,0,0,0,0,0,0,0,0,0,0,0,0,0,0,0,0,0,0,0,0,0,0,0,0,0,0,0,0,0,0,0,0,0,0,0,0,0,0,0,0,0,0,0,0,0,0,0,0,0,0,0,0,0,0,0,0,0,0,0,0,0,0,0,0,0,0,0,0,0,0,0,0,0,0,0,0,0,0,0,0,0,0,0,0,0,0,0,0,0,0,0,0,0,0,0,0,0,0,0,0,0,0,0,0,0,0,0,0,0,0,0,0,0,0,0,0,0,0,0,0,0,0,0,0,0,0,0,0,0,0,0,0,0,0,0,0,0,0,0,0,0,0,0,0,0,0,0,0,0,0,0,0,0,0,0,0,0,0,0,0,0,0,0,0,0,0,0,0,0,0,0,0,0,0,0,0,0,0,0,0,0,0,0,0,0,0,0,0,0,0,0,0,0,0,0,0,0,0,0,0,0,0,0,0,0,0,0,0,0,0,0,0,0,0,0,0,0,0,0,0,0,0,0,0,0,0,0,0,0,0,0,0,0,0,0,0,0,0,0,0,0,0,0,0,0,0,0,0,0,0,0,0,0,0,0,0,0,0,0,0,0,0,0,0,0,0,0,0,0,0,0,0,0,0,0,0,0,0,0,0,0,0,0,0,0,0,0,0,0,0,0,0,0,0,0,0,0,0,0,0,0,0,0,0,0,0,0,0,0,0,0,0,0,0,0,0,0,0,0,0,0,0,0,0,0,0,0,0,0,0,0,0,0,0,0,0,0,0,0,0,0,0,0,0,0,0,0,0,0,0,0,0,0,0,0,0,0,0,0,0,0,0,0,0,0,0,0,0,0,0,0,0,0,0,0,0,0,0,0,0,0,0,0,0,0,0,0,0,0,0,0,0,0,0,0,0,0,0,0,0,0,0,0,0,0,0,0,0,0,0,0,0,0,0,0,0,0,0,0,0,0,0,0,0,0,0,0,0,0,0,0,0,0,0,0,0,0,0,0,0,0,0,0,0,0,0,0,0,0,0,0,0,0,0,0,0,0,0,0,0,0,0,0,0,0,0,0,0,0,0,0,0,0,0,0,0,0,0,0,0,0,0,0,0,0,0,0,0,0,0,0,0,0,0,0,0,0,0,0,0,0,0,0,0,0,0,0,0,0,0,0,0,0,0,0,0,0,0,0,0,0,0,0,0,0,0,0,0,0,0,0,0,0,0,0,0,0,0,0,0,0,0,0,0,0,0,0,0,0,0,0,0,0,0,0,0,0,0,0,0,0,0,0,0,0,0
0.863826,0,0.866488,0,0.866862,0,0.873399,0,0.87518,0,0.876079,0,0.876636,0,0.884835,0,0.885118,0,0.886131,0,0.88999,0,0.898134,0,0.899042,0,0.89932,0,0.8897,0,0.890643,0,0.8855,0,0.871809,0,0.873799,0,0.874846,0,0.876284,0,0.880123,0,0.882221,0,0.889371,0,0.898296,0,0.900339,0,1.09148,0,0.879618,0,0.891645,0,0.890491,0,0.885202,0,0.884454,0,0.886495,0,0.887949,0,0.89235,0,0.893216,0,0.891999,0,0.892317,0,0.895699,0,0.903624,0,0.905985,0,0.911658,0,0.911935,0,0.9192,0,0.921972,0,0.927704,0,0.928113,0,0.929018,0,0.931582,0,0.934553,0,0.937649,0,0.93796,0,0.93977,0,0.945688,0,0.94874,0,0.956724,0,0.958882,0,0.960355,0,0.965405,0,0.966356,0,0.968365,0,0.970696,0,0.966029,0,0.963496,0,0.963905,0,1.30312,0,0.0034944,0,0.976736,0,0.982242,0,0.981408,0,0.984622,0,0.992619,0,0.993177,0,0.996953,0,0.99613,0,0.997773,0,1.00138,0,1.00456,0,1.00667,0,1.00895,0,1.01455,0,1.01607,0,1.01724,0,1.01805,0,1.01584,0,1.01912,0,1.02118,0,1.02204,0,1.02489,0,1.0243,0,0.00337836,0,1.03586,0,1.03611,0,1.00809,0,1.0429,0,1.04204,0,1.02562,0,1.02603,0,0.987888,0,0.99185,0,0.987565,0,0.987861,0,0.988766,0,1.00773,0,1.01033,0,1.01012,0,1.01465,0,1.01064,0,1.02465,0,1.00378,0,1.02269,0,1.03958,0,1.04297,0,1.03988,0,1.04752,0,1.07104,0,1.03095,0,1.03187,0,1.04629,0,1.07445,0,1.07743,0,1.06883,0,1.08244,0,1.10299,0,1.13697,0,1.16489,0,1.15804,0,1.15465,0,1.20251,0,1.20347,0,1.24363,0,1.25062,0,1.25285,0,1.26869,0,1.29263,0,1.30787,0,1.31802,0,1.31652,0,1.32292,0,1.33249,0,1.34786,0,1.33525,0,1.36708,0,1.47126,0,1.39286,0,1.39195,0,1.39109,0,1.42211,0,1.41848,0,1.38649,0,1.37886,0,1.37771,0,1.39181,0,1.39737,0,1.35429,0,1.3542,0,1.34469,0,1.35303,0,1.3551,0,1.37778,0,1.38699,0,1.3719,0,1.39261,0,1.39531,0,1.39276,0,1.39975,0,1.42461,0,1.43273,0,1.40005,0,1.3718,0,1.35822,0,1.37966,0,1.37835,0,1.35408,0,1.38036,0,1.36345,0,1.34325,0,1.3058,0,1.3201,0,1.32687,0,1.2945,0,1.27989,0,1.27123,0,1.29879,0,1.33553,0,1.41009,0,1.38909,0,1.25371,0,1.23301,0,1.23401,0,1.25082,0,1.26944,0,1.26929,0,1.24938,0,1.25843,0,1.26601,0,1.2554,0,1.2625,0,1.26419,0,1.26643,0,1.26872,0,1.31119,0,1.29042,0,1.28906,0,1.31418,0,1.31789,0,1.30263,0,1.30149,0,1.32143,0,1.32329,0,1.32087,0,1.29412,0,1.29793,0,1.29669,0,1.2837,0,1.3089,0,1.31229,0,1.31933,0,1.32007,0,1.30397,0,1.30608,0,1.30836,0,1.30611,0,1.30533,0,1.30646,0,1.33625,0,1.38172,0,1.36855,0,1.36826,0,1.37543,0,1.38082,0,1.39205,0,1.39482,0,1.40082,0,1.40965,0,1.4095,0,1.41391,0,1.41577,0,1.41363,0,1.41383,0,1.41557,0,1.4137,0,1.41274,0,1.41137,0,1.41616,0,1.4158,0,1.41856,0,1.42585,0,1.42362,0,1.43233,0,1.42952,0,1.43037,0,1.43261,0,1.43024,0,1.43082,0,1.42913,0,1.42735,0,1.42801,0,1.42915,0,1.43075,0,1.43174,0,1.43386,0,1.44005,0,1.43842,0,1.43983,0,1.44026,0,1.44739,0,1.44625,0,1.45189,0,1.45374,0,1.46227,0,1.46217,0,1.45385,0,1.45356,0,1.45389,0,1.45207,0,1.45659,0,1.45815,0,1.46065,0,1.46197,0,1.46717,0,1.47108,0,1.47307,0,1.47647,0,1.47961,0,1.4908,0,1.49058,0,1.49718,0,1.49956,0,1.4984,0,1.50099,0,1.50044,0,1.49951,0,1.50517,0,0.0033995,0,0.00344882,0,1.52811,0,1.5289,0,1.5244,0,1.52973,0
0,0,0,0,0,0,0,0,0,0,0,0,0,0,0,0,0,0,0,0,0,0,0,0,0,0,0,0,0,0,0,0,0,0,0,0,0,0,0,0,0,0,0,0,0,0,0,0,0,0,0,0,0,0,0,0,0,0,0,0,0,0,0,0,0,0,0,0,0,0,0,0,0,0,0,0,0,0,0,0,0,0,0,0,0,0,0,0,0,0,0,0,0,0,0,0,0,0,0,0,0,0,0,0,0,0,0,0,0,0,0,0,0,0,0,0,0,0,0,0,0,0,0,0,0,0,0,0,0,0,0,0,0,0,0,0,0,0,0,0,0,0,0,0,0,0,0,0,0,0,0,0,0,0,0,0,0,0,0,0,0,0,0,0,0,0,0,0,0,0,0,0,0,0,0,0,0,0,0,0,0,0,0,0,0,0,0,0,0,0,0,0,0,0,0,0,0,0,0,0,0,0,0,0,0,0,0,0,0,0,0,0,0,0,0,0,0,0,0,0,0,0,0,0,0,0,0,0,0,0,0,0,0,0,0,0,0,0,0,0,0,0,0,0,0,0,0,0,0,0,0,0,0,0,0,0,0,0,0,0,0,0,0,0,0,0,0,0,0,0,0,0,0,0,0,0,0,0,0,0,0,0,0,0,0,0,0,0,0,0,0,0,0,0,0,0,0,0,0,0,0,0,0,0,0,0,0,0,0,0,0,0,0,0,0,0,0,0,0,0,0,0,0,0,0,0,0,0,0,0,0,0,0,0,0,0,0,0,0,0,0,0,0,0,0,0,0,0,0,0,0,0,0,0,0,0,0,0,0,0,0,0,0,0,0,0,0,0,0,0,0,0,0,0,0,0,0,0,0,0,0,0,0,0,0,0,0,0,0,0,0,0,0,0,0,0,0,0,0,0,0,0,0,0,0,0,0,0,0,0,0,0,0,0,0,0,0,0,0,0,0,0,0,0,0,0,0,0,0,0,0,0,0,0,0,0,0,0,0,0,0,0,0,0,0,0,0,0,0,0,0,0,0,0,0,0,0,0,0,0,0,0,0,0,0,0,0,0,0,0,0,0,0,0,0,0,0,0,0,0,0,0,0,0,0,0,0,0,0,0,0,0,0,0,0,0,0,0,0,0,0,0,0,0,0,0,0,0,0,0,0,0,0,0,0,0,0,0,0,0,0,0,0,0,0,0,0,0,0,0,0,0,0,0,0,0,0,0,0,0,0,0,0,0,0,0,0,0,0,0,0,0,0,0,0,0,0,0,0,0,0,0,0,0,0,0,0,0,0,0,0,0,0,0,0,0,0,0,0,0,0,0,0,0,0,0,0,0,0,0,0,0,0,0,0,0,0,0,0,0
0.00360647,0,0.860055,0,0.00372619,0,0.00354497,0,0.00366082,0,0.870324,0,0.870771,0,0.874101,0,0.880439,0,0.885254,0,0.886513,0,0.00311297,0,0.895634,0,0.894145,0,0.887377,0,0.869208,0,0.866459,0,0.867111,0,0.869085,0,0.869651,0,0.869721,0,0.876594,0,0.876241,0,0.874671,0,0.871325,0,0.872798,0,0.877516,0,0.878179,0,0.879343,0,0.881591,0,0.882069,0,0.884041,0,0.885404,0,0.885194,0,0.884035,0,0.884474,0,0.884383,0,0.894291,0,0.896242,0,0.900526,0,0.901301,0,0.904053,0,0.906129,0,0.911634,0,0.91443,0,0.919751,0,0.922864,0,0.926527,0,0.925987,0,0.926793,0,0.92903,0,0.937077,0,0.938569,0,0.942108,0,0.947146,0,0.952957,0,0.959715,0,0.960579,0,0.960462,0,0.959221,0,0.958225,0,0.959166,0,0.957228,0,0.959844,0,0.957901,0,0.963539,0,0.967292,0,0.970089,0,0.973129,0,1.14016,0,0.977737,0,0.978651,0,0.977859,0,0.00335372,0,0.99396,0,0.994136,0,0.995492,0,0.00347135,0,1.00329,0,1.0092,0,1.01117,0,1.0115,0,1.01336,0,1.01708,0,1.01771,0,1.02094,0,1.02369,0,1.02479,0,1.02387,0,1.02142,0,1.02135,0,1.01939,0,1.01806,0,1.01594,0,1.01362,0,1.01279,0,1.01334,0,1.02857,0,1.02749,0,0.980325,0,0.978785,0,1.0294,0,0.989176,0,0.990468,0,1.00899,0,1.01183,0,1.01924,0,1.03542,0,1.0298,0,1.02966,0,1.0137,0,1.03777,0,1.0212,0,1.05343,0,1.05325,0,1.06432,0,1.06762,0,1.06716,0,1.06829,0,1.06852,0,1.04717,0,1.04848,0,1.08183,0,1.08264,0,1.10269,0,1.11508,0,1.11553,0,1.13074,0,1.14934,0,1.16414,0,1.18144,0,1.22993,0,1.22266,0,1.23686,0,1.25397,0,1.25016,0,1.27101,0,1.27666,0,1.26384,0,1.30297,0,1.29956,0,1.30571,0,1.31998,0,1.28522,0,1.2924,0,1.30178,0,1.35347,0,1.355,0,1.35005,0,1.34989,0,1.3503,0,1.42403,0,1.37274,0,1.32528,0,1.32455,0,1.31317,0,1.32721,0,1.33686,0,1.36012,0,1.35971,0,1.39559,0,1.36744,0,1.39994,0,1.35931,0,1.35715,0,1.3841,0,1.38365,0,1.35541,0,1.3588,0,1.35753,0,1.33763,0,1.35033,0,1.35923,0,1.33621,0,1.33713,0,1.3219,0,1.33394,0,1.27585,0,1.28466,0,1.2744,0,1.2628,0,1.2682,0,1.2532,0,1.24754,0,1.26377,0,1.24381,0,1.24301,0,1.23845,0,1.24018,0,1.22219,0,1.22341,0,1.22402,0,1.24419,0,1.25672,0,1.26734,0,1.2565,0,1.2638,0,1.25002,0,1.26133,0,1.26399,0,1.28405,0,1.27379,0,1.28446,0,1.28412,0,1.28513,0,1.28717,0,1.28859,0,1.31219,0,1.30976,0,1.32551,0,1.32331,0,1.31393,0,1.30533,0,1.341,0,1.33612,0,1.31667,0,1.3361,0,1.29754,0,1.30079,0,1.30784,0,1.29893,0,1.29939,0,1.30294,0,1.31323,0,1.31556,0,1.38463,0,1.37041,0,1.37002,0,1.37218,0,1.40426,0,1.40514,0,1.38974,0,1.3956,0,1.39886,0,1.40875,0,1.40657,0,1.40743,0,1.40592,0,1.40872,0,1.41392,0,1.41313,0,1.40962,0,1.4088,0,1.41226,0,1.41302,0,1.41489,0,1.41704,0,0.00342029,0,1.42313,0,1.42164,0,1.42712,0,1.43459,0,1.43536,0,1.43366,0,1.43714,0,1.4259,0,1.42583,0,1.42244,0,1.42951,0,1.42788,0,1.43451,0,1.43713,0,1.43535,0,1.43461,0,1.43877,0,1.43973,0,1.44317,0,1.44454,0,1.4454,0,1.44764,0,1.44725,0,1.44507,0,1.44666,0,1.45036,0,1.45046,0,1.45398,0,1.4599,0,1.45952,0,1.46102,0,1.46347,0,1.46543,0,1.46613,0,1.46961,0,1.47821,0,1.48215,0,1.48797,0,1.49564,0,1.492,0,1.49564,0,1.49965,0,1.49992,0,1.50526,0,1.50184,0,1.50462,0,1.51253,0,1.51838,0,1.5182,0,1.51743,0,1.51625,0,1.51646,0
0,0,0,0,0,0,0,0,0,0,0,0,0,0,0,0,0,0,0,0,0,0,0,0,0,0,0,0,0,0,0,0,0,0,0,0,0,0,0,0,0,0,0,0,0,0,0,0,0,0,0,0,0,0,0,0,0,0,0,0,0,0,0,0,0,0,0,0,0,0,0,0,0,0,0,0,0,0,0,0,0,0,0,0,0,0,0,0,0,0,0,0,0,0,0,0,0,0,0,0,0,0,0,0,0,0,0,0,0,0,0,0,0,0,0,0,0,0,0,0,0,0,0,0,0,0,0,0,0,0,0,0,0,0,0,0,0,0,0,0,0,0,0,0,0,0,0,0,0,0,0,0,0,0,0,0,0,0,0,0,0,0,0,0,0,0,0,0,0,0,0,0,0,0,0,0,0,0,0,0,0,0,0,0,0,0,0,0,0,0,0,0,0,0,0,0,0,0,0,0,0,0,0,0,0,0,0,0,0,0,0,0,0,0,0,0,0,0,0,0,0,0,0,0,0,0,0,0,0,0,0,0,0,0,0,0,0,0,0,0,0,0,0,0,0,0,0,0,0,0,0,0,0,0,0,0,0,0,0,0,0,0,0,0,0,0,0,0,0,0,0,0,0,0,0,0,0,0,0,0,0,0,0,0,0,0,0,0,0,0,0,0,0,0,0,0,0,0,0,0,0,0,0,0,0,0,0,0,0,0,0,0,0,0,0,0,0,0,0,0,0,0,0,0,0,0,0,0,0,0,0,0,0,0,0,0,0,0,0,0,0,0,0,0,0,0,0,0,0,0,0,0,0,0,0,0,0,0,0,0,0,0,0,0,0,0,0,0,0,0,0,0,0,0,0,0,0,0,0,0,0,0,0,0,0,0,0,0,0,0,0,0,0,0,0,0,0,0,0,0,0,0,0,0,0,0,0,0,0,0,0,0,0,0,0,0,0,0,0,0,0,0,0,0,0,0,0,0,0,0,0,0,0,0,0,0,0,0,0,0,0,0,0,0,0,0,0,0,0,0,0,0,0,0,0,0,0,0,0,0,0,0,0,0,0,0,0,0,0,0,0,0,0,0,0,0,0,0,0,0,0,0,0,0,0,0,0,0,0,0,0,0,0,0,0,0,0,0,0,0,0,0,0,0,0,0,0,0,0,0,0,0,0,0,0,0,0,0,0,0,0,0,0,0,0,0,0,0,0,0,0,0,0,0,0,0,0,0,0,0,0,0,0,0,0,0,0,0,0,0,0,0,0,0,0,0,0,0,0,0,0,0,0,0,0,0,0,0,0,0,0,0,0,0,0,0,0,0,0,0,0,0,0,0,0,0,0,0,0,0,0,0,0,0,0,0,0,0,0,0
0.835957,0,0.839213,0,0.842694,0,0.843858,0,0.848794,0,0.85572,0,0.855448,0,0.860615,0,0.866719,0,0.865648,0,0.871566,0,0.00357728,0,0.87205,0,0.86635,0,0.865805,0,0.864001,0,0.857657,0,0.862669,0,0.860817,0,0.867267,0,0.00341537,0,0.868574,0,0.864087,0,0.866967,0,0.868164,0,0.867729,0,0.870649,0,0.87047,0,0.878458,0,0.880094,0,0.880061,0,0.879056,0,0.879185,0,0.878946,0,0.881916,0,0.882207,0,0.888988,0,0.894243,0,0.893484,0,0.893676,0,0.899602,0,0.902782,0,0.903855,0,0.906235,0,0.912637,0,0.915366,0,0.919005,0,0.926574,0,0.928224,0,0.928422,0,0.930681,0,0.935431,0,0.936405,0,0.938739,0,0.943593,0,0.943228,0,0.944326,0,0.946662,0,0.948614,0,0.948242,0,0.953558,0,0.954555,0,0.95485,0,0.956354,0,0.957551,0,0.959196,0,0.959344,0,0.962597,0,0.964282,0,0.969985,0,0.973298,0,0.972573,0,0.975267,0,0.976921,0,0.0034375,0,0.988244,0,0.990718,0,0.991075,0,0.00332066,0,1.00105,0,1.00279,0,1.0095,0,1.01372,0,1.01792,0,1.01879,0,1.02095,0,1.02163,0,1.02133,0,1.02184,0,1.02177,0,1.02111,0,1.02146,0,1.02114,0,1.01326,0,1.01441,0,1.01498,0,1.04161,0,1.04181,0,1.03694,0,1.0323,0,1.02298,0,0.991622,0,1.0078,0,1.03112,0,1.03552,0,1.01911,0,1.00886,0,1.02261,0,1.02987,0,1.01929,0,1.00677,0,1.00836,0,1.02805,0,1.02497,0,1.04706,0,1.04682,0,1.02918,0,1.02977,0,1.0446,0,1.05692,0,1.07825,0,1.04683,0,1.04713,0,1.09512,0,1.10531,0,1.1049,0,1.09262,0,1.10198,0,1.10211,0,1.11682,0,1.12732,0,1.19594,0,1.17886,0,1.1994,0,1.21398,0,1.22869,0,1.23106,0,1.23241,0,1.24666,0,1.26596,0,1.25843,0,1.25756,0,1.25832,0,1.27527,0,1.29091,0,1.2954,0,1.30671,0,1.32393,0,1.30985,0,1.30864,0,1.31608,0,1.32791,0,1.3122,0,1.32282,0,1.32644,0,1.32374,0,1.32247,0,1.33985,0,1.33029,0,1.31988,0,1.33646,0,1.3662,0,1.36592,0,1.42145,0,1.42373,0,1.27994,0,1.31079,0,1.30208,0,1.29954,0,1.32323,0,1.30951,0,1.29397,0,1.29527,0,1.28142,0,1.26992,0,1.27091,0,1.25667,0,1.25027,0,1.24894,0,1.2455,0,1.2336,0,1.22953,0,1.24849,0,1.22978,0,1.23037,0,1.25715,0,1.25338,0,1.22061,0,1.2174,0,1.21911,0,1.24345,0,1.24467,0,1.2375,0,1.23979,0,1.24855,0,1.22955,0,1.24326,0,1.23956,0,1.23786,0,1.28396,0,1.25041,0,1.23931,0,1.23947,0,1.24455,0,1.25517,0,1.26411,0,1.29808,0,1.28894,0,1.30086,0,1.30331,0,1.30889,0,1.31602,0,1.29025,0,1.30784,0,1.31607,0,1.30911,0,1.29973,0,1.29809,0,1.28328,0,1.28263,0,1.30275,0,1.31208,0,1.31682,0,1.31481,0,1.37661,0,1.36495,0,1.36487,0,1.37117,0,1.38271,0,1.3989,0,1.39046,0,1.39002,0,1.39251,0,1.39852,0,1.39962,0,1.4027,0,1.4041,0,1.40605,0,1.40932,0,1.41146,0,1.40734,0,1.41183,0,1.41063,0,1.41183,0,1.4129,0,1.40575,0,1.408,0,1.41552,0,1.41408,0,1.42451,0,1.42359,0,1.42731,0,1.43119,0,1.43146,0,1.42994,0,1.42446,0,1.42573,0,1.42615,0,1.43154,0,1.43313,0,1.43371,0,1.43148,0,1.43501,0,1.42997,0,1.43757,0,1.43796,0,1.44117,0,1.44401,0,1.44407,0,1.44425,0,1.44383,0,1.44826,0,1.44956,0,1.45293,0,1.45297,0,1.45338,0,1.45439,0,1.45974,0,1.45899,0,1.46238,0,1.46385,0,1.47146,0,1.47876,0,1.47813,0,0.00362269,0,1.48922,0,1.48927,0,1.48954,0,1.49192,0,1.49398,0,1.49324,0,1.49899,0,1.49928,0,1.50396,0,1.50404,0,1.51638,0,1.51765,0,1.51658,0,1.52043,0,1.51796,0
0,0,0,0,0,0,0,0,0,0,0,0,0,0,0,0,0,0,0,0,0,0,0,0,0,0,0,0,0,0,0,0,0,0,0,0,0,0,0,0,0,0,0,0,0,0,0,0,0,0,0,0,0,0,0,0,0,0,0,0,0,0,0,0,0,0,0,0,0,0,0,0,0,0,0,0,0,0,0,0,0,0,0,0,0,0,0,0,0,0,0,0,0,0,0,0,0,0,0,0,0,0,0,0,0,0,0,0,0,0,0,0,0,0,0,0,0,0,0,0,0,0,0,0,0,0,0,0,0,0,0,0,0,0,0,0,0,0,0,0,0,0,0,0,0,0,0,0,0,0,0,0,0,0,0,0,0,0,0,0,0,0,0,0,0,0,0,0,0,0,0,0,0,0,0,0,0,0,0,0,0,0,0,0,0,0,0,0,0,0,0,0,0,0,0,0,0,0,0,0,0,0,0,0,0,0,0,0,0,0,0,0,0,0,0,0,0,0,0,0,0,0,0,0,0,0,0,0,0,0,0,0,0,0,0,0,0,0,0,0,0,0,0,0,0,0,0,0,0,0,0,0,0,0,0,0,0,0,0,0,0,0,0,0,0,0,0,0,0,0,0,0,0,0,0,0,0,0,0,0,0,0,0,0,0,0,0,0,0,0,0,0,0,0,0,0,0,0,0,0,0,0,0,0,0,0,0,0,0,0,0,0,0,0,0,0,0,0,0,0,0,0,0,0,0,0,0,0,0,0,0,0,0,0,0,0,0,0,0,0,0,0,0,0,0,0,0,0,0,0,0,0,0,0,0,0,0,0,0,0,0,0,0,0,0,0,0,0,0,0,0,0,0,0,0,0,0,0,0,0,0,0,0,0,0,0,0,0,0,0,0,0,0,0,0,0,0,0,0,0,0,0,0,0,0,0,0,0,0,0,0,0,0,0,0,0,0,0,0,0,0,0,0,0,0,0,0,0,0,0,0,0,0,0,0,0,0,0,0,0,0,0,0,0,0,0,0,0,0,0,0,0,0,0,0,0,0,0,0,0,0,0,0,0,0,0,0,0,0,0,0,0,0,0,0,0,0,0,0,0,0,0,0,0,0,0,0,0,0,0,0,0,0,0,0,0,0,0,0,0,0,0,0,0,0,0,0,0,0,0,0,0,0,0,0,0,0,0,0,0,0,0,0,0,0,0,0,0,0,0,0,0,0,0,0,0,0,0,0,0,0,0,0,0,0,0,0,0,0,0,0,0,0,0,0,0,0,0,0,0,0,0,0,0,0,0,0,0,0,0,0,0,0,0,0,0,0,0,0,0,0,0,0,0,0,0,0,0,0,0,0,0,0,0,0,0,0,0,0,0
0.836163,0,0.843041,0,0.844484,0,0.846722,0,0.839488,0,0.852331,0,0.84385,0,0.849723,0,0.857664,0,0.860072,0,0.863516,0,0.863999,0,0.870557,0,0.873305,0,0.864299,0,0.863968,0,0.851371,0,0.853145,0,0.852568,0,0.855136,0,0.85573,0,0.859347,0,0.863538,0,0.863307,0,0.860906,0,0.862218,0,0.863745,0,0.869176,0,0.874512,0,0.869296,0,0.872619,0,0.876936,0,0.878294,0,0.879728,0,0.880491,0,0.879211,0,0.881434,0,0.886461,0,0.886874,0,0.897627,0,0.89812,0,0.899938,0,0.901346,0,0.90377,0,0.904796,0,1.02494,0,0.917028,0,0.916901,0,0.918421,0,0.925672,0,0.925728,0,0.923894,0,0.928832,0,0.930726,0,0.933746,0,0.934867,0,0.936031,0,0.936906,0,0.942158,0,0.943538,0,0.944262,0,0.948506,0,0.952613,0,0.950494,0,0.951374,0,0.953386,0,0.959528,0,0.960205,0,0.962366,0,0.964921,0,0.96509,0,0.967408,0,0.972247,0,0.976306,0,0.977242,0,0.981935,0,0.986854,0,0.988954,0,0.994415,0,0.994303,0,0.996042,0,0.999272,0,1.0044,0,1.0093,0,1.01397,0,1.01604,0,1.01988,0,1.01959,0,1.01859,0,1.01999,0,1.02559,0,1.02576,0,1.02009,0,1.01375,0,1.01174,0,1.01226,0,1.01407,0,1.06364,0,1.06464,0,1.00257,0,1.0038,0,1.01299,0,1.02929,0,1.02019,0,1.02235,0,1.02378,0,1.00801,0,1.00033,0,0.998769,0,1.00835,0,1.01866,0,1.01288,0,1.06431,0,1.06756,0,1.06308,0,1.02692,0,1.04105,0,1.03978,0,1.04707,0,1.06447,0,1.0499,0,1.05127,0,1.0671,0,1.05822,0,1.06202,0,1.06572,0,1.09598,0,1.09622,0,1.10874,0,1.12598,0,1.11195,0,1.08762,0,1.09605,0,1.18063,0,1.17902,0,1.1639,0,1.18782,0,1.20127,0,1.19663,0,1.20813,0,1.21727,0,1.19627,0,1.26684,0,1.24739,0,1.27633,0,1.25396,0,1.2543,0,1.25738,0,1.25255,0,1.284,0,1.28618,0,1.28363,0,1.30338,0,1.28105,0,1.275,0,1.27512,0,1.28618,0,1.28942,0,1.29914,0,1.27975,0,1.28046,0,1.29575,0,1.29508,0,1.28949,0,1.30351,0,1.29919,0,1.25402,0,1.24647,0,1.25736,0,1.25749,0,1.26248,0,1.24968,0,1.25698,0,1.25823,0,1.27545,0,1.24699,0,1.25473,0,1.25599,0,1.22694,0,1.22638,0,1.24417,0,1.28828,0,1.28642,0,1.26754,0,1.22216,0,1.2228,0,1.22271,0,1.22464,0,1.22682,0,1.24804,0,1.24036,0,1.24249,0,1.24016,0,1.23798,0,1.25235,0,1.25427,0,1.24201,0,1.2116,0,1.23096,0,1.23203,0,1.27083,0,1.30119,0,1.30163,0,1.29659,0,1.2823,0,1.27683,0,1.28565,0,1.27973,0,1.29554,0,1.29779,0,1.2889,0,1.28897,0,1.31105,0,1.27858,0,1.28198,0,1.28817,0,1.28817,0,1.28191,0,1.29172,0,1.27357,0,1.27454,0,1.29842,0,1.3126,0,1.34922,0,1.38846,0,1.39445,0,1.39489,0,1.37419,0,1.37503,0,1.38142,0,1.38793,0,1.38911,0,1.39561,0,1.39551,0,1.39677,0,1.40118,0,1.40422,0,1.40482,0,1.40283,0,1.40308,0,1.4043,0,1.40642,0,1.40398,0,1.40543,0,1.40291,0,1.40862,0,1.41262,0,1.41223,0,1.4174,0,1.4235,0,1.42221,0,1.42359,0,1.42592,0,1.42778,0,1.42657,0,1.42496,0,1.42799,0,1.42669,0,1.4263,0,1.42934,0,1.42894,0,1.43087,0,1.43868,0,1.44078,0,1.44137,0,1.43881,0,1.44372,0,1.44122,0,1.44109,0,1.44747,0,1.44753,0,1.44604,0,1.44346,0,1.44614,0,1.44655,0,1.44655,0,1.45131,0,1.45895,0,1.46131,0,1.46551,0,1.47741,0,1.4763,0,1.48312,0,1.47987,0,1.48145,0,1.48111,0,1.48152,0,1.49289,0,1.4922,0,1.49513,0,1.49574,0,1.49865,0,1.49939,0,1.50575,0,1.50784,0,1.51006,0,1.51041,0,1.51062,0,1.51272,0,1.5111,0
0,0,0,0,0,0,0,0,0,0,0,0,0,0,0,0,0,0,0,0,0,0,0,0,0,0,0,0,0,0,0,0,0,0,0,0,0,0,0,0,0,0,0,0,0,0,0,0,0,0,0,0,0,0,0,0,0,0,0,0,0,0,0,0,0,0,0,0,0,0,0,0,0,0,0,0,0,0,0,0,0,0,0,0,0,0,0,0,0,0,0,0,0,0,0,0,0,0,0,0,0,0,0,0,0,0,0,0,0,0,0,0,0,0,0,0,0,0,0,0,0,0,0,0,0,0,0,0,0,0,0,0,0,0,0,0,0,0,0,0,0,0,0,0,0,0,0,0,0,0,0,0,0,0,0,0,0,0,0,0,0,0,0,0,0,0,0,0,0,0,0,0,0,0,0,0,0,0,0,0,0,0,0,0,0,0,0,0,0,0,0,0,0,0,0,0,0,0,0,0,0,0,0,0,0,0,0,0,0,0,0,0,0,0,0,0,0,0,0,0,0,0,0,0,0,0,0,0,0,0,0,0,0,0,0,0,0,0,0,0,0,0,0,0,0,0,0,0,0,0,0,0,0,0,0,0,0,0,0,0,0,0,0,0,0,0,0,0,0,0,0,0,0,0,0,0,0,0,0,0,0,0,0,0,0,0,0,0,0,0,0,0,0,0,0,0,0,0,0,0,0,0,0,0,0,0,0,0,0,0,0,0,0,0,0,0,0,0,0,0,0,0,0,0,0,0,0,0,0,0,0,0,0,0,0,0,0,0,0,0,0,0,0,0,0,0,0,0,0,0,0,0,0,0,0,0,0,0,0,0,0,0,0,0,0,0,0,0,0,0,0,0,0,0,0,0,0,0,0,0,0,0,0,0,0,0,0,0,0,0,0,0,0,0,0,0,0,0,0,0,0,0,0,0,0,0,0,0,0,0,0,0,0,0,0,0,0,0,0,0,0,0,0,0,0,0,0,0,0,0,0,0,0,0,0,0,0,0,0,0,0,0,0,0,0,0,0,0,0,0,0,0,0,0,0,0,0,0,0,0,0,0,0,0,0,0,0,0,0,0,0,0,0,0,0,0,0,0,0,0,0,0,0,0,0,0,0,0,0,0,0,0,0,0,0,0,0,0,0,0,0,0,0,0,0,0,0,0,0,0,0,0,0,0,0,0,0,0,0,0,0,0,0,0,0,0,0,0,0,0,0,0,0,0,0,0,0,0,0,0,0,0,0,0,0,0,0,0,0,0,0,0,0,0,0,0,0,0,0,0,0,0,0,0,0,0,0,0,0,0,0,0,0,0,0,0,0,0,0,0,0,0,0,0,0,0,0,0,0,0,0,0,0,0,0,0,0,0,0,0
0.817865,0,0.818449,0,0.82695,0,0.82795,0,0.827643,0,0.838517,0,0.840096,0,0.849547,0,0.854349,0,0.859001,0,0.860245,0,0.863539,0,0.86497,0,0.866359,0,0.863974,0,0.853955,0,0.855243,0,0.852251,0,0.852209,0,0.853366,0,0.857141,0,0.85982,0,0.860066,0,0.860227,0,0.860163,0,0.860787,0,0.863738,0,0.863691,0,0.863638,0,0.864225,0,0.87025,0,0.872186,0,0.874059,0,0.878095,0,0.877789,0,0.878604,0,0.8839,0,0.881515,0,0.891767,0,0.895338,0,0.90104,0,0.902231,0,0.901807,0,0.902202,0,0.904048,0,0.905477,0,0.906809,0,0.907429,0,0.910319,0,0.915325,0,0.920975,0,0.922893,0,0.927058,0,0.930689,0,0.930941,0,0.93283,0,0.934491,0,0.934401,0,0.937034,0,0.939989,0,0.939617,0,0.946058,0,0.945583,0,0.947064,0,0.949302,0,0.950973,0,0.956052,0,0.958784,0,0.959984,0,0.962508,0,0.963222,0,0.967401,0,0.96829,0,0.97531,0,0.976104,0,0.985694,0,0.990094,0,0.990852,0,0.991882,0,0.991619,0,0.987503,0,0.98853,0,0.988818,0,0.994693,0,0.00378275,0,0.00323667,0,1.02171,0,1.0232,0,1.02728,0,1.02879,0,1.02992,0,1.02084,0,1.01915,0,1.01865,0,0.994743,0,1.0051,0,1.03138,0,1.02983,0,1.01104,0,1.01165,0,1.05756,0,1.01152,0,1.01152,0,1.00896,0,1.01159,0,0.977357,0,0.984389,0,1.00255,0,0.981305,0,1.01285,0,1.01342,0,1.01263,0,1.10108,0,1.07875,0,1.04682,0,1.03691,0,1.04615,0,1.04092,0,1.04254,0,1.06032,0,1.06103,0,1.06158,0,1.05157,0,1.05333,0,1.05458,0,1.04267,0,1.07618,0,1.07742,0,1.08153,0,1.08924,0,1.10243,0,1.1024,0,1.08073,0,1.1107,0,1.10535,0,1.12978,0,1.17093,0,1.16502,0,1.16375,0,1.16519,0,1.16659,0,1.16872,0,1.19533,0,1.17345,0,1.17307,0,1.21615,0,1.16577,0,1.18169,0,1.28422,0,1.26087,0,1.23273,0,1.25153,0,1.27542,0,1.25709,0,1.25461,0,1.24654,0,1.23654,0,1.24888,0,1.26483,0,1.27371,0,1.25785,0,1.2668,0,1.24813,0,1.24948,0,1.25837,0,1.22588,0,1.21361,0,1.22692,0,1.22872,0,1.2399,0,1.29091,0,1.28576,0,1.22626,0,1.22718,0,1.23952,0,1.24033,0,1.22546,0,1.22638,0,1.27794,0,1.28432,0,1.22601,0,1.29546,0,1.25851,0,1.2499,0,1.23358,0,1.22997,0,1.23349,0,1.23802,0,1.258,0,1.26167,0,1.25095,0,1.22535,0,1.24244,0,1.21266,0,1.21241,0,1.22126,0,1.21001,0,1.21622,0,1.23164,0,1.25378,0,1.25579,0,1.30271,0,1.29932,0,1.29916,0,1.29217,0,1.28357,0,1.28452,0,1.28454,0,1.26484,0,1.27637,0,1.26268,0,1.29598,0,1.29527,0,1.29538,0,1.27321,0,1.27312,0,1.26064,0,1.27061,0,1.28188,0,1.2967,0,1.36431,0,1.36474,0,1.34745,0,1.34381,0,1.37096,0,1.37855,0,1.37349,0,1.37402,0,1.37391,0,1.38376,0,1.38222,0,1.38456,0,1.39115,0,1.39786,0,1.39623,0,1.39685,0,1.39862,0,1.39984,0,1.4022,0,1.4022,0,1.39738,0,1.4019,0,1.40089,0,1.40027,0,1.40266,0,1.40305,0,1.41787,0,1.41678,0,1.41547,0,1.41916,0,1.42062,0,1.41798,0,1.41721,0,1.42383,0,1.42056,0,1.4221,0,1.42461,0,1.42596,0,1.42576,0,1.43629,0,1.44076,0,1.43818,0,1.43717,0,1.43942,0,1.44017,0,1.44194,0,1.44085,0,1.44905,0,1.44716,0,1.44679,0,1.44088,0,1.44723,0,1.44509,0,1.44503,0,1.44891,0,1.45186,0,1.4606,0,1.46257,0,1.47093,0,1.47798,0,1.47767,0,1.48107,0,1.48095,0,1.47827,0,1.48274,0,1.48144,0,1.48421,0,1.49195,0,1.49038,0,1.49545,0,1.4959,0,1.49596,0,1.50243,0,1.50851,0,1.50904,0,1.51079,0,1.51226,0,1.51179,0,1.51153,0,1.51369,0
0,0,0,0,0,0,0,0,0,0,0,0,0,0,0,0,0,0,0,0,0,0,0,0,0,0,0,0,0,0,0,0,0,0,0,0,0,0,0,0,0,0,0,0,0,0,0,0,0,0,0,0,0,0,0,0,0,0,0,0,0,0,0,0,0,0,0,0,0,0,0,0,0,0,0,0,0,0,0,0,0,0,0,0,0,0,0,0,0,0,0,0,0,0,0,0,0,0,0,0,0,0,0,0,0,0,0,0,0,0,0,0,0,0,0,0,0,0,0,0,0,0,0,0,0,0,0,0,0,0,0,0,0,0,0,0,0,0,0,0,0,0,0,0,0,0,0,0,0,0,0,0,0,0,0,0,0,0,0,0,0,0,0,0,0,0,0,0,0,0,0,0,0,0,0,0,0,0,0,0,0,0,0,0,0,0,0,0,0,0,0,0,0,0,0,0,0,0,0,0,0,0,0,0,0,0,0,0,0,0,0,0,0,0,0,0,0,0,0,0,0,0,0,0,0,0,0,0,0,0,0,0,0,0,0,0,0,0,0,0,0,0,0,0,0,0,0,0,0,0,0,0,0,0,0,0,0,0,0,0,0,0,0,0,0,0,0,0,0,0,0,0,0,0,0,0,0,0,0,0,0,0,0,0,0,0,0,0,0,0,0,0,0,0,0,0,0,0,0,0,0,0,0,0,0,0,0,0,0,0,0,0,0,0,0,0,0,0,0,0,0,0,0,0,0,0,0,0,0,0,0,0,0,0,0,0,0,0,0,0,0,0,0,0,0,0,0,0,0,0,0,0,0,0,0,0,0,0,0,0,0,0,0,0,0,0,0,0,0,0,0,0,0,0,0,0,0,0,0,0,0,0,0,0,0,0,0,0,0,0,0,0,0,0,0,0,0,0,0,0,0,0,0,0,0,0,0,0,0,0,0,0,0,0,0,0,0,0,0,0,0,0,0,0,0,0,0,0,0,0,0,0,0,0,0,0,0,0,0,0,0,0,0,0,0,0,0,0,0,0,0,0,0,0,0,0,0,0,0,0,0,0,0,0,0,0,0,0,0,0,0,0,0,0,0,0,0,0,0,0,0,0,0,0,0,0,0,0,0,0,0,0,0,0,0,0,0,0,0,0,0,0,0,0,0,0,0,0,0,0,0,0,0,0,0,0,0,0,0,0,0,0,0,0,0,0,0,0,0,0,0,0,0,0,0,0,0,0,0,0,0,0,0,0,0,0,0,0,0,0,0,0,0,0,0,0,0,0,0,0,0,0,0,0,0,0,0,0,0,0,0,0,0,0,0,0,0,0,0,0,0,0,0,0,0,0,0,0,0,0,0,0,0,0,0,0,0,0,0,0
0.806858,0,0.812356,0,0.812018,0,0.820577,0,0.823119,0,0.987358,0,0.844657,0,0.846814,0,0.847985,0,0.851256,0,0.855743,0,0.854904,0,0.854131,0,0.852497,0,0.852629,0,0.854986,0,0.855723,0,0.854982,0,0.855653,0,0.857298,0,0.860419,0,0.862617,0,0.866292,0,0.854108,0,0.856884,0,0.855592,0,0.856005,0,0.856822,0,0.862132,0,0.867662,0,0.870732,0,0.871276,0,0.877807,0,0.879664,0,0.883862,0,0.887448,0,0.888069,0,0.890564,0,0.890479,0,0.892076,0,0.895548,0,0.89573,0,0.898042,0,0.898414,0,0.902323,0,0.904339,0,0.903118,0,0.904258,0,0.907251,0,0.91234,0,0.915009,0,0.916618,0,0.924852,0,0.9266,0,0.926789,0,0.92697,0,0.928757,0,0.932057,0,0.93325,0,0.934411,0,0.938599,0,0.938171,0,0.942599,0,0.946311,0,0.947269,0,0.946078,0,0.944619,0,0.946993,0,0.947495,0,0.951616,0,0.958978,0,0.960468,0,0.963513,0,0.96487,0,0.980135,0,1.04726,0,0.98887,0,0.976905,0,0.981435,0,0.98375,0,0.985096,0,0.986005,0,0.982811,0,0.983896,0,0.989108,0,0.0032707,0,0.00359885,0,0.00336337,0,1.01622,0,1.0149,0,1.01203,0,1.01336,0,1.04557,0,0.994228,0,0.99439,0,0.992601,0,0.99862,0,1.00815,0,1.02594,0,1.03933,0,1.0931,0,1.00064,0,1.01931,0,0.994586,0,0.980709,0,0.968992,0,0.980323,0,0.961251,0,0.962664,0,1.01021,0,1.01893,0,1.00581,0,1.03622,0,1.01978,0,1.02034,0,1.01247,0,1.01006,0,1.03216,0,1.06413,0,1.06388,0,1.07518,0,1.0608,0,1.02608,0,1.02704,0,1.03164,0,1.01491,0,1.05976,0,1.06325,0,1.06099,0,1.06645,0,1.06557,0,1.09778,0,1.09616,0,1.09439,0,1.08192,0,1.094,0,1.1087,0,1.13145,0,1.13033,0,1.13655,0,1.15331,0,1.13191,0,1.13534,0,1.13346,0,1.15054,0,1.1538,0,1.16058,0,1.16319,0,1.17111,0,1.16148,0,1.18828,0,1.18639,0,1.18791,0,1.20509,0,1.20517,0,1.18766,0,1.17215,0,1.2095,0,1.18637,0,1.20917,0,1.17177,0,1.19739,0,1.19194,0,1.18511,0,1.18513,0,1.18944,0,1.18962,0,1.21239,0,1.20922,0,1.2062,0,1.24319,0,1.2491,0,1.24798,0,1.25089,0,1.24577,0,1.24185,0,1.24141,0,1.27744,0,1.27272,0,1.26789,0,1.24197,0,1.25623,0,1.25697,0,1.22633,0,1.22554,0,1.22834,0,1.2294,0,1.21417,0,1.22306,0,1.2256,0,1.24699,0,1.20828,0,1.20972,0,1.2151,0,1.19936,0,1.20829,0,1.21734,0,1.22679,0,1.22657,0,1.2876,0,1.28761,0,1.2946,0,1.27155,0,1.27104,0,1.26561,0,1.26102,0,1.27061,0,1.27303,0,1.27483,0,1.25367,0,1.27461,0,1.264,0,1.26654,0,1.25145,0,1.26936,0,1.27096,0,1.26852,0,1.27248,0,1.27555,0,1.34002,0,1.34649,0,1.34722,0,1.34783,0,1.3672,0,1.36272,0,1.36386,0,1.37043,0,1.37224,0,1.37907,0,1.37985,0,1.37977,0,1.37928,0,1.37825,0,1.38546,0,1.38553,0,1.39073,0,1.39181,0,1.39602,0,1.39823,0,1.39663,0,1.39712,0,1.40181,0,1.40143,0,1.40089,0,1.40198,0,1.40426,0,1.40996,0,1.41403,0,1.41383,0,1.41683,0,1.41668,0,1.41902,0,1.4236,0,1.43075,0,1.42869,0,1.42373,0,1.42716,0,1.42825,0,1.43519,0,1.43471,0,1.44024,0,1.4349,0,1.44162,0,1.44118,0,1.44504,0,1.45114,0,1.45006,0,1.45917,0,1.45209,0,1.44723,0,1.44877,0,1.4483,0,1.4515,0,1.45182,0,1.4554,0,1.45899,0,1.45826,0,1.46204,0,1.46401,0,1.46952,0,1.47867,0,1.48062,0,1.48047,0,1.48358,0,1.48343,0,1.4929,0,1.49495,0,1.49661,0,1.4962,0,1.50028,0,1.50404,0,1.5024,0,1.51297,0,1.5131,0,1.51954,0,1.51629,0,1.51597,0,1.5148,0,1.51958,0,1.5182,0
0,0,0,0,0,0,0,0,0,0,0,0,0,0,0,0,0,0,0,0,0,0,0,0,0,0,0,0,0,0,0,0,0,0,0,0,0,0,0,0,0,0,0,0,0,0,0,0,0,0,0,0,0,0,0,0,0,0,0,0,0,0,0,0,0,0,0,0,0,0,0,0,0,0,0,0,0,0,0,0,0,0,0,0,0,0,0,0,0,0,0,0,0,0,0,0,0,0,0,0,0,0,0,0,0,0,0,0,0,0,0,0,0,0,0,0,0,0,0,0,0,0,0,0,0,0,0,0,0,0,0,0,0,0,0,0,0,0,0,0,0,0,0,0,0,0,0,0,0,0,0,0,0,0,0,0,0,0,0,0,0,0,0,0,0,0,0,0,0,0,0,0,0,0,0,0,0,0,0,0,0,0,0,0,0,0,0,0,0,0,0,0,0,0,0,0,0,0,0,0,0,0,0,0,0,0,0,0,0,0,0,0,0,0,0,0,0,0,0,0,0,0,0,0,0,0,0,0,0,0,0,0,0,0,0,0,0,0,0,0,0,0,0,0,0,0,0,0,0,0,0,0,0,0,0,0,0,0,0,0,0,0,0,0,0,0,0,0,0,0,0,0,0,0,0,0,0,0,0,0,0,0,0,0,0,0,0,0,0,0,0,0,0,0,0,0,0,0,0,0,0,0,0,0,0,0,0,0,0,0,0,0,0,0,0,0,0,0,0,0,0,0,0,0,0,0,0,0,0,0,0,0,0,0,0,0,0,0,0,0,0,0,0,0,0,0,0,0,0,0,0,0,0,0,0,0,0,0,0,0,0,0,0,0,0,0,0,0,0,0,0,0,0,0,0,0,0,0,0,0,0,0,0,0,0,0,0,0,0,0,0,0,0,0,0,0,0,0,0,0,0,0,0,0,0,0,0,0,0,0,0,0,0,0,0,0,0,0,0,0,0,0,0,0,0,0,0,0,0,0,0,0,0,0,0,0,0,0,0,0,0,0,0,0,0,0,0,0,0,0,0,0,0,0,0,0,0,0,0,0,0,0,0,0,0,0,0,0,0,0,0,0,0,0,0,0,0,0,0,0,0,0,0,0,0,0,0,0,0,0,0,0,0,0,0,0,0,0,0,0,0,0,0,0,0,0,0,0,0,0,0,0,0,0,0,0,0,0,0,0,0,0,0,0,0,0,0,0,0,0,0,0,0,0,0,0,0,0,0,0,0,0,0,0,0,0,0,0,0,0,0,0,0,0,0,0,0,0,0,0,0,0,0,0,0,0,0,0,0,0,0,0,0,0,0,0,0,0,0,0,0,0,0,0,0,0,0,0,0,0,0,0,0,0,0,0,0,0,0,0
0.807535,0,0.810605,0,0.811279,0,0.813376,0,0.82251,0,0.831537,0,0.832145,0,0.842147,0,0.843186,0,0.845439,0,0.847113,0,0.849486,0,0.8436,0,0.845254,0,0.848074,0,0.850494,0,0.852316,0,0.853225,0,0.855607,0,0.856835,0,0.857858,0,0.856288,0,0.853936,0,0.854991,0,0.854821,0,0.852174,0,0.851053,0,0.851281,0,0.8595,0,0.865059,0,0.867036,0,0.870089,0,0.874327,0,0.875962,0,0.877604,0,0.880077,0,0.882088,0,0.886209,0,0.887199,0,0.884175,0,0.888106,0,0.886994,0,0.88937,0,0.888898,0,0.897725,0,0.897447,0,0.900096,0,0.901814,0,0.908422,0,0.909341,0,0.911089,0,0.91475,0,0.915658,0,0.918348,0,0.919169,0,0.921906,0,0.925334,0,0.92611,0,0.931023,0,0.931306,0,0.933964,0,0.935792,0,0.937111,0,0.937671,0,0.939194,0,0.937187,0,0.939457,0,0.941111,0,0.944956,0,0.95904,0,0.961257,0,0.962801,0,0.96257,0,0.962718,0,0.963631,0,0.966327,0,0.967999,0,0.97435,0,0.980108,0,0.984272,0,0.981055,0,0.980833,0,0.982429,0,0.984226,0,0.985245,0,0.00332798,0,1.01221,0,1.01376,0,1.00323,0,1.00452,0,1.00779,0,1.00833,0,1.00976,0,0.990319,0,0.987288,0,0.988251,0,0.995377,0,0.978507,0,1.07607,0,1.04549,0,1.04863,0,1.04934,0,1.00502,0,1.00176,0,0.987677,0,0.985573,0,0.990967,0,0.97722,0,0.981043,0,0.975971,0,0.985492,0,0.992305,0,1.04021,0,1.03245,0,1.02311,0,1.03263,0,1.03546,0,1.06038,0,1.03991,0,1.04042,0,1.04075,0,1.01815,0,1.05023,0,1.03688,0,1.05928,0,1.073,0,1.03216,0,1.01971,0,1.0769,0,1.06133,0,1.06397,0,1.03293,0,1.04719,0,1.05938,0,1.06477,0,1.0616,0,1.08699,0,1.09878,0,1.12047,0,1.13579,0,1.15011,0,1.12101,0,1.14059,0,1.14486,0,1.15662,0,1.13046,0,1.13661,0,1.18226,0,1.14962,0,1.19238,0,1.1477,0,1.16659,0,1.14483,0,1.19872,0,1.17078,0,1.17251,0,1.18261,0,1.1774,0,1.18477,0,1.17815,0,1.21857,0,1.18086,0,1.19826,0,1.19654,0,1.18936,0,1.19193,0,1.18797,0,1.20019,0,1.19534,0,1.1965,0,1.21245,0,1.21576,0,1.23431,0,1.21433,0,1.21655,0,1.23436,0,1.22716,0,1.2291,0,1.24705,0,1.23367,0,1.23509,0,1.23529,0,1.22521,0,1.22419,0,1.22887,0,1.21244,0,1.22679,0,1.23344,0,1.21107,0,1.19974,0,1.19905,0,1.21545,0,1.19855,0,1.21542,0,1.22058,0,1.21948,0,1.21539,0,1.22653,0,1.22593,0,1.25383,0,1.26437,0,1.24222,0,1.25137,0,1.23325,0,1.236,0,1.23788,0,1.26839,0,1.25702,0,1.2347,0,1.25827,0,1.24216,0,1.23712,0,1.24256,0,1.25986,0,1.28441,0,1.26135,0,1.26835,0,1.32698,0,1.33406,0,1.33831,0,1.33812,0,1.37016,0,1.34513,0,1.35231,0,1.35951,0,1.36358,0,1.37089,0,1.37004,0,1.37441,0,1.37562,0,1.37515,0,1.37395,0,1.37913,0,1.37916,0,1.38091,0,1.38431,0,1.38795,0,1.3888,0,1.39247,0,1.39219,0,1.39637,0,1.39954,0,1.4006,0,1.40193,0,1.40338,0,1.40665,0,1.41297,0,1.41509,0,1.42015,0,1.41742,0,1.42295,0,1.41906,0,1.42061,0,1.42397,0,1.42485,0,1.42246,0,1.42372,0,1.42442,0,1.42843,0,1.42864,0,1.43218,0,1.43296,0,0.00348517,0,1.44664,0,1.4491,0,1.45112,0,1.4525,0,1.45518,0,1.4555,0,1.45746,0,1.45946,0,1.45729,0,1.46067,0,1.4588,0,1.45718,0,1.45731,0,1.45868,0,1.46048,0,1.46474,0,1.45853,0,1.46819,0,1.48031,0,1.47865,0,1.48316,0,1.48204,0,1.48784,0,1.48696,0,1.49349,0,1.49297,0,1.50295,0,1.50901,0,1.50908,0,1.50367,0,1.51158,0,1.51237,0,1.5114,0,1.51748,0,1.5164,0,1.51264,0,1.51478,0
0,0,0,0,0,0,0,0,0,0,0,0,0,0,0,0,0,0,0,0,0,0,0,0,0,0,0,0,0,0,0,0,0,0,0,0,0,0,0,0,0,0,0,0,0,0,0,0,0,0,0,0,0,0,0,0,0,0,0,0,0,0,0,0,0,0,0,0,0,0,0,0,0,0,0,0,0,0,0,0,0,0,0,0,0,0,0,0,0,0,0,0,0,0,0,0,0,0,0,0,0,0,0,0,0,0,0,0,0,0,0,0,0,0,0,0,0,0,0,0,0,0,0,0,0,0,0,0,0,0,0,0,0,0,0,0,0,0,0,0,0,0,0,0,0,0,0,0,0,0,0,0,0,0,0,0,0,0,0,0,0,0,0,0,0,0,0,0,0,0,0,0,0,0,0,0,0,0,0,0,0,0,0,0,0,0,0,0,0,0,0,0,0,0,0,0,0,0,0,0,0,0,0,0,0,0,0,0,0,0,0,0,0,0,0,0,0,0,0,0,0,0,0,0,0,0,0,0,0,0,0,0,0,0,0,0,0,0,0,0,0,0,0,0,0,0,0,0,0,0,0,0,0,0,0,0,0,0,0,0,0,0,0,0,0,0,0,0,0,0,0,0,0,0,0,0,0,0,0,0,0,0,0,0,0,0,0,0,0,0,0,0,0,0,0,0,0,0,0,0,0,0,0,0,0,0,0,0,0,0,0,0,0,0,0,0,0,0,0,0,0,0,0,0,0,0,0,0,0,0,0,0,0,0,0,0,0,0,0,0,0,0,0,0,0,0,0,0,0,0,0,0,0,0,0,0,0,0,0,0,0,0,0,0,0,0,0,0,0,0,0,0,0,0,0,0,0,0,0,0,0,0,0,0,0,0,0,0,0,0,0,0,0,0,0,0,0,0,0,0,0,0,0,0,0,0,0,0,0,0,0,0,0,0,0,0,0,0,0,0,0,0,0,0,0,0,0,0,0,0,0,0,0,0,0,0,0,0,0,0,0,0,0,0,0,0,0,0,0,0,0,0,0,0,0,0,0,0,0,0,0,0,0,0,0,0,0,0,0,0,0,0,0,0,0,0,0,0,0,0,0,0,0,0,0,0,0,0,0,0,0,0,0,0,0,0,0,0,0,0,0,0,0,0,0,0,0,0,0,0,0,0,0,0,0,0,0,0,0,0,0,0,0,0,0,0,0,0,0,0,0,0,0,0,0,0,0,0,0,0,0,0,0,0,0,0,0,0,0,0,0,0,0,0,0,0,0,0,0,0,0,0,0,0,0,0,0,0,0,0,0,0,0,0,0,0,0,0,0,0,0,0,0,0,0,0,0,0,0,0,0,0,0,0,0,0,0,0,0,0
0.803013,0,0.802542,0,0.80894,0,0.809379,0,0.816758,0,0.818438,0,0.824649,0,0.827278,0,0.829196,0,0.8359,0,0.837388,0,0.839354,0,0.841531,0,0.843802,0,0.846482,0,0.00359805,0,0.840415,0,0.849904,0,0.849447,0,0.850477,0,0.849209,0,0.844954,0,0.851445,0,0.849488,0,0.84671,0,0.845587,0,0.845142,0,0.849348,0,0.861652,0,0.86596,0,0.866992,0,0.870727,0,0.872643,0,0.874605,0,0.876724,0,0.880594,0,0.880438,0,0.880647,0,0.883429,0,0.883234,0,0.880178,0,0.881015,0,0.882333,0,0.883377,0,0.885734,0,0.888685,0,0.003466,0,0.00338476,0,0.90686,0,0.915176,0,0.915607,0,0.916108,0,0.917823,0,0.918003,0,0.917643,0,0.918317,0,0.91729,0,0.919132,0,0.922,0,0.923226,0,0.93263,0,0.926816,0,0.927897,0,0.931814,0,0.931964,0,0.00345284,0,0.940909,0,0.942501,0,0.942067,0,0.0035711,0,0.00366753,0,0.959985,0,0.96299,0,0.963504,0,0.968313,0,0.969715,0,0.971242,0,0.974277,0,0.976531,0,0.976721,0,0.977651,0,0.978855,0,0.979907,0,0.980111,0,1.09086,0,0.992327,0,0.995516,0,0.997304,0,0.998144,0,0.997743,0,0.995646,0,0.993064,0,0.993949,0,0.986561,0,0.983415,0,0.992671,0,0.992198,0,0.992422,0,0.984873,0,0.00323445,0,1.04802,0,1.04856,0,1.02393,0,1.06257,0,1.01942,0,1.00246,0,0.97186,0,0.990937,0,0.998986,0,0.985518,0,0.987767,0,0.981399,0,1.03863,0,0.994006,0,0.991718,0,1.01436,0,1.07294,0,1.05346,0,1.0538,0,1.03343,0,1.03984,0,1.03998,0,1.04175,0,1.05317,0,1.04842,0,1.05021,0,1.07409,0,1.0821,0,1.08537,0,1.05858,0,1.05995,0,1.06089,0,1.04875,0,1.04456,0,1.05,0,1.08255,0,1.07409,0,1.06997,0,1.09829,0,1.12134,0,1.1015,0,1.1254,0,1.12491,0,1.12631,0,1.14602,0,1.14765,0,1.14637,0,1.14757,0,1.15806,0,1.17819,0,1.13771,0,1.15554,0,1.12643,0,1.16365,0,1.13649,0,1.15875,0,1.17244,0,1.14577,0,1.14679,0,1.14725,0,1.18003,0,1.17947,0,1.16886,0,1.1382,0,1.13974,0,1.14044,0,1.16824,0,1.17261,0,1.19147,0,1.19101,0,1.19786,0,1.18168,0,1.17809,0,1.17875,0,1.31123,0,1.29805,0,1.22089,0,1.22632,0,1.23396,0,1.21553,0,1.21192,0,1.21313,0,1.26074,0,1.2599,0,1.2188,0,1.22083,0,1.23616,0,1.22221,0,1.23596,0,1.2465,0,1.24782,0,1.20352,0,1.21159,0,1.22306,0,1.22296,0,1.22296,0,1.22655,0,1.25403,0,1.24308,0,1.24384,0,1.24388,0,1.25062,0,1.23433,0,1.24742,0,1.22977,0,1.24088,0,1.24608,0,1.24311,0,1.23064,0,1.22105,0,1.22705,0,1.2398,0,1.2402,0,1.24353,0,1.25399,0,1.32253,0,1.31228,0,1.31782,0,1.32182,0,1.32765,0,1.34463,0,1.34807,0,1.3529,0,1.35449,0,1.35741,0,1.36581,0,1.36693,0,1.36695,0,1.36932,0,1.37139,0,1.37444,0,1.37379,0,1.37459,0,1.37585,0,1.37459,0,1.38472,0,1.38352,0,1.38503,0,1.39273,0,1.39279,0,1.39182,0,1.39668,0,1.39875,0,1.39949,0,1.40027,0,1.40698,0,1.41311,0,1.41562,0,1.41673,0,1.41513,0,1.41328,0,1.41619,0,1.41639,0,1.42221,0,1.42234,0,1.42007,0,1.42363,0,1.42759,0,1.42851,0,1.42746,0,1.43503,0,1.44054,0,1.44369,0,1.44392,0,1.44368,0,1.45092,0,1.44963,0,1.45003,0,1.45407,0,1.46088,0,1.45802,0,1.46091,0,1.45946,0,1.45735,0,1.45815,0,1.45945,0,1.46174,0,1.46255,0,1.4666,0,1.46474,0,1.4718,0,1.47593,0,1.47767,0,1.47855,0,1.48441,0,1.48889,0,1.48777,0,1.49242,0,1.49855,0,1.49944,0,1.50174,0,1.50935,0,1.5091,0,1.50354,0,1.50392,0,1.50542,0,1.50985,0,1.51445,0,1.51441,0,1.51187,0
0,0,0,0,0,0,0,0,0,0,0,0,0,0,0,0,0,0,0,0,0,0,0,0,0,0,0,0,0,0,0,0,0,0,0,0,0,0,0,0,0,0,0,0,0,0,0,0,0,0,0,0,0,0,0,0,0,0,0,0,0,0,0,0,0,0,0,0,0,0,0,0,0,0,0,0,0,0,0,0,0,0,0,0,0,0,0,0,0,0,0,0,0,0,0,0,0,0,0,0,0,0,0,0,0,0,0,0,0,0,0,0,0,0,0,0,0,0,0,0,0,0,0,0,0,0,0,0,0,0,0,0,0,0,0,0,0,0,0,0,0,0,0,0,0,0,0,0,0,0,0,0,0,0,0,0,0,0,0,0,0,0,0,0,0,0,0,0,0,0,0,0,0,0,0,0,0,0,0,0,0,0,0,0,0,0,0,0,0,0,0,0,0,0,0,0,0,0,0,0,0,0,0,0,0,0,0,0,0,0,0,0,0,0,0,0,0,0,0,0,0,0,0,0,0,0,0,0,0,0,0,0,0,0,0,0,0,0,0,0,0,0,0,0,0,0,0,0,0,0,0,0,0,0,0,0,0,0,0,0,0,0,0,0,0,0,0,0,0,0,0,0,0,0,0,0,0,0,0,0,0,0,0,0,0,0,0,0,0,0,0,0,0,0,0,0,0,0,0,0,0,0,0,0,0,0,0,0,0,0,0,0,0,0,0,0,0,0,0,0,0,0,0,0,0,0,0,0,0,0,0,0,0,0,0,0,0,0,0,0,0,0,0,0,0,0,0,0,0,0,0,0,0,0,0,0,0,0,0,0,0,0,0,0,0,0,0,0,0,0,0,0,0,0,0,0,0,0,0,0,0,0,0,0,0,0,0,0,0,0,0,0,0,0,0,0,0,0,0,0,0,0,0,0,0,0,0,0,0,0,0,0,0,0,0,0,0,0,0,0,0,0,0,0,0,0,0,0,0,0,0,0,0,0,0,0,0,0,0,0,0,0,0,0,0,0,0,0,0,0,0,0,0,0,0,0,0,0,0,0,0,0,0,0,0,0,0,0,0,0,0,0,0,0,0,0,0,0,0,0,0,0,0,0,0,0,0,0,0,0,0,0,0,0,0,0,0,0,0,0,0,0,0,0,0,0,0,0,0,0,0,0,0,0,0,0,0,0,0,0,0,0,0,0,0,0,0,0,0,0,0,0,0,0,0,0,0,0,0,0,0,0,0,0,0,0,0,0,0,0,0,0,0,0,0,0,0,0,0,0,0,0,0,0,0,0,0,0,0,0,0,0,0,0,0,0,0,0,0,0,0,0,0,0,0,0,0,0,0,0,0,0,0,0,0,0,0,0,0,0
0.794761,0,0.794994,0,0.803509,0,0.80635,0,0.809345,0,0.809924,0,0.00312021,0,0.821883,0,0.829314,0,0.83043,0,0.831973,0,0.00363972,0,0.00346296,0,0.823925,0,0.825564,0,0.832097,0,0.834986,0,0.836556,0,0.839526,0,0.842881,0,0.843521,0,0.838869,0,0.846288,0,0.840886,0,0.83998,0,0.844862,0,0.846329,0,0.852669,0,0.00337613,0,0.867658,0,0.870673,0,0.870601,0,0.86697,0,0.867394,0,0.854498,0,0.856154,0,0.880744,0,0.879502,0,0.879952,0,0.879819,0,0.879961,0,0.880306,0,0.87568,0,0.877772,0,0.878681,0,0.885429,0,0.00349025,0,0.904917,0,0.908347,0,0.91088,0,0.913701,0,0.916715,0,0.924856,0,0.918641,0,0.921339,0,0.917672,0,0.918144,0,0.909257,0,0.915339,0,0.922107,0,0.919944,0,0.921942,0,0.922184,0,0.927712,0,0.928774,0,0.933445,0,0.935731,0,0.938759,0,0.941128,0,0.941773,0,0.942248,0,0.00334085,0,0.953858,0,0.95654,0,0.0033097,0,0.00364198,0,1.10201,0,0.972832,0,0.972994,0,0.975414,0,0.977492,0,0.979027,0,0.979161,0,0.981372,0,0.981123,0,0.988363,0,0.989036,0,0.99066,0,0.992206,0,0.997322,0,0.995848,0,0.995477,0,0.99239,0,0.992144,0,0.981499,0,0.99492,0,0.991901,0,0.990752,0,0.991273,0,0.987795,0,1.02531,0,1.05301,0,1.05451,0,1.03945,0,1.04636,0,1.00485,0,1.00442,0,1.01876,0,0.974037,0,0.9739,0,1.00642,0,1.00838,0,1.01511,0,1.01562,0,1.02297,0,1.02354,0,1.06043,0,1.06286,0,1.08854,0,1.10053,0,1.10022,0,1.03934,0,1.03909,0,1.05564,0,1.05515,0,1.09156,0,1.08086,0,1.07158,0,1.03763,0,1.03968,0,1.07925,0,1.10104,0,1.05108,0,1.03057,0,1.07493,0,1.03612,0,1.10511,0,1.09582,0,1.09228,0,1.09335,0,1.09449,0,1.09791,0,1.10571,0,1.09977,0,1.09416,0,1.09353,0,1.11921,0,1.11304,0,1.12298,0,1.11373,0,1.12075,0,1.11252,0,1.11924,0,1.12239,0,1.11355,0,1.12639,0,1.129,0,1.11353,0,1.13344,0,1.12994,0,1.13658,0,1.14269,0,1.13987,0,1.1483,0,1.15119,0,1.1641,0,1.1652,0,1.16033,0,1.16438,0,1.20264,0,1.18285,0,1.1739,0,1.17963,0,1.18961,0,1.19087,0,1.19144,0,1.19464,0,1.19263,0,1.22719,0,1.22446,0,1.22535,0,1.22324,0,1.28862,0,1.22799,0,1.24856,0,1.23738,0,1.24722,0,1.23547,0,1.22219,0,1.2327,0,1.20137,0,1.20235,0,1.21934,0,1.19873,0,1.25146,0,1.26634,0,1.21823,0,1.22046,0,1.23325,0,1.228,0,1.24839,0,1.2605,0,1.26914,0,1.22424,0,1.22518,0,1.22349,0,1.22169,0,1.22051,0,1.21895,0,1.22915,0,1.23251,0,1.23377,0,1.31056,0,1.30973,0,1.30504,0,1.34742,0,1.34806,0,1.32121,0,1.33098,0,1.33704,0,1.34638,0,1.35108,0,1.35574,0,1.35479,0,1.35778,0,1.36184,0,1.3635,0,1.36456,0,1.36604,0,1.36589,0,1.37105,0,1.37003,0,1.37482,0,1.37268,0,1.37576,0,1.37808,0,1.38386,0,1.38302,0,1.38687,0,1.38915,0,1.38963,0,1.39205,0,1.39542,0,1.3951,0,1.3993,0,1.40635,0,1.40564,0,1.40387,0,1.4118,0,1.40865,0,1.41286,0,1.4133,0,1.41524,0,1.41628,0,1.42379,0,1.42155,0,1.42287,0,1.42167,0,1.39884,0,1.42513,0,1.43642,0,1.43176,0,1.43487,0,1.43844,0,1.43786,0,1.44643,0,1.44321,0,1.44401,0,1.45357,0,1.45125,0,1.45388,0,1.45823,0,1.45668,0,1.45523,0,1.45945,0,1.46223,0,1.4632,0,1.46379,0,1.46893,0,1.46759,0,1.47606,0,1.47863,0,1.47863,0,1.47942,0,1.4859,0,1.48896,0,1.48643,0,1.48332,0,1.49226,0,1.49654,0,1.50127,0,1.5016,0,1.49955,0,1.49979,0,1.49618,0,1.49979,0,1.50287,0,1.50704,0,1.51214,0,1.51188,0
0,0,0,0,0,0,0,0,0,0,0,0,0,0,0,0,0,0,0,0,0,0,0,0,0,0,0,0,0,0,0,0,0,0,0,0,0,0,0,0,0,0,0,0,0,0,0,0,0,0,0,0,0,0,0,0,0,0,0,0,0,0,0,0,0,0,0,0,0,0,0,0,0,0,0,0,0,0,0,0,0,0,0,0,0,0,0,0,0,0,0,0,0,0,0,0,0,0,0,0,0,0,0,0,0,0,0,0,0,0,0,0,0,0,0,0,0,0,0,0,0,0,0,0,0,0,0,0,0,0,0,0,0,0,0,0,0,0,0,0,0,0,0,0,0,0,0,0,0,0,0,0,0,0,0,0,0,0,0,0,0,0,0,0,0,0,0,0,0,0,0,0,0,0,0,0,0,0,0,0,0,0,0,0,0,0,0,0,0,0,0,0,0,0,0,0,0,0,0,0,0,0,0,0,0,0,0,0,0,0,0,0,0,0,0,0,0,0,0,0,0,0,0,0,0,0,0,0,0,0,0,0,0,0,0,0,0,0,0,0,0,0,0,0,0,0,0,0,0,0,0,0,0,0,0,0,0,0,0,0,0,0,0,0,0,0,0,0,0,0,0,0,0,0,0,0,0,0,0,0,0,0,0,0,0,0,0,0,0,0,0,0,0,0,0,0,0,0,0,0,0,0,0,0,0,0,0,0,0,0,0,0,0,0,0,0,0,0,0,0,0,0,0,0,0,0,0,0,0,0,0,0,0,0,0,0,0,0,0,0,0,0,0,0,0,0,0,0,0,0,0,0,0,0,0,0,0,0,0,0,0,0,0,0,0,0,0,0,0,0,0,0,0,0,0,0,0,0,0,0,0,0,0,0,0,0,0,0,0,0,0,0,0,0,0,0,0,0,0,0,0,0,0,0,0,0,0,0,0,0,0,0,0,0,0,0,0,0,0,0,0,0,0,0,0,0,0,0,0,0,0,0,0,0,0,0,0,0,0,0,0,0,0,0,0,0,0,0,0,0,0,0,0,0,0,0,0,0,0,0,0,0,0,0,0,0,0,0,0,0,0,0,0,0,0,0,0,0,0,0,0,0,0,0,0,0,0,0,0,0,0,0,0,0,0,0,0,0,0,0,0,0,0,0,0,0,0,0,0,0,0,0,0,0,0,0,0,0,0,0,0,0,0,0,0,0,0,0,0,0,0,0,0,0,0,0,0,0,0,0,0,0,0,0,0,0,0,0,0,0,0,0,0,0,0,0,0,0,0,0,0,0,0,0,0,0,0,0,0,0,0,0,0,0,0,0,0,0,0,0,0,0,0,0,0,0,0,0,0,0,0,0,0,0,0,0,0,0,0,0
0.79061,0,0.791114,0,0.791648,0,0.794554,0,0.794413,0,0.00357512,0,0.00356047,0,0.00342886,0,0.892927,0,0.00329927,0,0.808259,0,0.810618,0,0.811901,0,0.825148,0,0.825228,0,0.829225,0,0.831151,0,0.828372,0,0.828437,0,0.834903,0,0.837091,0,0.840068,0,0.836552,0,0.839598,0,0.839089,0,0.830693,0,0.840899,0,0.00366546,0,0.00355647,0,0.856678,0,0.857505,0,0.858792,0,0.863292,0,0.861315,0,0.862784,0,0.862421,0,0.862997,0,0.865108,0,0.865713,0,0.867804,0,0.872808,0,0.874512,0,0.874306,0,0.875524,0,0.877676,0,0.887439,0,0.891671,0,0.00332286,0,1.02224,0,0.915372,0,0.916513,0,0.932592,0,0.93485,0,0.935173,0,0.908078,0,0.907805,0,0.906312,0,0.909568,0,0.912174,0,0.919301,0,0.921454,0,0.925152,0,0.931795,0,0.930372,0,0.930029,0,0.932434,0,0.935471,0,0.938842,0,0.938507,0,0.939347,0,0.936055,0,0.942881,0,0.946773,0,0.949192,0,0.00326106,0,0.00358836,0,0.960556,0,0.96407,0,0.965905,0,0.969918,0,0.972225,0,0.976225,0,0.976742,0,0.978508,0,0.979965,0,0.982555,0,0.985352,0,0.988316,0,0.991637,0,0.99306,0,0.995222,0,0.996624,0,0.997,0,0.995584,0,0.98756,0,0.988828,0,0.988935,0,0.988814,0,0.991203,0,0.990892,0,0.990514,0,0.999656,0,1.00088,0,1.02925,0,1.04215,0,1.04267,0,1.03622,0,1.09037,0,0.996084,0,0.996229,0,1.00537,0,0.988782,0,0.991318,0,0.983731,0,1.05001,0,1.01511,0,1.01535,0,1.03203,0,1.0262,0,1.03517,0,1.02922,0,1.0309,0,1.04649,0,1.04247,0,1.03827,0,1.04758,0,1.04973,0,1.04539,0,1.09453,0,1.09522,0,1.07793,0,1.08058,0,1.06219,0,1.05482,0,1.05717,0,1.08387,0,1.05194,0,1.06975,0,1.07102,0,1.05187,0,1.06076,0,1.10232,0,1.10853,0,1.0858,0,1.08796,0,1.0777,0,1.06887,0,1.11023,0,1.09053,0,1.09109,0,1.12422,0,1.10168,0,1.10441,0,1.14945,0,1.0955,0,1.11874,0,1.11856,0,1.10979,0,1.10949,0,1.12014,0,1.12158,0,1.10188,0,1.11598,0,1.12327,0,1.12076,0,1.1549,0,1.13415,0,1.13564,0,1.12342,0,1.15061,0,1.12791,0,1.14023,0,1.13243,0,1.15155,0,1.16098,0,1.1634,0,1.17816,0,1.18242,0,1.19253,0,1.22085,0,1.22001,0,1.22102,0,1.28441,0,1.22745,0,1.21844,0,1.21643,0,1.24096,0,1.22381,0,1.22378,0,1.2099,0,1.199,0,1.20953,0,1.21199,0,1.21954,0,1.2213,0,1.22438,0,1.22705,0,1.23334,0,1.23271,0,1.23295,0,1.23532,0,1.23541,0,1.26233,0,1.21539,0,1.21462,0,1.21651,0,1.21208,0,1.21461,0,1.22964,0,1.25436,0,1.25603,0,1.2991,0,1.30176,0,1.31125,0,1.30673,0,1.31384,0,1.31718,0,0.00353567,0,1.33904,0,1.34345,0,1.34694,0,1.34814,0,1.34996,0,1.35422,0,1.35691,0,1.35648,0,1.36025,0,1.36201,0,1.35913,0,1.36156,0,1.36182,0,1.37203,0,1.37132,0,1.37273,0,1.37531,0,1.37985,0,1.37977,0,1.38304,0,1.38218,0,1.38652,0,1.3858,0,1.38497,0,1.39896,0,1.39751,0,1.39568,0,1.40138,0,1.4062,0,1.40832,0,1.40862,0,1.41409,0,1.41288,0,1.41297,0,1.41513,0,1.41933,0,1.41306,0,1.41577,0,1.41723,0,1.4172,0,1.42431,0,1.42273,0,1.42742,0,1.42977,0,1.43317,0,1.43371,0,1.43412,0,1.4399,0,1.44201,0,1.44267,0,1.44832,0,1.45013,0,1.45377,0,1.45623,0,1.4569,0,1.45423,0,1.45151,0,1.46062,0,1.45971,0,1.47143,0,1.46879,0,1.46875,0,1.47524,0,1.47453,0,1.48125,0,1.48136,0,1.49148,0,1.4891,0,1.48728,0,1.48919,0,1.49278,0,1.49191,0,1.49861,0,1.49675,0,1.49641,0,1.50026,0,1.50093,0,1.50147,0,1.50601,0,1.50743,0,1.51097,0,1.51086,0
0,0,0,0,0,0,0,0,0,0,0,0,0,0,0,0,0,0,0,0,0,0,0,0,0,0,0,0,0,0,0,0,0,0,0,0,0,0,0,0,0,0,0,0,0,0,0,0,0,0,0,0,0,0,0,0,0,0,0,0,0,0,0,0,0,0,0,0,0,0,0,0,0,0,0,0,0,0,0,0,0,0,0,0,0,0,0,0,0,0,0,0,0,0,0,0,0,0,0,0,0,0,0,0,0,0,0,0,0,0,0,0,0,0,0,0,0,0,0,0,0,0,0,0,0,0,0,0,0,0,0,0,0,0,0,0,0,0,0,0,0,0,0,0,0,0,0,0,0,0,0,0,0,0,0,0,0,0,0,0,0,0,0,0,0,0,0,0,0,0,0,0,0,0,0,0,0,0,0,0,0,0,0,0,0,0,0,0,0,0,0,0,0,0,0,0,0,0,0,0,0,0,0,0,0,0,0,0,0,0,0,0,0,0,0,0,0,0,0,0,0,0,0,0,0,0,0,0,0,0,0,0,0,0,0,0,0,0,0,0,0,0,0,0,0,0,0,0,0,0,0,0,0,0,0,0,0,0,0,0,0,0,0,0,0,0,0,0,0,0,0,0,0,0,0,0,0,0,0,0,0,0,0,0,0,0,0,0,0,0,0,0,0,0,0,0,0,0,0,0,0,0,0,0,0,0,0,0,0,0,0,0,0,0,0,0,0,0,0,0,0,0,0,0,0,0,0,0,0,0,0,0,0,0,0,0,0,0,0,0,0,0,0,0,0,0,0,0,0,0,0,0,0,0,0,0,0,0,0,0,0,0,0,0,0,0,0,0,0,0,0,0,0,0,0,0,0,0,0,0,0,0,0,0,0,0,0,0,0,0,0,0,0,0,0,0,0,0,0,0,0,0,0,0,0,0,0,0,0,0,0,0,0,0,0,0,0,0,0,0,0,0,0,0,0,0,0,0,0,0,0,0,0,0,0,0,0,0,0,0,0,0,0,0,0,0,0,0,0,0,0,0,0,0,0,0,0,0,0,0,0,0,0,0,0,0,0,0,0,0,0,0,0,0,0,0,0,0,0,0,0,0,0,0,0,0,0,0,0,0,0,0,0,0,0,0,0,0,0,0,0,0,0,0,0,0,0,0,0,0,0,0,0,0,0,0,0,0,0,0,0,0,0,0,0,0,0,0,0,0,0,0,0,0,0,0,0,0,0,0,0,0,0,0,0,0,0,0,0,0,0,0,0,0,0,0,0,0,0,0,0,0,0,0,0,0,0,0,0,0,0,0,0,0,0,0,0,0,0,0,0,0,0,0,0,0,0,0,0,0,0,0,0,0,0,0,0,0,0,0
0.78223,0,0.781764,0,0.783389,0,0.782049,0,0.00363757,0,0.768918,0,0.769712,0,0.769888,0,0.00366689,0,0.89701,0,0.00345503,0,0.804521,0,0.815371,0,0.81591,0,0.818285,0,0.00341935,0,0.821286,0,0.821293,0,0.811737,0,0.811875,0,0.942642,0,0.819577,0,0.823894,0,0.829078,0,0.829869,0,0.82954,0,0.827234,0,0.828085,0,0.828566,0,0.00311259,0,0.850245,0,0.841884,0,0.841991,0,0.844699,0,0.847293,0,0.84986,0,0.85635,0,0.857804,0,0.863452,0,0.865434,0,0.866632,0,0.876355,0,0.87707,0,0.875761,0,0.876881,0,0.885737,0,0.886647,0,1.01472,0,0.912718,0,0.913509,0,0.914677,0,0.914702,0,0.915119,0,0.895938,0,0.899156,0,0.90437,0,0.909358,0,0.910709,0,0.912276,0,0.921396,0,0.922873,0,0.924616,0,0.924353,0,0.921614,0,0.922212,0,0.925817,0,0.928113,0,0.930904,0,0.931071,0,0.932975,0,0.933962,0,0.934154,0,1.06824,0,1.07092,0,0.00339144,0,0.94709,0,0.00330274,0,0.00336104,0,0.960044,0,0.964365,0,0.969882,0,0.971853,0,0.974185,0,0.975195,0,0.978996,0,0.980665,0,0.987226,0,0.990658,0,0.99112,0,0.993771,0,0.995431,0,0.998791,0,0.998429,0,0.999367,0,0.995662,0,0.996987,0,0.996051,0,0.997079,0,1.04459,0,1.00038,0,0.99955,0,0.99855,0,0.991099,0,1.00427,0,0.00355869,0,1.04868,0,1.0683,0,1.05691,0,1.05532,0,1.05477,0,1.033,0,1.05512,0,1.04385,0,1.07836,0,1.0592,0,1.00692,0,0.991538,0,1.01992,0,1.0295,0,1.05071,0,1.04185,0,1.03587,0,1.0357,0,1.07784,0,1.07821,0,1.04185,0,1.04017,0,1.04401,0,1.06385,0,1.08907,0,1.09095,0,1.06138,0,1.06158,0,1.04957,0,1.05387,0,1.04781,0,1.053,0,1.06358,0,1.07802,0,1.10575,0,1.06454,0,1.07033,0,1.08779,0,1.10641,0,1.09233,0,1.08994,0,1.0878,0,1.09143,0,1.08781,0,1.09055,0,1.0932,0,1.09292,0,1.08696,0,1.09705,0,1.09246,0,1.11667,0,1.11443,0,1.12599,0,1.07977,0,1.09497,0,1.08029,0,1.11321,0,1.11562,0,1.1288,0,1.13091,0,1.13081,0,1.14348,0,1.15264,0,1.13065,0,1.13577,0,1.14107,0,1.13467,0,1.11486,0,1.15144,0,1.13708,0,1.15445,0,1.13886,0,1.16502,0,1.16801,0,1.17462,0,1.2056,0,1.20246,0,1.2044,0,1.20789,0,1.21994,0,1.23453,0,1.21326,0,1.20223,0,1.20629,0,1.20803,0,1.20898,0,1.2094,0,1.20806,0,1.20189,0,1.20472,0,1.20275,0,1.22641,0,1.22924,0,1.26859,0,1.21226,0,1.22381,0,1.22703,0,1.20605,0,1.21289,0,1.21728,0,1.22033,0,1.23216,0,1.23254,0,1.31096,0,1.30902,0,1.30873,0,1.29805,0,1.30702,0,1.3075,0,1.32073,0,1.30926,0,1.33594,0,0.00314325,0,1.34427,0,1.34477,0,1.34645,0,1.34602,0,1.34699,0,1.36102,0,1.35992,0,1.36074,0,1.36147,0,1.36166,0,1.36547,0,1.36371,0,1.3646,0,1.37077,0,1.37092,0,1.37256,0,1.37755,0,1.38396,0,1.38363,0,1.3842,0,1.3841,0,1.3837,0,1.38325,0,1.38435,0,1.38813,0,1.39035,0,1.39453,0,1.38847,0,1.38882,0,1.39711,0,1.3982,0,1.40009,0,1.40177,0,1.40576,0,1.40626,0,1.40913,0,1.41478,0,1.41456,0,1.41447,0,1.41917,0,1.42008,0,1.42136,0,1.41973,0,1.4214,0,1.43793,0,1.43421,0,1.43822,0,1.43879,0,1.44042,0,1.44084,0,1.44419,0,1.4439,0,1.45114,0,1.45164,0,1.45452,0,1.4555,0,1.45474,0,1.45361,0,1.46185,0,1.47228,0,1.47052,0,1.47386,0,1.4756,0,1.47218,0,1.47547,0,0.00360659,0,1.48602,0,1.48561,0,1.49289,0,1.49199,0,1.49545,0,1.48683,0,1.49179,0,1.49208,0,1.49011,0,1.49652,0,1.49759,0,1.49929,0,1.49888,0,1.4919,0,1.50604,0,1.50728,0
0,0,0,0,0,0,0,0,0,0,0,0,0,0,0,0,0,0,0,0,0,0,0,0,0,0,0,0,0,0,0,0,0,0,0,0,0,0,0,0,0,0,0,0,0,0,0,0,0,0,0,0,0,0,0,0,0,0,0,0,0,0,0,0,0,0,0,0,0,0,0,0,0,0,0,0,0,0,0,0,0,0,0,0,0,0,0,0,0,0,0,0,0,0,0,0,0,0,0,0,0,0,0,0,0,0,0,0,0,0,0,0,0,0,0,0,0,0,0,0,0,0,0,0,0,0,0,0,0,0,0,0,0,0,0,0,0,0,0,0,0,0,0,0,0,0,0,0,0,0,0,0,0,0,0,0,0,0,0,0,0,0,0,0,0,0,0,0,0,0,0,0,0,0,0,0,0,0,0,0,0,0,0,0,0,0,0,0,0,0,0,0,0,0,0,0,0,0,0,0,0,0,0,0,0,0,0,0,0,0,0,0,0,0,0,0,0,0,0,0,0,0,0,0,0,0,0,0,0,0,0,0,0,0,0,0,0,0,0,0,0,0,0,0,0,0,0,0,0,0,0,0,0,0,0,0,0,0,0,0,0,0,0,0,0,0,0,0,0,0,0,0,0,0,0,0,0,0,0,0,0,0,0,0,0,0,0,0,0,0,0,0,0,0,0,0,0,0,0,0,0,0,0,0,0,0,0,0,0,0,0,0,0,0,0,0,0,0,0,0,0,0,0,0,0,0,0,0,0,0,0,0,0,0,0,0,0,0,0,0,0,0,0,0,0,0,0,0,0,0,0,0,0,0,0,0,0,0,0,0,0,0,0,0,0,0,0,0,0,0,0,0,0,0,0,0,0,0,0,0,0,0,0,0,0,0,0,0,0,0,0,0,0,0,0,0,0,0,0,0,0,0,0,0,0,0,0,0,0,0,0,0,0,0,0,0,0,0,0,0,0,0,0,0,0,0,0,0,0,0,0,0,0,0,0,0,0,0,0,0,0,0,0,0,0,0,0,0,0,0,0,0,0,0,0,0,0,0,0,0,0,0,0,0,0,0,0,0,0,0,0,0,0,0,0,0,0,0,0,0,0,0,0,0,0,0,0,0,0,0,0,0,0,0,0,0,0,0,0,0,0,0,0,0,0,0,0,0,0,0,0,0,0,0,0,0,0,0,0,0,0,0,0,0,0,0,0,0,0,0,0,0,0,0,0,0,0,0,0,0,0,0,0,0,0,0,0,0,0,0,0,0,0,0,0,0,0,0,0,0,0,0,0,0,0,0,0,0,0,0,0,0,0,0,0,0,0,0,0,0,0,0,0,0,0,0,0,0,0,0,0,0,0,0,0,0,0,0,0,0
0.770123,0,0.77085,0,0.769027,0,0.767001,0,0.765839,0,0.767117,0,0.76743,0,0.773351,0,0.771896,0,0.00330403,0,0.796972,0,0.800827,0,0.802727,0,0.810544,0,0.813148,0,0.813996,0,0.813433,0,0.813528,0,0.812327,0,0.811702,0,0.81209,0,0.81747,0,0.821093,0,0.825131,0,0.827094,0,0.82837,0,0.828718,0,0.83115,0,0.826683,0,0.831632,0,0.833483,0,0.840678,0,0.839204,0,0.841317,0,0.842163,0,0.851928,0,0.851513,0,0.855107,0,0.857269,0,0.86526,0,0.869999,0,0.867251,0,0.871875,0,0.871992,0,0.873465,0,0.884245,0,0.884821,0,0.895079,0,0.896836,0,0.893639,0,0.905546,0,0.911766,0,0.895118,0,0.897209,0,0.89836,0,0.906346,0,0.910596,0,0.904775,0,0.904875,0,0.909309,0,0.914791,0,0.914663,0,0.919049,0,0.918948,0,0.918182,0,0.922167,0,0.92312,0,0.926509,0,0.927597,0,0.929535,0,0.930213,0,0.933052,0,0.93653,0,0.936972,0,0.937918,0,0.940562,0,0.948703,0,0.950709,0,0.954345,0,0.959576,0,0.961127,0,0.0031749,0,0.970805,0,0.977192,0,0.976621,0,0.978374,0,0.981099,0,0.983396,0,0.987511,0,0.989183,0,0.995159,0,0.998617,0,1.00149,0,0.998201,0,0.997727,0,0.996502,0,1.00682,0,1.00909,0,1.00649,0,1.00326,0,1.00155,0,1.00018,0,0.999552,0,1.04989,0,1.05025,0,1.01048,0,1.01211,0,1.03742,0,1.01621,0,1.04861,0,1.0713,0,1.02022,0,1.02169,0,1.1049,0,1.06342,0,1.06176,0,1.09635,0,1.08252,0,1.05477,0,1.06091,0,1.06141,0,1.06188,0,1.05338,0,1.04219,0,1.04945,0,1.02386,0,1.04315,0,1.04396,0,1.03973,0,1.02782,0,1.02922,0,1.04359,0,1.04492,0,1.01949,0,1.02186,0,1.02247,0,1.02364,0,1.02479,0,1.02841,0,1.03646,0,1.0412,0,1.05961,0,1.07003,0,1.06483,0,1.06485,0,1.07793,0,1.07901,0,1.07211,0,1.07739,0,1.11096,0,1.07726,0,1.07775,0,1.08034,0,1.09931,0,1.09578,0,1.09504,0,1.09211,0,1.09156,0,1.08774,0,1.09175,0,1.09253,0,1.09597,0,1.12744,0,1.11953,0,1.17174,0,1.18184,0,1.20203,0,1.1226,0,1.12418,0,1.14468,0,1.14543,0,1.14143,0,1.1372,0,1.1184,0,1.11331,0,1.12235,0,1.12046,0,1.11828,0,1.1235,0,1.12632,0,1.14312,0,1.17972,0,1.17392,0,1.19174,0,1.19515,0,1.22646,0,1.2131,0,1.1882,0,1.20619,0,1.2169,0,1.18704,0,1.17745,0,1.21161,0,1.21188,0,1.18839,0,1.21609,0,1.18483,0,1.19531,0,1.19955,0,1.20934,0,1.20588,0,1.20393,0,1.20176,0,1.20561,0,1.22494,0,1.23733,0,0.00352177,0,0.00334763,0,1.29544,0,1.2992,0,1.30888,0,1.36742,0,1.33086,0,1.33181,0,1.33158,0,1.33564,0,1.33789,0,1.33848,0,1.33822,0,1.34262,0,1.33859,0,1.34054,0,1.34461,0,1.35021,0,1.35838,0,1.35914,0,1.35743,0,1.3553,0,1.3589,0,1.35865,0,1.3638,0,1.36401,0,1.36827,0,1.37524,0,1.37452,0,1.37797,0,1.37895,0,1.38344,0,1.38205,0,1.38109,0,1.38451,0,1.38398,0,1.38951,0,1.38852,0,1.38822,0,1.38633,0,1.38596,0,1.38919,0,1.38954,0,1.40114,0,1.4022,0,1.40518,0,1.40427,0,1.40701,0,1.40765,0,1.41223,0,1.40992,0,1.42178,0,1.426,0,1.42066,0,1.42791,0,1.43261,0,1.43403,0,1.43624,0,1.4373,0,1.44165,0,1.44091,0,1.44076,0,1.44454,0,1.44268,0,1.44302,0,1.44337,0,1.4504,0,1.45532,0,1.4541,0,1.45589,0,1.45886,0,1.46145,0,1.46366,0,1.46318,0,1.46627,0,1.46777,0,1.47377,0,1.48085,0,1.48195,0,1.48207,0,1.50507,0,1.4962,0,1.48842,0,1.49577,0,1.49579,0,1.488,0,1.49012,0,1.49309,0,1.49273,0,1.49369,0,1.49529,0,1.50124,0,1.4993,0,1.49888,0
0,0,0,0,0,0,0,0,0,0,0,0,0,0,0,0,0,0,0,0,0,0,0,0,0,0,0,0,0,0,0,0,0,0,0,0,0,0,0,0,0,0,0,0,0,0,0,0,0,0,0,0,0,0,0,0,0,0,0,0,0,0,0,0,0,0,0,0,0,0,0,0,0,0,0,0,0,0,0,0,0,0,0,0,0,0,0,0,0,0,0,0,0,0,0,0,0,0,0,0,0,0,0,0,0,0,0,0,0,0,0,0,0,0,0,0,0,0,0,0,0,0,0,0,0,0,0,0,0,0,0,0,0,0,0,0,0,0,0,0,0,0,0,0,0,0,0,0,0,0,0,0,0,0,0,0,0,0,0,0,0,0,0,0,0,0,0,0,0,0,0,0,0,0,0,0,0,0,0,0,0,0,0,0,0,0,0,0,0,0,0,0,0,0,0,0,0,0,0,0,0,0,0,0,0,0,0,0,0,0,0,0,0,0,0,0,0,0,0,0,0,0,0,0,0,0,0,0,0,0,0,0,0,0,0,0,0,0,0,0,0,0,0,0,0,0,0,0,0,0,0,0,0,0,0,0,0,0,0,0,0,0,0,0,0,0,0,0,0,0,0,0,0,0,0,0,0,0,0,0,0,0,0,0,0,0,0,0,0,0,0,0,0,0,0,0,0,0,0,0,0,0,0,0,0,0,0,0,0,0,0,0,0,0,0,0,0,0,0,0,0,0,0,0,0,0,0,0,0,0,0,0,0,0,0,0,0,0,0,0,0,0,0,0,0,0,0,0,0,0,0,0,0,0,0,0,0,0,0,0,0,0,0,0,0,0,0,0,0,0,0,0,0,0,0,0,0,0,0,0,0,0,0,0,0,0,0,0,0,0,0,0,0,0,0,0,0,0,0,0,0,0,0,0,0,0,0,0,0,0,0,0,0,0,0,0,0,0,0,0,0,0,0,0,0,0,0,0,0,0,0,0,0,0,0,0,0,0,0,0,0,0,0,0,0,0,0,0,0,0,0,0,0,0,0,0,0,0,0,0,0,0,0,0,0,0,0,0,0,0,0,0,0,0,0,0,0,0,0,0,0,0,0,0,0,0,0,0,0,0,0,0,0,0,0,0,0,0,0,0,0,0,0,0,0,0,0,0,0,0,0,0,0,0,0,0,0,0,0,0,0,0,0,0,0,0,0,0,0,0,0,0,0,0,0,0,0,0,0,0,0,0,0,0,0,0,0,0,0,0,0,0,0,0,0,0,0,0,0,0,0,0,0,0,0,0,0,0,0,0,0,0,0,0,0,0,0,0,0,0,0,0,0,0,0,0,0,0,0,0,0,0,0,0,0,0,0,0,0,0
0.766288,0,0.768954,0,0.76993,0,0.762161,0,0.765005,0,0.765808,0,0.767681,0,0.769497,0,0.00325503,0,0.79385,0,0.798908,0,0.801993,0,0.803685,0,0.80477,0,0.812263,0,0.813084,0,0.819389,0,0.816748,0,0.808182,0,0.809937,0,0.811732,0,0.813253,0,0.813773,0,0.815629,0,0.816423,0,0.81863,0,0.818486,0,0.8185,0,0.820401,0,0.820193,0,0.824878,0,0.82822,0,0.836432,0,0.837705,0,0.838494,0,0.839138,0,0.840212,0,0.852173,0,0.854186,0,0.947801,0,0.854759,0,0.860048,0,0.860759,0,0.866299,0,0.86671,0,0.869266,0,0.869682,0,0.00341926,0,0.892504,0,0.00382733,0,0.967101,0,0.885426,0,0.887397,0,0.887982,0,0.89863,0,0.901257,0,0.903092,0,0.903745,0,0.902069,0,0.908098,0,0.908576,0,0.909658,0,0.91454,0,0.911481,0,0.91445,0,0.914782,0,0.923141,0,0.924025,0,0.925496,0,0.926878,0,0.928205,0,0.929992,0,0.931263,0,0.930592,0,0.938398,0,0.941658,0,0.94488,0,0.949593,0,0.952747,0,0.954222,0,0.00346346,0,0.96333,0,0.970768,0,0.970619,0,0.974235,0,0.976769,0,0.977943,0,0.983874,0,0.985684,0,0.990795,0,0.994045,0,0.995929,0,0.999377,0,0.997528,0,0.99822,0,0.997935,0,0.99711,0,0.998075,0,1.00456,0,1.00522,0,1.01512,0,1.0165,0,1.00639,0,1.00592,0,1.00655,0,1.00827,0,1.0096,0,1.01192,0,1.04895,0,1.05519,0,1.0333,0,1.03555,0,1.03473,0,1.03891,0,1.05037,0,1.07778,0,1.07838,0,1.08456,0,1.10113,0,1.04314,0,1.04431,0,1.05296,0,1.06762,0,0.998641,0,1.02547,0,1.01702,0,1.02701,0,1.0276,0,1.00728,0,1.00548,0,0.995756,0,1.01874,0,1.02786,0,1.02665,0,1.04444,0,1.04535,0,1.04702,0,1.05572,0,1.04097,0,1.04003,0,1.04244,0,1.03533,0,1.02996,0,1.03446,0,1.03302,0,1.03744,0,1.07444,0,1.08507,0,1.09576,0,1.09787,0,1.08181,0,1.08302,0,1.0826,0,1.08569,0,1.15225,0,1.11233,0,1.08832,0,1.08781,0,1.08818,0,1.08886,0,1.09947,0,1.11208,0,1.10687,0,1.10919,0,1.11375,0,1.12009,0,1.1218,0,1.1403,0,1.12229,0,1.12469,0,1.09529,0,1.08907,0,1.11916,0,1.10634,0,1.12209,0,1.12045,0,1.12274,0,1.11792,0,1.11758,0,1.12185,0,1.12293,0,1.14988,0,1.14765,0,1.1675,0,1.17979,0,1.18104,0,1.1876,0,1.18791,0,1.17067,0,1.17044,0,1.17216,0,1.18493,0,1.19771,0,1.20588,0,1.17763,0,1.19269,0,1.19313,0,1.19567,0,1.20363,0,1.19874,0,1.20029,0,1.20589,0,1.21029,0,1.22268,0,1.30219,0,1.28254,0,0.00336096,0,1.48282,0,1.30514,0,1.31739,0,1.32046,0,0.00347393,0,1.32812,0,1.33343,0,1.32272,0,1.33068,0,1.33666,0,1.33496,0,1.33466,0,1.3364,0,1.33596,0,1.33682,0,1.34052,0,1.34535,0,1.34746,0,1.35051,0,1.3531,0,1.35255,0,1.35283,0,1.35502,0,1.35558,0,1.35898,0,1.36096,0,0.00344261,0,1.36931,0,1.37808,0,1.37881,0,1.37979,0,1.38281,0,1.38534,0,1.38532,0,1.38544,0,1.38202,0,1.38804,0,1.38379,0,1.38498,0,1.38411,0,1.38678,0,1.38839,0,1.39101,0,1.39283,0,1.39637,0,1.39795,0,1.40724,0,1.41078,0,1.41537,0,1.42301,0,1.42688,0,1.42765,0,1.4292,0,1.42904,0,1.4308,0,1.43163,0,1.44419,0,0.00352587,0,1.43921,0,1.43846,0,1.43977,0,1.44247,0,1.44127,0,1.44427,0,1.4403,0,1.43733,0,1.48599,0,0.00365943,0,1.49289,0,1.49944,0,1.49921,0,1.46633,0,1.47049,0,1.46607,0,1.46911,0,1.46873,0,1.47217,0,1.50621,0,1.48929,0,1.4821,0,1.51002,0,1.48823,0,1.48733,0,1.48638,0,1.4898,0,1.49056,0,1.49207,0,1.49454,0,1.49369,0,1.49523,0,1.4958,0,1.49696,0,1.49931,0
0,0,0,0,0,0,0,0,0,0,0,0,0,0,0,0,0,0,0,0,0,0,0,0,0,0,0,0,0,0,0,0,0,0,0,0,0,0,0,0,0,0,0,0,0,0,0,0,0,0,0,0,0,0,0,0,0,0,0,0,0,0,0,0,0,0,0,0,0,0,0,0,0,0,0,0,0,0,0,0,0,0,0,0,0,0,0,0,0,0,0,0,0,0,0,0,0,0,0,0,0,0,0,0,0,0,0,0,0,0,0,0,0,0,0,0,0,0,0,0,0,0,0,0,0,0,0,0,0,0,0,0,0,0,0,0,0,0,0,0,0,0,0,0,0,0,0,0,0,0,0,0,0,0,0,0,0,0,0,0,0,0,0,0,0,0,0,0,0,0,0,0,0,0,0,0,0,0,0,0,0,0,0,0,0,0,0,0,0,0,0,0,0,0,0,0,0,0,0,0,0,0,0,0,0,0,0,0,0,0,0,0,0,0,0,0,0,0,0,0,0,0,0,0,0,0,0,0,0,0,0,0,0,0,0,0,0,0,0,0,0,0,0,0,0,0,0,0,0,0,0,0,0,0,0,0,0,0,0,0,0,0,0,0,0,0,0,0,0,0,0,0,0,0,0,0,0,0,0,0,0,0,0,0,0,0,0,0,0,0,0,0,0,0,0,0,0,0,0,0,0,0,0,0,0,0,0,0,0,0,0,0,0,0,0,0,0,0,0,0,0,0,0,0,0,0,0,0,0,0,0,0,0,0,0,0,0,0,0,0,0,0,0,0,0,0,0,0,0,0,0,0,0,0,0,0,0,0,0,0,0,0,0,0,0,0,0,0,0,0,0,0,0,0,0,0,0,0,0,0,0,0,0,0,0,0,0,0,0,0,0,0,0,0,0,0,0,0,0,0,0,0,0,0,0,0,0,0,0,0,0,0,0,0,0,0,0,0,0,0,0,0,0,0,0,0,0,0,0,0,0,0,0,0,0,0,0,0,0,0,0,0,0,0,0,0,0,0,0,0,0,0,0,0,0,0,0,0,0,0,0,0,0,0,0,0,0,0,0,0,0,0,0,0,0,0,0,0,0,0,0,0,0,0,0,0,0,0,0,0,0,0,0,0,0,0,0,0,0,0,0,0,0,0,0,0,0,0,0,0,0,0,0,0,0,0,0,0,0,0,0,0,0,0,0,0,0,0,0,0,0,0,0,0,0,0,0,0,0,0,0,0,0,0,0,0,0,0,0,0,0,0,0,0,0,0,0,0,0,0,0,0,0,0,0,0,0,0,0,0,0,0,0,0,0,0,0,0,0,0,0,0,0,0,0,0,0,0,0,0,0,0,0,0,0,0,0,0,0,0
0.756272,0,0.755937,0,0.760987,0,0.763161,0,0.762728,0,0.76834,0,0.771284,0,0.773997,0,0.787512,0,0.789789,0,0.790127,0,0.793942,0,0.803918,0,0.795483,0,0.799399,0,0.800014,0,0.804552,0,0.801249,0,0.802361,0,0.806111,0,0.807069,0,0.809115,0,0.809872,0,0.810216,0,0.814408,0,0.817723,0,0.820907,0,0.822285,0,0.821059,0,0.820496,0,0.820674,0,0.823295,0,0.824545,0,0.825653,0,0.830953,0,0.835756,0,0.839557,0,0.84087,0,0.851322,0,0.851375,0,0.854875,0,0.855153,0,0.856069,0,0.858261,0,0.859079,0,0.00335082,0,0.86267,0,0.0034739,0,0.00360132,0,0.869985,0,0.87022,0,0.880772,0,0.883022,0,0.883132,0,0.884651,0,0.00329936,0,0.00348725,0,0.90045,0,0.900814,0,0.897841,0,0.898626,0,0.904575,0,0.900596,0,0.901467,0,0.903397,0,0.90552,0,0.90921,0,0.917781,0,0.919934,0,0.92254,0,0.926438,0,0.927614,0,0.928789,0,0.934699,0,0.938094,0,0.940213,0,0.942728,0,0.944449,0,0.948549,0,0.952618,0,0.954314,0,0.959447,0,0.960873,0,0.967327,0,0.971547,0,0.97461,0,0.978961,0,0.983771,0,0.983855,0,0.987193,0,0.987553,0,0.989675,0,0.991064,0,0.991212,0,0.99789,0,1.00132,0,1.00661,0,1.00813,0,1.01,0,1.01153,0,1.01168,0,1.01279,0,1.01378,0,1.01152,0,1.01661,0,1.01814,0,1.02957,0,1.02904,0,1.03364,0,1.03412,0,1.03457,0,1.02057,0,1.02232,0,1.02223,0,1.02379,0,1.04456,0,1.04864,0,1.03035,0,1.03537,0,1.02214,0,1.00568,0,1.00597,0,1.0651,0,0.983315,0,0.983839,0,0.983269,0,1.03327,0,0.969693,0,1.05388,0,0.985703,0,0.984373,0,0.99015,0,0.986492,0,0.990728,0,0.98458,0,0.985434,0,1.00261,0,1.00147,0,1.00448,0,1.03862,0,1.01966,0,1.0186,0,1.01978,0,1.01524,0,1.00123,0,1.01644,0,1.04556,0,1.04762,0,1.07103,0,1.07769,0,1.08229,0,1.08838,0,1.09068,0,1.11317,0,1.1062,0,1.11974,0,1.09521,0,1.08532,0,1.08785,0,1.08836,0,1.11726,0,1.09852,0,1.10527,0,1.17229,0,1.14984,0,1.15134,0,1.12191,0,1.12021,0,1.11973,0,1.09052,0,1.09156,0,1.09301,0,1.08991,0,1.1035,0,1.11213,0,1.15297,0,1.16158,0,1.12013,0,1.12208,0,1.12612,0,1.15099,0,1.15012,0,1.18874,0,1.16026,0,1.1638,0,1.17117,0,1.16395,0,1.17082,0,1.20504,0,1.19228,0,1.19347,0,1.17367,0,1.19667,0,1.17195,0,1.19383,0,1.17805,0,1.18083,0,1.18816,0,1.20122,0,1.20125,0,1.21356,0,1.22651,0,1.27618,0,1.27914,0,1.28839,0,1.28875,0,0.00342332,0,1.30672,0,1.49186,0,1.32239,0,1.32141,0,1.32772,0,1.32761,0,1.33119,0,1.32898,0,1.32984,0,1.33252,0,1.33125,0,1.33394,0,1.33416,0,1.34111,0,1.34246,0,1.34203,0,1.3417,0,1.34712,0,1.34704,0,1.35669,0,1.35688,0,1.35346,0,1.35326,0,1.35372,0,1.35316,0,1.36066,0,0.00331507,0,1.37114,0,1.37495,0,1.37508,0,1.37866,0,0.00342892,0,1.39216,0,1.39451,0,1.39531,0,1.38898,0,1.38176,0,1.38341,0,1.38383,0,1.38417,0,1.3888,0,1.39112,0,1.39186,0,1.38269,0,1.38657,0,1.38725,0,1.43355,0,1.4291,0,0.00337437,0,1.43636,0,0.00356571,0,1.42287,0,1.43445,0,1.42971,0,1.43044,0,1.43032,0,1.42644,0,1.42653,0,1.42699,0,0.0037301,0,1.42553,0,0.00328705,0,1.42248,0,1.42126,0,1.42456,0,1.42575,0,1.4825,0,1.48425,0,1.4857,0,1.48939,0,1.49447,0,1.49567,0,1.4539,0,1.49587,0,1.47283,0,1.47262,0,1.4749,0,1.46817,0,1.46898,0,1.47206,0,1.47379,0,1.4791,0,1.47899,0,1.48249,0,1.48536,0,1.48683,0,1.49175,0,1.49222,0,1.49311,0,1.49278,0,1.49671,0,1.49356,0,1.5005,0
0,0,0,0,0,0,0,0,0,0,0,0,0,0,0,0,0,0,0,0,0,0,0,0,0,0,0,0,0,0,0,0,0,0,0,0,0,0,0,0,0,0,0,0,0,0,0,0,0,0,0,0,0,0,0,0,0,0,0,0,0,0,0,0,0,0,0,0,0,0,0,0,0,0,0,0,0,0,0,0,0,0,0,0,0,0,0,0,0,0,0,0,0,0,0,0,0,0,0,0,0,0,0,0,0,0,0,0,0,0,0,0,0,0,0,0,0,0,0,0,0,0,0,0,0,0,0,0,0,0,0,0,0,0,0,0,0,0,0,0,0,0,0,0,0,0,0,0,0,0,0,0,0,0,0,0,0,0,0,0,0,0,0,0,0,0,0,0,0,0,0,0,0,0,0,0,0,0,0,0,0,0,0,0,0,0,0,0,0,0,0,0,0,0,0,0,0,0,0,0,0,0,0,0,0,0,0,0,0,0,0,0,0,0,0,0,0,0,0,0,0,0,0,0,0,0,0,0,0,0,0,0,0,0,0,0,0,0,0,0,0,0,0,0,0,0,0,0,0,0,0,0,0,0,0,0,0,0,0,0,0,0,0,0,0,0,0,0,0,0,0,0,0,0,0,0,0,0,0,0,0,0,0,0,0,0,0,0,0,0,0,0,0,0,0,0,0,0,0,0,0,0,0,0,0,0,0,0,0,0,0,0,0,0,0,0,0,0,0,0,0,0,0,0,0,0,0,0,0,0,0,0,0,0,0,0,0,0,0,0,0,0,0,0,0,0,0,0,0,0,0,0,0,0,0,0,0,0,0,0,0,0,0,0,0,0,0,0,0,0,0,0,0,0,0,0,0,0,0,0,0,0,0,0,0,0,0,0,0,0,0,0,0,0,0,0,0,0,0,0,0,0,0,0,0,0,0,0,0,0,0,0,0,0,0,0,0,0,0,0,0,0,0,0,0,0,0,0,0,0,0,0,0,0,0,0,0,0,0,0,0,0,0,0,0,0,0,0,0,0,0,0,0,0,0,0,0,0,0,0,0,0,0,0,0,0,0,0,0,0,0,0,0,0,0,0,0,0,0,0,0,0,0,0,0,0,0,0,0,0,0,0,0,0,0,0,0,0,0,0,0,0,0,0,0,0,0,0,0,0,0,0,0,0,0,0,0,0,0,0,0,0,0,0,0,0,0,0,0,0,0,0,0,0,0,0,0,0,0,0,0,0,0,0,0,0,0,0,0,0,0,0,0,0,0,0,0,0,0,0,0,0,0,0,0,0,0,0,0,0,0,0,0,0,0,0,0,0,0,0,0,0,0,0,0,0,0,0,0,0,0,0,0,0,0,0,0,0,0,0
0.757551,0,0.756761,0,0.760887,0,0.76118,0,0.766229,0,0.771024,0,0.777146,0,0.780964,0,0.783697,0,0.785242,0,0.790405,0,0.788456,0,0.788072,0,0.789968,0,0.790165,0,0.798457,0,0.798652,0,0.799137,0,0.803928,0,0.804727,0,0.807485,0,0.803235,0,0.806212,0,0.806726,0,0.805742,0,0.805043,0,0.807066,0,0.807813,0,0.808209,0,0.81065,0,0.809809,0,0.811054,0,0.820075,0,0.82591,0,0.830182,0,0.836656,0,0.839455,0,0.846971,0,0.849814,0,0.852242,0,0.846952,0,0.848745,0,0.850881,0,0.851067,0,0.851307,0,0.855711,0,0.853198,0,0.856386,0,0.857055,0,0.856786,0,0.863232,0,0.870778,0,0.870534,0,0.876785,0,0.877309,0,0.879532,0,0.00350435,0,0.884586,0,0.8858,0,0.89818,0,0.899383,0,0.900981,0,0.901162,0,0.895262,0,0.901204,0,0.90346,0,0.905803,0,0.911468,0,0.914592,0,0.916572,0,0.922225,0,0.930582,0,0.933968,0,0.933478,0,0.935613,0,0.940692,0,0.941416,0,0.951338,0,0.951047,0,0.95441,0,0.959257,0,0.962204,0,0.965894,0,0.967748,0,0.973227,0,0.977951,0,0.981947,0,0.985343,0,0.986379,0,0.987175,0,0.989126,0,0.990699,0,0.992653,0,0.0036245,0,1.00107,0,1.00359,0,1.00615,0,1.01235,0,1.01539,0,1.01493,0,1.01633,0,1.01659,0,1.02152,0,1.02582,0,1.02667,0,1.03036,0,1.02784,0,1.02714,0,1.03064,0,1.03257,0,1.03658,0,1.03639,0,1.02995,0,1.0214,0,0.00332661,0,1.05015,0,1.05561,0,1.05293,0,1.05517,0,1.05723,0,1.05404,0,0.986997,0,1.04053,0,0.998651,0,0.999365,0,0.975194,0,0.978786,0,0.979914,0,0.984598,0,0.984618,0,0.957962,0,0.966626,0,0.972035,0,0.972342,0,1.00407,0,0.973882,0,0.975385,0,0.975662,0,0.986331,0,0.997124,0,0.995159,0,1.03437,0,1.00448,0,1.00111,0,1.00917,0,1.01954,0,1.01004,0,1.04983,0,1.0604,0,1.07513,0,1.08375,0,1.09041,0,1.09979,0,1.09838,0,1.09545,0,1.09387,0,1.08426,0,1.10633,0,1.08881,0,1.10906,0,1.08066,0,1.10145,0,1.12724,0,1.08799,0,1.11831,0,1.12957,0,1.10926,0,1.11086,0,1.26486,0,1.26526,0,1.26508,0,1.12265,0,1.08397,0,1.1103,0,1.11147,0,1.10604,0,1.15288,0,1.11631,0,1.13434,0,1.14752,0,1.16816,0,1.18991,0,1.19155,0,1.18046,0,1.15839,0,1.17902,0,1.15493,0,1.15308,0,1.16304,0,1.16143,0,1.16556,0,1.16525,0,1.16425,0,1.17689,0,1.20163,0,1.19159,0,1.19738,0,1.22175,0,1.22298,0,1.27392,0,1.27521,0,1.2879,0,1.27546,0,1.28453,0,1.2947,0,1.29942,0,1.30429,0,1.30942,0,1.31576,0,1.31924,0,1.31891,0,1.32221,0,1.32227,0,1.32693,0,1.3312,0,1.33278,0,1.33366,0,1.33285,0,1.32832,0,1.33064,0,1.33613,0,1.33595,0,1.33875,0,1.33764,0,1.34394,0,1.34457,0,1.35357,0,1.35427,0,1.35269,0,1.35257,0,1.3513,0,1.35072,0,1.35323,0,1.36402,0,0.00329821,0,1.37219,0,1.37288,0,1.37534,0,1.37886,0,1.38229,0,1.38466,0,1.38527,0,1.38657,0,1.38366,0,1.38437,0,1.38971,0,1.38986,0,1.39123,0,1.37223,0,1.37484,0,1.37607,0,1.37718,0,0.00345467,0,1.43333,0,0.00341854,0,1.42954,0,1.40626,0,1.4102,0,1.41324,0,1.41559,0,1.41632,0,1.41301,0,1.41742,0,1.41682,0,1.41504,0,1.41043,0,1.40996,0,1.41078,0,1.41256,0,1.41425,0,1.41955,0,1.41943,0,1.42586,0,1.42581,0,1.42925,0,1.43218,0,1.4905,0,1.44208,0,1.4433,0,1.4448,0,1.44488,0,1.45117,0,1.45241,0,1.45657,0,1.46414,0,1.46608,0,1.4673,0,1.47563,0,1.47631,0,1.47957,0,1.48055,0,1.47946,0,1.48488,0,1.487,0,1.48631,0,1.49343,0,1.4935,0,1.49425,0,1.49955,0,1.50558,0
0,0,0,0,0,0,0,0,0,0,0,0,0,0,0,0,0,0,0,0,0,0,0,0,0,0,0,0,0,0,0,0,0,0,0,0,0,0,0,0,0,0,0,0,0,0,0,0,0,0,0,0,0,0,0,0,0,0,0,0,0,0,0,0,0,0,0,0,0,0,0,0,0,0,0,0,0,0,0,0,0,0,0,0,0,0,0,0,0,0,0,0,0,0,0,0,0,0,0,0,0,0,0,0,0,0,0,0,0,0,0,0,0,0,0,0,0,0,0,0,0,0,0,0,0,0,0,0,0,0,0,0,0,0,0,0,0,0,0,0,0,0,0,0,0,0,0,0,0,0,0,0,0,0,0,0,0,0,0,0,0,0,0,0,0,0,0,0,0,0,0,0,0,0,0,0,0,0,0,0,0,0,0,0,0,0,0,0,0,0,0,0,0,0,0,0,0,0,0,0,0,0,0,0,0,0,0,0,0,0,0,0,0,0,0,0,0,0,0,0,0,0,0,0,0,0,0,0,0,0,0,0,0,0,0,0,0,0,0,0,0,0,0,0,0,0,0,0,0,0,0,0,0,0,0,0,0,0,0,0,0,0,0,0,0,0,0,0,0,0,0,0,0,0,0,0,0,0,0,0,0,0,0,0,0,0,0,0,0,0,0,0,0,0,0,0,0,0,0,0,0,0,0,0,0,0,0,0,0,0,0,0,0,0,0,0,0,0,0,0,0,0,0,0,0,0,0,0,0,0,0,0,0,0,0,0,0,0,0,0,0,0,0,0,0,0,0,0,0,0,0,0,0,0,0,0,0,0,0,0,0,0,0,0,0,0,0,0,0,0,0,0,0,0,0,0,0,0,0,0,0,0,0,0,0,0,0,0,0,0,0,0,0,0,0,0,0,0,0,0,0,0,0,0,0,0,0,0,0,0,0,0,0,0,0,0,0,0,0,0,0,0,0,0,0,0,0,0,0,0,0,0,0,0,0,0,0,0,0,0,0,0,0,0,0,0,0,0,0,0,0,0,0,0,0,0,0,0,0,0,0,0,0,0,0,0,0,0,0,0,0,0,0,0,0,0,0,0,0,0,0,0,0,0,0,0,0,0,0,0,0,0,0,0,0,0,0,0,0,0,0,0,0,0,0,0,0,0,0,0,0,0,0,0,0,0,0,0,0,0,0,0,0,0,0,0,0,0,0,0,0,0,0,0,0,0,0,0,0,0,0,0,0,0,0,0,0,0,0,0,0,0,0,0,0,0,0,0,0,0,0,0,0,0,0,0,0,0,0,0,0,0,0,0,0,0,0,0,0,0,0,0,0,0,0,0,0,0,0,0,0,0,0,0,0,0,0,0,0,0
0.753269,0,0.753286,0,0.763281,0,0.763249,0,0.76446,0,0.770286,0,0.772028,0,0.775213,0,0.777847,0,0.782105,0,0.782242,0,0.782861,0,0.782843,0,0.783567,0,0.782957,0,0.78342,0,0.786188,0,0.786553,0,0.793928,0,0.794682,0,0.800977,0,0.808559,0,0.808521,0,0.806975,0,0.801612,0,0.803555,0,0.805107,0,0.804745,0,0.80292,0,0.803623,0,0.805701,0,0.810252,0,0.811118,0,0.830738,0,0.832131,0,0.83723,0,0.838143,0,0.838597,0,0.844385,0,0.84503,0,0.846977,0,0.848006,0,0.849413,0,0.849525,0,0.849644,0,0.849182,0,0.853393,0,0.856148,0,0.857443,0,0.859447,0,0.860248,0,0.860164,0,0.868683,0,0.870455,0,0.872715,0,0.874423,0,0.876127,0,0.877844,0,0.881256,0,0.882993,0,0.887317,0,0.891295,0,0.892983,0,0.894783,0,0.899574,0,0.901903,0,0.905851,0,0.908031,0,0.913357,0,0.919205,0,0.924384,0,0.93759,0,0.937124,0,0.937938,0,0.93776,0,0.941811,0,0.942331,0,0.00327791,0,0.952713,0,0.957541,0,0.959929,0,0.960907,0,0.963929,0,0.970927,0,0.974401,0,0.975768,0,0.980805,0,0.986276,0,0.986537,0,0.985803,0,0.989219,0,0.991063,0,0.993594,0,0.996148,0,1.00088,0,1.00536,0,1.00877,0,1.01147,0,1.01386,0,1.01786,0,1.01713,0,1.01508,0,1.01838,0,1.01796,0,1.02402,0,1.02732,0,1.02984,0,1.03021,0,1.02825,0,1.02952,0,1.03619,0,1.03687,0,1.03852,0,1.02726,0,1.02891,0,1.02926,0,1.04082,0,1.03456,0,1.03959,0,1.05471,0,1.02888,0,1.00802,0,1.02272,0,1.07992,0,1.0949,0,1.09733,0,1.08857,0,0.98527,0,0.989514,0,0.997975,0,1.00737,0,1.01348,0,1.0318,0,0.970101,0,0.967258,0,0.967276,0,1.02003,0,1.02322,0,0.975934,0,0.965305,0,1.0302,0,0.997306,0,0.998281,0,1.02823,0,1.02144,0,1.01503,0,1.0328,0,1.04629,0,1.04595,0,1.07487,0,1.07678,0,1.06964,0,1.0545,0,1.05161,0,1.07116,0,1.06743,0,1.09378,0,1.08918,0,1.10846,0,1.07806,0,1.07212,0,1.06948,0,1.08536,0,1.07708,0,1.08863,0,1.09745,0,1.11415,0,1.11301,0,1.12419,0,1.11968,0,1.11153,0,1.11506,0,1.11851,0,1.12733,0,1.12353,0,1.11306,0,1.11777,0,1.11795,0,1.12754,0,1.12641,0,1.12975,0,1.13722,0,1.13355,0,1.13258,0,1.15791,0,1.2182,0,1.13835,0,1.1404,0,1.14969,0,1.15669,0,1.15733,0,1.16312,0,1.16807,0,1.17228,0,1.18429,0,1.21742,0,1.29837,0,1.29725,0,1.26384,0,1.26636,0,1.27487,0,1.27887,0,1.28316,0,1.28965,0,1.29799,0,0.0034783,0,1.30575,0,1.3104,0,1.31324,0,1.31717,0,1.32099,0,1.32341,0,1.31968,0,1.31957,0,1.32065,0,1.32431,0,1.32925,0,1.32707,0,1.32745,0,1.32938,0,1.33449,0,1.33429,0,0.00362976,0,1.34646,0,1.34849,0,1.35079,0,1.34883,0,1.34916,0,1.35016,0,1.35189,0,1.35018,0,1.35506,0,1.35652,0,1.36113,0,1.36204,0,1.3662,0,1.37271,0,1.38077,0,1.38172,0,1.38229,0,1.38246,0,1.37331,0,1.37125,0,1.37182,0,1.37794,0,1.39195,0,1.38776,0,1.38774,0,1.36473,0,1.37133,0,1.3715,0,1.37462,0,1.38544,0,1.3848,0,1.38968,0,1.44443,0,1.39924,0,1.40035,0,1.40141,0,1.40277,0,1.40951,0,1.40714,0,1.4086,0,1.40878,0,1.41063,0,1.40968,0,1.40999,0,1.40931,0,1.41321,0,1.42297,0,1.4252,0,1.42681,0,1.4281,0,0.00341055,0,1.43489,0,1.44354,0,1.43787,0,1.4396,0,1.44229,0,1.44251,0,1.44353,0,1.44843,0,1.45325,0,1.45805,0,1.45952,0,1.46141,0,1.46683,0,1.46916,0,1.47498,0,1.47484,0,1.47586,0,1.48171,0,1.48344,0,1.48596,0,1.48685,0,1.4856,0,1.49499,0,1.49487,0,1.50304,0,1.50281,0
0,0,0,0,0,0,0,0,0,0,0,0,0,0,0,0,0,0,0,0,0,0,0,0,0,0,0,0,0,0,0,0,0,0,0,0,0,0,0,0,0,0,0,0,0,0,0,0,0,0,0,0,0,0,0,0,0,0,0,0,0,0,0,0,0,0,0,0,0,0,0,0,0,0,0,0,0,0,0,0,0,0,0,0,0,0,0,0,0,0,0,0,0,0,0,0,0,0,0,0,0,0,0,0,0,0,0,0,0,0,0,0,0,0,0,0,0,0,0,0,0,0,0,0,0,0,0,0,0,0,0,0,0,0,0,0,0,0,0,0,0,0,0,0,0,0,0,0,0,0,0,0,0,0,0,0,0,0,0,0,0,0,0,0,0,0,0,0,0,0,0,0,0,0,0,0,0,0,0,0,0,0,0,0,0,0,0,0,0,0,0,0,0,0,0,0,0,0,0,0,0,0,0,0,0,0,0,0,0,0,0,0,0,0,0,0,0,0,0,0,0,0,0,0,0,0,0,0,0,0,0,0,0,0,0,0,0,0,0,0,0,0,0,0,0,0,0,0,0,0,0,0,0,0,0,0,0,0,0,0,0,0,0,0,0,0,0,0,0,0,0,0,0,0,0,0,0,0,0,0,0,0,0,0,0,0,0,0,0,0,0,0,0,0,0,0,0,0,0,0,0,0,0,0,0,0,0,0,0,0,0,0,0,0,0,0,0,0,0,0,0,0,0,0,0,0,0,0,0,0,0,0,0,0,0,0,0,0,0,0,0,0,0,0,0,0,0,0,0,0,0,0,0,0,0,0,0,0,0,0,0,0,0,0,0,0,0,0,0,0,0,0,0,0,0,0,0,0,0,0,0,0,0,0,0,0,0,0,0,0,0,0,0,0,0,0,0,0,0,0,0,0,0,0,0,0,0,0,0,0,0,0,0,0,0,0,0,0,0,0,0,0,0,0,0,0,0,0,0,0,0,0,0,0,0,0,0,0,0,0,0,0,0,0,0,0,0,0,0,0,0,0,0,0,0,0,0,0,0,0,0,0,0,0,0,0,0,0,0,0,0,0,0,0,0,0,0,0,0,0,0,0,0,0,0,0,0,0,0,0,0,0,0,0,0,0,0,0,0,0,0,0,0,0,0,0,0,0,0,0,0,0,0,0,0,0,0,0,0,0,0,0,0,0,0,0,0,0,0,0,0,0,0,0,0,0,0,0,0,0,0,0,0,0,0,0,0,0,0,0,0,0,0,0,0,0,0,0,0,0,0,0,0,0,0,0,0,0,0,0,0,0,0,0,0,0,0,0,0,0,0,0,0,0,0,0,0,0,0,0,0,0,0,0,0,0,0,0,0,0
0.753412,0,0.755885,0,0.761012,0,0.759715,0,0.764832,0,0.76542,0,0.769815,0,0.00370257,0,0.773418,0,0.00362318,0,0.00318147,0,0.765137,0,0.768458,0,0.777237,0,0.778269,0,0.78609,0,0.784352,0,0.78605,0,0.784107,0,0.781799,0,0.784529,0,0.786138,0,0.80363,0,0.801477,0,0.797827,0,0.794241,0,0.795412,0,0.797206,0,0.795693,0,0.796395,0,0.799983,0,0.810523,0,0.950593,0,0.828961,0,0.831043,0,0.830345,0,0.830806,0,0.831275,0,0.832497,0,0.832375,0,0.838794,0,0.837678,0,0.838917,0,0.841157,0,0.844421,0,0.845893,0,0.848618,0,0.849933,0,0.853347,0,0.85409,0,0.855028,0,0.85761,0,0.860446,0,0.861775,0,0.86959,0,0.876582,0,0.876741,0,0.878574,0,0.878818,0,0.880837,0,0.887441,0,0.888468,0,0.892286,0,0.896129,0,0.897195,0,0.899547,0,0.908576,0,0.909806,0,0.911299,0,0.00354194,0,0.00337017,0,0.930011,0,0.930762,0,0.933786,0,0.935935,0,0.938712,0,0.940781,0,0.949608,0,0.953122,0,0.957091,0,0.959485,0,0.963938,0,0.96535,0,0.972073,0,0.976587,0,0.979946,0,0.98158,0,0.982133,0,0.987581,0,0.988239,0,0.988889,0,0.99224,0,0.993799,0,1.00081,0,1.00331,0,1.00567,0,1.00937,0,1.01285,0,1.01423,0,0.999103,0,1.00674,0,1.00346,0,1.00353,0,1.00552,0,0.00363099,0,1.01673,0,1.01726,0,1.02241,0,1.02579,0,1.14397,0,0.00338684,0,0.00359731,0,0.00330633,0,1.02148,0,1.02938,0,1.02457,0,1.02212,0,1.02054,0,1.016,0,1.00962,0,1.0113,0,1.01161,0,1.02846,0,1.02893,0,1.09563,0,1.09481,0,1.01276,0,1.01335,0,1.00738,0,1.01005,0,1.01024,0,0.990753,0,1.00511,0,1.00311,0,1.0054,0,1.00313,0,1.00747,0,0.975246,0,1.04712,0,1.05281,0,1.0601,0,1.02524,0,1.0267,0,1.03321,0,1.02353,0,1.01516,0,1.02295,0,1.03512,0,1.03658,0,1.07312,0,1.07534,0,1.05956,0,1.06172,0,1.07732,0,1.07204,0,1.07017,0,1.06771,0,1.07825,0,1.07595,0,1.07541,0,1.0697,0,1.05745,0,1.0579,0,1.0653,0,1.09648,0,1.08184,0,1.08803,0,1.13345,0,1.12904,0,1.10957,0,1.10948,0,1.09474,0,1.09644,0,1.12232,0,1.0955,0,1.12973,0,1.13203,0,1.11481,0,1.11893,0,1.12841,0,1.14008,0,1.13893,0,1.13373,0,1.13411,0,1.14806,0,1.14032,0,1.14964,0,1.14956,0,1.14578,0,1.14674,0,1.16396,0,1.16599,0,1.23567,0,1.24532,0,1.25064,0,1.25154,0,1.25651,0,1.26168,0,1.26668,0,1.26809,0,0.00318467,0,0.00338764,0,1.29861,0,1.30032,0,1.30536,0,1.30655,0,1.30595,0,1.30973,0,1.31336,0,1.3136,0,1.31371,0,1.31397,0,1.31605,0,1.31518,0,1.31658,0,1.32095,0,1.32905,0,1.32702,0,1.3316,0,1.33268,0,1.33669,0,0.00340611,0,1.34754,0,1.35046,0,1.35693,0,1.35218,0,1.35386,0,1.35319,0,1.35264,0,1.35205,0,1.3553,0,1.35692,0,1.35802,0,1.3613,0,1.36137,0,1.36905,0,1.37196,0,1.37474,0,1.371,0,1.3789,0,1.38183,0,1.38139,0,1.38428,0,1.38497,0,1.38694,0,0.00356277,0,1.35437,0,1.35481,0,1.37202,0,1.37497,0,1.37491,0,1.38509,0,1.3842,0,1.38592,0,1.39014,0,1.39282,0,1.39307,0,1.39945,0,1.39717,0,1.4012,0,1.39687,0,1.40247,0,1.40222,0,1.40507,0,1.41307,0,1.41259,0,1.41319,0,1.42028,0,1.42286,0,1.42478,0,1.42652,0,1.43124,0,1.43627,0,1.43958,0,1.43966,0,1.44432,0,1.44575,0,1.44878,0,1.45035,0,1.45085,0,1.45155,0,1.4516,0,1.45675,0,1.45887,0,1.45797,0,1.46735,0,1.46577,0,1.46827,0,1.46993,0,1.47185,0,1.47822,0,1.47869,0,1.48419,0,1.48445,0,1.48853,0,1.49312,0,1.49313,0,1.49485,0,1.49511,0,1.49581,0
0,0,0,0,0,0,0,0,0,0,0,0,0,0,0,0,0,0,0,0,0,0,0,0,0,0,0,0,0,0,0,0,0,0,0,0,0,0,0,0,0,0,0,0,0,0,0,0,0,0,0,0,0,0,0,0,0,0,0,0,0,0,0,0,0,0,0,0,0,0,0,0,0,0,0,0,0,0,0,0,0,0,0,0,0,0,0,0,0,0,0,0,0,0,0,0,0,0,0,0,0,0,0,0,0,0,0,0,0,0,0,0,0,0,0,0,0,0,0,0,0,0,0,0,0,0,0,0,0,0,0,0,0,0,0,0,0,0,0,0,0,0,0,0,0,0,0,0,0,0,0,0,0,0,0,0,0,0,0,0,0,0,0,0,0,0,0,0,0,0,0,0,0,0,0,0,0,0,0,0,0,0,0,0,0,0,0,0,0,0,0,0,0,0,0,0,0,0,0,0,0,0,0,0,0,0,0,0,0,0,0,0,0,0,0,0,0,0,0,0,0,0,0,0,0,0,0,0,0,0,0,0,0,0,0,0,0,0,0,0,0,0,0,0,0,0,0,0,0,0,0,0,0,0,0,0,0,0,0,0,0,0,0,0,0,0,0,0,0,0,0,0,0,0,0,0,0,0,0,0,0,0,0,0,0,0,0,0,0,0,0,0,0,0,0,0,0,0,0,0,0,0,0,0,0,0,0,0,0,0,0,0,0,0,0,0,0,0,0,0,0,0,0,0,0,0,0,0,0,0,0,0,0,0,0,0,0,0,0,0,0,0,0,0,0,0,0,0,0,0,0,0,0,0,0,0,0,0,0,0,0,0,0,0,0,0,0,0,0,0,0,0,0,0,0,0,0,0,0,0,0,0,0,0,0,0,0,0,0,0,0,0,0,0,0,0,0,0,0,0,0,0,0,0,0,0,0,0,0,0,0,0,0,0,0,0,0,0,0,0,0,0,0,0,0,0,0,0,0,0,0,0,0,0,0,0,0,0,0,0,0,0,0,0,0,0,0,0,0,0,0,0,0,0,0,0,0,0,0,0,0,0,0,0,0,0,0,0,0,0,0,0,0,0,0,0,0,0,0,0,0,0,0,0,0,0,0,0,0,0,0,0,0,0,0,0,0,0,0,0,0,0,0,0,0,0,0,0,0,0,0,0,0,0,0,0,0,0,0,0,0,0,0,0,0,0,0,0,0,0,0,0,0,0,0,0,0,0,0,0,0,0,0,0,0,0,0,0,0,0,0,0,0,0,0,0,0,0,0,0,0,0,0,0,0,0,0,0,0,0,0,0,0,0,0,0,0,0,0,0,0,0,0,0,0,0,0,0,0,0,0,0,0,0,0,0,0,0,0,0
0.723832,0,0.724643,0,0.815181,0,0.00323037,0,0.0035784,0,0.00333403,0,0.752714,0,0.752458,0,0.752726,0,0.760368,0,0.760914,0,0.764046,0,0.771548,0,0.773506,0,0.776384,0,0.778332,0,0.782008,0,0.780055,0,0.783042,0,0.782102,0,0.782616,0,0.783919,0,0.7845,0,0.786777,0,0.786338,0,0.778854,0,0.779641,0,0.780888,0,0.793888,0,0.795354,0,0.807538,0,0.81023,0,0.811116,0,0.945159,0,0.825363,0,0.825302,0,0.827479,0,0.830337,0,0.831346,0,0.831235,0,0.826313,0,0.82882,0,0.830612,0,0.832518,0,0.839045,0,0.841688,0,0.843316,0,0.845414,0,0.849635,0,0.850836,0,0.856678,0,0.858991,0,0.86292,0,0.865953,0,0.866924,0,0.868311,0,0.878818,0,0.880175,0,0.88006,0,0.880803,0,0.883185,0,0.883989,0,0.887869,0,0.892653,0,0.897842,0,0.905636,0,0.907481,0,0.910109,0,0.912929,0,0.921155,0,0.920393,0,0.924147,0,0.928471,0,0.929599,0,0.935584,0,0.936053,0,0.943457,0,0.945829,0,0.949142,0,0.95939,0,0.957892,0,0.961379,0,0.962001,0,0.00340901,0,0.976675,0,0.979759,0,0.979881,0,0.981225,0,0.987803,0,0.990642,0,0.9916,0,0.994974,0,0.996986,0,0.997671,0,1.08511,0,0.998764,0,1.00057,0,1.0003,0,0.998228,0,1.0002,0,1.00116,0,1.00427,0,1.00514,0,1.00698,0,1.01189,0,1.01267,0,1.01384,0,1.01258,0,1.01543,0,1.01564,0,1.01504,0,1.01608,0,1.02063,0,0.00328812,0,0.00360095,0,1.03703,0,1.04082,0,1.03379,0,1.0338,0,1.0365,0,1.03931,0,1.04104,0,1.0398,0,1.0274,0,1.00462,0,1.01547,0,1.0233,0,0.997454,0,1.07941,0,1.07933,0,1.07735,0,1.08008,0,1.06822,0,0.99811,0,0.9773,0,0.978024,0,0.973349,0,0.970684,0,0.970133,0,0.974423,0,1.05947,0,1.00144,0,1.06423,0,1.03404,0,1.03007,0,1.04906,0,1.01644,0,1.01883,0,1.04477,0,1.05056,0,1.05181,0,1.01479,0,1.03275,0,1.08634,0,1.01857,0,1.06968,0,1.03434,0,1.05338,0,1.04949,0,1.0442,0,1.04294,0,1.07994,0,1.08324,0,1.06383,0,1.06867,0,1.08029,0,1.09237,0,1.09347,0,1.08394,0,1.09416,0,1.08932,0,1.07889,0,1.09641,0,1.09456,0,1.09314,0,1.13003,0,1.13514,0,1.13355,0,1.10108,0,1.13082,0,1.13501,0,1.15421,0,1.15576,0,1.26444,0,1.2646,0,0.00318455,0,1.21863,0,1.18135,0,1.21971,0,1.22326,0,1.2318,0,1.23313,0,1.24621,0,1.24725,0,1.25051,0,1.26793,0,1.27186,0,1.28956,0,1.28703,0,1.28741,0,1.29088,0,1.29393,0,1.29624,0,1.29903,0,1.30298,0,1.30296,0,1.30527,0,1.30608,0,1.30719,0,1.30685,0,1.30769,0,1.3078,0,1.30981,0,1.3166,0,1.31717,0,1.32045,0,1.32545,0,1.32715,0,1.32982,0,1.33108,0,1.3461,0,1.35136,0,1.35258,0,1.35386,0,1.35135,0,1.35748,0,1.35805,0,1.35724,0,1.35441,0,1.35642,0,1.35564,0,1.35739,0,1.35601,0,1.36081,0,1.36126,0,0.0034666,0,1.36885,0,1.36928,0,1.37097,0,0.00331015,0,1.37641,0,1.37565,0,1.35,0,1.34863,0,1.35414,0,1.35235,0,1.35354,0,1.37899,0,1.38065,0,1.3796,0,1.38276,0,1.38309,0,1.38241,0,1.38236,0,1.38529,0,1.38475,0,1.38645,0,1.38777,0,1.38993,0,1.39074,0,1.38956,0,1.39338,0,1.39247,0,1.40312,0,1.40505,0,1.41332,0,1.41215,0,1.41873,0,1.41972,0,1.42162,0,1.42609,0,1.43016,0,1.43117,0,1.43062,0,1.4353,0,1.46165,0,1.44816,0,1.44939,0,1.45835,0,1.45814,0,1.45768,0,1.45511,0,1.45706,0,1.45534,0,1.46101,0,1.46071,0,1.46585,0,1.46602,0,1.47107,0,1.47545,0,1.47823,0,1.47477,0,1.47498,0,1.48279,0,1.4829,0,1.4833,0,1.48459,0,1.48422,0,1.48512,0,1.48768,0
0,0,0,0,0,0,0,0,0,0,0,0,0,0,0,0,0,0,0,0,0,0,0,0,0,0,0,0,0,0,0,0,0,0,0,0,0,0,0,0,0,0,0,0,0,0,0,0,0,0,0,0,0,0,0,0,0,0,0,0,0,0,0,0,0,0,0,0,0,0,0,0,0,0,0,0,0,0,0,0,0,0,0,0,0,0,0,0,0,0,0,0,0,0,0,0,0,0,0,0,0,0,0,0,0,0,0,0,0,0,0,0,0,0,0,0,0,0,0,0,0,0,0,0,0,0,0,0,0,0,0,0,0,0,0,0,0,0,0,0,0,0,0,0,0,0,0,0,0,0,0,0,0,0,0,0,0,0,0,0,0,0,0,0,0,0,0,0,0,0,0,0,0,0,0,0,0,0,0,0,0,0,0,0,0,0,0,0,0,0,0,0,0,0,0,0,0,0,0,0,0,0,0,0,0,0,0,0,0,0,0,0,0,0,0,0,0,0,0,0,0,0,0,0,0,0,0,0,0,0,0,0,0,0,0,0,0,0,0,0,0,0,0,0,0,0,0,0,0,0,0,0,0,0,0,0,0,0,0,0,0,0,0,0,0,0,0,0,0,0,0,0,0,0,0,0,0,0,0,0,0,0,0,0,0,0,0,0,0,0,0,0,0,0,0,0,0,0,0,0,0,0,0,0,0,0,0,0,0,0,0,0,0,0,0,0,0,0,0,0,0,0,0,0,0,0,0,0,0,0,0,0,0,0,0,0,0,0,0,0,0,0,0,0,0,0,0,0,0,0,0,0,0,0,0,0,0,0,0,0,0,0,0,0,0,0,0,0,0,0,0,0,0,0,0,0,0,0,0,0,0,0,0,0,0,0,0,0,0,0,0,0,0,0,0,0,0,0,0,0,0,0,0,0,0,0,0,0,0,0,0,0,0,0,0,0,0,0,0,0,0,0,0,0,0,0,0,0,0,0,0,0,0,0,0,0,0,0,0,0,0,0,0,0,0,0,0,0,0,0,0,0,0,0,0,0,0,0,0,0,0,0,0,0,0,0,0,0,0,0,0,0,0,0,0,0,0,0,0,0,0,0,0,0,0,0,0,0,0,0,0,0,0,0,0,0,0,0,0,0,0,0,0,0,0,0,0,0,0,0,0,0,0,0,0,0,0,0,0,0,0,0,0,0,0,0,0,0,0,0,0,0,0,0,0,0,0,0,0,0,0,0,0,0,0,0,0,0,0,0,0,0,0,0,0,0,0,0,0,0,0,0,0,0,0,0,0,0,0,0,0,0,0,0,0,0,0,0,0,0,0,0,0,0,0,0,0,0,0,0,0,0,0,0,0,0,0,0,0,0
0.00334702,0,0.00359004,0,0.00337879,0,0.00362889,0,0.865456,0,0.737107,0,0.742291,0,0.748937,0,0.752442,0,0.00377498,0,0.768015,0,0.769509,0,0.769672,0,0.767315,0,0.770788,0,0.771455,0,0.767976,0,0.768391,0,0.772568,0,0.768716,0,0.770961,0,0.773153,0,0.770257,0,0.776872,0,0.774822,0,0.78045,0,0.779895,0,0.787578,0,0.791225,0,0.793723,0,0.802256,0,0.803882,0,0.809057,0,0.808705,0,0.81105,0,0.813553,0,0.81651,0,0.817354,0,0.819722,0,0.819094,0,0.827465,0,0.828095,0,0.829862,0,0.83192,0,0.834147,0,0.837578,0,0.840859,0,0.845738,0,0.846734,0,0.848777,0,0.851351,0,0.854095,0,0.858921,0,0.861086,0,0.862478,0,0.863342,0,0.870709,0,0.874645,0,0.875276,0,0.880269,0,0.882591,0,0.889453,0,0.891543,0,0.892007,0,0.896505,0,0.00351201,0,0.00338085,0,0.911836,0,0.910998,0,0.918333,0,0.920751,0,0.922257,0,0.924715,0,0.928083,0,0.931852,0,0.939845,0,0.941069,0,0.943694,0,0.948596,0,0.949595,0,0.956734,0,0.958819,0,0.960345,0,0.966121,0,0.00342562,0,0.977445,0,0.980474,0,0.987067,0,0.00327712,0,0.00355038,0,0.0031564,0,0.973144,0,0.977158,0,0.97877,0,0.00340121,0,0.00316792,0,0.994564,0,0.990244,0,0.00327976,0,0.995521,0,0.996273,0,1.00067,0,1.00423,0,1.00612,0,1.00822,0,1.00891,0,1.01012,0,1.01817,0,1.01927,0,1.01761,0,1.01764,0,1.01587,0,1.01819,0,1.01775,0,1.01734,0,1.01813,0,1.02242,0,1.02676,0,1.0298,0,1.03191,0,1.03775,0,1.0394,0,1.05028,0,1.05079,0,1.05182,0,1.05694,0,1.05848,0,1.0586,0,1.06195,0,1.07358,0,1.07043,0,1.07406,0,1.06293,0,1.06408,0,1.06905,0,1.06822,0,1.06869,0,1.07527,0,1.00811,0,0.990854,0,0.989231,0,1.01017,0,0.997011,0,1.07239,0,1.01869,0,1.02333,0,1.02947,0,1.05747,0,1.0903,0,1.06135,0,1.01622,0,1.01715,0,1.04711,0,1.04715,0,1.06535,0,1.04852,0,1.05811,0,1.05048,0,1.04309,0,1.05253,0,1.04505,0,1.04823,0,1.0638,0,1.07451,0,1.06862,0,1.06346,0,1.06649,0,1.10226,0,1.11639,0,1.07715,0,1.08109,0,1.06835,0,1.06971,0,1.07448,0,1.10901,0,1.10954,0,1.12785,0,1.12909,0,1.12944,0,1.20495,0,1.18124,0,1.18963,0,1.19742,0,1.21484,0,1.21587,0,1.2105,0,1.21581,0,1.22831,0,1.22934,0,1.23581,0,1.23637,0,0.00346905,0,1.26778,0,1.26507,0,1.27468,0,1.27371,0,1.27855,0,1.27689,0,1.28122,0,1.28415,0,1.28499,0,1.29135,0,1.29133,0,1.30513,0,1.30004,0,1.30544,0,1.30304,0,1.30577,0,1.30605,0,1.30988,0,1.30913,0,1.30937,0,1.31074,0,1.31026,0,0.00334795,0,0.0032861,0,1.31445,0,0.00354268,0,1.32084,0,0.0034949,0,1.33906,0,1.33645,0,1.34342,0,1.35022,0,1.35274,0,1.35307,0,1.35359,0,1.34979,0,1.34921,0,1.35283,0,1.35369,0,1.3529,0,1.35155,0,1.34972,0,1.34622,0,1.34709,0,1.3435,0,1.34143,0,1.34262,0,1.34589,0,1.37512,0,1.37838,0,1.37822,0,1.37913,0,1.37511,0,1.37358,0,1.37481,0,1.38006,0,1.37973,0,1.37899,0,1.3788,0,1.37859,0,1.37723,0,1.37415,0,1.3726,0,1.37357,0,1.37779,0,1.3794,0,1.3845,0,1.37984,0,1.38164,0,1.47105,0,1.39475,0,1.39513,0,1.40565,0,1.40614,0,1.41374,0,1.41171,0,1.41066,0,1.46894,0,1.47135,0,1.4262,0,1.43004,0,1.43152,0,1.43558,0,1.43477,0,1.44489,0,1.44614,0,1.45098,0,1.45078,0,1.45102,0,1.45151,0,1.45464,0,1.45694,0,1.46097,0,1.45923,0,1.46467,0,1.46695,0,1.46708,0,1.47432,0,1.47085,0,1.47165,0,1.47176,0,1.4805,0,1.47989,0,1.47798,0,1.48151,0,1.48381,0,1.48487,0,1.47654,0
0,0,0,0,0,0,0,0,0,0,0,0,0,0,0,0,0,0,0,0,0,0,0,0,0,0,0,0,0,0,0,0,0,0,0,0,0,0,0,0,0,0,0,0,0,0,0,0,0,0,0,0,0,0,0,0,0,0,0,0,0,0,0,0,0,0,0,0,0,0,0,0,0,0,0,0,0,0,0,0,0,0,0,0,0,0,0,0,0,0,0,0,0,0,0,0,0,0,0,0,0,0,0,0,0,0,0,0,0,0,0,0,0,0,0,0,0,0,0,0,0,0,0,0,0,0,0,0,0,0,0,0,0,0,0,0,0,0,0,0,0,0,0,0,0,0,0,0,0,0,0,0,0,0,0,0,0,0,0,0,0,0,0,0,0,0,0,0,0,0,0,0,0,0,0,0,0,0,0,0,0,0,0,0,0,0,0,0,0,0,0,0,0,0,0,0,0,0,0,0,0,0,0,0,0,0,0,0,0,0,0,0,0,0,0,0,0,0,0,0,0,0,0,0,0,0,0,0,0,0,0,0,0,0,0,0,0,0,0,0,0,0,0,0,0,0,0,0,0,0,0,0,0,0,0,0,0,0,0,0,0,0,0,0,0,0,0,0,0,0,0,0,0,0,0,0,0,0,0,0,0,0,0,0,0,0,0,0,0,0,0,0,0,0,0,0,0,0,0,0,0,0,0,0,0,0,0,0,0,0,0,0,0,0,0,0,0,0,0,0,0,0,0,0,0,0,0,0,0,0,0,0,0,0,0,0,0,0,0,0,0,0,0,0,0,0,0,0,0,0,0,0,0,0,0,0,0,0,0,0,0,0,0,0,0,0,0,0,0,0,0,0,0,0,0,0,0,0,0,0,0,0,0,0,0,0,0,0,0,0,0,0,0,0,0,0,0,0,0,0,0,0,0,0,0,0,0,0,0,0,0,0,0,0,0,0,0,0,0,0,0,0,0,0,0,0,0,0,0,0,0,0,0,0,0,0,0,0,0,0,0,0,0,0,0,0,0,0,0,0,0,0,0,0,0,0,0,0,0,0,0,0,0,0,0,0,0,0,0,0,0,0,0,0,0,0,0,0,0,0,0,0,0,0,0,0,0,0,0,0,0,0,0,0,0,0,0,0,0,0,0,0,0,0,0,0,0,0,0,0,0,0,0,0,0,0,0,0,0,0,0,0,0,0,0,0,0,0,0,0,0,0,0,0,0,0,0,0,0,0,0,0,0,0,0,0,0,0,0,0,0,0,0,0,0,0,0,0,0,0,0,0,0,0,0,0,0,0,0,0,0,0,0,0,0,0,0,0,0,0,0,0,0,0,0,0,0,0,0,0,0,0,0,0,0,0,0,0,0,0
0.69378,0,0.694138,0,0.6951,0,0.00331188,0,0.726644,0,0.00339381,0,0.00319755,0,0.733846,0,0.854119,0,0.747134,0,0.750204,0,0.756421,0,0.760492,0,0.764123,0,0.763525,0,0.763517,0,0.764978,0,0.76325,0,0.761809,0,0.763841,0,0.76343,0,0.764962,0,0.766652,0,0.766389,0,0.765985,0,0.767442,0,0.781385,0,0.785018,0,0.783806,0,0.784346,0,0.781181,0,0.782038,0,0.80166,0,0.804096,0,0.806673,0,0.808489,0,0.812742,0,0.811397,0,0.812052,0,0.814407,0,0.819083,0,0.822404,0,0.829543,0,0.833985,0,0.835338,0,0.836394,0,0.838431,0,0.842665,0,0.844526,0,0.846047,0,0.848408,0,0.850035,0,0.855992,0,0.859312,0,0.861355,0,0.861899,0,0.00361462,0,0.00341438,0,0.00370983,0,0.00330755,0,0.892041,0,0.893214,0,0.894201,0,0.895086,0,0.897595,0,0.900948,0,0.906751,0,0.91001,0,0.910969,0,0.915972,0,0.918957,0,0.921511,0,0.925163,0,0.927666,0,0.930095,0,0.936234,0,0.936491,0,0.944941,0,0.946579,0,0.950343,0,0.952704,0,0.963256,0,0.967791,0,0.96893,0,0.974779,0,0.974517,0,0.965273,0,0.965143,0,0.963898,0,0.966054,0,0.958148,0,0.958715,0,0.968011,0,0.00330137,0,0.977215,0,0.980903,0,0.983768,0,0.987619,0,0.991075,0,0.00341109,0,0.00343162,0,0.00355253,0,1.05033,0,0.996102,0,1.00341,0,1.01432,0,1.01641,0,1.0163,0,1.01658,0,1.02343,0,1.02519,0,1.01959,0,1.01817,0,1.01718,0,1.01786,0,1.01922,0,1.02567,0,1.02752,0,1.03209,0,1.03329,0,1.0353,0,1.03982,0,1.04286,0,0.00325317,0,0.00325536,0,0.00347462,0,1.05221,0,1.05711,0,1.05905,0,1.06427,0,1.06627,0,1.06755,0,1.06778,0,1.06833,0,1.06303,0,1.05646,0,1.04119,0,1.04148,0,1.05415,0,1.05963,0,1.06092,0,1.01696,0,1.01731,0,1.05905,0,1.05839,0,1.05889,0,1.06058,0,1.05247,0,1.05365,0,1.06159,0,1.06309,0,1.06466,0,1.06572,0,1.0489,0,1.04963,0,1.12549,0,1.12573,0,1.10487,0,1.10406,0,1.10624,0,1.13115,0,1.1365,0,1.13667,0,1.13866,0,1.13988,0,1.12398,0,1.13841,0,1.14989,0,1.14914,0,1.14523,0,1.14257,0,1.15599,0,1.1596,0,1.15363,0,1.14434,0,1.17978,0,1.18207,0,1.17929,0,1.18417,0,1.18546,0,1.18743,0,1.20431,0,1.20564,0,1.21233,0,1.22072,0,1.22239,0,1.23553,0,1.23578,0,1.23796,0,0.00340869,0,1.26112,0,1.26332,0,1.26477,0,1.26735,0,1.2693,0,1.38916,0,1.27645,0,1.28067,0,1.28166,0,1.28077,0,1.27801,0,1.28345,0,1.28882,0,1.38565,0,1.30324,0,1.30515,0,1.30372,0,1.30798,0,1.30744,0,1.30833,0,1.30901,0,1.30903,0,1.30828,0,1.29361,0,1.29449,0,1.29399,0,1.29408,0,0.00322078,0,1.46617,0,1.35487,0,0.00327659,0,1.35788,0,0.00351165,0,1.34933,0,1.35431,0,1.35018,0,1.34914,0,1.3505,0,1.35222,0,1.3546,0,1.35528,0,1.35944,0,1.36017,0,1.36431,0,0.00350007,0,0.00339146,0,1.37177,0,1.37303,0,1.37257,0,1.37681,0,1.37616,0,1.3751,0,1.37477,0,1.37618,0,1.37759,0,1.36824,0,1.36534,0,1.36743,0,1.36665,0,0.00328632,0,1.3707,0,1.37077,0,1.36548,0,1.36551,0,1.36718,0,1.3744,0,1.37146,0,1.37374,0,1.37436,0,1.3778,0,1.38322,0,1.38349,0,1.38824,0,1.38874,0,1.47517,0,1.40653,0,1.40461,0,1.40882,0,1.41205,0,1.47521,0,1.42079,0,1.42424,0,1.42391,0,1.43258,0,1.43708,0,1.43538,0,1.44071,0,1.44354,0,1.44501,0,1.44827,0,1.44858,0,1.44991,0,1.45149,0,1.45342,0,1.45641,0,1.45661,0,1.46018,0,1.46046,0,1.46509,0,1.46467,0,1.46682,0,1.46752,0,1.46628,0,1.46995,0,1.46888,0,1.46574,0,1.47051,0,1.46541,0,1.46538,0,1.54221,0
0,0,0,0,0,0,0,0,0,0,0,0,0,0,0,0,0,0,0,0,0,0,0,0,0,0,0,0,0,0,0,0,0,0,0,0,0,0,0,0,0,0,0,0,0,0,0,0,0,0,0,0,0,0,0,0,0,0,0,0,0,0,0,0,0,0,0,0,0,0,0,0,0,0,0,0,0,0,0,0,0,0,0,0,0,0,0,0,0,0,0,0,0,0,0,0,0,0,0,0,0,0,0,0,0,0,0,0,0,0,0,0,0,0,0,0,0,0,0,0,0,0,0,0,0,0,0,0,0,0,0,0,0,0,0,0,0,0,0,0,0,0,0,0,0,0,0,0,0,0,0,0,0,0,0,0,0,0,0,0,0,0,0,0,0,0,0,0,0,0,0,0,0,0,0,0,0,0,0,0,0,0,0,0,0,0,0,0,0,0,0,0,0,0,0,0,0,0,0,0,0,0,0,0,0,0,0,0,0,0,0,0,0,0,0,0,0,0,0,0,0,0,0,0,0,0,0,0,0,0,0,0,0,0,0,0,0,0,0,0,0,0,0,0,0,0,0,0,0,0,0,0,0,0,0,0,0,0,0,0,0,0,0,0,0,0,0,0,0,0,0,0,0,0,0,0,0,0,0,0,0,0,0,0,0,0,0,0,0,0,0,0,0,0,0,0,0,0,0,0,0,0,0,0,0,0,0,0,0,0,0,0,0,0,0,0,0,0,0,0,0,0,0,0,0,0,0,0,0,0,0,0,0,0,0,0,0,0,0,0,0,0,0,0,0,0,0,0,0,0,0,0,0,0,0,0,0,0,0,0,0,0,0,0,0,0,0,0,0,0,0,0,0,0,0,0,0,0,0,0,0,0,0,0,0,0,0,0,0,0,0,0,0,0,0,0,0,0,0,0,0,0,0,0,0,0,0,0,0,0,0,0,0,0,0,0,0,0,0,0,0,0,0,0,0,0,0,0,0,0,0,0,0,0,0,0,0,0,0,0,0,0,0,0,0,0,0,0,0,0,0,0,0,0,0,0,0,0,0,0,0,0,0,0,0,0,0,0,0,0,0,0,0,0,0,0,0,0,0,0,0,0,0,0,0,0,0,0,0,0,0,0,0,0,0,0,0,0,0,0,0,0,0,0,0,0,0,0,0,0,0,0,0,0,0,0,0,0,0,0,0,0,0,0,0,0,0,0,0,0,0,0,0,0,0,0,0,0,0,0,0,0,0,0,0,0,0,0,0,0,0,0,0,0,0,0,0,0,0,0,0,0,0,0,0,0,0,0,0,0,0,0,0,0,0,0,0,0,0,0,0,0,0,0,0,0,0,0,0,0,0,0,0,0,0,0,0,0,0,0
0.700251,0,0.702537,0,0.705764,0,0.707326,0,0.708144,0,0.71494,0,0.00335398,0,0.732309,0,0.734669,0,0.738388,0,0.00339471,0,0.745683,0,0.74713,0,0.745081,0,0.742496,0,0.743704,0,0.762632,0,0.760195,0,0.759871,0,0.759832,0,0.75983,0,0.7558,0,0.75616,0,0.757886,0,0.778133,0,0.779854,0,0.780887,0,0.783016,0,0.78517,0,0.786206,0,0.787488,0,0.793226,0,0.796472,0,0.800521,0,0.804373,0,0.805338,0,0.808132,0,0.809577,0,0.813566,0,0.813334,0,0.818685,0,0.82363,0,0.824481,0,0.838938,0,0.834174,0,0.835633,0,0.837594,0,0.839906,0,0.8435,0,0.845242,0,0.844782,0,0.847763,0,0.84819,0,0.851004,0,0.853358,0,0.854657,0,0.00336235,0,0.00362527,0,0.887992,0,0.888858,0,0.89084,0,0.892542,0,0.891571,0,0.89472,0,0.896445,0,0.899805,0,0.903852,0,0.905419,0,0.0035367,0,0.914284,0,0.00340129,0,0.923618,0,0.92573,0,0.928354,0,0.93163,0,0.935046,0,0.941505,0,0.942481,0,0.952113,0,0.953484,0,0.958598,0,0.966591,0,0.970378,0,0.971001,0,0.964436,0,0.958231,0,0.960459,0,0.9515,0,0.953003,0,0.954913,0,0.956041,0,0.961055,0,0.967077,0,0.973115,0,0.973704,0,0.0034895,0,0.959563,0,0.961573,0,0.00331652,0,0.0035958,0,0.976856,0,0.978347,0,0.98023,0,0.00349642,0,0.00342906,0,1.03867,0,1.03979,0,1.0438,0,1.0215,0,1.08203,0,1.08264,0,1.01596,0,1.01699,0,1.01779,0,1.02146,0,1.0215,0,1.02555,0,1.02576,0,1.02963,0,1.03061,0,0.00354552,0,1.03902,0,1.03379,0,1.03496,0,1.03761,0,1.04132,0,0.00336861,0,0.00354248,0,0.00328642,0,1.0555,0,1.05644,0,1.05417,0,0.00345375,0,0.00337471,0,1.05009,0,1.05137,0,1.04887,0,1.04901,0,1.06291,0,1.06789,0,1.06747,0,1.03668,0,0.00335363,0,1.05748,0,1.06226,0,1.067,0,1.07087,0,1.0694,0,1.07141,0,1.06804,0,1.06915,0,1.0727,0,1.07318,0,1.07233,0,1.07253,0,1.10788,0,1.09112,0,1.09501,0,0.00338818,0,1.11684,0,1.12155,0,1.12059,0,1.12039,0,1.12395,0,1.12916,0,1.14207,0,1.14005,0,1.14121,0,1.14389,0,1.14967,0,1.14931,0,0.00352117,0,1.16351,0,1.16402,0,1.17275,0,1.17701,0,0.0034475,0,1.19267,0,1.19752,0,0.00357893,0,0.00345038,0,1.21895,0,1.21957,0,1.2223,0,1.23035,0,1.23221,0,1.23311,0,0.00329748,0,1.25074,0,1.25668,0,1.25585,0,1.25718,0,1.26166,0,1.26278,0,1.26459,0,1.26445,0,1.2771,0,1.27947,0,1.28071,0,1.27293,0,1.27384,0,1.28008,0,0.00359564,0,1.39296,0,0.00330939,0,1.29894,0,1.29967,0,1.30514,0,1.30354,0,1.30704,0,1.30673,0,1.31156,0,1.31226,0,1.30426,0,1.29774,0,1.29032,0,1.29122,0,1.29542,0,1.29534,0,0.00333805,0,1.31014,0,0.00356246,0,0.00343775,0,0.00367004,0,0.00346542,0,1.35204,0,1.35339,0,1.35305,0,1.35678,0,1.36008,0,1.36133,0,1.3647,0,1.36446,0,1.36365,0,1.36806,0,1.37503,0,1.37457,0,1.3861,0,1.38535,0,1.38427,0,1.38247,0,1.37967,0,1.37918,0,1.37887,0,1.37672,0,1.36423,0,1.36413,0,1.36068,0,1.36005,0,1.36534,0,1.36527,0,1.36208,0,1.35798,0,1.35828,0,1.36524,0,1.36417,0,1.37007,0,1.37192,0,1.37799,0,1.38028,0,1.37778,0,1.37816,0,1.38383,0,1.38739,0,1.39616,0,1.40251,0,1.40086,0,1.4025,0,1.47669,0,1.47727,0,1.42104,0,1.43102,0,1.4308,0,1.43409,0,1.43328,0,1.4304,0,1.43111,0,1.43345,0,1.43458,0,1.44091,0,1.44078,0,1.44709,0,1.44766,0,1.44831,0,1.45253,0,1.45109,0,1.45435,0,1.4485,0,1.44354,0,1.45387,0,1.45035,0,1.45252,0,1.59542,0,1.59596,0,1.45875,0,1.46016,0,1.45739,0,1.45685,0,1.45839,0,1.45364,0
0,0,0,0,0,0,0,0,0,0,0,0,0,0,0,0,0,0,0,0,0,0,0,0,0,0,0,0,0,0,0,0,0,0,0,0,0,0,0,0,0,0,0,0,0,0,0,0,0,0,0,0,0,0,0,0,0,0,0,0,0,0,0,0,0,0,0,0,0,0,0,0,0,0,0,0,0,0,0,0,0,0,0,0,0,0,0,0,0,0,0,0,0,0,0,0,0,0,0,0,0,0,0,0,0,0,0,0,0,0,0,0,0,0,0,0,0,0,0,0,0,0,0,0,0,0,0,0,0,0,0,0,0,0,0,0,0,0,0,0,0,0,0,0,0,0,0,0,0,0,0,0,0,0,0,0,0,0,0,0,0,0,0,0,0,0,0,0,0,0,0,0,0,0,0,0,0,0,0,0,0,0,0,0,0,0,0,0,0,0,0,0,0,0,0,0,0,0,0,0,0,0,0,0,0,0,0,0,0,0,0,0,0,0,0,0,0,0,0,0,0,0,0,0,0,0,0,0,0,0,0,0,0,0,0,0,0,0,0,0,0,0,0,0,0,0,0,0,0,0,0,0,0,0,0,0,0,0,0,0,0,0,0,0,0,0,0,0,0,0,0,0,0,0,0,0,0,0,0,0,0,0,0,0,0,0,0,0,0,0,0,0,0,0,0,0,0,0,0,0,0,0,0,0,0,0,0,0,0,0,0,0,0,0,0,0,0,0,0,0,0,0,0,0,0,0,0,0,0,0,0,0,0,0,0,0,0,0,0,0,0,0,0,0,0,0,0,0,0,0,0,0,0,0,0,0,0,0,0,0,0,0,0,0,0,0,0,0,0,0,0,0,0,0,0,0,0,0,0,0,0,0,0,0,0,0,0,0,0,0,0,0,0,0,0,0,0,0,0,0,0,0,0,0,0,0,0,0,0,0,0,0,0,0,0,0,0,0,0,0,0,0,0,0,0,0,0,0,0,0,0,0,0,0,0,0,0,0,0,0,0,0,0,0,0,0,0,0,0,0,0,0,0,0,0,0,0,0,0,0,0,0,0,0,0,0,0,0,0,0,0,0,0,0,0,0,0,0,0,0,0,0,0,0,0,0,0,0,0,0,0,0,0,0,0,0,0,0,0,0,0,0,0,0,0,0,0,0,0,0,0,0,0,0,0,0,0,0,0,0,0,0,0,0,0,0,0,0,0,0,0,0,0,0,0,0,0,0,0,0,0,0,0,0,0,0,0,0,0,0,0,0,0,0,0,0,0,0,0,0,0,0,0,0,0,0,0,0,0,0,0,0,0,0,0,0,0,0,0,0,0,0,0,0,0,0,0,0,0,0,0,0,0,0,0,0,0,0,0,0
0.706066,0,0.705672,0,0.708523,0,0.707764,0,0.707987,0,0.708463,0,0.713661,0,0.71875,0,0.00353384,0,0.00318212,0,0.731294,0,0.732736,0,0.739503,0,0.00332379,0,0.728065,0,0.731435,0,0.73483,0,0.735277,0,0.743171,0,0.745598,0,0.746966,0,0.756842,0,0.76492,0,0.00333432,0,0.775972,0,0.777256,0,0.777944,0,0.778118,0,0.781652,0,0.783771,0,0.783648,0,0.784608,0,0.795424,0,0.796796,0,0.800812,0,0.801194,0,0.804513,0,0.808446,0,0.809842,0,0.812349,0,0.818697,0,0.819448,0,0.823502,0,0.822917,0,0.831558,0,0.832335,0,0.832975,0,0.834623,0,0.837522,0,0.840119,0,0.842255,0,0.840728,0,0.843831,0,0.846805,0,0.8491,0,0.00371011,0,0.00348843,0,0.00336633,0,0.0034739,0,0.889041,0,0.890842,0,0.891064,0,0.89087,0,0.897593,0,0.898488,0,0.902795,0,0.904369,0,0.905444,0,0.908773,0,0.908697,0,0.918245,0,0.921582,0,0.922864,0,0.928763,0,0.935634,0,0.938863,0,0.940278,0,0.943555,0,0.946568,0,0.00334143,0,0.00316102,0,0.958776,0,0.960512,0,0.963904,0,0.9583,0,0.94759,0,0.949622,0,0.951169,0,0.9527,0,0.952771,0,0.00355008,0,0.00335162,0,1.14462,0,0.9463,0,0.952301,0,0.952788,0,0.954184,0,0.956652,0,0.958658,0,0.00350328,0,0.00315444,0,0.00341109,0,0.0037827,0,0.995277,0,0.998097,0,1.00191,0,1.10155,0,1.10357,0,1.10677,0,1.00567,0,1.00583,0,1.00702,0,1.01102,0,1.01267,0,1.0149,0,1.01372,0,1.0158,0,1.0181,0,1.02198,0,0.00354921,0,0.00360313,0,0.00331425,0,1.0301,0,1.03131,0,1.03035,0,1.03624,0,1.03589,0,0.00344929,0,1.03574,0,1.03554,0,0.00339377,0,1.03634,0,1.03522,0,0.00337662,0,0.0034586,0,0.00358268,0,1.0399,0,1.04304,0,1.04374,0,1.04585,0,1.05504,0,1.05673,0,1.05993,0,0.00329445,0,0.0035707,0,0.00343103,0,0.00345613,0,1.08036,0,1.084,0,1.08468,0,1.08934,0,1.09059,0,1.09028,0,1.09474,0,1.09592,0,1.09934,0,1.1012,0,1.10986,0,1.11799,0,1.11902,0,1.12217,0,1.12837,0,1.13093,0,1.13481,0,1.1357,0,1.14003,0,1.14524,0,1.14925,0,1.15313,0,1.15637,0,1.16272,0,1.16407,0,1.17146,0,0.00348468,0,0.00363168,0,0.00363052,0,1.19533,0,1.20059,0,1.20867,0,0.00313931,0,1.21466,0,1.21663,0,1.22591,0,1.22586,0,1.22931,0,1.23457,0,1.23906,0,1.24409,0,1.24801,0,1.24972,0,1.24921,0,1.25136,0,1.25683,0,1.25577,0,1.2598,0,1.26226,0,0.00366541,0,1.27721,0,1.27813,0,1.2766,0,1.27729,0,0.00340671,0,0.00351389,0,0.00344456,0,0.00353253,0,0.00359695,0,0.00359318,0,0.00337853,0,0.00359315,0,1.29871,0,1.3034,0,1.30066,0,1.30115,0,1.30094,0,1.29532,0,1.29154,0,1.29139,0,1.29254,0,1.29165,0,0.00334539,0,1.44467,0,1.44744,0,1.43729,0,0.0033165,0,1.47968,0,0.0034355,0,0.00356007,0,0.00325637,0,1.3499,0,1.3521,0,1.36764,0,1.36708,0,1.37092,0,1.37714,0,1.3748,0,1.37233,0,1.37606,0,1.37942,0,1.38315,0,1.38384,0,1.38225,0,1.37706,0,1.37354,0,0.00353987,0,1.3559,0,1.35632,0,1.35662,0,1.35185,0,1.35348,0,1.35421,0,1.35505,0,1.35823,0,1.35886,0,1.35527,0,1.35505,0,1.35531,0,1.35792,0,1.36025,0,1.47855,0,1.36549,0,1.37035,0,1.37712,0,1.38449,0,1.38325,0,1.47227,0,1.39361,0,1.39782,0,1.40315,0,1.40946,0,1.41514,0,1.41743,0,1.42089,0,1.42719,0,1.43078,0,1.43013,0,1.43125,0,1.43058,0,1.42664,0,1.43349,0,1.43403,0,1.43666,0,1.44416,0,1.44531,0,1.44617,0,1.4464,0,1.4431,0,1.43698,0,1.43945,0,1.43811,0,1.437,0,1.43856,0,1.44024,0,1.43534,0,1.44397,0,1.44775,0,1.44461,0,1.4375,0,1.71146,0,1.43785,0,1.43762,0
0,0,0,0,0,0,0,0,0,0,0,0,0,0,0,0,0,0,0,0,0,0,0,0,0,0,0,0,0,0,0,0,0,0,0,0,0,0,0,0,0,0,0,0,0,0,0,0,0,0,0,0,0,0,0,0,0,0,0,0,0,0,0,0,0,0,0,0,0,0,0,0,0,0,0,0,0,0,0,0,0,0,0,0,0,0,0,0,0,0,0,0,0,0,0,0,0,0,0,0,0,0,0,0,0,0,0,0,0,0,0,0,0,0,0,0,0,0,0,0,0,0,0,0,0,0,0,0,0,0,0,0,0,0,0,0,0,0,0,0,0,0,0,0,0,0,0,0,0,0,0,0,0,0,0,0,0,0,0,0,0,0,0,0,0,0,0,0,0,0,0,0,0,0,0,0,0,0,0,0,0,0,0,0,0,0,0,0,0,0,0,0,0,0,0,0,0,0,0,0,0,0,0,0,0,0,0,0,0,0,0,0,0,0,0,0,0,0,0,0,0,0,0,0,0,0,0,0,0,0,0,0,0,0,0,0,0,0,0,0,0,0,0,0,0,0,0,0,0,0,0,0,0,0,0,0,0,0,0,0,0,0,0,0,0,0,0,0,0,0,0,0,0,0,0,0,0,0,0,0,0,0,0,0,0,0,0,0,0,0,0,0,0,0,0,0,0,0,0,0,0,0,0,0,0,0,0,0,0,0,0,0,0,0,0,0,0,0,0,0,0,0,0,0,0,0,0,0,0,0,0,0,0,0,0,0,0,0,0,0,0,0,0,0,0,0,0,0,0,0,0,0,0,0,0,0,0,0,0,0,0,0,0,0,0,0,0,0,0,0,0,0,0,0,0,0,0,0,0,0,0,0,0,0,0,0,0,0,0,0,0,0,0,0,0,0,0,0,0,0,0,0,0,0,0,0,0,0,0,0,0,0,0,0,0,0,0,0,0,0,0,0,0,0,0,0,0,0,0,0,0,0,0,0,0,0,0,0,0,0,0,0,0,0,0,0,0,0,0,0,0,0,0,0,0,0,0,0,0,0,0,0,0,0,0,0,0,0,0,0,0,0,0,0,0,0,0,0,0,0,0,0,0,0,0,0,0,0,0,0,0,0,0,0,0,0,0,0,0,0,0,0,0,0,0,0,0,0,0,0,0,0,0,0,0,0,0,0,0,0,0,0,0,0,0,0,0,0,0,0,0,0,0,0,0,0,0,0,0,0,0,0,0,0,0,0,0,0,0,0,0,0,0,0,0,0,0,0,0,0,0,0,0,0,0,0,0,0,0,0,0,0,0,0,0,0,0,0,0,0,0,0,0,0,0,0,0,0,0,0,0,0,0,0,0,0,0,0,0,0
0.702797,0,0.704002,0,0.709804,0,0.708869,0,0.708368,0,0.710773,0,0.710873,0,0.711723,0,0.723995,0,0.725803,0,0.727017,0,0.728469,0,0.72106,0,0.72165,0,0.722643,0,0.724704,0,0.733512,0,0.733909,0,0.739973,0,0.00367824,0,0.754795,0,0.756139,0,0.758868,0,0.762748,0,0.759769,0,0.776771,0,0.77745,0,0.779125,0,0.776452,0,0.779584,0,0.778362,0,0.782647,0,0.787063,0,0.793386,0,0.794388,0,0.797042,0,0.799606,0,0.805183,0,0.81138,0,0.814637,0,0.814746,0,0.817219,0,0.818349,0,0.821454,0,0.825215,0,0.825458,0,0.827621,0,0.828838,0,0.832469,0,0.833758,0,0.83922,0,0.845688,0,0.84678,0,0.848809,0,0.849874,0,0.861147,0,0.866785,0,0.868575,0,0.00352697,0,0.886883,0,0.887962,0,0.889407,0,0.891435,0,0.897584,0,0.899809,0,0.902318,0,0.905568,0,0.908659,0,0.908522,0,0.00338067,0,0.917985,0,0.921736,0,0.925337,0,0.926963,0,0.00306274,0,0.932237,0,0.932747,0,0.934869,0,0.933834,0,0.939364,0,0.941792,0,0.940086,0,0.92234,0,0.00363336,0,0.00337058,0,0.949272,0,0.944109,0,0.937332,0,0.935995,0,0.937947,0,0.940904,0,0.94157,0,0.944012,0,1.14368,0,0.954441,0,0.956803,0,0.959289,0,0.959751,0,0.00357124,0,0.00344354,0,0.00330227,0,0.00345931,0,0.997723,0,0.997181,0,0.998042,0,0.987672,0,0.990852,0,0.994723,0,1.008,0,1.00856,0,1.01043,0,1.00929,0,1.01014,0,1.01067,0,1.01305,0,1.01333,0,1.01385,0,1.01513,0,1.00707,0,1.01587,0,1.00976,0,1.01499,0,0.00349781,0,1.02323,0,1.02514,0,1.02357,0,1.32617,0,1.32935,0,1.0255,0,1.02238,0,1.02535,0,1.02609,0,1.02498,0,1.02969,0,0.00319051,0,1.03342,0,1.03617,0,1.04218,0,1.04693,0,1.04969,0,1.05235,0,0.00330571,0,0.00334633,0,1.06493,0,1.06949,0,1.07185,0,1.07866,0,1.08071,0,1.08395,0,1.08505,0,1.08624,0,1.09021,0,1.09215,0,1.0951,0,1.09978,0,1.10154,0,1.10647,0,0.00373979,0,1.11759,0,1.12365,0,1.12509,0,1.12782,0,1.13418,0,1.13515,0,1.13713,0,0.00349114,0,0.00321016,0,0.0033211,0,1.15126,0,0.00325977,0,0.00339707,0,0.00345093,0,1.17948,0,1.18272,0,1.18362,0,1.18976,0,1.19455,0,1.19976,0,1.2021,0,1.20677,0,0.00311918,0,0.00327487,0,1.21859,0,0.00354042,0,0.00337489,0,0.00356476,0,0.00332979,0,1.24058,0,1.23997,0,1.24476,0,1.2488,0,1.25295,0,1.25554,0,1.25744,0,1.2566,0,1.25534,0,1.25831,0,1.2603,0,0.00352308,0,0.00328768,0,0.00331135,0,1.26078,0,1.26013,0,1.2597,0,0.00327785,0,1.38676,0,0.00354736,0,0.00351808,0,0.00345076,0,1.35409,0,1.35659,0,1.27987,0,1.28109,0,1.28337,0,1.28477,0,1.28485,0,1.28514,0,1.2911,0,1.28527,0,1.28776,0,1.28532,0,1.28638,0,0.00342554,0,0.00320892,0,0.00345527,0,0.00364312,0,0.00367701,0,1.3415,0,1.34123,0,1.35135,0,1.3511,0,1.35352,0,1.36005,0,1.39631,0,1.38066,0,1.3819,0,1.3807,0,1.38367,0,1.3896,0,1.38919,0,1.39216,0,0.00332864,0,0.00342983,0,1.35111,0,1.35069,0,1.34808,0,1.34613,0,1.3455,0,1.34563,0,1.35339,0,1.35309,0,1.35418,0,1.35381,0,1.35342,0,1.35127,0,1.35166,0,1.35804,0,1.36671,0,1.36417,0,1.36398,0,1.36943,0,1.37532,0,1.37619,0,1.38136,0,1.38507,0,1.38843,0,1.39853,0,1.40315,0,1.40467,0,1.41605,0,1.49184,0,1.4229,0,1.42314,0,1.42605,0,1.42606,0,1.42848,0,1.42903,0,1.42916,0,1.41911,0,1.41804,0,1.42331,0,0.00362146,0,0.00346555,0,1.60268,0,1.4236,0,1.423,0,1.42166,0,1.4215,0,1.42104,0,1.42665,0,1.42612,0,1.42357,0,1.42616,0,1.43296,0,1.43147,0,1.42933,0,1.43242,0,1.43045,0,1.43048,0,1.43239,0
0,0,0,0,0,0,0,0,0,0,0,0,0,0,0,0,0,0,0,0,0,0,0,0,0,0,0,0,0,0,0,0,0,0,0,0,0,0,0,0,0,0,0,0,0,0,0,0,0,0,0,0,0,0,0,0,0,0,0,0,0,0,0,0,0,0,0,0,0,0,0,0,0,0,0,0,0,0,0,0,0,0,0,0,0,0,0,0,0,0,0,0,0,0,0,0,0,0,0,0,0,0,0,0,0,0,0,0,0,0,0,0,0,0,0,0,0,0,0,0,0,0,0,0,0,0,0,0,0,0,0,0,0,0,0,0,0,0,0,0,0,0,0,0,0,0,0,0,0,0,0,0,0,0,0,0,0,0,0,0,0,0,0,0,0,0,0,0,0,0,0,0,0,0,0,0,0,0,0,0,0,0,0,0,0,0,0,0,0,0,0,0,0,0,0,0,0,0,0,0,0,0,0,0,0,0,0,0,0,0,0,0,0,0,0,0,0,0,0,0,0,0,0,0,0,0,0,0,0,0,0,0,0,0,0,0,0,0,0,0,0,0,0,0,0,0,0,0,0,0,0,0,0,0,0,0,0,0,0,0,0,0,0,0,0,0,0,0,0,0,0,0,0,0,0,0,0,0,0,0,0,0,0,0,0,0,0,0,0,0,0,0,0,0,0,0,0,0,0,0,0,0,0,0,0,0,0,0,0,0,0,0,0,0,0,0,0,0,0,0,0,0,0,0,0,0,0,0,0,0,0,0,0,0,0,0,0,0,0,0,0,0,0,0,0,0,0,0,0,0,0,0,0,0,0,0,0,0,0,0,0,0,0,0,0,0,0,0,0,0,0,0,0,0,0,0,0,0,0,0,0,0,0,0,0,0,0,0,0,0,0,0,0,0,0,0,0,0,0,0,0,0,0,0,0,0,0,0,0,0,0,0,0,0,0,0,0,0,0,0,0,0,0,0,0,0,0,0,0,0,0,0,0,0,0,0,0,0,0,0,0,0,0,0,0,0,0,0,0,0,0,0,0,0,0,0,0,0,0,0,0,0,0,0,0,0,0,0,0,0,0,0,0,0,0,0,0,0,0,0,0,0,0,0,0,0,0,0,0,0,0,0,0,0,0,0,0,0,0,0,0,0,0,0,0,0,0,0,0,0,0,0,0,0,0,0,0,0,0,0,0,0,0,0,0,0,0,0,0,0,0,0,0,0,0,0,0,0,0,0,0,0,0,0,0,0,0,0,0,0,0,0,0,0,0,0,0,0,0,0,0,0,0,0,0,0,0,0,0,0,0,0,0,0,0,0,0,0,0,0,0,0,0,0,0,0,0,0,0,0,0,0,0,0,0,0,0,0,0,0
0.700999,0,0.696755,0,0.698756,0,0.71062,0,0.710749,0,0.712406,0,0.712865,0,0.712138,0,0.00342869,0,0.709001,0,0.704382,0,0.707127,0,0.711261,0,0.709327,0,0.707585,0,0.713778,0,0.00365076,0,0.00355059,0,0.737223,0,0.736513,0,0.0035976,0,0.00343947,0,0.75292,0,0.755667,0,0.756068,0,0.755986,0,0.755901,0,1.17495,0,0.774607,0,0.775926,0,0.00341096,0,0.00321719,0,0.791251,0,0.792383,0,0.794047,0,0.795424,0,0.797983,0,0.803043,0,0.803012,0,0.803864,0,0.810159,0,0.812096,0,0.81365,0,0.81848,0,0.816682,0,0.823256,0,0.825422,0,0.826401,0,0.831804,0,0.833396,0,0.840881,0,0.840684,0,0.846382,0,0.848684,0,0.00361117,0,0.00343198,0,0.970492,0,0.877222,0,0.877133,0,0.87769,0,0.890144,0,0.890485,0,0.893584,0,0.89378,0,0.898559,0,0.899084,0,0.900928,0,0.89919,0,0.898843,0,0.902385,0,0.905927,0,0.908576,0,0.909407,0,0.0031089,0,0.00350272,0,0.00324944,0,0.00345704,0,0.92926,0,0.929224,0,0.00337467,0,0.0034866,0,0.935224,0,0.936673,0,0.00347599,0,0.939764,0,0.940535,0,0.939358,0,0.935786,0,0.937156,0,0.938221,0,0.943593,0,0.943901,0,0.00353149,0,0.957085,0,0.962724,0,0.966958,0,0.969365,0,0.971586,0,0.00337148,0,0.0034167,0,0.999983,0,1.00257,0,1.00256,0,1.00193,0,0.988502,0,0.99145,0,0.994408,0,1.08195,0,1.01183,0,1.00864,0,1.01056,0,1.01125,0,1.01015,0,1.00496,0,1.0073,0,1.00469,0,1.00526,0,1.00691,0,1.00665,0,1.00776,0,1.00898,0,1.01058,0,1.00917,0,1.01403,0,1.01482,0,1.01381,0,1.01444,0,1.0155,0,1.00329,0,1.01654,0,1.01572,0,1.02249,0,1.02152,0,1.02564,0,1.02742,0,0.00338187,0,1.03605,0,1.03969,0,1.04265,0,1.04634,0,1.05011,0,1.05003,0,0.00358075,0,1.05876,0,1.06093,0,1.06366,0,1.07397,0,1.07592,0,1.07713,0,1.08414,0,1.08441,0,1.08607,0,1.08691,0,1.09104,0,1.09344,0,1.09741,0,1.09821,0,0.0035003,0,0.00346537,0,0.00347142,0,1.13424,0,1.13633,0,1.13713,0,1.13628,0,1.13775,0,1.13902,0,1.14056,0,1.14289,0,0.00340958,0,0.00337263,0,0.00343802,0,0.00355459,0,1.17094,0,1.17195,0,0.00345435,0,0.00340859,0,1.19127,0,0.00326173,0,0.00342098,0,0.00342337,0,0.00353427,0,0.0032284,0,0.00337505,0,1.21571,0,0.00355888,0,0.0032851,0,0.00342606,0,0.00314832,0,1.23675,0,0.00341002,0,1.24162,0,1.24313,0,1.24782,0,1.24915,0,1.25137,0,1.25215,0,1.25357,0,1.24909,0,1.24483,0,1.24597,0,1.24675,0,1.24757,0,1.2505,0,1.25094,0,1.24858,0,1.24683,0,0.0035078,0,0.00331725,0,1.32803,0,1.36417,0,1.27637,0,1.27811,0,1.27736,0,1.2789,0,1.27662,0,1.27571,0,1.28187,0,1.28103,0,1.28253,0,1.28488,0,1.2849,0,1.28211,0,1.28093,0,1.27954,0,1.42371,0,0.00334314,0,1.43804,0,1.44315,0,0.00341859,0,0.00356703,0,0.00334004,0,0.00324049,0,0.00343757,0,0.00331879,0,0.00356245,0,0.00309233,0,1.41052,0,0.00354872,0,0.00328289,0,0.00326881,0,1.36863,0,0.00317919,0,1.3457,0,1.34733,0,1.34122,0,1.33996,0,1.34174,0,1.34077,0,1.34179,0,1.34834,0,1.35735,0,1.35382,0,1.35329,0,1.35216,0,1.35807,0,1.3592,0,1.36325,0,1.36526,0,1.36714,0,1.37157,0,1.36995,0,1.36932,0,1.37153,0,1.37127,0,1.37566,0,1.37585,0,0.00340216,0,1.39285,0,1.40829,0,1.4063,0,1.40067,0,1.40868,0,1.40751,0,1.41061,0,1.41018,0,0.00347381,0,1.41077,0,1.40651,0,1.40831,0,1.4032,0,1.40506,0,1.40763,0,1.40629,0,1.40932,0,1.41111,0,1.40596,0,1.40619,0,1.40656,0,1.41195,0,1.41012,0,1.41379,0,1.41923,0,1.41846,0,1.41925,0,1.4197,0,1.42176,0,1.42139,0,1.42641,0,1.42485,0,1.43129,0
0,0,0,0,0,0,0,0,0,0,0,0,0,0,0,0,0,0,0,0,0,0,0,0,0,0,0,0,0,0,0,0,0,0,0,0,0,0,0,0,0,0,0,0,0,0,0,0,0,0,0,0,0,0,0,0,0,0,0,0,0,0,0,0,0,0,0,0,0,0,0,0,0,0,0,0,0,0,0,0,0,0,0,0,0,0,0,0,0,0,0,0,0,0,0,0,0,0,0,0,0,0,0,0,0,0,0,0,0,0,0,0,0,0,0,0,0,0,0,0,0,0,0,0,0,0,0,0,0,0,0,0,0,0,0,0,0,0,0,0,0,0,0,0,0,0,0,0,0,0,0,0,0,0,0,0,0,0,0,0,0,0,0,0,0,0,0,0,0,0,0,0,0,0,0,0,0,0,0,0,0,0,0,0,0,0,0,0,0,0,0,0,0,0,0,0,0,0,0,0,0,0,0,0,0,0,0,0,0,0,0,0,0,0,0,0,0,0,0,0,0,0,0,0,0,0,0,0,0,0,0,0,0,0,0,0,0,0,0,0,0,0,0,0,0,0,0,0,0,0,0,0,0,0,0,0,0,0,0,0,0,0,0,0,0,0,0,0,0,0,0,0,0,0,0,0,0,0,0,0,0,0,0,0,0,0,0,0,0,0,0,0,0,0,0,0,0,0,0,0,0,0,0,0,0,0,0,0,0,0,0,0,0,0,0,0,0,0,0,0,0,0,0,0,0,0,0,0,0,0,0,0,0,0,0,0,0,0,0,0,0,0,0,0,0,0,0,0,0,0,0,0,0,0,0,0,0,0,0,0,0,0,0,0,0,0,0,0,0,0,0,0,0,0,0,0,0,0,0,0,0,0,0,0,0,0,0,0,0,0,0,0,0,0,0,0,0,0,0,0,0,0,0,0,0,0,0,0,0,0,0,0,0,0,0,0,0,0,0,0,0,0,0,0,0,0,0,0,0,0,0,0,0,0,0,0,0,0,0,0,0,0,0,0,0,0,0,0,0,0,0,0,0,0,0,0,0,0,0,0,0,0,0,0,0,0,0,0,0,0,0,0,0,0,0,0,0,0,0,0,0,0,0,0,0,0,0,0,0,0,0,0,0,0,0,0,0,0,0,0,0,0,0,0,0,0,0,0,0,0,0,0,0,0,0,0,0,0,0,0,0,0,0,0,0,0,0,0,0,0,0,0,0,0,0,0,0,0,0,0,0,0,0,0,0,0,0,0,0,0,0,0,0,0,0,0,0,0,0,0,0,0,0,0,0,0,0,0,0,0,0,0,0,0,0,0,0,0,0,0,0,0,0,0,0,0,0,0,0,0,0,0,0,0,0,0,0,0,0,0
0.00324066,0,0.00340902,0,0.00365182,0,0.00354327,0,0.679076,0,0.681479,0,0.00347285,0,0.697173,0,0.707351,0,0.709369,0,0.706357,0,0.707231,0,0.708961,0,0.711167,0,0.711002,0,0.711438,0,0.721792,0,0.723851,0,0.727235,0,0.00357414,0,0.731638,0,0.00348895,0,0.743636,0,0.75466,0,0.756803,0,0.755081,0,0.755563,0,0.755638,0,0.756886,0,0.763312,0,0.767239,0,0.769764,0,0.00342686,0,0.00366499,0,0.00348902,0,0.00355305,0,0.806341,0,0.808322,0,0.799209,0,0.800545,0,0.805401,0,0.810961,0,0.81416,0,0.816276,0,0.821712,0,0.821772,0,0.824705,0,0.824056,0,0.824132,0,0.833042,0,0.83355,0,0.0034521,0,0.00330998,0,0.00345374,0,0.00343802,0,0.871015,0,0.87234,0,0.873244,0,0.875784,0,0.881796,0,0.882621,0,0.00369738,0,0.872183,0,0.873741,0,1.0353,0,0.00329439,0,0.894446,0,0.897917,0,0.89932,0,0.00328748,0,0.0033328,0,0.00371608,0,0.00337252,0,0.00361101,0,0.00337755,0,0.908711,0,0.00320219,0,0.917741,0,0.915081,0,0.915981,0,0.00350495,0,0.9265,0,0.925406,0,0.924112,0,0.924016,0,0.926435,0,0.927803,0,0.929674,0,0.934885,0,0.935734,0,0.937805,0,0.937512,0,0.945699,0,0.950767,0,0.952467,0,0.953172,0,0.964927,0,0.00369461,0,0.00344229,0,1.18742,0,0.00321043,0,1.04596,0,0.996862,0,0.995401,0,0.992267,0,0.993112,0,0.994863,0,0.996636,0,0.998824,0,0.998926,0,1.00035,0,1.00073,0,1.0019,0,1.00466,0,0.997085,0,0.9967,0,1.0001,0,1.00046,0,1.00252,0,1.00518,0,1.00929,0,1.00902,0,1.00865,0,1.0112,0,1.01339,0,1.01462,0,1.01112,0,1.01105,0,1.00976,0,1.0121,0,1.01483,0,1.01667,0,1.0195,0,1.02158,0,1.13641,0,1.031,0,1.03473,0,1.03573,0,1.03731,0,1.04053,0,1.04223,0,1.04725,0,1.04741,0,1.0499,0,1.05589,0,1.05745,0,0.00332048,0,0.0032717,0,1.06811,0,1.07362,0,0.00330836,0,1.07782,0,1.08169,0,1.08662,0,1.09037,0,1.09236,0,1.097,0,1.09877,0,0.0035689,0,1.18046,0,0.00331486,0,0.00355008,0,1.12564,0,1.12653,0,1.13355,0,1.13607,0,1.13896,0,1.14043,0,1.14619,0,1.1489,0,1.15122,0,1.16009,0,0.00350173,0,0.00353831,0,0.0033844,0,1.17686,0,1.1794,0,0.00347484,0,1.18896,0,1.19582,0,0.00335926,0,1.20244,0,1.205,0,1.21142,0,1.21507,0,1.21847,0,1.22132,0,1.22655,0,0.00346265,0,1.22916,0,1.23419,0,1.24275,0,1.24262,0,1.24568,0,1.24692,0,1.24422,0,1.24153,0,1.24356,0,1.24358,0,1.2416,0,1.24766,0,1.24636,0,1.24645,0,1.24607,0,1.2443,0,1.24653,0,0.00324038,0,0.00370995,0,0.00328619,0,1.2662,0,1.26973,0,1.27109,0,1.26861,0,1.2721,0,1.27103,0,1.27223,0,1.27246,0,1.27522,0,1.27985,0,1.28302,0,1.28084,0,1.28023,0,1.27798,0,1.27617,0,1.27503,0,1.27093,0,1.27433,0,1.2773,0,1.28282,0,1.29225,0,0.00333315,0,1.36059,0,1.41279,0,0.00372149,0,0.00332633,0,1.41564,0,0.0033166,0,1.34623,0,1.35095,0,1.35805,0,0.00346466,0,1.35696,0,1.34935,0,1.34671,0,1.34829,0,1.33696,0,1.33574,0,1.3367,0,1.3392,0,1.33762,0,0.00342685,0,1.34832,0,1.35051,0,1.35071,0,1.35563,0,1.35795,0,1.36198,0,1.36594,0,1.36757,0,1.36651,0,1.36656,0,1.36387,0,1.364,0,1.36511,0,1.36746,0,1.50441,0,0.0034583,0,1.38579,0,1.39373,0,1.39909,0,1.39224,0,1.39388,0,1.39439,0,1.39666,0,1.39682,0,1.39876,0,1.396,0,1.39702,0,1.39777,0,1.39831,0,1.39738,0,1.39751,0,1.39882,0,1.39591,0,1.39341,0,1.39253,0,1.39323,0,1.39816,0,1.40324,0,1.40544,0,1.41104,0,1.40747,0,1.40772,0,1.40927,0,1.41145,0,1.41011,0,1.41256,0,1.4126,0,1.41662,0,1.41453,0
0,0,0,0,0,0,0,0,0,0,0,0,0,0,0,0,0,0,0,0,0,0,0,0,0,0,0,0,0,0,0,0,0,0,0,0,0,0,0,0,0,0,0,0,0,0,0,0,0,0,0,0,0,0,0,0,0,0,0,0,0,0,0,0,0,0,0,0,0,0,0,0,0,0,0,0,0,0,0,0,0,0,0,0,0,0,0,0,0,0,0,0,0,0,0,0,0,0,0,0,0,0,0,0,0,0,0,0,0,0,0,0,0,0,0,0,0,0,0,0,0,0,0,0,0,0,0,0,0,0,0,0,0,0,0,0,0,0,0,0,0,0,0,0,0,0,0,0,0,0,0,0,0,0,0,0,0,0,0,0,0,0,0,0,0,0,0,0,0,0,0,0,0,0,0,0,0,0,0,0,0,0,0,0,0,0,0,0,0,0,0,0,0,0,0,0,0,0,0,0,0,0,0,0,0,0,0,0,0,0,0,0,0,0,0,0,0,0,0,0,0,0,0,0,0,0,0,0,0,0,0,0,0,0,0,0,0,0,0,0,0,0,0,0,0,0,0,0,0,0,0,0,0,0,0,0,0,0,0,0,0,0,0,0,0,0,0,0,0,0,0,0,0,0,0,0,0,0,0,0,0,0,0,0,0,0,0,0,0,0,0,0,0,0,0,0,0,0,0,0,0,0,0,0,0,0,0,0,0,0,0,0,0,0,0,0,0,0,0,0,0,0,0,0,0,0,0,0,0,0,0,0,0,0,0,0,0,0,0,0,0,0,0,0,0,0,0,0,0,0,0,0,0,0,0,0,0,0,0,0,0,0,0,0,0,0,0,0,0,0,0,0,0,0,0,0,0,0,0,0,0,0,0,0,0,0,0,0,0,0,0,0,0,0,0,0,0,0,0,0,0,0,0,0,0,0,0,0,0,0,0,0,0,0,0,0,0,0,0,0,0,0,0,0,0,0,0,0,0,0,0,0,0,0,0,0,0,0,0,0,0,0,0,0,0,0,0,0,0,0,0,0,0,0,0,0,0,0,0,0,0,0,0,0,0,0,0,0,0,0,0,0,0,0,0,0,0,0,0,0,0,0,0,0,0,0,0,0,0,0,0,0,0,0,0,0,0,0,0,0,0,0,0,0,0,0,0,0,0,0,0,0,0,0,0,0,0,0,0,0,0,0,0,0,0,0,0,0,0,0,0,0,0,0,0,0,0,0,0,0,0,0,0,0,0,0,0,0,0,0,0,0,0,0,0,0,0,0,0,0,0,0,0,0,0,0,0,0,0,0,0,0,0,0,0,0,0,0,0,0,0,0,0,0,0,0,0,0,0,0,0,0,0,0,0,0,0,0,0,0
0.659348,0,0.6595,0,0.663287,0,0.665984,0,0.669258,0,0.673568,0,0.671434,0,0.679737,0,0.681675,0,0.697546,0,0.699146,0,0.00347551,0,0.701004,0,0.711264,0,0.710388,0,0.717093,0,0.71738,0,0.720262,0,0.722498,0,0.721305,0,0.00366756,0,0.00339065,0,0.00345821,0,0.00343413,0,0.746773,0,0.748619,0,0.75045,0,0.751196,0,0.756939,0,0.758684,0,0.760396,0,0.769838,0,0.769901,0,0.00352059,0,0.00354089,0,0.79716,0,0.79886,0,0.798851,0,0.803854,0,0.800724,0,0.801617,0,0.00347182,0,0.0034674,0,0.00338873,0,0.821532,0,0.819286,0,0.821985,0,0.822892,0,0.824589,0,0.826209,0,0.0030798,0,0.00330277,0,0.00371015,0,0.00362687,0,0.00328914,0,0.871417,0,0.875823,0,0.874985,0,0.874539,0,0.856186,0,0.857723,0,0.855089,0,0.858185,0,0.0033783,0,0.864807,0,0.00333322,0,0.00334119,0,0.00342834,0,0.882499,0,0.879229,0,0.879959,0,0.883993,0,0.887281,0,0.889861,0,0.89063,0,0.00341696,0,0.00336013,0,0.00349845,0,0.90993,0,0.909985,0,0.919398,0,0.923009,0,0.921919,0,0.921955,0,0.923247,0,0.92697,0,0.923665,0,0.93163,0,0.928029,0,0.929831,0,0.93209,0,0.935176,0,0.00357116,0,0.00342284,0,0.00368637,0,0.00326588,0,0.97015,0,0.972816,0,0.973379,0,0.976441,0,0.975251,0,0.976382,0,0.980542,0,0.985169,0,0.98643,0,0.991161,0,0.990632,0,0.993266,0,0.993635,0,0.994441,0,0.995016,0,0.994323,0,0.997495,0,0.997555,0,0.9986,0,0.997973,0,0.999536,0,0.999258,0,1.00179,0,1.00539,0,1.00539,0,1.00776,0,1.00774,0,1.00651,0,1.0089,0,1.00939,0,1.00984,0,1.01137,0,1.01211,0,1.0116,0,1.01105,0,1.01365,0,1.0138,0,1.01786,0,1.02281,0,1.02608,0,1.02897,0,1.0314,0,1.03279,0,1.03614,0,1.03866,0,1.04235,0,1.04682,0,1.05014,0,1.05163,0,1.05281,0,1.05433,0,1.06038,0,1.06606,0,1.06645,0,1.0726,0,1.07492,0,1.07935,0,1.08104,0,1.08931,0,1.09215,0,1.09737,0,1.10104,0,0.00351339,0,0.00358673,0,1.1119,0,1.1158,0,1.12339,0,1.12524,0,1.12702,0,1.12999,0,1.13287,0,1.13523,0,1.13931,0,1.14634,0,1.14596,0,0.00334393,0,1.15672,0,0.00357308,0,0.00313838,0,1.17377,0,1.18379,0,1.18385,0,1.18457,0,1.18681,0,1.19136,0,1.19187,0,1.20073,0,0.00331554,0,0.00354395,0,1.21328,0,1.21563,0,1.21886,0,1.21891,0,1.22334,0,1.22926,0,1.23107,0,1.23934,0,1.23671,0,1.23612,0,1.23806,0,1.24022,0,1.23968,0,1.23867,0,1.23838,0,1.24032,0,1.23967,0,1.24067,0,1.24142,0,1.24355,0,1.24642,0,1.25407,0,1.25777,0,1.2607,0,1.26416,0,1.2654,0,1.26506,0,1.39562,0,1.27838,0,1.27768,0,1.28271,0,1.2777,0,1.27738,0,1.27756,0,0.00339864,0,1.29009,0,1.29293,0,1.29645,0,1.27863,0,1.27483,0,1.27585,0,1.27925,0,1.28106,0,1.28103,0,1.28682,0,1.29434,0,1.29318,0,1.29508,0,1.29495,0,1.29342,0,0.00332211,0,0.00365004,0,0.00350105,0,0.00336616,0,0.00325108,0,0.00349232,0,0.00314126,0,1.33582,0,1.33377,0,1.33342,0,1.33449,0,1.48468,0,1.33987,0,1.33711,0,1.33801,0,1.33997,0,1.34356,0,1.34628,0,1.34698,0,1.35393,0,1.3531,0,1.35545,0,1.36015,0,1.3609,0,1.35485,0,1.3567,0,1.35761,0,1.36174,0,1.36151,0,1.36412,0,1.36968,0,1.37556,0,1.37765,0,1.38385,0,1.37984,0,1.38146,0,1.38222,0,1.37936,0,1.38012,0,1.38783,0,1.38545,0,1.38449,0,1.384,0,1.38533,0,1.38505,0,1.38537,0,1.38422,0,1.38406,0,1.74899,0,1.37936,0,1.37739,0,1.38168,0,1.38826,0,1.39235,0,1.39371,0,1.39906,0,1.39747,0,1.39882,0,1.39496,0,1.39655,0,1.39727,0,1.39717,0,1.40132,0,1.40349,0,1.40396,0
0,0,0,0,0,0,0,0,0,0,0,0,0,0,0,0,0,0,0,0,0,0,0,0,0,0,0,0,0,0,0,0,0,0,0,0,0,0,0,0,0,0,0,0,0,0,0,0,0,0,0,0,0,0,0,0,0,0,0,0,0,0,0,0,0,0,0,0,0,0,0,0,0,0,0,0,0,0,0,0,0,0,0,0,0,0,0,0,0,0,0,0,0,0,0,0,0,0,0,0,0,0,0,0,0,0,0,0,0,0,0,0,0,0,0,0,0,0,0,0,0,0,0,0,0,0,0,0,0,0,0,0,0,0,0,0,0,0,0,0,0,0,0,0,0,0,0,0,0,0,0,0,0,0,0,0,0,0,0,0,0,0,0,0,0,0,0,0,0,0,0,0,0,0,0,0,0,0,0,0,0,0,0,0,0,0,0,0,0,0,0,0,0,0,0,0,0,0,0,0,0,0,0,0,0,0,0,0,0,0,0,0,0,0,0,0,0,0,0,0,0,0,0,0,0,0,0,0,0,0,0,0,0,0,0,0,0,0,0,0,0,0,0,0,0,0,0,0,0,0,0,0,0,0,0,0,0,0,0,0,0,0,0,0,0,0,0,0,0,0,0,0,0,0,0,0,0,0,0,0,0,0,0,0,0,0,0,0,0,0,0,0,0,0,0,0,0,0,0,0,0,0,0,0,0,0,0,0,0,0,0,0,0,0,0,0,0,0,0,0,0,0,0,0,0,0,0,0,0,0,0,0,0,0,0,0,0,0,0,0,0,0,0,0,0,0,0,0,0,0,0,0,0,0,0,0,0,0,0,0,0,0,0,0,0,0,0,0,0,0,0,0,0,0,0,0,0,0,0,0,0,0,0,0,0,0,0,0,0,0,0,0,0,0,0,0,0,0,0,0,0,0,0,0,0,0,0,0,0,0,0,0,0,0,0,0,0,0,0,0,0,0,0,0,0,0,0,0,0,0,0,0,0,0,0,0,0,0,0,0,0,0,0,0,0,0,0,0,0,0,0,0,0,0,0,0,0,0,0,0,0,0,0,0,0,0,0,0,0,0,0,0,0,0,0,0,0,0,0,0,0,0,0,0,0,0,0,0,0,0,0,0,0,0,0,0,0,0,0,0,0,0,0,0,0,0,0,0,0,0,0,0,0,0,0,0,0,0,0,0,0,0,0,0,0,0,0,0,0,0,0,0,0,0,0,0,0,0,0,0,0,0,0,0,0,0,0,0,0,0,0,0,0,0,0,0,0,0,0,0,0,0,0,0,0,0,0,0,0,0,0,0,0,0,0,0,0,0,0,0,0,0,0,0,0,0,0,0,0,0,0,0,0,0,0,0,0,0,0,0
0.652782,0,0.652191,0,0.649117,0,0.658718,0,0.658061,0,0.66556,0,0.664236,0,0.673747,0,0.679985,0,0.68399,0,0.684997,0,0.685613,0,0.0032438,0,0.704072,0,0.705797,0,0.714038,0,0.716998,0,0.717673,0,0.717967,0,0.718976,0,0.720554,0,0.00330664,0,0.00324925,0,0.735452,0,0.735319,0,0.738334,0,0.738999,0,0.742614,0,0.00320415,0,0.749017,0,0.755033,0,0.756445,0,0.762333,0,0.762472,0,0.00319403,0,0.854984,0,0.00307796,0,0.00332224,0,0.790909,0,0.796799,0,0.797778,0,0.00322511,0,0.00334503,0,0.834091,0,0.83445,0,0.831605,0,0.823579,0,0.821815,0,0.830096,0,0.832554,0,0.835318,0,0.836307,0,0.841097,0,0.00370129,0,0.00338843,0,0.00342174,0,0.00334227,0,0.00364025,0,0.00331997,0,0.00351972,0,0.852181,0,0.854525,0,0.857235,0,0.861454,0,0.863313,0,0.863566,0,0.00315192,0,0.00345851,0,0.865803,0,0.87164,0,0.875888,0,0.876873,0,0.881458,0,0.883496,0,0.887032,0,0.890125,0,0.899035,0,0.900798,0,0.901509,0,0.913024,0,0.914486,0,0.920656,0,0.922039,0,0.93833,0,0.940555,0,0.940563,0,0.931844,0,0.927715,0,0.928646,0,0.93596,0,0.939426,0,0.943891,0,0.00346051,0,0.00378613,0,0.00333486,0,1.08077,0,0.968484,0,0.972375,0,0.972162,0,0.973855,0,0.974434,0,0.974586,0,0.977959,0,0.979762,0,0.981721,0,0.986536,0,0.987929,0,0.989935,0,0.990444,0,0.992764,0,0.99274,0,0.99201,0,0.995222,0,0.994374,0,0.995739,0,0.997888,0,1.00017,0,1.00144,0,1.00092,0,1.00166,0,1.00383,0,1.00594,0,1.00852,0,1.00861,0,1.00963,0,1.01209,0,1.01208,0,1.01284,0,1.01611,0,1.01948,0,1.02013,0,1.01715,0,1.01774,0,1.02152,0,1.02287,0,1.02479,0,1.02672,0,1.03131,0,1.03336,0,1.03935,0,1.04211,0,1.04714,0,1.04957,0,1.04984,0,1.05001,0,1.05112,0,1.05427,0,1.05709,0,1.06088,0,1.0651,0,1.06916,0,1.07596,0,1.07909,0,1.08775,0,1.0894,0,1.08896,0,1.08951,0,1.09712,0,1.0998,0,0.00352858,0,1.12277,0,1.1207,0,1.12135,0,1.12443,0,1.12228,0,1.12836,0,1.12898,0,1.13478,0,1.13526,0,1.13724,0,1.13942,0,1.14681,0,0.0033904,0,0.00352893,0,0.00342385,0,1.16856,0,1.17627,0,1.17923,0,1.17789,0,1.18938,0,1.18891,0,1.19097,0,0.00352701,0,0.00309092,0,0.00342274,0,1.20539,0,1.20637,0,1.21201,0,1.21507,0,1.21637,0,1.21933,0,1.22299,0,1.2369,0,1.23488,0,1.23297,0,1.23362,0,1.23089,0,1.22891,0,1.23309,0,1.23251,0,1.23574,0,1.23466,0,1.2355,0,1.2347,0,1.2407,0,1.24154,0,0.0035648,0,1.25353,0,1.2528,0,1.24934,0,1.25112,0,1.25093,0,1.25503,0,1.25652,0,0.00350689,0,0.00360686,0,1.27817,0,1.27764,0,1.27921,0,1.27406,0,1.27871,0,1.28115,0,1.28,0,1.27756,0,1.2805,0,1.28542,0,1.2878,0,1.29205,0,1.29018,0,1.29122,0,1.29806,0,1.29512,0,1.29112,0,1.29221,0,1.28914,0,1.29238,0,1.40432,0,0.00357873,0,0.00313583,0,1.31874,0,1.31885,0,1.47454,0,1.3294,0,1.333,0,1.33186,0,1.33138,0,1.32497,0,1.3172,0,1.31909,0,1.49547,0,1.33598,0,1.33984,0,1.34989,0,1.34779,0,1.3498,0,1.3443,0,1.3476,0,1.35029,0,1.35519,0,1.35474,0,1.35396,0,1.3543,0,1.35512,0,1.35763,0,1.36077,0,1.36548,0,1.3643,0,1.36495,0,1.36602,0,1.36981,0,1.37064,0,1.37308,0,1.37154,0,1.37247,0,1.37126,0,1.37482,0,1.37588,0,1.3772,0,1.3737,0,1.36926,0,1.37383,0,1.37754,0,1.37837,0,1.37548,0,1.37148,0,1.37207,0,1.37369,0,1.37694,0,1.37649,0,1.37999,0,1.38203,0,1.38321,0,1.38571,0,1.38684,0,1.39338,0,1.39316,0,1.39463,0,1.39421,0,1.39841,0,1.39954,0
0,0,0,0,0,0,0,0,0,0,0,0,0,0,0,0,0,0,0,0,0,0,0,0,0,0,0,0,0,0,0,0,0,0,0,0,0,0,0,0,0,0,0,0,0,0,0,0,0,0,0,0,0,0,0,0,0,0,0,0,0,0,0,0,0,0,0,0,0,0,0,0,0,0,0,0,0,0,0,0,0,0,0,0,0,0,0,0,0,0,0,0,0,0,0,0,0,0,0,0,0,0,0,0,0,0,0,0,0,0,0,0,0,0,0,0,0,0,0,0,0,0,0,0,0,0,0,0,0,0,0,0,0,0,0,0,0,0,0,0,0,0,0,0,0,0,0,0,0,0,0,0,0,0,0,0,0,0,0,0,0,0,0,0,0,0,0,0,0,0,0,0,0,0,0,0,0,0,0,0,0,0,0,0,0,0,0,0,0,0,0,0,0,0,0,0,0,0,0,0,0,0,0,0,0,0,0,0,0,0,0,0,0,0,0,0,0,0,0,0,0,0,0,0,0,0,0,0,0,0,0,0,0,0,0,0,0,0,0,0,0,0,0,0,0,0,0,0,0,0,0,0,0,0,0,0,0,0,0,0,0,0,0,0,0,0,0,0,0,0,0,0,0,0,0,0,0,0,0,0,0,0,0,0,0,0,0,0,0,0,0,0,0,0,0,0,0,0,0,0,0,0,0,0,0,0,0,0,0,0,0,0,0,0,0,0,0,0,0,0,0,0,0,0,0,0,0,0,0,0,0,0,0,0,0,0,0,0,0,0,0,0,0,0,0,0,0,0,0,0,0,0,0,0,0,0,0,0,0,0,0,0,0,0,0,0,0,0,0,0,0,0,0,0,0,0,0,0,0,0,0,0,0,0,0,0,0,0,0,0,0,0,0,0,0,0,0,0,0,0,0,0,0,0,0,0,0,0,0,0,0,0,0,0,0,0,0,0,0,0,0,0,0,0,0,0,0,0,0,0,0,0,0,0,0,0,0,0,0,0,0,0,0,0,0,0,0,0,0,0,0,0,0,0,0,0,0,0,0,0,0,0,0,0,0,0,0,0,0,0,0,0,0,0,0,0,0,0,0,0,0,0,0,0,0,0,0,0,0,0,0,0,0,0,0,0,0,0,0,0,0,0,0,0,0,0,0,0,0,0,0,0,0,0,0,0,0,0,0,0,0,0,0,0,0,0,0,0,0,0,0,0,0,0,0,0,0,0,0,0,0,0,0,0,0,0,0,0,0,0,0,0,0,0,0,0,0,0,0,0,0,0,0,0,0,0,0,0,0,0,0,0,0,0,0,0,0,0,0,0,0,0,0,0,0,0,0,0,0,0,0,0,0,0,0,0,0,0,0,0
0.640203,0,0.648258,0,0.649189,0,0.650117,0,0.653249,0,0.659626,0,0.664346,0,0.674011,0,0.676428,0,0.677946,0,0.68024,0,0.686656,0,0.684665,0,0.00301452,0,0.00376574,0,0.00369249,0,0.707301,0,0.707249,0,0.708288,0,0.716868,0,0.716302,0,0.723011,0,0.728184,0,0.729743,0,0.731912,0,0.736672,0,0.737532,0,0.742288,0,0.742591,0,0.742529,0,1.47287,0,1.4721,0,0.758277,0,0.762655,0,0.765144,0,0.766746,0,0.775769,0,0.776763,0,0.00355815,0,0.0034372,0,0.806471,0,0.00331492,0,0.00328702,0,0.00330286,0,0.832033,0,0.832788,0,0.835064,0,0.83709,0,0.839791,0,0.840949,0,0.841716,0,0.83898,0,0.814296,0,0.815504,0,0.816215,0,0.814772,0,0.812169,0,0.00352396,0,0.00339877,0,0.00333504,0,0.00367883,0,0.00335363,0,0.0033592,0,0.911872,0,0.852954,0,0.855406,0,0.854666,0,0.00329084,0,0.864547,0,0.868535,0,0.876042,0,0.877223,0,0.883237,0,0.885164,0,0.887554,0,0.891771,0,0.897851,0,0.901289,0,0.909447,0,0.00335369,0,0.925321,0,1.07089,0,0.929759,0,0.931442,0,0.931894,0,0.932971,0,0.93285,0,0.936284,0,0.940035,0,0.941815,0,0.944292,0,0.945309,0,0.948879,0,0.947389,0,0.948593,0,1.14702,0,0.967649,0,0.973155,0,0.974841,0,0.976384,0,0.971234,0,0.971615,0,0.973451,0,0.972861,0,0.973431,0,0.979284,0,0.983343,0,0.983639,0,0.985881,0,0.988396,0,0.991041,0,0.991291,0,0.992044,0,0.993001,0,0.997175,0,0.995316,0,0.996634,0,0.994522,0,0.994555,0,0.995273,0,0.997497,0,1.0009,0,1.00254,0,1.00506,0,1.00801,0,1.0053,0,1.00787,0,1.01003,0,1.01256,0,1.01328,0,1.01566,0,1.01681,0,1.01755,0,1.01886,0,1.02045,0,1.02456,0,1.03106,0,1.0334,0,1.03511,0,1.03841,0,1.03833,0,1.03816,0,1.0427,0,1.04212,0,1.04522,0,1.04988,0,0.0033589,0,1.06096,0,1.06618,0,1.06548,0,1.06468,0,1.06921,0,1.07548,0,1.08178,0,1.08166,0,1.08542,0,1.09376,0,1.09495,0,1.12729,0,0.00335925,0,1.11212,0,1.11511,0,1.11658,0,1.11866,0,1.12111,0,1.12421,0,1.12572,0,1.12603,0,1.1317,0,1.13414,0,1.13602,0,1.14265,0,1.14961,0,0.00345482,0,1.15964,0,0.00352217,0,0.00338585,0,1.18578,0,1.18763,0,1.18892,0,1.17936,0,1.18201,0,1.18167,0,0.00325928,0,0.00330744,0,0.00342689,0,1.20148,0,0.00339157,0,0.00336633,0,1.21032,0,1.21242,0,1.21324,0,0.00336596,0,1.22287,0,1.221,0,1.22631,0,1.22702,0,1.22671,0,1.22887,0,1.22871,0,1.22871,0,1.23633,0,1.23601,0,1.23834,0,1.23796,0,1.24001,0,1.24131,0,1.24548,0,1.24643,0,1.24642,0,1.2445,0,1.24626,0,1.25109,0,1.25185,0,1.25996,0,1.259,0,1.25818,0,1.2634,0,1.26671,0,1.43693,0,1.27799,0,1.27493,0,1.27294,0,1.27344,0,1.27255,0,1.27787,0,1.28361,0,1.28839,0,1.29128,0,1.29161,0,1.28863,0,1.29371,0,1.29671,0,1.2838,0,1.28615,0,1.28776,0,1.29098,0,1.29263,0,1.29301,0,1.41596,0,1.4157,0,1.41626,0,1.48521,0,0.00337192,0,1.32446,0,1.32588,0,1.3246,0,1.32617,0,1.3259,0,1.32576,0,1.33932,0,1.34001,0,1.33986,0,1.33972,0,1.34257,0,1.34283,0,1.34346,0,1.34734,0,1.3473,0,1.35096,0,1.34992,0,1.34983,0,1.35135,0,1.35556,0,1.35728,0,1.35704,0,1.35607,0,1.357,0,1.35687,0,1.36053,0,1.35994,0,1.35996,0,1.3586,0,1.35924,0,1.36445,0,1.36344,0,1.36176,0,1.36819,0,1.36906,0,1.36893,0,1.36448,0,1.36771,0,1.36804,0,1.36629,0,1.36559,0,1.36522,0,1.36676,0,1.3696,0,1.37147,0,1.37418,0,1.37701,0,1.38409,0,1.39143,0,1.39116,0,1.39992,0,1.39744,0,1.3987,0,1.39033,0,1.38796,0,1.38921,0
0,0,0,0,0,0,0,0,0,0,0,0,0,0,0,0,0,0,0,0,0,0,0,0,0,0,0,0,0,0,0,0,0,0,0,0,0,0,0,0,0,0,0,0,0,0,0,0,0,0,0,0,0,0,0,0,0,0,0,0,0,0,0,0,0,0,0,0,0,0,0,0,0,0,0,0,0,0,0,0,0,0,0,0,0,0,0,0,0,0,0,0,0,0,0,0,0,0,0,0,0,0,0,0,0,0,0,0,0,0,0,0,0,0,0,0,0,0,0,0,0,0,0,0,0,0,0,0,0,0,0,0,0,0,0,0,0,0,0,0,0,0,0,0,0,0,0,0,0,0,0,0,0,0,0,0,0,0,0,0,0,0,0,0,0,0,0,0,0,0,0,0,0,0,0,0,0,0,0,0,0,0,0,0,0,0,0,0,0,0,0,0,0,0,0,0,0,0,0,0,0,0,0,0,0,0,0,0,0,0,0,0,0,0,0,0,0,0,0,0,0,0,0,0,0,0,0,0,0,0,0,0,0,0,0,0,0,0,0,0,0,0,0,0,0,0,0,0,0,0,0,0,0,0,0,0,0,0,0,0,0,0,0,0,0,0,0,0,0,0,0,0,0,0,0,0,0,0,0,0,0,0,0,0,0,0,0,0,0,0,0,0,0,0,0,0,0,0,0,0,0,0,0,0,0,0,0,0,0,0,0,0,0,0,0,0,0,0,0,0,0,0,0,0,0,0,0,0,0,0,0,0,0,0,0,0,0,0,0,0,0,0,0,0,0,0,0,0,0,0,0,0,0,0,0,0,0,0,0,0,0,0,0,0,0,0,0,0,0,0,0,0,0,0,0,0,0,0,0,0,0,0,0,0,0,0,0,0,0,0,0,0,0,0,0,0,0,0,0,0,0,0,0,0,0,0,0,0,0,0,0,0,0,0,0,0,0,0,0,0,0,0,0,0,0,0,0,0,0,0,0,0,0,0,0,0,0,0,0,0,0,0,0,0,0,0,0,0,0,0,0,0,0,0,0,0,0,0,0,0,0,0,0,0,0,0,0,0,0,0,0,0,0,0,0,0,0,0,0,0,0,0,0,0,0,0,0,0,0,0,0,0,0,0,0,0,0,0,0,0,0,0,0,0,0,0,0,0,0,0,0,0,0,0,0,0,0,0,0,0,0,0,0,0,0,0,0,0,0,0,0,0,0,0,0,0,0,0,0,0,0,0,0,0,0,0,0,0,0,0,0,0,0,0,0,0,0,0,0,0,0,0,0,0,0,0,0,0,0,0,0,0,0,0,0,0,0,0,0,0,0,0,0,0,0,0,0,0,0,0,0,0,0,0,0,0,0,0,0,0
0.640606,0,0.645592,0,0.647599,0,0.650181,0,0.649849,0,0.662448,0,0.661992,0,0.676427,0,0.677952,0,0.68131,0,0.681915,0,0.681614,0,0.684723,0,0.684955,0,0.690383,0,0.694081,0,0.704325,0,0.707907,0,0.707342,0,0.709606,0,0.716478,0,0.00344236,0,0.731283,0,0.732886,0,0.735536,0,0.735772,0,0.737875,0,0.738231,0,0.738967,0,0.742669,0,0.752002,0,0.753666,0,0.757427,0,0.758188,0,0.761873,0,0.765645,0,0.775973,0,0.774559,0,0.777629,0,0.00364147,0,0.00349632,0,0.00339492,0,0.00333053,0,0.00349685,0,0.00335177,0,0.834718,0,0.00327255,0,0.855542,0,0.840972,0,0.807784,0,0.00350393,0,0.817527,0,0.817236,0,0.816433,0,0.81276,0,0.812127,0,0.810929,0,0.812361,0,0.00329616,0,0.824854,0,0.82954,0,0.832246,0,0.832504,0,0.834041,0,0.979537,0,0.00352867,0,0.857068,0,0.859165,0,0.862021,0,0.867117,0,0.876256,0,0.878048,0,1.14249,0,0.885035,0,0.890569,0,0.892779,0,0.00343997,0,0.00358568,0,0.00349378,0,0.98905,0,0.923719,0,0.924297,0,0.928115,0,0.928949,0,0.932191,0,0.00344547,0,0.00328813,0,0.939347,0,0.938329,0,0.939314,0,0.940265,0,0.941957,0,0.00321839,0,0.949178,0,0.00347538,0,0.965427,0,0.967676,0,0.973636,0,0.97656,0,0.976503,0,0.974575,0,0.968211,0,0.96993,0,0.970126,0,0.970186,0,0.972096,0,0.972252,0,0.974812,0,0.00365654,0,0.00349623,0,0.97887,0,0.979341,0,0.983688,0,0.984879,0,0.990106,0,0.991257,0,0.989929,0,0.989785,0,0.990065,0,0.989838,0,0.998423,0,0.999866,0,1.00144,0,1.0007,0,1.00495,0,1.00012,0,0.99982,0,0.999568,0,1.00367,0,1.01537,0,1.01164,0,1.01371,0,1.01782,0,1.01967,0,1.02148,0,1.02563,0,1.03262,0,1.03777,0,1.0369,0,1.03295,0,1.03719,0,1.04589,0,1.04441,0,1.04695,0,1.05114,0,0.00347126,0,0.0034304,0,1.0685,0,1.06996,0,1.06879,0,1.06828,0,1.07004,0,1.07489,0,1.07714,0,0.00335754,0,0.00333761,0,1.08732,0,1.24299,0,1.0944,0,0.00329351,0,0.00341194,0,1.11608,0,1.11849,0,1.12052,0,1.1233,0,1.12198,0,1.12567,0,1.12658,0,1.12868,0,1.13539,0,0.0033753,0,0.00338986,0,1.14372,0,1.1449,0,0.00351814,0,1.25885,0,1.18414,0,1.18485,0,1.18506,0,1.18216,0,1.1813,0,1.1823,0,1.17916,0,1.18242,0,0.00364383,0,0.00359645,0,0.0036047,0,0.00325962,0,1.19456,0,0.00354007,0,1.20085,0,1.20342,0,1.20723,0,1.20702,0,1.21746,0,1.21633,0,1.21517,0,1.21431,0,1.21551,0,1.21908,0,1.21977,0,0.00327756,0,1.23602,0,1.23766,0,1.23996,0,1.24114,0,1.2449,0,1.24372,0,1.24389,0,1.24471,0,1.24694,0,1.25036,0,1.25079,0,1.252,0,1.25857,0,1.25933,0,1.25918,0,1.2582,0,1.25411,0,0.00337521,0,1.25889,0,1.26423,0,1.26769,0,1.26861,0,1.27173,0,1.27205,0,1.27263,0,1.27469,0,1.41598,0,1.27405,0,1.27848,0,0.00347405,0,1.28482,0,1.29124,0,1.28389,0,1.28376,0,1.28101,0,1.28409,0,1.28415,0,1.28633,0,1.29196,0,1.29351,0,1.29751,0,1.37638,0,1.31629,0,1.31742,0,1.32015,0,1.3198,0,1.32107,0,1.32317,0,1.32966,0,1.33335,0,1.33391,0,1.33164,0,1.33932,0,1.33964,0,1.34125,0,1.34272,0,1.34148,0,1.34105,0,1.34056,0,1.3467,0,1.34834,0,1.34899,0,1.35014,0,1.34521,0,1.34568,0,1.34455,0,1.35035,0,1.35018,0,1.34941,0,1.34658,0,1.35459,0,1.3455,0,1.3494,0,1.35045,0,1.35065,0,1.3549,0,1.35587,0,1.35916,0,1.35896,0,1.36157,0,1.3621,0,1.36375,0,1.36297,0,1.36401,0,1.3609,0,1.36235,0,1.36682,0,1.37807,0,0.00337983,0,1.38579,0,1.3751,0,1.37685,0,1.38063,0,1.38261,0,1.38179,0,1.37996,0,1.38142,0,1.3812,0
0,0,0,0,0,0,0,0,0,0,0,0,0,0,0,0,0,0,0,0,0,0,0,0,0,0,0,0,0,0,0,0,0,0,0,0,0,0,0,0,0,0,0,0,0,0,0,0,0,0,0,0,0,0,0,0,0,0,0,0,0,0,0,0,0,0,0,0,0,0,0,0,0,0,0,0,0,0,0,0,0,0,0,0,0,0,0,0,0,0,0,0,0,0,0,0,0,0,0,0,0,0,0,0,0,0,0,0,0,0,0,0,0,0,0,0,0,0,0,0,0,0,0,0,0,0,0,0,0,0,0,0,0,0,0,0,0,0,0,0,0,0,0,0,0,0,0,0,0,0,0,0,0,0,0,0,0,0,0,0,0,0,0,0,0,0,0,0,0,0,0,0,0,0,0,0,0,0,0,0,0,0,0,0,0,0,0,0,0,0,0,0,0,0,0,0,0,0,0,0,0,0,0,0,0,0,0,0,0,0,0,0,0,0,0,0,0,0,0,0,0,0,0,0,0,0,0,0,0,0,0,0,0,0,0,0,0,0,0,0,0,0,0,0,0,0,0,0,0,0,0,0,0,0,0,0,0,0,0,0,0,0,0,0,0,0,0,0,0,0,0,0,0,0,0,0,0,0,0,0,0,0,0,0,0,0,0,0,0,0,0,0,0,0,0,0,0,0,0,0,0,0,0,0,0,0,0,0,0,0,0,0,0,0,0,0,0,0,0,0,0,0,0,0,0,0,0,0,0,0,0,0,0,0,0,0,0,0,0,0,0,0,0,0,0,0,0,0,0,0,0,0,0,0,0,0,0,0,0,0,0,0,0,0,0,0,0,0,0,0,0,0,0,0,0,0,0,0,0,0,0,0,0,0,0,0,0,0,0,0,0,0,0,0,0,0,0,0,0,0,0,0,0,0,0,0,0,0,0,0,0,0,0,0,0,0,0,0,0,0,0,0,0,0,0,0,0,0,0,0,0,0,0,0,0,0,0,0,0,0,0,0,0,0,0,0,0,0,0,0,0,0,0,0,0,0,0,0,0,0,0,0,0,0,0,0,0,0,0,0,0,0,0,0,0,0,0,0,0,0,0,0,0,0,0,0,0,0,0,0,0,0,0,0,0,0,0,0,0,0,0,0,0,0,0,0,0,0,0,0,0,0,0,0,0,0,0,0,0,0,0,0,0,0,0,0,0,0,0,0,0,0,0,0,0,0,0,0,0,0,0,0,0,0,0,0,0,0,0,0,0,0,0,0,0,0,0,0,0,0,0,0,0,0,0,0,0,0,0,0,0,0,0,0,0,0,0,0,0,0,0,0,0,0,0,0,0,0,0,0,0,0,0,0,0,0,0,0,0,0
0.639069,0,0.00324049,0,0.647461,0,0.64684,0,0.648784,0,0.656094,0,0.659406,0,0.659784,0,0.00335926,0,0.672437,0,0.67573,0,0.678697,0,0.680676,0,0.683473,0,0.68499,0,0.690185,0,0.689332,0,0.705086,0,0.706378,0,0.70692,0,0.00346615,0,0.00330488,0,0.735855,0,0.737325,0,0.73776,0,0.74876,0,0.739378,0,0.741975,0,0.73984,0,0.739869,0,0.00343883,0,0.75276,0,0.756382,0,0.758213,0,0.762829,0,0.765158,0,0.769452,0,0.771138,0,0.774261,0,0.00332387,0,0.787421,0,0.788178,0,0.792028,0,0.00333573,0,0.00340103,0,0.00357179,0,0.00354834,0,0.00342964,0,0.00350246,0,0.812356,0,0.812398,0,0.812398,0,0.800135,0,0.800326,0,0.802288,0,0.802745,0,0.808186,0,0.815216,0,0.00362981,0,0.00317932,0,0.832848,0,0.835248,0,0.835235,0,0.839965,0,0.00371156,0,0.00349579,0,0.85495,0,0.859017,0,0.00354795,0,0.875223,0,0.879148,0,0.880523,0,0.884781,0,0.887126,0,0.887524,0,0.888991,0,0.899196,0,0.90067,0,0.911077,0,0.915943,0,0.917123,0,0.917934,0,0.920953,0,0.920812,0,0.921814,0,0.921982,0,0.924962,0,0.926609,0,0.929326,0,0.931585,0,0.931857,0,0.932577,0,1.0108,0,0.00330718,0,0.00345323,0,0.00357135,0,0.00360778,0,0.00359572,0,0.00357304,0,0.00333815,0,0.00352326,0,0.960454,0,0.961963,0,0.960232,0,0.961757,0,0.958604,0,0.961277,0,0.967194,0,0.967621,0,0.96885,0,0.97431,0,0.975871,0,0.977403,0,0.981521,0,0.984225,0,0.984274,0,0.985956,0,0.986345,0,0.986395,0,0.985819,0,0.986731,0,0.987785,0,0.991436,0,0.994577,0,0.997429,0,0.997106,0,0.996012,0,0.997832,0,1.00131,0,1.00556,0,1.00863,0,1.01407,0,0.00356229,0,1.02045,0,1.02495,0,1.02679,0,1.02562,0,1.02654,0,1.02881,0,1.03707,0,1.03895,0,1.04172,0,1.04622,0,1.0469,0,1.04854,0,1.0504,0,1.05707,0,0.003329,0,0.00349071,0,1.05811,0,1.06108,0,0.00328828,0,1.06815,0,1.07184,0,1.0759,0,1.08077,0,1.08178,0,1.08458,0,1.08815,0,1.09366,0,1.09508,0,0.0035315,0,1.10928,0,1.118,0,1.11753,0,1.11718,0,1.11908,0,1.12253,0,1.22865,0,1.12962,0,1.13275,0,1.13613,0,1.13976,0,1.14234,0,0.00383109,0,0.00327351,0,0.00340408,0,0.00341657,0,1.17371,0,1.17111,0,0.0032927,0,0.00319034,0,0.00351898,0,0.00337395,0,1.16683,0,1.17186,0,1.17377,0,1.17778,0,1.18104,0,1.18985,0,1.19062,0,1.19525,0,1.19658,0,1.20398,0,1.20488,0,1.20715,0,1.20906,0,1.21084,0,1.21263,0,1.21391,0,1.2156,0,0.00330523,0,0.00346048,0,0.00342463,0,0.00356705,0,0.00340004,0,0.00336787,0,1.24081,0,1.24297,0,1.24398,0,1.24377,0,1.24154,0,1.24722,0,1.24431,0,1.24286,0,0.0032671,0,1.25125,0,1.25136,0,1.25005,0,1.25014,0,1.25067,0,1.25347,0,1.2553,0,0.00314702,0,1.26309,0,1.26114,0,1.26616,0,1.26541,0,1.27078,0,1.27498,0,1.27795,0,1.27036,0,1.27433,0,1.28113,0,1.27949,0,1.28416,0,1.28395,0,1.28553,0,1.28624,0,1.28683,0,1.29444,0,1.29729,0,1.29713,0,0.00347846,0,1.31351,0,1.31743,0,1.31685,0,1.31907,0,1.31908,0,1.32733,0,1.323,0,1.32478,0,1.32622,0,1.32641,0,1.3306,0,1.33346,0,1.3356,0,1.33492,0,1.33496,0,1.33586,0,1.33564,0,1.33685,0,1.33733,0,1.33628,0,1.3366,0,1.33647,0,1.33831,0,1.33632,0,1.34034,0,1.33952,0,1.34294,0,1.343,0,1.3422,0,1.34383,0,1.3475,0,1.35279,0,1.35175,0,1.35326,0,1.35342,0,1.35581,0,1.3585,0,1.35799,0,1.36373,0,1.36083,0,1.36128,0,1.36296,0,1.3555,0,1.35674,0,1.35757,0,1.36134,0,1.35871,0,1.36478,0,1.37078,0,1.37179,0,1.37567,0,1.37468,0,1.37854,0,1.37764,0,1.3786,0,1.37886,0
0,0,0,0,0,0,0,0,0,0,0,0,0,0,0,0,0,0,0,0,0,0,0,0,0,0,0,0,0,0,0,0,0,0,0,0,0,0,0,0,0,0,0,0,0,0,0,0,0,0,0,0,0,0,0,0,0,0,0,0,0,0,0,0,0,0,0,0,0,0,0,0,0,0,0,0,0,0,0,0,0,0,0,0,0,0,0,0,0,0,0,0,0,0,0,0,0,0,0,0,0,0,0,0,0,0,0,0,0,0,0,0,0,0,0,0,0,0,0,0,0,0,0,0,0,0,0,0,0,0,0,0,0,0,0,0,0,0,0,0,0,0,0,0,0,0,0,0,0,0,0,0,0,0,0,0,0,0,0,0,0,0,0,0,0,0,0,0,0,0,0,0,0,0,0,0,0,0,0,0,0,0,0,0,0,0,0,0,0,0,0,0,0,0,0,0,0,0,0,0,0,0,0,0,0,0,0,0,0,0,0,0,0,0,0,0,0,0,0,0,0,0,0,0,0,0,0,0,0,0,0,0,0,0,0,0,0,0,0,0,0,0,0,0,0,0,0,0,0,0,0,0,0,0,0,0,0,0,0,0,0,0,0,0,0,0,0,0,0,0,0,0,0,0,0,0,0,0,0,0,0,0,0,0,0,0,0,0,0,0,0,0,0,0,0,0,0,0,0,0,0,0,0,0,0,0,0,0,0,0,0,0,0,0,0,0,0,0,0,0,0,0,0,0,0,0,0,0,0,0,0,0,0,0,0,0,0,0,0,0,0,0,0,0,0,0,0,0,0,0,0,0,0,0,0,0,0,0,0,0,0,0,0,0,0,0,0,0,0,0,0,0,0,0,0,0,0,0,0,0,0,0,0,0,0,0,0,0,0,0,0,0,0,0,0,0,0,0,0,0,0,0,0,0,0,0,0,0,0,0,0,0,0,0,0,0,0,0,0,0,0,0,0,0,0,0,0,0,0,0,0,0,0,0,0,0,0,0,0,0,0,0,0,0,0,0,0,0,0,0,0,0,0,0,0,0,0,0,0,0,0,0,0,0,0,0,0,0,0,0,0,0,0,0,0,0,0,0,0,0,0,0,0,0,0,0,0,0,0,0,0,0,0,0,0,0,0,0,0,0,0,0,0,0,0,0,0,0,0,0,0,0,0,0,0,0,0,0,0,0,0,0,0,0,0,0,0,0,0,0,0,0,0,0,0,0,0,0,0,0,0,0,0,0,0,0,0,0,0,0,0,0,0,0,0,0,0,0,0,0,0,0,0,0,0,0,0,0,0,0,0,0,0,0,0,0,0,0,0,0,0,0,0,0,0,0,0,0,0,0,0,0,0,0,0,0,0,0,0,0
0.625525,0,0.630185,0,0.632772,0,0.632783,0,0.643414,0,0.643842,0,0.649263,0,0.00354577,0,0.65984,0,0.673527,0,0.673843,0,0.677287,0,0.679957,0,0.683696,0,0.68639,0,0.687282,0,0.688933,0,0.690556,0,0.00343964,0,0.706252,0,0.00345633,0,0.00358079,0,0.00335215,0,0.00346676,0,0.00343364,0,0.749,0,0.746207,0,0.732769,0,0.733143,0,0.734144,0,0.00342617,0,0.00357625,0,0.752675,0,0.00357915,0,0.767147,0,0.771553,0,0.772293,0,0.77251,0,0.772437,0,0.775341,0,0.776091,0,0.776969,0,0.00329853,0,0.00341966,0,0.00326499,0,0.00357802,0,0.798773,0,0.797715,0,0.794591,0,0.789283,0,0.789216,0,0.789246,0,0.791517,0,0.799405,0,0.799736,0,0.809255,0,0.814508,0,0.815684,0,0.820238,0,0.821036,0,0.00314628,0,0.00355472,0,0.838953,0,1.02829,0,0.00342102,0,0.857953,0,0.861966,0,0.86379,0,0.00328445,0,0.00343753,0,0.00345037,0,0.889028,0,0.891724,0,0.891791,0,0.890799,0,0.893301,0,0.898651,0,0.9025,0,0.903893,0,0.90345,0,0.906311,0,0.911007,0,0.907774,0,0.913341,0,0.913681,0,0.920286,0,0.921745,0,0.921186,0,0.925936,0,0.928026,0,0.923201,0,0.925998,0,0.00329382,0,0.93257,0,0.00356622,0,0.0032796,0,0.0034312,0,0.946761,0,0.9496,0,0.947976,0,0.953012,0,0.951241,0,0.953132,0,0.956245,0,0.956662,0,0.958205,0,0.960038,0,0.960064,0,0.964463,0,0.967048,0,0.969942,0,0.973368,0,0.972393,0,0.974296,0,0.974356,0,0.978207,0,0.980554,0,0.981399,0,0.983517,0,0.983975,0,0.9856,0,0.987866,0,0.98875,0,0.988892,0,0.985768,0,0.992491,0,0.994979,0,0.996081,0,0.998685,0,1.00265,0,0.00315248,0,1.01202,0,1.01856,0,0.00329133,0,0.00326872,0,1.03321,0,0.00353432,0,1.02272,0,1.02532,0,1.02856,0,1.03295,0,1.03852,0,1.0408,0,1.04115,0,1.04258,0,1.04954,0,1.05075,0,1.05242,0,1.05268,0,1.05498,0,1.05667,0,1.06179,0,1.17243,0,1.07364,0,1.07435,0,0.00353156,0,1.08739,0,1.08648,0,1.08598,0,1.08525,0,1.09386,0,1.09439,0,0.00326593,0,1.10403,0,1.10641,0,1.11125,0,1.11696,0,1.11922,0,1.12231,0,1.12575,0,1.12834,0,1.13083,0,1.13139,0,1.13132,0,0.00344223,0,0.00317757,0,0.00339215,0,0.00345639,0,0.00335991,0,0.00336985,0,0.00338875,0,0.00361915,0,0.00342448,0,1.154,0,1.15969,0,1.16151,0,0.00329785,0,0.00354076,0,0.00337769,0,1.18519,0,1.18987,0,1.19195,0,1.1946,0,1.19934,0,1.20114,0,1.20174,0,0.00350155,0,1.32565,0,1.20466,0,1.20894,0,1.20697,0,1.203,0,1.20656,0,1.20717,0,0.00344282,0,1.21896,0,0.00337295,0,0.00351931,0,0.00327286,0,0.00334892,0,1.22815,0,1.22891,0,1.23118,0,1.23448,0,1.23985,0,1.24104,0,1.24034,0,1.24103,0,1.24188,0,1.24405,0,1.2457,0,1.24757,0,0.0033023,0,1.25611,0,1.25564,0,1.25883,0,1.259,0,1.26215,0,1.26426,0,1.26369,0,1.27262,0,1.27459,0,1.27552,0,1.27863,0,1.28503,0,1.28265,0,1.28918,0,1.28966,0,1.28768,0,1.2842,0,1.28835,0,1.29418,0,1.30195,0,1.30339,0,1.30558,0,1.31031,0,1.30875,0,1.31277,0,1.31377,0,1.31345,0,1.31406,0,1.31793,0,1.31917,0,1.32455,0,1.32471,0,1.32716,0,1.32019,0,1.32005,0,1.32102,0,1.3187,0,1.31936,0,1.31909,0,1.3194,0,1.32673,0,1.32753,0,1.32818,0,1.33344,0,1.33152,0,1.33532,0,1.33826,0,1.33803,0,1.33587,0,1.33753,0,1.3373,0,1.34082,0,1.35008,0,1.34805,0,1.35113,0,1.35038,0,1.35452,0,1.36194,0,0.00347434,0,1.35789,0,1.34457,0,1.34883,0,1.3488,0,1.35054,0,1.35087,0,1.3526,0,1.35973,0,1.36161,0,1.36507,0,1.36785,0,1.36914,0,1.37733,0,1.37778,0,1.37835,0,1.38148,0,1.38373,0,1.38346,0
0,0,0,0,0,0,0,0,0,0,0,0,0,0,0,0,0,0,0,0,0,0,0,0,0,0,0,0,0,0,0,0,0,0,0,0,0,0,0,0,0,0,0,0,0,0,0,0,0,0,0,0,0,0,0,0,0,0,0,0,0,0,0,0,0,0,0,0,0,0,0,0,0,0,0,0,0,0,0,0,0,0,0,0,0,0,0,0,0,0,0,0,0,0,0,0,0,0,0,0,0,0,0,0,0,0,0,0,0,0,0,0,0,0,0,0,0,0,0,0,0,0,0,0,0,0,0,0,0,0,0,0,0,0,0,0,0,0,0,0,0,0,0,0,0,0,0,0,0,0,0,0,0,0,0,0,0,0,0,0,0,0,0,0,0,0,0,0,0,0,0,0,0,0,0,0,0,0,0,0,0,0,0,0,0,0,0,0,0,0,0,0,0,0,0,0,0,0,0,0,0,0,0,0,0,0,0,0,0,0,0,0,0,0,0,0,0,0,0,0,0,0,0,0,0,0,0,0,0,0,0,0,0,0,0,0,0,0,0,0,0,0,0,0,0,0,0,0,0,0,0,0,0,0,0,0,0,0,0,0,0,0,0,0,0,0,0,0,0,0,0,0,0,0,0,0,0,0,0,0,0,0,0,0,0,0,0,0,0,0,0,0,0,0,0,0,0,0,0,0,0,0,0,0,0,0,0,0,0,0,0,0,0,0,0,0,0,0,0,0,0,0,0,0,0,0,0,0,0,0,0,0,0,0,0,0,0,0,0,0,0,0,0,0,0,0,0,0,0,0,0,0,0,0,0,0,0,0,0,0,0,0,0,0,0,0,0,0,0,0,0,0,0,0,0,0,0,0,0,0,0,0,0,0,0,0,0,0,0,0,0,0,0,0,0,0,0,0,0,0,0,0,0,0,0,0,0,0,0,0,0,0,0,0,0,0,0,0,0,0,0,0,0,0,0,0,0,0,0,0,0,0,0,0,0,0,0,0,0,0,0,0,0,0,0,0,0,0,0,0,0,0,0,0,0,0,0,0,0,0,0,0,0,0,0,0,0,0,0,0,0,0,0,0,0,0,0,0,0,0,0,0,0,0,0,0,0,0,0,0,0,0,0,0,0,0,0,0,0,0,0,0,0,0,0,0,0,0,0,0,0,0,0,0,0,0,0,0,0,0,0,0,0,0,0,0,0,0,0,0,0,0,0,0,0,0,0,0,0,0,0,0,0,0,0,0,0,0,0,0,0,0,0,0,0,0,0,0,0,0,0,0,0,0,0,0,0,0,0,0,0,0,0,0,0,0,0,0,0,0,0,0,0,0,0,0,0,0,0,0,0,0,0,0,0,0,0,0,0,0
0.628027,0,0.628249,0,0.63093,0,0.00361871,0,0.645262,0,0.00345442,0,0.658741,0,0.663261,0,0.664401,0,0.672249,0,0.676127,0,0.675083,0,0.677464,0,0.679942,0,0.682529,0,0.683353,0,0.690993,0,0.692321,0,0.698608,0,0.69935,0,0.704456,0,0.706002,0,0.00352832,0,0.00344616,0,0.00328357,0,0.742168,0,0.74308,0,0.7392,0,0.737839,0,0.736096,0,0.766929,0,0.767672,0,0.764664,0,0.766343,0,0.767798,0,0.768056,0,0.769393,0,0.770181,0,0.76526,0,0.765911,0,0.767555,0,0.773899,0,0.774717,0,0.776426,0,0.783125,0,0.785566,0,0.786207,0,0.00329957,0,0.00351438,0,0.00338356,0,0.77457,0,0.00336836,0,0.779072,0,0.00338858,0,0.00341422,0,0.00327596,0,0.00337113,0,0.00319177,0,0.806015,0,0.807176,0,0.00347494,0,0.00353502,0,0.00348602,0,0.0034303,0,0.862405,0,0.865163,0,0.867073,0,0.867545,0,0.86677,0,0.00358991,0,0.00360139,0,0.00322006,0,0.889727,0,0.890511,0,0.892152,0,0.894103,0,0.892199,0,0.892748,0,0.00349363,0,0.898908,0,0.90147,0,0.00310779,0,0.907859,0,0.908173,0,0.911625,0,0.912718,0,0.913133,0,0.913084,0,0.918474,0,0.919711,0,0.921453,0,0.920199,0,0.920456,0,0.922831,0,0.922196,0,0.00339078,0,0.00349424,0,0.939137,0,0.939893,0,0.94077,0,0.943085,0,0.945957,0,0.948275,0,0.953792,0,0.955738,0,0.956143,0,0.957109,0,0.959856,0,0.960765,0,0.964634,0,0.96516,0,0.968668,0,0.971727,0,0.970543,0,0.970889,0,0.9739,0,0.973238,0,0.973534,0,0.977428,0,0.979198,0,0.982211,0,0.984525,0,0.983428,0,0.987974,0,0.989053,0,0.990743,0,0.993212,0,0.993064,0,0.00320131,0,0.00320528,0,0.00339165,0,1.01184,0,1.01077,0,1.01287,0,1.01189,0,1.01862,0,1.01864,0,1.01919,0,1.01965,0,0.00340834,0,1.02908,0,1.03029,0,1.03349,0,1.03807,0,1.04074,0,1.04311,0,1.04642,0,1.04811,0,1.04872,0,1.05083,0,1.05403,0,1.05456,0,1.05915,0,0.00349825,0,1.20692,0,1.07369,0,1.07364,0,1.07532,0,1.08026,0,1.08177,0,1.08579,0,1.08899,0,1.09557,0,1.09825,0,1.09896,0,0.00339931,0,1.111,0,0.00339351,0,0.00330663,0,1.11678,0,1.12002,0,1.12384,0,1.12511,0,1.1264,0,1.11311,0,0.00348865,0,1.12201,0,0.00357562,0,1.12376,0,1.13655,0,1.13489,0,1.13759,0,1.1415,0,1.1441,0,1.15328,0,1.15889,0,1.15821,0,1.16765,0,1.16887,0,1.17077,0,0.0033309,0,1.18073,0,1.18021,0,0.00310096,0,0.00340663,0,1.18796,0,1.19087,0,1.19093,0,1.19488,0,1.19972,0,1.20023,0,1.20161,0,1.20461,0,1.20549,0,1.19965,0,0.00343674,0,0.00349068,0,1.2191,0,0.00341058,0,0.00334557,0,1.21833,0,1.22017,0,1.22758,0,1.22904,0,1.23727,0,1.23673,0,1.24096,0,1.23688,0,1.24138,0,1.24179,0,1.24345,0,1.24603,0,1.24582,0,1.24878,0,1.24847,0,1.25025,0,1.25399,0,1.25894,0,1.26157,0,1.26188,0,1.26451,0,1.26885,0,1.27457,0,1.27681,0,1.27737,0,1.27894,0,1.27768,0,1.28514,0,1.28719,0,1.28793,0,1.29326,0,1.29481,0,1.29368,0,1.30336,0,1.3039,0,1.30204,0,1.30446,0,1.30398,0,1.30505,0,1.30521,0,1.30723,0,1.31127,0,1.31302,0,1.31284,0,1.31009,0,1.31001,0,1.31078,0,1.31106,0,1.31099,0,1.31282,0,1.31412,0,1.31619,0,1.31734,0,1.32273,0,1.32283,0,1.32294,0,1.31707,0,1.32205,0,1.32002,0,1.32662,0,1.32792,0,1.32387,0,1.32575,0,1.32471,0,1.33307,0,1.33028,0,1.33157,0,1.3344,0,1.33528,0,1.33484,0,1.33911,0,1.33935,0,1.33838,0,1.34327,0,1.34376,0,1.34687,0,1.34678,0,1.35418,0,1.3558,0,1.36114,0,1.36204,0,1.36511,0,1.36757,0,1.37034,0,1.37284,0,1.37631,0,1.37761,0,1.38261,0,1.38331,0,1.38173,0
0,0,0,0,0,0,0,0,0,0,0,0,0,0,0,0,0,0,0,0,0,0,0,0,0,0,0,0,0,0,0,0,0,0,0,0,0,0,0,0,0,0,0,0,0,0,0,0,0,0,0,0,0,0,0,0,0,0,0,0,0,0,0,0,0,0,0,0,0,0,0,0,0,0,0,0,0,0,0,0,0,0,0,0,0,0,0,0,0,0,0,0,0,0,0,0,0,0,0,0,0,0,0,0,0,0,0,0,0,0,0,0,0,0,0,0,0,0,0,0,0,0,0,0,0,0,0,0,0,0,0,0,0,0,0,0,0,0,0,0,0,0,0,0,0,0,0,0,0,0,0,0,0,0,0,0,0,0,0,0,0,0,0,0,0,0,0,0,0,0,0,0,0,0,0,0,0,0,0,0,0,0,0,0,0,0,0,0,0,0,0,0,0,0,0,0,0,0,0,0,0,0,0,0,0,0,0,0,0,0,0,0,0,0,0,0,0,0,0,0,0,0,0,0,0,0,0,0,0,0,0,0,0,0,0,0,0,0,0,0,0,0,0,0,0,0,0,0,0,0,0,0,0,0,0,0,0,0,0,0,0,0,0,0,0,0,0,0,0,0,0,0,0,0,0,0,0,0,0,0,0,0,0,0,0,0,0,0,0,0,0,0,0,0,0,0,0,0,0,0,0,0,0,0,0,0,0,0,0,0,0,0,0,0,0,0,0,0,0,0,0,0,0,0,0,0,0,0,0,0,0,0,0,0,0,0,0,0,0,0,0,0,0,0,0,0,0,0,0,0,0,0,0,0,0,0,0,0,0,0,0,0,0,0,0,0,0,0,0,0,0,0,0,0,0,0,0,0,0,0,0,0,0,0,0,0,0,0,0,0,0,0,0,0,0,0,0,0,0,0,0,0,0,0,0,0,0,0,0,0,0,0,0,0,0,0,0,0,0,0,0,0,0,0,0,0,0,0,0,0,0,0,0,0,0,0,0,0,0,0,0,0,0,0,0,0,0,0,0,0,0,0,0,0,0,0,0,0,0,0,0,0,0,0,0,0,0,0,0,0,0,0,0,0,0,0,0,0,0,0,0,0,0,0,0,0,0,0,0,0,0,0,0,0,0,0,0,0,0,0,0,0,0,0,0,0,0,0,0,0,0,0,0,0,0,0,0,0,0,0,0,0,0,0,0,0,0,0,0,0,0,0,0,0,0,0,0,0,0,0,0,0,0,0,0,0,0,0,0,0,0,0,0,0,0,0,0,0,0,0,0,0,0,0,0,0,0,0,0,0,0,0,0,0,0,0,0,0,0,0,0,0,0,0,0,0,0,0,0,0,0,0,0,0,0,0,0,0,0,0
0.630858,0,0.630813,0,0.630555,0,0.649227,0,0.650873,0,0.651466,0,0.0033788,0,0.663619,0,0.667188,0,0.668668,0,0.668932,0,0.669307,0,0.669376,0,0.683414,0,0.686716,0,0.687547,0,0.687645,0,0.689568,0,0.691292,0,0.694336,0,0.695701,0,0.703929,0,0.707247,0,0.00334802,0,0.728059,0,0.730439,0,0.740034,0,0.740605,0,0.744808,0,0.7477,0,0.00322865,0,0.7698,0,0.750964,0,0.754311,0,0.757056,0,0.766019,0,0.766823,0,0.750804,0,0.752279,0,0.753483,0,0.753897,0,0.756277,0,0.759727,0,0.763224,0,0.765012,0,0.00349847,0,0.0032055,0,0.7683,0,0.764984,0,0.76745,0,0.770644,0,0.774185,0,0.780548,0,0.783005,0,0.785404,0,1.14413,0,0.00349077,0,0.802298,0,0.00342132,0,0.00352127,0,1.08571,0,1.08682,0,0.848043,0,0.849424,0,0.00340414,0,0.00333305,0,0.864566,0,0.866421,0,0.867202,0,0.869638,0,0.861368,0,0.861885,0,0.866761,0,1.0015,0,0.00340305,0,0.884297,0,0.886922,0,0.884081,0,0.891215,0,0.886559,0,0.887605,0,0.89395,0,0.894688,0,0.902702,0,0.905242,0,0.907023,0,0.906384,0,0.909357,0,0.910355,0,0.904977,0,0.907185,0,0.903463,0,0.905926,0,0.90925,0,0.915228,0,0.917626,0,0.92234,0,0.928476,0,0.937758,0,0.942013,0,0.940767,0,0.942201,0,0.945631,0,0.947158,0,0.949699,0,0.948507,0,0.95271,0,0.955286,0,0.956471,0,0.957613,0,0.960946,0,0.964286,0,0.9651,0,0.964771,0,0.966773,0,0.968938,0,0.970189,0,0.971454,0,0.972294,0,0.976446,0,0.980336,0,0.981497,0,0.98181,0,0.981748,0,0.982758,0,0.985589,0,0.98378,0,0.986045,0,0.988011,0,0.997292,0,0.997653,0,1.0017,0,0.00341773,0,1.00914,0,1.01201,0,1.01451,0,1.00647,0,1.01142,0,1.01321,0,1.01493,0,1.02104,0,0.00355092,0,0.0033237,0,1.02929,0,1.03457,0,1.03722,0,1.04159,0,1.04433,0,1.04793,0,1.05054,0,1.05214,0,1.05372,0,1.05703,0,1.05913,0,1.06286,0,1.0634,0,1.07045,0,1.07563,0,1.07868,0,1.07877,0,1.08354,0,1.08349,0,0.00359703,0,1.09221,0,1.09223,0,1.09677,0,0.00316215,0,1.10888,0,1.11216,0,1.11244,0,1.11526,0,1.11885,0,1.10519,0,1.10528,0,1.10655,0,1.10806,0,1.10938,0,1.1139,0,1.11756,0,1.12391,0,1.12824,0,1.13543,0,1.13729,0,1.13623,0,1.13854,0,1.1413,0,1.14323,0,0.00362481,0,1.16982,0,1.17008,0,1.16995,0,1.17004,0,1.1667,0,1.16918,0,1.17176,0,1.17456,0,1.17509,0,1.17709,0,1.18766,0,1.18704,0,1.19313,0,1.19381,0,1.19378,0,1.19236,0,1.20191,0,1.20912,0,1.20959,0,1.21236,0,1.2135,0,1.21679,0,1.21334,0,1.21631,0,0.00315781,0,1.22421,0,1.22997,0,1.23132,0,1.23728,0,1.23736,0,1.24273,0,1.24062,0,1.24155,0,1.24432,0,1.24565,0,1.24606,0,1.24505,0,1.24719,0,1.24689,0,1.24886,0,0.00336582,0,1.26441,0,1.26749,0,1.27129,0,1.2747,0,1.27738,0,1.27532,0,1.27682,0,1.27836,0,1.28278,0,1.28736,0,1.28548,0,1.29388,0,1.29852,0,1.29861,0,1.29875,0,1.30172,0,1.29691,0,1.29811,0,1.2998,0,1.29961,0,1.30043,0,1.30145,0,1.30265,0,0.00330745,0,1.31016,0,1.31112,0,1.31089,0,1.30136,0,1.30212,0,1.30194,0,1.30202,0,1.30856,0,1.30866,0,1.31112,0,1.31713,0,1.31716,0,1.31585,0,1.31214,0,1.31515,0,1.3153,0,1.31978,0,1.32205,0,1.32252,0,1.3242,0,1.32972,0,1.33083,0,1.33265,0,1.33349,0,1.33472,0,1.33868,0,1.33942,0,1.33959,0,1.33924,0,1.34347,0,1.34304,0,1.34505,0,1.34325,0,1.3495,0,1.35093,0,1.35814,0,1.36394,0,1.36633,0,1.36794,0,1.36558,0,1.36381,0,1.36077,0,1.36027,0,1.36859,0,1.36999,0,1.37228,0,1.37449,0
0,0,0,0,0,0,0,0,0,0,0,0,0,0,0,0,0,0,0,0,0,0,0,0,0,0,0,0,0,0,0,0,0,0,0,0,0,0,0,0,0,0,0,0,0,0,0,0,0,0,0,0,0,0,0,0,0,0,0,0,0,0,0,0,0,0,0,0,0,0,0,0,0,0,0,0,0,0,0,0,0,0,0,0,0,0,0,0,0,0,0,0,0,0,0,0,0,0,0,0,0,0,0,0,0,0,0,0,0,0,0,0,0,0,0,0,0,0,0,0,0,0,0,0,0,0,0,0,0,0,0,0,0,0,0,0,0,0,0,0,0,0,0,0,0,0,0,0,0,0,0,0,0,0,0,0,0,0,0,0,0,0,0,0,0,0,0,0,0,0,0,0,0,0,0,0,0,0,0,0,0,0,0,0,0,0,0,0,0,0,0,0,0,0,0,0,0,0,0,0,0,0,0,0,0,0,0,0,0,0,0,0,0,0,0,0,0,0,0,0,0,0,0,0,0,0,0,0,0,0,0,0,0,0,0,0,0,0,0,0,0,0,0,0,0,0,0,0,0,0,0,0,0,0,0,0,0,0,0,0,0,0,0,0,0,0,0,0,0,0,0,0,0,0,0,0,0,0,0,0,0,0,0,0,0,0,0,0,0,0,0,0,0,0,0,0,0,0,0,0,0,0,0,0,0,0,0,0,0,0,0,0,0,0,0,0,0,0,0,0,0,0,0,0,0,0,0,0,0,0,0,0,0,0,0,0,0,0,0,0,0,0,0,0,0,0,0,0,0,0,0,0,0,0,0,0,0,0,0,0,0,0,0,0,0,0,0,0,0,0,0,0,0,0,0,0,0,0,0,0,0,0,0,0,0,0,0,0,0,0,0,0,0,0,0,0,0,0,0,0,0,0,0,0,0,0,0,0,0,0,0,0,0,0,0,0,0,0,0,0,0,0,0,0,0,0,0,0,0,0,0,0,0,0,0,0,0,0,0,0,0,0,0,0,0,0,0,0,0,0,0,0,0,0,0,0,0,0,0,0,0,0,0,0,0,0,0,0,0,0,0,0,0,0,0,0,0,0,0,0,0,0,0,0,0,0,0,0,0,0,0,0,0,0,0,0,0,0,0,0,0,0,0,0,0,0,0,0,0,0,0,0,0,0,0,0,0,0,0,0,0,0,0,0,0,0,0,0,0,0,0,0,0,0,0,0,0,0,0,0,0,0,0,0,0,0,0,0,0,0,0,0,0,0,0,0,0,0,0,0,0,0,0,0,0,0,0,0,0,0,0,0,0,0,0,0,0,0,0,0,0,0,0,0,0,0,0,0,0,0,0,0,0,0,0,0,0,0,0,0
0.628794,0,0.00324596,0,0.635063,0,0.636456,0,0.636628,0,0.00333302,0,0.00335828,0,0.662659,0,0.659883,0,0.660812,0,0.658138,0,0.660849,0,0.66971,0,0.677171,0,0.676336,0,0.686384,0,0.686999,0,0.687179,0,0.686495,0,0.693058,0,0.696299,0,0.701403,0,0.71173,0,0.717767,0,0.71709,0,0.719469,0,0.719373,0,0.00341368,0,0.00346887,0,0.00325817,0,0.0035282,0,0.00324707,0,0.752217,0,0.754447,0,0.754392,0,0.741653,0,0.74624,0,0.747313,0,0.754451,0,0.754579,0,0.751042,0,0.752274,0,0.756086,0,0.00343756,0,0.761511,0,0.760819,0,0.760785,0,0.765325,0,0.766051,0,0.766765,0,0.771748,0,0.772695,0,0.779485,0,0.783303,0,0.783307,0,0.00340846,0,0.00353371,0,0.00338607,0,0.823973,0,0.829781,0,0.830467,0,0.834549,0,0.834394,0,0.840175,0,0.840507,0,0.845707,0,0.849172,0,0.856396,0,0.850402,0,0.858752,0,0.855732,0,0.860425,0,0.860787,0,0.865403,0,0.869327,0,0.87167,0,0.875173,0,0.877327,0,0.878934,0,0.884201,0,0.885269,0,0.886173,0,0.0035101,0,0.893872,0,0.895203,0,0.00346433,0,0.904937,0,0.900006,0,0.899899,0,0.896035,0,0.898001,0,0.900383,0,0.903814,0,0.912192,0,0.918165,0,0.920168,0,0.921444,0,0.925855,0,0.928419,0,0.929245,0,0.932212,0,0.937018,0,0.939895,0,0.942609,0,0.946503,0,0.94761,0,0.951565,0,0.952425,0,0.953865,0,0.955084,0,0.955989,0,0.955806,0,0.960563,0,0.961931,0,0.96522,0,0.964722,0,0.969024,0,0.97189,0,0.975392,0,0.974262,0,0.976719,0,0.976976,0,0.974381,0,0.976665,0,0.979498,0,0.982091,0,0.987126,0,0.988589,0,0.990646,0,0.992013,0,0.994326,0,0.00313994,0,1.43623,0,0.00330087,0,0.999114,0,0.00343873,0,1.00432,0,1.00551,0,1.01043,0,1.01547,0,1.01582,0,1.01849,0,1.02521,0,1.0256,0,1.03087,0,1.03275,0,1.03575,0,1.04008,0,1.04463,0,1.0472,0,1.04895,0,1.05272,0,1.05352,0,1.06097,0,1.05385,0,1.05946,0,1.06074,0,1.06633,0,1.06631,0,0.00324283,0,1.07551,0,1.07851,0,1.08078,0,0.00314994,0,0.003661,0,0.0034156,0,1.10527,0,1.11102,0,1.11202,0,1.10298,0,1.1082,0,1.10455,0,1.10173,0,1.10293,0,1.10481,0,1.10711,0,1.10897,0,1.11161,0,1.11388,0,1.12013,0,1.12183,0,1.12452,0,1.1292,0,1.13248,0,1.14072,0,0.00324439,0,1.14978,0,0.00342903,0,1.16397,0,1.1679,0,1.1683,0,1.16645,0,1.167,0,1.16704,0,1.16803,0,1.17141,0,1.17364,0,1.17437,0,1.18996,0,1.19281,0,1.19608,0,1.19818,0,1.19696,0,1.19782,0,1.20052,0,1.20203,0,1.20299,0,1.20942,0,1.20989,0,1.20937,0,1.2111,0,1.21511,0,1.21758,0,1.21939,0,1.22384,0,1.22951,0,1.23101,0,1.23858,0,1.23743,0,1.23468,0,1.23824,0,1.23808,0,1.23513,0,1.23579,0,1.23938,0,1.24636,0,1.24894,0,1.24921,0,1.2585,0,1.26031,0,1.26702,0,1.27056,0,1.2707,0,1.27814,0,1.28288,0,1.28808,0,1.28981,0,1.29094,0,1.29257,0,1.29359,0,1.2928,0,1.29576,0,1.2982,0,1.29275,0,1.29337,0,1.28614,0,1.28651,0,1.28773,0,1.28828,0,1.29418,0,1.29061,0,1.29145,0,1.29535,0,1.29945,0,1.29987,0,1.29497,0,1.29348,0,1.29524,0,1.29597,0,1.2965,0,1.3,0,1.30459,0,1.30761,0,1.31224,0,1.31223,0,1.31106,0,1.30976,0,1.31146,0,1.3132,0,1.32373,0,1.32315,0,1.32482,0,1.32644,0,1.32998,0,1.33068,0,1.33233,0,1.33151,0,1.33239,0,1.33442,0,1.33466,0,1.33662,0,1.33477,0,1.33782,0,1.33794,0,1.34134,0,1.34117,0,1.34576,0,1.3438,0,1.35045,0,1.35075,0,1.35435,0,0.00345309,0,1.35429,0,1.3569,0,1.34807,0,1.34466,0,1.35216,0,1.5206,0,1.36454,0,1.36582,0
0,0,0,0,0,0,0,0,0,0,0,0,0,0,0,0,0,0,0,0,0,0,0,0,0,0,0,0,0,0,0,0,0,0,0,0,0,0,0,0,0,0,0,0,0,0,0,0,0,0,0,0,0,0,0,0,0,0,0,0,0,0,0,0,0,0,0,0,0,0,0,0,0,0,0,0,0,0,0,0,0,0,0,0,0,0,0,0,0,0,0,0,0,0,0,0,0,0,0,0,0,0,0,0,0,0,0,0,0,0,0,0,0,0,0,0,0,0,0,0,0,0,0,0,0,0,0,0,0,0,0,0,0,0,0,0,0,0,0,0,0,0,0,0,0,0,0,0,0,0,0,0,0,0,0,0,0,0,0,0,0,0,0,0,0,0,0,0,0,0,0,0,0,0,0,0,0,0,0,0,0,0,0,0,0,0,0,0,0,0,0,0,0,0,0,0,0,0,0,0,0,0,0,0,0,0,0,0,0,0,0,0,0,0,0,0,0,0,0,0,0,0,0,0,0,0,0,0,0,0,0,0,0,0,0,0,0,0,0,0,0,0,0,0,0,0,0,0,0,0,0,0,0,0,0,0,0,0,0,0,0,0,0,0,0,0,0,0,0,0,0,0,0,0,0,0,0,0,0,0,0,0,0,0,0,0,0,0,0,0,0,0,0,0,0,0,0,0,0,0,0,0,0,0,0,0,0,0,0,0,0,0,0,0,0,0,0,0,0,0,0,0,0,0,0,0,0,0,0,0,0,0,0,0,0,0,0,0,0,0,0,0,0,0,0,0,0,0,0,0,0,0,0,0,0,0,0,0,0,0,0,0,0,0,0,0,0,0,0,0,0,0,0,0,0,0,0,0,0,0,0,0,0,0,0,0,0,0,0,0,0,0,0,0,0,0,0,0,0,0,0,0,0,0,0,0,0,0,0,0,0,0,0,0,0,0,0,0,0,0,0,0,0,0,0,0,0,0,0,0,0,0,0,0,0,0,0,0,0,0,0,0,0,0,0,0,0,0,0,0,0,0,0,0,0,0,0,0,0,0,0,0,0,0,0,0,0,0,0,0,0,0,0,0,0,0,0,0,0,0,0,0,0,0,0,0,0,0,0,0,0,0,0,0,0,0,0,0,0,0,0,0,0,0,0,0,0,0,0,0,0,0,0,0,0,0,0,0,0,0,0,0,0,0,0,0,0,0,0,0,0,0,0,0,0,0,0,0,0,0,0,0,0,0,0,0,0,0,0,0,0,0,0,0,0,0,0,0,0,0,0,0,0,0,0,0,0,0,0,0,0,0,0,0,0,0,0,0,0,0,0,0,0,0,0,0,0,0,0,0,0,0,0,0,0,0,0,0,0,0
0.00340196,0,0.629029,0,0.632009,0,0.631899,0,0.62952,0,0.634417,0,0.635704,0,0.64547,0,0.646298,0,0.656761,0,0.655634,0,0.657612,0,0.654968,0,0.665785,0,0.667055,0,0.668097,0,0.674811,0,0.6794,0,0.686731,0,0.688076,0,0.699834,0,0.703894,0,0.703869,0,0.714318,0,0.716579,0,0.721068,0,0.721471,0,0.00350529,0,0.00332554,0,0.00355743,0,0.736282,0,0.741162,0,0.742611,0,0.74288,0,0.737383,0,0.737129,0,0.73812,0,0.739173,0,0.737149,0,0.739602,0,0.744126,0,0.743808,0,0.74297,0,0.746334,0,0.74775,0,0.75352,0,0.00312879,0,0.00321862,0,0.769896,0,0.771419,0,0.772963,0,0.774615,0,0.776048,0,0.00330384,0,0.00340255,0,0.00347083,0,0.00327209,0,0.00352452,0,0.826169,0,0.827618,0,0.830996,0,0.831625,0,0.832011,0,0.833407,0,0.835265,0,0.837374,0,0.839252,0,0.840874,0,0.844249,0,0.84465,0,0.849028,0,0.852616,0,0.863265,0,0.863875,0,0.873391,0,0.873368,0,0.874337,0,0.00339038,0,0.876911,0,0.872762,0,0.880768,0,0.880292,0,0.883664,0,0.884079,0,0.886181,0,0.89071,0,0.895155,0,0.895655,0,0.898578,0,0.897398,0,0.895909,0,0.893933,0,0.89509,0,0.905733,0,0.916133,0,0.915881,0,0.916561,0,0.920138,0,0.922584,0,0.929419,0,0.926201,0,0.932565,0,0.940695,0,0.941,0,0.944583,0,0.945896,0,0.945003,0,0.951853,0,0.953372,0,0.952603,0,0.953138,0,0.956261,0,0.958348,0,0.96047,0,0.961114,0,0.00341983,0,0.964692,0,0.964843,0,0.967036,0,0.970699,0,0.971054,0,0.973291,0,0.973301,0,0.973753,0,0.976297,0,0.977564,0,0.983065,0,0.981904,0,0.984896,0,0.984734,0,0.987256,0,0.989186,0,0.989235,0,0.991597,0,0.994149,0,0.994675,0,0.999807,0,1.00171,0,1.00523,0,1.00836,0,1.0103,0,1.01509,0,1.02332,0,1.02483,0,1.02658,0,1.02996,0,1.03297,0,1.04257,0,1.04298,0,1.0429,0,1.0466,0,1.04458,0,1.04686,0,1.04795,0,1.05086,0,1.05402,0,1.05904,0,1.06069,0,1.06668,0,1.0645,0,1.07048,0,1.07014,0,1.07638,0,1.07521,0,1.08372,0,1.08727,0,1.0881,0,1.09778,0,1.10102,0,1.10043,0,1.09599,0,1.09539,0,1.09773,0,1.10171,0,1.10476,0,1.10533,0,1.10883,0,1.11137,0,1.11672,0,1.11931,0,1.12399,0,1.12297,0,1.12289,0,1.12517,0,1.13811,0,1.13729,0,1.14277,0,0.00345244,0,0.00333079,0,1.16427,0,1.16626,0,1.16657,0,1.16474,0,1.1645,0,1.16015,0,1.165,0,1.17317,0,1.17442,0,1.18612,0,1.19399,0,1.20325,0,1.20201,0,1.20058,0,1.20085,0,1.19878,0,1.20324,0,1.20174,0,1.20247,0,1.20552,0,1.20844,0,1.21052,0,1.21518,0,1.21935,0,1.2201,0,1.22384,0,1.22477,0,1.22545,0,1.23157,0,1.23396,0,1.23737,0,1.23962,0,1.2367,0,1.23562,0,1.23685,0,1.24044,0,1.24176,0,1.25008,0,1.25402,0,1.25355,0,1.25627,0,1.26251,0,1.27146,0,1.27166,0,1.27538,0,0.00339755,0,0.00327722,0,1.29185,0,1.29362,0,1.30445,0,1.30572,0,1.30742,0,1.30038,0,1.2955,0,1.29607,0,1.29158,0,1.27952,0,1.28143,0,1.28362,0,1.28368,0,1.2823,0,1.27992,0,1.27919,0,1.2886,0,1.28639,0,1.28778,0,1.28885,0,1.28242,0,1.29076,0,1.28467,0,1.28946,0,1.29198,0,1.29904,0,1.29946,0,1.30114,0,1.30335,0,1.3031,0,1.30643,0,1.30999,0,1.3141,0,1.31637,0,1.31727,0,1.32195,0,1.32168,0,1.3196,0,1.32253,0,1.32566,0,1.32506,0,1.3283,0,1.33041,0,1.33183,0,1.33396,0,1.33179,0,1.33239,0,1.33307,0,1.33655,0,1.34354,0,1.3527,0,1.35241,0,1.35339,0,1.35523,0,1.34186,0,1.34318,0,1.34624,0,1.34683,0,1.34134,0,1.3425,0,1.3476,0,1.35177,0,0.00349862,0,0.00343641,0
0,0,0,0,0,0,0,0,0,0,0,0,0,0,0,0,0,0,0,0,0,0,0,0,0,0,0,0,0,0,0,0,0,0,0,0,0,0,0,0,0,0,0,0,0,0,0,0,0,0,0,0,0,0,0,0,0,0,0,0,0,0,0,0,0,0,0,0,0,0,0,0,0,0,0,0,0,0,0,0,0,0,0,0,0,0,0,0,0,0,0,0,0,0,0,0,0,0,0,0,0,0,0,0,0,0,0,0,0,0,0,0,0,0,0,0,0,0,0,0,0,0,0,0,0,0,0,0,0,0,0,0,0,0,0,0,0,0,0,0,0,0,0,0,0,0,0,0,0,0,0,0,0,0,0,0,0,0,0,0,0,0,0,0,0,0,0,0,0,0,0,0,0,0,0,0,0,0,0,0,0,0,0,0,0,0,0,0,0,0,0,0,0,0,0,0,0,0,0,0,0,0,0,0,0,0,0,0,0,0,0,0,0,0,0,0,0,0,0,0,0,0,0,0,0,0,0,0,0,0,0,0,0,0,0,0,0,0,0,0,0,0,0,0,0,0,0,0,0,0,0,0,0,0,0,0,0,0,0,0,0,0,0,0,0,0,0,0,0,0,0,0,0,0,0,0,0,0,0,0,0,0,0,0,0,0,0,0,0,0,0,0,0,0,0,0,0,0,0,0,0,0,0,0,0,0,0,0,0,0,0,0,0,0,0,0,0,0,0,0,0,0,0,0,0,0,0,0,0,0,0,0,0,0,0,0,0,0,0,0,0,0,0,0,0,0,0,0,0,0,0,0,0,0,0,0,0,0,0,0,0,0,0,0,0,0,0,0,0,0,0,0,0,0,0,0,0,0,0,0,0,0,0,0,0,0,0,0,0,0,0,0,0,0,0,0,0,0,0,0,0,0,0,0,0,0,0,0,0,0,0,0,0,0,0,0,0,0,0,0,0,0,0,0,0,0,0,0,0,0,0,0,0,0,0,0,0,0,0,0,0,0,0,0,0,0,0,0,0,0,0,0,0,0,0,0,0,0,0,0,0,0,0,0,0,0,0,0,0,0,0,0,0,0,0,0,0,0,0,0,0,0,0,0,0,0,0,0,0,0,0,0,0,0,0,0,0,0,0,0,0,0,0,0,0,0,0,0,0,0,0,0,0,0,0,0,0,0,0,0,0,0,0,0,0,0,0,0,0,0,0,0,0,0,0,0,0,0,0,0,0,0,0,0,0,0,0,0,0,0,0,0,0,0,0,0,0,0,0,0,0,0,0,0,0,0,0,0,0,0,0,0,0,0,0,0,0,0,0,0,0,0,0,0,0,0,0,0,0,0,0,0,0,0,0,0,0,0,0,0
0.623458,0,0.624765,0,0.631909,0,0.632672,0,0.634407,0,0.635977,0,0.641414,0,0.643687,0,0.646997,0,0.650827,0,0.652614,0,0.653041,0,0.656223,0,0.659475,0,0.666231,0,0.667925,0,0.677274,0,0.679789,0,0.691843,0,0.700963,0,0.69991,0,0.699234,0,0.701857,0,0.705318,0,0.705911,0,0.705534,0,0.696538,0,0.698878,0,0.704665,0,0.00331324,0,0.736484,0,0.740519,0,0.740739,0,0.742034,0,0.740587,0,0.731012,0,0.731274,0,0.731189,0,0.731239,0,0.731406,0,0.73372,0,0.736328,0,0.74535,0,0.749166,0,0.752372,0,0.753339,0,0.756807,0,0.758095,0,0.765174,0,0.767344,0,0.775378,0,0.779279,0,0.782414,0,0.783841,0,0.785314,0,0.789651,0,0.979587,0,0.00331738,0,0.00355089,0,0.829532,0,0.831486,0,0.830429,0,0.834958,0,0.835261,0,0.832956,0,0.834911,0,0.83756,0,0.838962,0,0.843855,0,0.842292,0,0.842426,0,0.845519,0,0.003504,0,0.862616,0,0.864136,0,0.865352,0,0.866405,0,0.858547,0,0.860419,0,0.864352,0,0.870618,0,0.00333,0,0.876964,0,0.877174,0,0.883272,0,0.884135,0,0.884598,0,0.886969,0,0.889516,0,0.890138,0,0.891281,0,0.891783,0,0.00366926,0,0.00338703,0,0.00384377,0,0.910203,0,0.914269,0,0.917669,0,0.922136,0,0.925465,0,0.92491,0,0.925575,0,0.930111,0,0.00338464,0,0.930808,0,0.00335117,0,0.939051,0,0.949771,0,0.949752,0,0.951272,0,0.952601,0,0.955461,0,0.952921,0,0.95203,0,0.953857,0,0.958916,0,0.961457,0,0.965029,0,0.967793,0,0.97344,0,0.974246,0,0.967909,0,0.969314,0,0.972843,0,0.973015,0,0.973415,0,0.978933,0,0.979727,0,0.978604,0,0.982451,0,0.984683,0,0.985624,0,0.987062,0,0.988337,0,0.994129,0,0.994012,0,0.997418,0,0.99836,0,1.00154,0,1.00645,0,1.00878,0,1.01296,0,1.01591,0,1.01903,0,0.00368295,0,0.0032935,0,0.00362665,0,1.04384,0,1.04583,0,1.04641,0,1.04432,0,1.04728,0,1.04542,0,1.04536,0,1.04514,0,1.04949,0,0.00346844,0,0.00334853,0,1.05794,0,1.06123,0,1.06443,0,1.07099,0,1.07216,0,1.07349,0,0.00346955,0,0.00341898,0,0.00320505,0,0.00342345,0,0.00332313,0,0.00328736,0,1.08645,0,1.09264,0,1.09441,0,1.09562,0,1.09854,0,1.098,0,1.10192,0,1.10479,0,1.10903,0,1.11077,0,1.11222,0,1.11615,0,1.12144,0,1.12345,0,1.13029,0,1.13379,0,1.13696,0,1.14023,0,1.14648,0,1.3215,0,1.15736,0,1.16298,0,1.16209,0,1.1614,0,1.16203,0,1.1688,0,1.17248,0,1.17499,0,1.17979,0,1.18522,0,1.19765,0,0.0032975,0,1.19528,0,1.19491,0,1.19727,0,1.19561,0,1.19537,0,1.19594,0,1.19667,0,1.20233,0,1.20757,0,1.21127,0,1.21426,0,1.21917,0,1.22168,0,1.22321,0,1.22338,0,1.22552,0,1.22745,0,1.23239,0,1.23132,0,1.23622,0,1.23712,0,1.24049,0,1.24157,0,1.2462,0,1.24828,0,1.25532,0,1.25611,0,1.25655,0,1.25847,0,1.26005,0,1.26899,0,1.26854,0,1.27769,0,1.28182,0,1.28462,0,0.00357109,0,1.40498,0,0.00341792,0,1.292,0,1.29443,0,1.29499,0,1.29681,0,1.28252,0,1.27429,0,1.27371,0,1.2768,0,1.27454,0,1.2758,0,1.27915,0,1.28039,0,1.28264,0,1.28333,0,1.28404,0,1.28245,0,1.28185,0,1.28357,0,1.28462,0,1.2881,0,1.28479,0,1.28633,0,1.29369,0,1.29475,0,1.2937,0,1.29651,0,1.29598,0,1.29707,0,1.30595,0,0.00347155,0,0.00341523,0,1.31267,0,1.31831,0,1.31722,0,1.32296,0,1.32271,0,1.32132,0,1.32086,0,1.32399,0,1.32432,0,1.32848,0,1.331,0,1.3334,0,1.33399,0,1.33188,0,1.32934,0,1.33578,0,1.33381,0,1.33768,0,1.33605,0,1.33682,0,1.33105,0,1.3373,0,1.34009,0,1.34261,0,1.34399,0,1.3455,0,1.35105,0,1.35292,0,1.35353,0
0,0,0,0,0,0,0,0,0,0,0,0,0,0,0,0,0,0,0,0,0,0,0,0,0,0,0,0,0,0,0,0,0,0,0,0,0,0,0,0,0,0,0,0,0,0,0,0,0,0,0,0,0,0,0,0,0,0,0,0,0,0,0,0,0,0,0,0,0,0,0,0,0,0,0,0,0,0,0,0,0,0,0,0,0,0,0,0,0,0,0,0,0,0,0,0,0,0,0,0,0,0,0,0,0,0,0,0,0,0,0,0,0,0,0,0,0,0,0,0,0,0,0,0,0,0,0,0,0,0,0,0,0,0,0,0,0,0,0,0,0,0,0,0,0,0,0,0,0,0,0,0,0,0,0,0,0,0,0,0,0,0,0,0,0,0,0,0,0,0,0,0,0,0,0,0,0,0,0,0,0,0,0,0,0,0,0,0,0,0,0,0,0,0,0,0,0,0,0,0,0,0,0,0,0,0,0,0,0,0,0,0,0,0,0,0,0,0,0,0,0,0,0,0,0,0,0,0,0,0,0,0,0,0,0,0,0,0,0,0,0,0,0,0,0,0,0,0,0,0,0,0,0,0,0,0,0,0,0,0,0,0,0,0,0,0,0,0,0,0,0,0,0,0,0,0,0,0,0,0,0,0,0,0,0,0,0,0,0,0,0,0,0,0,0,0,0,0,0,0,0,0,0,0,0,0,0,0,0,0,0,0,0,0,0,0,0,0,0,0,0,0,0,0,0,0,0,0,0,0,0,0,0,0,0,0,0,0,0,0,0,0,0,0,0,0,0,0,0,0,0,0,0,0,0,0,0,0,0,0,0,0,0,0,0,0,0,0,0,0,0,0,0,0,0,0,0,0,0,0,0,0,0,0,0,0,0,0,0,0,0,0,0,0,0,0,0,0,0,0,0,0,0,0,0,0,0,0,0,0,0,0,0,0,0,0,0,0,0,0,0,0,0,0,0,0,0,0,0,0,0,0,0,0,0,0,0,0,0,0,0,0,0,0,0,0,0,0,0,0,0,0,0,0,0,0,0,0,0,0,0,0,0,0,0,0,0,0,0,0,0,0,0,0,0,0,0,0,0,0,0,0,0,0,0,0,0,0,0,0,0,0,0,0,0,0,0,0,0,0,0,0,0,0,0,0,0,0,0,0,0,0,0,0,0,0,0,0,0,0,0,0,0,0,0,0,0,0,0,0,0,0,0,0,0,0,0,0,0,0,0,0,0,0,0,0,0,0,0,0,0,0,0,0,0,0,0,0,0,0,0,0,0,0,0,0,0,0,0,0,0,0,0,0,0,0,0,0,0,0,0,0,0,0,0,0,0,0,0,0,0,0,0,0,0,0,0,0,0,0
0.625008,0,0.622834,0,0.622122,0,0.619583,0,0.625579,0,0.626306,0,0.0031914,0,0.635548,0,0.646365,0,0.647036,0,0.654968,0,0.655291,0,0.65434,0,0.00341206,0,0.0032348,0,0.00335048,0,0.686519,0,0.688576,0,0.695497,0,0.695985,0,0.688671,0,0.69718,0,0.699961,0,0.703596,0,0.705754,0,0.695326,0,0.698553,0,0.69885,0,0.00318541,0,0.00358834,0,0.00339771,0,0.00373054,0,0.735106,0,0.736817,0,0.738564,0,0.72295,0,0.723546,0,0.724817,0,0.725894,0,0.729629,0,0.734924,0,0.00344158,0,0.749204,0,0.751088,0,0.752665,0,0.754734,0,0.755491,0,0.925585,0,0.00318244,0,0.781385,0,0.783133,0,0.785339,0,0.784985,0,0.797435,0,0.799034,0,0.801238,0,0.80277,0,0.81179,0,0.00353133,0,0.820332,0,0.829878,0,0.830595,0,0.831358,0,0.830203,0,0.828292,0,0.827002,0,0.828431,0,0.831525,0,0.830459,0,0.831276,0,0.834739,0,0.838133,0,0.840981,0,0.844826,0,0.845717,0,0.849903,0,0.85183,0,0.852666,0,0.855543,0,0.00356499,0,0.00318894,0,0.867285,0,0.871238,0,0.872218,0,0.876506,0,0.877893,0,0.881105,0,0.883615,0,0.886511,0,0.88815,0,0.889573,0,0.891604,0,0.894067,0,0.89947,0,0.00335201,0,0.905396,0,0.909073,0,0.911316,0,0.915472,0,0.914224,0,0.915411,0,0.91717,0,0.91979,0,0.925756,0,0.926249,0,0.927878,0,0.00318864,0,0.00332417,0,0.00324723,0,0.939924,0,0.94273,0,0.943392,0,0.945805,0,0.947125,0,0.948374,0,0.951894,0,0.954047,0,0.00351701,0,0.00343858,0,0.966741,0,0.967089,0,0.967607,0,0.967817,0,0.967789,0,0.97042,0,0.973558,0,0.97599,0,0.979093,0,0.977838,0,0.977795,0,0.9821,0,0.984891,0,0.986085,0,0.98548,0,0.988169,0,0.990989,0,0.992912,0,0.00364302,0,1.00069,0,0.00366473,0,1.00671,0,1.00814,0,1.00729,0,1.0094,0,1.01214,0,0.003254,0,0.00342298,0,0.00343161,0,0.00330439,0,1.02537,0,1.02724,0,0.00356507,0,1.03441,0,1.03962,0,1.04537,0,1.04912,0,1.05084,0,1.05255,0,1.05569,0,1.05705,0,1.06037,0,1.06238,0,1.06416,0,1.06246,0,1.06128,0,1.06405,0,1.06692,0,1.07159,0,1.08036,0,1.08072,0,1.08968,0,1.09098,0,1.09293,0,1.09394,0,1.0974,0,1.10113,0,1.10184,0,1.10783,0,1.1093,0,1.11146,0,1.11664,0,1.11847,0,1.12236,0,1.12309,0,1.12518,0,1.13254,0,1.13383,0,1.13609,0,0.00348654,0,1.15632,0,1.15748,0,1.15885,0,1.14766,0,1.15091,0,1.15204,0,1.24664,0,0.00349888,0,1.17897,0,1.18355,0,1.18372,0,1.1882,0,1.18828,0,1.18326,0,1.183,0,1.18494,0,1.1878,0,1.1818,0,1.18323,0,0.00325459,0,1.19665,0,1.20276,0,1.20537,0,1.20664,0,1.21193,0,1.21404,0,1.21675,0,1.22302,0,1.2235,0,1.22709,0,1.22915,0,1.23089,0,1.23578,0,1.23555,0,1.23426,0,1.24218,0,1.24524,0,1.248,0,1.24817,0,1.24741,0,1.24792,0,1.25109,0,1.34604,0,1.27177,0,1.27765,0,1.27805,0,1.27891,0,1.27888,0,0.00332162,0,0.00340401,0,0.00345724,0,1.34855,0,1.28062,0,1.28237,0,1.26995,0,1.27115,0,1.27129,0,1.27446,0,1.27281,0,1.27785,0,1.27838,0,1.27868,0,1.27841,0,1.28072,0,1.27537,0,1.28067,0,1.27917,0,1.27865,0,1.27621,0,1.27789,0,1.2825,0,1.28438,0,1.28729,0,1.28801,0,1.28912,0,1.28816,0,1.29103,0,1.28873,0,1.28963,0,1.28906,0,1.2963,0,1.29934,0,1.30562,0,1.30654,0,1.314,0,1.3155,0,1.31853,0,1.31544,0,1.31445,0,1.31811,0,1.31926,0,1.31757,0,1.31926,0,1.32055,0,1.32203,0,1.32413,0,1.32106,0,1.32115,0,1.32662,0,1.32634,0,1.32809,0,1.32809,0,1.32967,0,1.33361,0,1.33621,0,1.33953,0,1.34099,0,1.34851,0,1.34782,0,1.34899,0,1.35375,0
0,0,0,0,0,0,0,0,0,0,0,0,0,0,0,0,0,0,0,0,0,0,0,0,0,0,0,0,0,0,0,0,0,0,0,0,0,0,0,0,0,0,0,0,0,0,0,0,0,0,0,0,0,0,0,0,0,0,0,0,0,0,0,0,0,0,0,0,0,0,0,0,0,0,0,0,0,0,0,0,0,0,0,0,0,0,0,0,0,0,0,0,0,0,0,0,0,0,0,0,0,0,0,0,0,0,0,0,0,0,0,0,0,0,0,0,0,0,0,0,0,0,0,0,0,0,0,0,0,0,0,0,0,0,0,0,0,0,0,0,0,0,0,0,0,0,0,0,0,0,0,0,0,0,0,0,0,0,0,0,0,0,0,0,0,0,0,0,0,0,0,0,0,0,0,0,0,0,0,0,0,0,0,0,0,0,0,0,0,0,0,0,0,0,0,0,0,0,0,0,0,0,0,0,0,0,0,0,0,0,0,0,0,0,0,0,0,0,0,0,0,0,0,0,0,0,0,0,0,0,0,0,0,0,0,0,0,0,0,0,0,0,0,0,0,0,0,0,0,0,0,0,0,0,0,0,0,0,0,0,0,0,0,0,0,0,0,0,0,0,0,0,0,0,0,0,0,0,0,0,0,0,0,0,0,0,0,0,0,0,0,0,0,0,0,0,0,0,0,0,0,0,0,0,0,0,0,0,0,0,0,0,0,0,0,0,0,0,0,0,0,0,0,0,0,0,0,0,0,0,0,0,0,0,0,0,0,0,0,0,0,0,0,0,0,0,0,0,0,0,0,0,0,0,0,0,0,0,0,0,0,0,0,0,0,0,0,0,0,0,0,0,0,0,0,0,0,0,0,0,0,0,0,0,0,0,0,0,0,0,0,0,0,0,0,0,0,0,0,0,0,0,0,0,0,0,0,0,0,0,0,0,0,0,0,0,0,0,0,0,0,0,0,0,0,0,0,0,0,0,0,0,0,0,0,0,0,0,0,0,0,0,0,0,0,0,0,0,0,0,0,0,0,0,0,0,0,0,0,0,0,0,0,0,0,0,0,0,0,0,0,0,0,0,0,0,0,0,0,0,0,0,0,0,0,0,0,0,0,0,0,0,0,0,0,0,0,0,0,0,0,0,0,0,0,0,0,0,0,0,0,0,0,0,0,0,0,0,0,0,0,0,0,0,0,0,0,0,0,0,0,0,0,0,0,0,0,0,0,0,0,0,0,0,0,0,0,0,0,0,0,0,0,0,0,0,0,0,0,0,0,0,0,0,0,0,0,0,0,0,0,0,0,0,0,0,0,0,0,0,0,0,0,0,0,0,0,0,0,0,0,0,0,0,0,0,0,0,0,0
0.614262,0,0.616579,0,0.619243,0,0.62527,0,0.625158,0,0.62609,0,0.635878,0,0.636413,0,0.00339747,0,0.666883,0,0.668581,0,0.669836,0,0.672854,0,0.679863,0,0.680234,0,0.684563,0,0.693624,0,0.694005,0,0.693368,0,0.692676,0,0.694005,0,0.688531,0,0.693781,0,0.69382,0,0.691981,0,0.692555,0,0.693233,0,0.00342905,0,0.00353772,0,0.00343798,0,0.0033031,0,0.00297072,0,0.733189,0,0.71849,0,0.719886,0,0.724712,0,0.725406,0,0.723656,0,0.724758,0,0.726723,0,0.946216,0,0.00336581,0,0.748614,0,0.753946,0,0.75502,0,0.00341729,0,0.772951,0,0.00341205,0,0.786089,0,0.788003,0,0.790689,0,0.79523,0,0.797032,0,0.800541,0,0.803166,0,0.804297,0,0.81103,0,0.812452,0,0.815215,0,0.818091,0,0.819174,0,0.825132,0,0.825248,0,0.825727,0,0.824756,0,0.825301,0,0.827052,0,0.828717,0,0.830213,0,0.830922,0,0.8325,0,0.832451,0,0.835335,0,0.837524,0,0.836589,0,0.837702,0,0.842305,0,0.847028,0,0.849025,0,0.849494,0,0.003119,0,0.863349,0,0.867297,0,0.870604,0,0.869593,0,0.872158,0,0.876799,0,0.876872,0,0.878943,0,0.879172,0,0.887738,0,0.00335547,0,0.890868,0,0.900549,0,0.00333836,0,0.00333922,0,0.899261,0,0.903845,0,0.90087,0,0.904584,0,0.91009,0,0.913567,0,0.918138,0,0.917485,0,0.920649,0,0.924014,0,0.924803,0,0.931258,0,0.93227,0,0.93709,0,0.938644,0,0.941645,0,0.940893,0,0.94079,0,0.946176,0,0.944625,0,0.947526,0,0.948828,0,0.954491,0,0.959315,0,0.961594,0,0.964149,0,0.96352,0,0.963488,0,0.966214,0,0.968004,0,0.967926,0,0.973761,0,0.973643,0,0.97597,0,0.977987,0,0.978876,0,0.98141,0,0.979475,0,0.98791,0,0.988487,0,0.989141,0,0.993462,0,0.997605,0,1.00203,0,1.00388,0,1.00579,0,1.00762,0,1.00656,0,1.00878,0,1.0106,0,1.0144,0,1.01562,0,1.01833,0,1.01992,0,1.02688,0,0.00322552,0,1.02965,0,1.03026,0,1.03244,0,1.0346,0,1.03469,0,1.03846,0,1.04724,0,1.04694,0,1.04711,0,1.05034,0,1.05281,0,1.05318,0,1.05548,0,1.06402,0,1.06775,0,1.06886,0,1.0797,0,1.08041,0,0.00335099,0,1.08217,0,1.08711,0,1.08783,0,1.09333,0,1.09726,0,1.1041,0,0.0033274,0,1.11575,0,1.11478,0,1.11545,0,1.11068,0,1.11222,0,1.11307,0,1.12422,0,1.12629,0,1.13638,0,0.00344637,0,1.32286,0,0.00330226,0,0.00333332,0,1.14149,0,1.14481,0,1.14662,0,1.14982,0,0.00317753,0,1.16665,0,1.17077,0,1.17398,0,1.18002,0,1.18065,0,1.17726,0,1.17785,0,1.17572,0,1.18006,0,1.18183,0,1.17778,0,0.00345353,0,1.19257,0,1.19595,0,1.19648,0,1.20152,0,1.19965,0,1.2015,0,1.20948,0,1.20959,0,1.20965,0,1.21278,0,1.21313,0,1.21528,0,1.22172,0,1.22448,0,1.22838,0,1.2335,0,0.00331785,0,0.00334187,0,1.24217,0,1.2372,0,1.23926,0,1.24303,0,1.2794,0,0.00337475,0,0.00348951,0,0.00336406,0,0.00327584,0,0.00328078,0,1.26237,0,1.26103,0,1.26714,0,1.26352,0,1.26551,0,1.2649,0,1.2623,0,1.26346,0,1.26226,0,1.26192,0,1.26343,0,1.26442,0,1.55816,0,1.26846,0,1.27115,0,1.2721,0,1.27235,0,1.27301,0,1.27105,0,1.27201,0,1.26877,0,1.26747,0,1.27238,0,1.27159,0,1.27071,0,1.27246,0,1.2726,0,1.27497,0,1.28302,0,1.28782,0,1.28639,0,1.28501,0,1.2832,0,1.28582,0,1.29629,0,1.29736,0,1.29878,0,1.30609,0,1.31112,0,1.31158,0,1.3105,0,1.3062,0,1.3064,0,1.31148,0,1.31055,0,1.31084,0,1.3132,0,1.31824,0,1.32128,0,1.32007,0,1.32246,0,1.31865,0,1.32695,0,1.32633,0,1.32643,0,1.32395,0,1.32889,0,1.33048,0,1.33913,0,0.00333805,0,1.34774,0,1.34904,0,1.35365,0,1.34658,0
0,0,0,0,0,0,0,0,0,0,0,0,0,0,0,0,0,0,0,0,0,0,0,0,0,0,0,0,0,0,0,0,0,0,0,0,0,0,0,0,0,0,0,0,0,0,0,0,0,0,0,0,0,0,0,0,0,0,0,0,0,0,0,0,0,0,0,0,0,0,0,0,0,0,0,0,0,0,0,0,0,0,0,0,0,0,0,0,0,0,0,0,0,0,0,0,0,0,0,0,0,0,0,0,0,0,0,0,0,0,0,0,0,0,0,0,0,0,0,0,0,0,0,0,0,0,0,0,0,0,0,0,0,0,0,0,0,0,0,0,0,0,0,0,0,0,0,0,0,0,0,0,0,0,0,0,0,0,0,0,0,0,0,0,0,0,0,0,0,0,0,0,0,0,0,0,0,0,0,0,0,0,0,0,0,0,0,0,0,0,0,0,0,0,0,0,0,0,0,0,0,0,0,0,0,0,0,0,0,0,0,0,0,0,0,0,0,0,0,0,0,0,0,0,0,0,0,0,0,0,0,0,0,0,0,0,0,0,0,0,0,0,0,0,0,0,0,0,0,0,0,0,0,0,0,0,0,0,0,0,0,0,0,0,0,0,0,0,0,0,0,0,0,0,0,0,0,0,0,0,0,0,0,0,0,0,0,0,0,0,0,0,0,0,0,0,0,0,0,0,0,0,0,0,0,0,0,0,0,0,0,0,0,0,0,0,0,0,0,0,0,0,0,0,0,0,0,0,0,0,0,0,0,0,0,0,0,0,0,0,0,0,0,0,0,0,0,0,0,0,0,0,0,0,0,0,0,0,0,0,0,0,0,0,0,0,0,0,0,0,0,0,0,0,0,0,0,0,0,0,0,0,0,0,0,0,0,0,0,0,0,0,0,0,0,0,0,0,0,0,0,0,0,0,0,0,0,0,0,0,0,0,0,0,0,0,0,0,0,0,0,0,0,0,0,0,0,0,0,0,0,0,0,0,0,0,0,0,0,0,0,0,0,0,0,0,0,0,0,0,0,0,0,0,0,0,0,0,0,0,0,0,0,0,0,0,0,0,0,0,0,0,0,0,0,0,0,0,0,0,0,0,0,0,0,0,0,0,0,0,0,0,0,0,0,0,0,0,0,0,0,0,0,0,0,0,0,0,0,0,0,0,0,0,0,0,0,0,0,0,0,0,0,0,0,0,0,0,0,0,0,0,0,0,0,0,0,0,0,0,0,0,0,0,0,0,0,0,0,0,0,0,0,0,0,0,0,0,0,0,0,0,0,0,0,0,0,0,0,0,0,0,0,0,0,0,0,0,0,0,0,0,0,0,0,0,0,0,0,0,0,0,0,0,0,0,0,0,0,0
0.608427,0,0.00326999,0,0.632183,0,0.633513,0,0.634658,0,0.635614,0,0.639633,0,0.639131,0,0.00324722,0,0.0034584,0,0.671813,0,0.672848,0,0.671021,0,0.67119,0,0.00339347,0,0.0035739,0,0.666681,0,0.00348357,0,0.703547,0,0.684006,0,0.68436,0,0.684238,0,0.694673,0,0.695022,0,0.687435,0,0.684923,0,0.686525,0,0.00328094,0,0.003303,0,0.703715,0,0.705878,0,0.707929,0,0.712544,0,0.715683,0,0.721072,0,0.720641,0,0.723333,0,0.722626,0,0.722691,0,0.72953,0,0.730531,0,0.00353584,0,0.00336317,0,0.00364773,0,0.752153,0,0.00354755,0,0.00312265,0,0.00342136,0,0.00313125,0,0.790747,0,0.797714,0,0.798291,0,0.804035,0,0.807273,0,0.807456,0,0.805323,0,0.804633,0,0.804241,0,0.808102,0,0.810095,0,0.807572,0,0.808223,0,0.810759,0,0.822362,0,0.820425,0,0.824048,0,0.824993,0,0.825731,0,0.825374,0,0.826923,0,0.827704,0,0.829248,0,0.830044,0,0.829941,0,0.835705,0,0.832967,0,0.835915,0,0.834902,0,0.838537,0,0.842154,0,0.844281,0,0.00373766,0,0.86597,0,0.868077,0,0.86922,0,0.868275,0,0.868712,0,0.868307,0,0.874444,0,0.876253,0,0.877564,0,0.879172,0,0.882568,0,0.883266,0,0.886226,0,0.886551,0,0.890471,0,1.36759,0,0.897857,0,0.902484,0,0.90497,0,0.907944,0,0.912107,0,0.912804,0,0.916503,0,0.919739,0,0.920896,0,0.926078,0,0.925397,0,0.00345388,0,0.9299,0,0.92936,0,0.9324,0,0.935423,0,0.939975,0,0.937273,0,0.00326254,0,0.949147,0,0.944064,0,0.946979,0,0.953082,0,0.955093,0,0.959731,0,0.961724,0,0.963373,0,0.963962,0,0.96859,0,0.968159,0,0.969918,0,0.970225,0,0.972044,0,0.971216,0,0.975067,0,0.975068,0,0.980118,0,0.985839,0,0.986443,0,0.00346882,0,0.997699,0,0.999998,0,1.00248,0,0.00370227,0,0.00345019,0,1.00793,0,1.00694,0,1.00865,0,1.00523,0,1.00665,0,0.00346345,0,1.01562,0,1.0202,0,1.02229,0,1.02308,0,1.02993,0,1.03172,0,1.03293,0,1.03531,0,1.03612,0,1.03484,0,1.03605,0,1.03816,0,1.04097,0,1.04688,0,1.04946,0,1.05731,0,1.05797,0,1.0598,0,1.06041,0,1.06244,0,0.00343252,0,0.00353442,0,1.08729,0,1.08927,0,1.09059,0,1.09294,0,1.09743,0,1.10034,0,1.10257,0,1.11585,0,1.11709,0,1.1167,0,1.11204,0,1.11348,0,1.11565,0,1.11837,0,1.12249,0,1.13144,0,1.12956,0,1.13359,0,1.13323,0,1.14228,0,1.14579,0,1.14815,0,1.15089,0,1.15348,0,1.15491,0,1.15946,0,1.16177,0,1.16766,0,1.17375,0,1.17362,0,1.17607,0,1.1729,0,1.17147,0,1.17206,0,1.17494,0,1.17577,0,1.17756,0,1.17951,0,1.18925,0,1.19473,0,1.19689,0,1.19669,0,1.19796,0,1.20161,0,1.20368,0,1.20276,0,1.20526,0,1.20697,0,1.20787,0,1.20701,0,1.21482,0,1.21753,0,1.21164,0,1.33848,0,1.21976,0,0.00325369,0,1.4064,0,1.22548,0,1.22975,0,1.22952,0,0.00352258,0,0.00346092,0,0.00355164,0,0.00332566,0,0.00340285,0,1.26397,0,1.26442,0,1.25881,0,1.2612,0,1.25876,0,1.25661,0,1.25564,0,1.25436,0,1.25669,0,1.2573,0,1.257,0,1.26056,0,1.2651,0,1.26816,0,1.26835,0,1.27004,0,1.26655,0,1.26432,0,1.26214,0,1.26093,0,1.2641,0,1.26136,0,1.26544,0,1.26571,0,1.26378,0,1.26884,0,1.27121,0,1.28185,0,1.28472,0,1.28379,0,1.28301,0,1.27545,0,1.28009,0,1.28204,0,1.28473,0,1.28907,0,1.29359,0,1.29435,0,1.29791,0,1.30011,0,1.30553,0,1.29917,0,1.30138,0,1.30281,0,1.30886,0,1.30945,0,1.31356,0,1.3141,0,0.00330613,0,1.31392,0,1.31305,0,0.00333669,0,1.32054,0,1.32064,0,1.56737,0,0.00344837,0,1.35524,0,1.32392,0,1.32938,0,1.33008,0,1.33178,0,1.3342,0,1.33433,0,1.33697,0
0,0,0,0,0,0,0,0,0,0,0,0,0,0,0,0,0,0,0,0,0,0,0,0,0,0,0,0,0,0,0,0,0,0,0,0,0,0,0,0,0,0,0,0,0,0,0,0,0,0,0,0,0,0,0,0,0,0,0,0,0,0,0,0,0,0,0,0,0,0,0,0,0,0,0,0,0,0,0,0,0,0,0,0,0,0,0,0,0,0,0,0,0,0,0,0,0,0,0,0,0,0,0,0,0,0,0,0,0,0,0,0,0,0,0,0,0,0,0,0,0,0,0,0,0,0,0,0,0,0,0,0,0,0,0,0,0,0,0,0,0,0,0,0,0,0,0,0,0,0,0,0,0,0,0,0,0,0,0,0,0,0,0,0,0,0,0,0,0,0,0,0,0,0,0,0,0,0,0,0,0,0,0,0,0,0,0,0,0,0,0,0,0,0,0,0,0,0,0,0,0,0,0,0,0,0,0,0,0,0,0,0,0,0,0,0,0,0,0,0,0,0,0,0,0,0,0,0,0,0,0,0,0,0,0,0,0,0,0,0,0,0,0,0,0,0,0,0,0,0,0,0,0,0,0,0,0,0,0,0,0,0,0,0,0,0,0,0,0,0,0,0,0,0,0,0,0,0,0,0,0,0,0,0,0,0,0,0,0,0,0,0,0,0,0,0,0,0,0,0,0,0,0,0,0,0,0,0,0,0,0,0,0,0,0,0,0,0,0,0,0,0,0,0,0,0,0,0,0,0,0,0,0,0,0,0,0,0,0,0,0,0,0,0,0,0,0,0,0,0,0,0,0,0,0,0,0,0,0,0,0,0,0,0,0,0,0,0,0,0,0,0,0,0,0,0,0,0,0,0,0,0,0,0,0,0,0,0,0,0,0,0,0,0,0,0,0,0,0,0,0,0,0,0,0,0,0,0,0,0,0,0,0,0,0,0,0,0,0,0,0,0,0,0,0,0,0,0,0,0,0,0,0,0,0,0,0,0,0,0,0,0,0,0,0,0,0,0,0,0,0,0,0,0,0,0,0,0,0,0,0,0,0,0,0,0,0,0,0,0,0,0,0,0,0,0,0,0,0,0,0,0,0,0,0,0,0,0,0,0,0,0,0,0,0,0,0,0,0,0,0,0,0,0,0,0,0,0,0,0,0,0,0,0,0,0,0,0,0,0,0,0,0,0,0,0,0,0,0,0,0,0,0,0,0,0,0,0,0,0,0,0,0,0,0,0,0,0,0,0,0,0,0,0,0,0,0,0,0,0,0,0,0,0,0,0,0,0,0,0,0,0,0,0,0,0,0,0,0,0,0,0,0,0,0,0,0,0,0,0,0,0,0,0,0,0,0,0,0,0
0.614893,0,0.616613,0,0.621256,0,0.633496,0,0.634935,0,0.00341134,0,0.649016,0,0.651994,0,0.00370255,0,0.00336665,0,0.00344114,0,0.673914,0,0.658814,0,0.659493,0,0.656841,0,0.661031,0,0.662109,0,0.662003,0,0.675034,0,0.67476,0,0.676021,0,0.681987,0,0.682815,0,0.682909,0,0.682573,0,0.68213,0,0.682342,0,0.687376,0,0.689173,0,0.00328718,0,0.704138,0,0.703018,0,0.703851,0,0.704312,0,0.712839,0,0.714202,0,0.722285,0,0.725399,0,0.726407,0,0.728976,0,0.73412,0,0.733147,0,0.737535,0,0.90616,0,0.00373277,0,0.00342491,0,0.757346,0,0.76009,0,0.00338549,0,0.00335286,0,0.00338353,0,0.0034414,0,0.865002,0,0.864817,0,0.00364585,0,0.00327117,0,0.801574,0,0.00338741,0,0.800999,0,0.804895,0,0.803334,0,0.805215,0,0.807801,0,0.809455,0,0.813112,0,0.814309,0,0.816563,0,0.818424,0,0.822047,0,0.825742,0,0.826179,0,0.825738,0,0.828407,0,0.829442,0,0.827648,0,0.832191,0,0.828577,0,0.829704,0,0.835595,0,0.834042,0,0.844631,0,0.847602,0,0.850011,0,0.859785,0,0.859477,0,0.860391,0,0.86115,0,0.8645,0,0.862937,0,0.863565,0,0.867747,0,0.871686,0,0.872993,0,0.875069,0,0.882321,0,0.882619,0,0.884879,0,0.00312263,0,0.897287,0,0.900591,0,0.90057,0,0.904057,0,0.905757,0,0.901133,0,0.901563,0,0.91833,0,0.919248,0,0.916774,0,0.916814,0,0.921469,0,0.922409,0,0.928727,0,0.931725,0,0.927116,0,0.929858,0,0.931947,0,0.935202,0,0.936663,0,0.939697,0,0.943235,0,0.947889,0,0.951269,0,0.955981,0,0.956499,0,0.963354,0,0.964882,0,0.963811,0,0.966186,0,0.966475,0,0.968789,0,0.970098,0,0.965523,0,0.97404,0,0.973149,0,0.973588,0,0.976878,0,0.978937,0,0.00336757,0,0.00360015,0,0.00322391,0,0.0034052,0,0.00340811,0,0.98955,0,0.996873,0,0.996709,0,0.997754,0,1.00094,0,1.00659,0,1.00798,0,1.01909,0,1.01887,0,1.01995,0,1.0218,0,1.02783,0,0.00342516,0,1.04042,0,1.04234,0,1.04293,0,1.04281,0,1.04294,0,1.04681,0,1.04938,0,1.05755,0,1.0599,0,1.05913,0,1.05875,0,1.05984,0,1.06036,0,1.06728,0,0.0034828,0,1.07868,0,1.08702,0,1.09016,0,1.09341,0,1.09426,0,1.1013,0,1.1037,0,1.10662,0,1.10837,0,1.1091,0,1.10997,0,1.11343,0,1.11717,0,1.11808,0,1.12044,0,1.12244,0,1.12536,0,1.12771,0,1.13492,0,1.13449,0,1.13599,0,1.13808,0,1.14411,0,1.14672,0,1.15006,0,1.15451,0,1.15459,0,1.1577,0,1.16698,0,1.16988,0,1.17165,0,1.17087,0,1.17058,0,1.17093,0,1.16881,0,1.17043,0,1.17285,0,1.17807,0,1.18013,0,1.18553,0,1.19149,0,1.18673,0,0.00340435,0,1.19125,0,1.19455,0,0.0033135,0,1.19449,0,1.19993,0,1.20546,0,1.20356,0,1.20157,0,1.19903,0,1.20008,0,1.20294,0,1.20264,0,1.20523,0,1.20938,0,1.21035,0,1.21731,0,1.19728,0,1.22935,0,1.22728,0,0.00339876,0,0.00352931,0,1.25405,0,1.25183,0,1.25431,0,0.00350105,0,0.00378792,0,0.00325708,0,1.25082,0,1.24967,0,1.25273,0,1.2535,0,1.25113,0,1.25028,0,1.25449,0,1.25487,0,1.25404,0,1.25526,0,1.25948,0,1.25661,0,0.0033604,0,0.00368997,0,0.00331905,0,0.00333904,0,0.00367408,0,0.00343228,0,1.2532,0,1.25816,0,1.25822,0,1.26708,0,1.26929,0,0.00319622,0,1.28681,0,1.28737,0,1.27914,0,1.27772,0,1.27578,0,1.28032,0,1.27758,0,1.28562,0,1.28545,0,1.28757,0,1.29525,0,0.00320435,0,1.29432,0,0.003327,0,0.00326221,0,1.29766,0,1.30051,0,1.29923,0,1.29999,0,1.29998,0,1.30337,0,1.30443,0,1.29768,0,1.29715,0,1.30217,0,0.00348223,0,1.30781,0,0.00321781,0,0.00349061,0,1.32548,0,1.33126,0,1.33291,0,1.33964,0,1.33832,0,1.33751,0,1.34152,0
0,0,0,0,0,0,0,0,0,0,0,0,0,0,0,0,0,0,0,0,0,0,0,0,0,0,0,0,0,0,0,0,0,0,0,0,0,0,0,0,0,0,0,0,0,0,0,0,0,0,0,0,0,0,0,0,0,0,0,0,0,0,0,0,0,0,0,0,0,0,0,0,0,0,0,0,0,0,0,0,0,0,0,0,0,0,0,0,0,0,0,0,0,0,0,0,0,0,0,0,0,0,0,0,0,0,0,0,0,0,0,0,0,0,0,0,0,0,0,0,0,0,0,0,0,0,0,0,0,0,0,0,0,0,0,0,0,0,0,0,0,0,0,0,0,0,0,0,0,0,0,0,0,0,0,0,0,0,0,0,0,0,0,0,0,0,0,0,0,0,0,0,0,0,0,0,0,0,0,0,0,0,0,0,0,0,0,0,0,0,0,0,0,0,0,0,0,0,0,0,0,0,0,0,0,0,0,0,0,0,0,0,0,0,0,0,0,0,0,0,0,0,0,0,0,0,0,0,0,0,0,0,0,0,0,0,0,0,0,0,0,0,0,0,0,0,0,0,0,0,0,0,0,0,0,0,0,0,0,0,0,0,0,0,0,0,0,0,0,0,0,0,0,0,0,0,0,0,0,0,0,0,0,0,0,0,0,0,0,0,0,0,0,0,0,0,0,0,0,0,0,0,0,0,0,0,0,0,0,0,0,0,0,0,0,0,0,0,0,0,0,0,0,0,0,0,0,0,0,0,0,0,0,0,0,0,0,0,0,0,0,0,0,0,0,0,0,0,0,0,0,0,0,0,0,0,0,0,0,0,0,0,0,0,0,0,0,0,0,0,0,0,0,0,0,0,0,0,0,0,0,0,0,0,0,0,0,0,0,0,0,0,0,0,0,0,0,0,0,0,0,0,0,0,0,0,0,0,0,0,0,0,0,0,0,0,0,0,0,0,0,0,0,0,0,0,0,0,0,0,0,0,0,0,0,0,0,0,0,0,0,0,0,0,0,0,0,0,0,0,0,0,0,0,0,0,0,0,0,0,0,0,0,0,0,0,0,0,0,0,0,0,0,0,0,0,0,0,0,0,0,0,0,0,0,0,0,0,0,0,0,0,0,0,0,0,0,0,0,0,0,0,0,0,0,0,0,0,0,0,0,0,0,0,0,0,0,0,0,0,0,0,0,0,0,0,0,0,0,0,0,0,0,0,0,0,0,0,0,0,0,0,0,0,0,0,0,0,0,0,0,0,0,0,0,0,0,0,0,0,0,0,0,0,0,0,0,0,0,0,0,0,0,0,0,0,0,0,0,0,0,0,0,0,0,0,0,0,0,0,0,0,0,0,0,0,0,0,0,0
0.00342259,0,0.618074,0,0.624186,0,0.624228,0,0.00330258,0,0.00352277,0,0.00326119,0,0.00347607,0,0.0034442,0,0.00346497,0,0.00347731,0,0.00375651,0,0.648732,0,0.656298,0,0.65624,0,0.658989,0,0.661586,0,0.666586,0,0.670081,0,0.670947,0,0.673686,0,0.674124,0,0.682699,0,0.682579,0,0.681694,0,0.681623,0,0.675947,0,0.680527,0,0.68748,0,0.678676,0,0.686836,0,0.687239,0,0.00331794,0,0.00346349,0,0.00336627,0,0.726006,0,0.727801,0,0.729378,0,0.731051,0,0.731133,0,0.730918,0,0.731591,0,0.733222,0,0.738219,0,0.739642,0,0.742104,0,0.749038,0,0.74881,0,0.749573,0,0.751943,0,0.0033855,0,0.76347,0,0.765629,0,0.767411,0,0.772513,0,0.773533,0,0.774509,0,0.77966,0,0.781198,0,0.780875,0,0.00343977,0,0.00358911,0,0.805037,0,0.810022,0,0.812496,0,0.815837,0,0.816176,0,0.818674,0,0.818177,0,0.824835,0,0.822394,0,0.82362,0,0.824669,0,0.823901,0,0.82466,0,0.824676,0,0.825585,0,0.827567,0,0.828792,0,0.830855,0,0.834106,0,0.00348779,0,0.841608,0,0.00342701,0,0.858318,0,0.859267,0,0.855475,0,0.857595,0,0.860572,0,0.862328,0,0.864209,0,0.869364,0,0.873492,0,0.873703,0,0.876522,0,0.879463,0,0.880353,0,0.886696,0,0.00322423,0,0.892113,0,0.897548,0,0.899809,0,0.902571,0,0.905399,0,0.905358,0,0.910639,0,0.909698,0,0.912682,0,0.918016,0,0.917429,0,0.918932,0,0.922766,0,0.924172,0,0.9221,0,0.925444,0,0.927289,0,0.932872,0,0.934183,0,0.938176,0,0.936817,0,0.941716,0,0.944541,0,0.947063,0,0.00352381,0,0.00322746,0,0.00359033,0,0.0031263,0,0.960653,0,0.957922,0,0.960018,0,0.962116,0,0.96499,0,0.970107,0,0.969684,0,0.973628,0,0.97543,0,0.977694,0,0.975978,0,0.977579,0,0.984282,0,0.986,0,0.989282,0,0.989086,0,0.991983,0,0.994391,0,0.998187,0,1.004,0,1.00454,0,1.00975,0,1.01368,0,1.01964,0,1.02253,0,1.02727,0,1.02884,0,1.03344,0,0.00342481,0,1.04387,0,1.04721,0,1.049,0,1.05195,0,1.05414,0,1.05608,0,1.05775,0,1.05452,0,1.0546,0,1.05491,0,1.06423,0,1.06504,0,1.06521,0,1.07094,0,1.07818,0,1.08117,0,0.0034739,0,1.08895,0,1.09055,0,1.09157,0,1.09609,0,1.09956,0,1.10441,0,1.10581,0,1.10919,0,1.11186,0,1.112,0,1.11237,0,1.11513,0,1.11867,0,1.12553,0,1.13309,0,1.13661,0,1.13667,0,1.13911,0,1.13895,0,1.14282,0,1.14087,0,1.14713,0,1.1472,0,1.15073,0,0.00338716,0,1.15602,0,0.00361402,0,1.15886,0,1.16073,0,1.16525,0,1.16521,0,1.16569,0,1.16612,0,1.16904,0,1.16671,0,0.00358487,0,1.1784,0,1.17757,0,1.1752,0,1.17802,0,1.18091,0,1.17434,0,1.18412,0,1.18484,0,1.19102,0,1.19791,0,1.19657,0,1.19572,0,1.19385,0,1.19324,0,1.19833,0,1.19787,0,1.19916,0,1.20146,0,1.20201,0,1.20574,0,1.21364,0,1.2142,0,1.22062,0,1.22286,0,1.2241,0,1.22304,0,1.22542,0,1.22681,0,1.2298,0,1.23152,0,0.00359351,0,1.23032,0,1.31947,0,1.24748,0,1.24642,0,1.24444,0,1.24069,0,1.24619,0,1.24734,0,1.25047,0,1.25332,0,1.24807,0,1.2425,0,1.23994,0,1.23544,0,1.23123,0,1.23044,0,1.22996,0,1.23243,0,0.00342973,0,1.25132,0,1.26074,0,1.2603,0,0.00350927,0,1.27687,0,1.27723,0,1.28565,0,1.27978,0,1.27887,0,1.28145,0,1.27705,0,1.27766,0,1.28077,0,1.28112,0,1.28137,0,1.27876,0,1.2822,0,1.28715,0,1.28484,0,1.28489,0,0.00357649,0,1.28632,0,1.29179,0,1.28891,0,1.2899,0,1.29511,0,1.2947,0,1.29735,0,1.29319,0,1.29838,0,1.29846,0,1.30137,0,1.3048,0,1.30822,0,0.00336603,0,1.31982,0,1.31966,0,1.3273,0,1.33202,0,1.33049,0,1.33284,0
0,0,0,0,0,0,0,0,0,0,0,0,0,0,0,0,0,0,0,0,0,0,0,0,0,0,0,0,0,0,0,0,0,0,0,0,0,0,0,0,0,0,0,0,0,0,0,0,0,0,0,0,0,0,0,0,0,0,0,0,0,0,0,0,0,0,0,0,0,0,0,0,0,0,0,0,0,0,0,0,0,0,0,0,0,0,0,0,0,0,0,0,0,0,0,0,0,0,0,0,0,0,0,0,0,0,0,0,0,0,0,0,0,0,0,0,0,0,0,0,0,0,0,0,0,0,0,0,0,0,0,0,0,0,0,0,0,0,0,0,0,0,0,0,0,0,0,0,0,0,0,0,0,0,0,0,0,0,0,0,0,0,0,0,0,0,0,0,0,0,0,0,0,0,0,0,0,0,0,0,0,0,0,0,0,0,0,0,0,0,0,0,0,0,0,0,0,0,0,0,0,0,0,0,0,0,0,0,0,0,0,0,0,0,0,0,0,0,0,0,0,0,0,0,0,0,0,0,0,0,0,0,0,0,0,0,0,0,0,0,0,0,0,0,0,0,0,0,0,0,0,0,0,0,0,0,0,0,0,0,0,0,0,0,0,0,0,0,0,0,0,0,0,0,0,0,0,0,0,0,0,0,0,0,0,0,0,0,0,0,0,0,0,0,0,0,0,0,0,0,0,0,0,0,0,0,0,0,0,0,0,0,0,0,0,0,0,0,0,0,0,0,0,0,0,0,0,0,0,0,0,0,0,0,0,0,0,0,0,0,0,0,0,0,0,0,0,0,0,0,0,0,0,0,0,0,0,0,0,0,0,0,0,0,0,0,0,0,0,0,0,0,0,0,0,0,0,0,0,0,0,0,0,0,0,0,0,0,0,0,0,0,0,0,0,0,0,0,0,0,0,0,0,0,0,0,0,0,0,0,0,0,0,0,0,0,0,0,0,0,0,0,0,0,0,0,0,0,0,0,0,0,0,0,0,0,0,0,0,0,0,0,0,0,0,0,0,0,0,0,0,0,0,0,0,0,0,0,0,0,0,0,0,0,0,0,0,0,0,0,0,0,0,0,0,0,0,0,0,0,0,0,0,0,0,0,0,0,0,0,0,0,0,0,0,0,0,0,0,0,0,0,0,0,0,0,0,0,0,0,0,0,0,0,0,0,0,0,0,0,0,0,0,0,0,0,0,0,0,0,0,0,0,0,0,0,0,0,0,0,0,0,0,0,0,0,0,0,0,0,0,0,0,0,0,0,0,0,0,0,0,0,0,0,0,0,0,0,0,0,0,0,0,0,0,0,0,0,0,0,0,0,0,0,0,0,0,0,0,0,0,0,0,0,0,0,0,0,0,0
0.591338,0,0.591611,0,0.00341202,0,0.598242,0,0.601011,0,0.600302,0,0.601718,0,0.604163,0,0.00349171,0,0.00324947,0,0.00327212,0,0.00327316,0,0.00357469,0,0.650558,0,0.651497,0,0.653954,0,0.659579,0,0.653442,0,0.669368,0,0.67218,0,0.671002,0,0.670521,0,0.671423,0,0.670914,0,0.67315,0,0.675222,0,0.676044,0,0.677881,0,0.678262,0,0.679602,0,0.679742,0,0.702725,0,0.705881,0,0.708767,0,0.708855,0,0.724906,0,0.722455,0,0.723638,0,0.723023,0,0.727444,0,0.725844,0,0.72543,0,0.734607,0,0.738173,0,0.741689,0,0.741861,0,0.746317,0,0.740199,0,0.741282,0,0.742827,0,0.747868,0,0.751811,0,0.753775,0,0.00340575,0,0.767987,0,0.770947,0,0.776225,0,0.775965,0,0.777255,0,0.780428,0,0.782545,0,0.785092,0,0.793264,0,0.795913,0,0.797076,0,0.0032284,0,0.806578,0,0.807599,0,0.809634,0,0.813362,0,0.815083,0,0.816415,0,0.82181,0,0.824425,0,0.82507,0,0.822054,0,0.825551,0,0.826448,0,0.822838,0,0.827984,0,0.826427,0,0.829706,0,0.833049,0,0.00314589,0,0.845006,0,0.847038,0,0.848919,0,0.853982,0,0.855191,0,0.856931,0,0.859693,0,0.860019,0,0.864715,0,0.869313,0,0.871115,0,0.8738,0,0.00348017,0,0.881246,0,0.88633,0,0.00343588,0,0.896795,0,0.895699,0,0.896158,0,0.900211,0,0.89974,0,0.904456,0,0.903777,0,0.907368,0,0.908262,0,0.909184,0,0.914046,0,0.915362,0,0.916773,0,0.922486,0,0.91911,0,0.923669,0,0.92627,0,0.931549,0,0.933063,0,0.938957,0,0.942142,0,0.942546,0,0.940236,0,0.940993,0,0.943745,0,0.947509,0,0.950065,0,0.953764,0,0.957486,0,0.962632,0,0.963559,0,0.965167,0,0.964503,0,0.963551,0,0.967545,0,0.966885,0,0.9702,0,0.974609,0,0.976671,0,0.97954,0,0.979434,0,0.985115,0,0.987808,0,0.991058,0,0.995449,0,0.997655,0,1.00208,0,1.00784,0,1.01588,0,1.01777,0,1.01994,0,1.02482,0,1.03036,0,1.03451,0,1.03932,0,1.03974,0,1.04426,0,1.04784,0,1.03967,0,1.03988,0,1.04103,0,1.04329,0,1.04901,0,1.05409,0,1.05767,0,1.06091,0,1.06749,0,1.06842,0,1.06506,0,1.06768,0,1.0768,0,1.07689,0,1.08033,0,1.2207,0,1.09555,0,1.09542,0,1.09873,0,1.09963,0,1.10085,0,1.10069,0,1.10319,0,1.10458,0,1.11308,0,1.11196,0,1.11198,0,1.11862,0,1.11956,0,1.12301,0,1.12439,0,1.12586,0,1.13134,0,1.13124,0,1.13315,0,1.13378,0,1.13686,0,1.13627,0,1.13791,0,1.14098,0,1.14154,0,1.14223,0,1.14655,0,1.14762,0,1.15358,0,1.15663,0,1.15931,0,1.16024,0,1.1612,0,1.16127,0,1.1667,0,1.16646,0,1.16388,0,1.16528,0,1.1705,0,1.17205,0,1.17493,0,1.17585,0,1.17815,0,1.18081,0,1.18778,0,1.18983,0,1.19259,0,1.19324,0,1.19248,0,1.19437,0,1.19465,0,1.19167,0,1.19435,0,1.19595,0,0.00352739,0,1.21214,0,1.20932,0,1.21562,0,1.21953,0,1.22199,0,1.22368,0,1.22317,0,1.21552,0,1.21575,0,1.22265,0,1.22251,0,1.22486,0,1.22853,0,1.22981,0,1.24396,0,1.24596,0,1.2479,0,1.23678,0,1.23718,0,1.23983,0,1.24194,0,1.24021,0,1.2441,0,1.2407,0,1.2342,0,1.23623,0,1.23475,0,1.23612,0,1.23703,0,1.24315,0,1.24337,0,0.00373207,0,0.00323939,0,0.00375342,0,0.00355498,0,1.27424,0,1.27526,0,1.27463,0,1.27533,0,1.26827,0,1.27027,0,1.26694,0,1.27062,0,1.26915,0,1.27237,0,1.27474,0,1.27427,0,1.27687,0,1.27775,0,1.27883,0,1.28116,0,1.2825,0,1.28427,0,1.28659,0,1.28685,0,1.29244,0,1.29119,0,1.2933,0,1.28959,0,1.29483,0,1.29589,0,1.29825,0,1.30061,0,1.30543,0,1.30576,0,1.30892,0,1.30819,0,1.31373,0,1.31438,0,1.31337,0,1.31342,0
0,0,0,0,0,0,0,0,0,0,0,0,0,0,0,0,0,0,0,0,0,0,0,0,0,0,0,0,0,0,0,0,0,0,0,0,0,0,0,0,0,0,0,0,0,0,0,0,0,0,0,0,0,0,0,0,0,0,0,0,0,0,0,0,0,0,0,0,0,0,0,0,0,0,0,0,0,0,0,0,0,0,0,0,0,0,0,0,0,0,0,0,0,0,0,0,0,0,0,0,0,0,0,0,0,0,0,0,0,0,0,0,0,0,0,0,0,0,0,0,0,0,0,0,0,0,0,0,0,0,0,0,0,0,0,0,0,0,0,0,0,0,0,0,0,0,0,0,0,0,0,0,0,0,0,0,0,0,0,0,0,0,0,0,0,0,0,0,0,0,0,0,0,0,0,0,0,0,0,0,0,0,0,0,0,0,0,0,0,0,0,0,0,0,0,0,0,0,0,0,0,0,0,0,0,0,0,0,0,0,0,0,0,0,0,0,0,0,0,0,0,0,0,0,0,0,0,0,0,0,0,0,0,0,0,0,0,0,0,0,0,0,0,0,0,0,0,0,0,0,0,0,0,0,0,0,0,0,0,0,0,0,0,0,0,0,0,0,0,0,0,0,0,0,0,0,0,0,0,0,0,0,0,0,0,0,0,0,0,0,0,0,0,0,0,0,0,0,0,0,0,0,0,0,0,0,0,0,0,0,0,0,0,0,0,0,0,0,0,0,0,0,0,0,0,0,0,0,0,0,0,0,0,0,0,0,0,0,0,0,0,0,0,0,0,0,0,0,0,0,0,0,0,0,0,0,0,0,0,0,0,0,0,0,0,0,0,0,0,0,0,0,0,0,0,0,0,0,0,0,0,0,0,0,0,0,0,0,0,0,0,0,0,0,0,0,0,0,0,0,0,0,0,0,0,0,0,0,0,0,0,0,0,0,0,0,0,0,0,0,0,0,0,0,0,0,0,0,0,0,0,0,0,0,0,0,0,0,0,0,0,0,0,0,0,0,0,0,0,0,0,0,0,0,0,0,0,0,0,0,0,0,0,0,0,0,0,0,0,0,0,0,0,0,0,0,0,0,0,0,0,0,0,0,0,0,0,0,0,0,0,0,0,0,0,0,0,0,0,0,0,0,0,0,0,0,0,0,0,0,0,0,0,0,0,0,0,0,0,0,0,0,0,0,0,0,0,0,0,0,0,0,0,0,0,0,0,0,0,0,0,0,0,0,0,0,0,0,0,0,0,0,0,0,0,0,0,0,0,0,0,0,0,0,0,0,0,0,0,0,0,0,0,0,0,0,0,0,0,0,0,0,0,0,0,0,0,0,0,0,0,0,0,0,0,0,0,0,0,0
0.590343,0,0.590114,0,0.590807,0,0.591759,0,0.602353,0,0.606172,0,0.607426,0,0.609648,0,0.611054,0,0.618495,0,0.621274,0,0.621564,0,0.621224,0,0.00350259,0,0.63864,0,0.649587,0,0.652782,0,0.654555,0,0.656054,0,0.656722,0,0.664274,0,0.67196,0,0.671948,0,0.674017,0,0.676527,0,0.679259,0,0.682726,0,0.684116,0,0.690622,0,0.692368,0,0.693907,0,0.697574,0,0.699201,0,0.699186,0,0.702295,0,0.706006,0,0.703813,0,0.704511,0,0.00311775,0,0.721551,0,0.00327471,0,0.00361338,0,0.00312132,0,0.00334619,0,0.72513,0,0.728293,0,0.730016,0,0.733894,0,0.741519,0,0.74021,0,0.745627,0,0.746857,0,0.752647,0,0.755396,0,0.756804,0,0.758193,0,0.765014,0,0.769969,0,0.776593,0,0.775895,0,0.782094,0,0.782917,0,0.794581,0,0.78691,0,0.786628,0,0.00356146,0,0.00339496,0,0.00337749,0,0.796758,0,0.797849,0,0.00330395,0,0.804774,0,0.805813,0,0.808933,0,0.812249,0,0.814681,0,0.81657,0,0.817905,0,0.81914,0,0.819907,0,0.824594,0,0.828887,0,0.830581,0,0.83421,0,0.842298,0,0.845749,0,0.849108,0,0.849697,0,0.85011,0,0.853368,0,0.854097,0,0.860089,0,0.864537,0,0.868911,0,0.871478,0,0.873001,0,0.875038,0,0.876541,0,0.881285,0,0.00359397,0,0.00347216,0,0.898024,0,0.900193,0,0.899387,0,0.899885,0,0.90058,0,0.900129,0,0.900718,0,0.90419,0,0.904019,0,0.905639,0,0.910184,0,0.915537,0,0.91693,0,0.91874,0,0.923591,0,0.925381,0,0.924013,0,0.926205,0,0.928356,0,0.931899,0,0.935403,0,0.937254,0,0.944535,0,0.947574,0,0.950744,0,0.952289,0,0.955763,0,0.956886,0,0.959625,0,0.959654,0,0.961574,0,0.962137,0,0.962818,0,0.964454,0,0.965962,0,0.966799,0,0.971723,0,0.974966,0,0.976465,0,0.980464,0,0.980445,0,0.989199,0,0.991563,0,0.994863,0,1.0039,0,1.00677,0,1.009,0,1.01881,0,1.0158,0,1.02271,0,1.02959,0,1.03216,0,1.03871,0,1.03824,0,1.04115,0,1.0424,0,1.04334,0,1.04096,0,1.03979,0,1.04171,0,1.04194,0,1.04414,0,1.04726,0,1.05223,0,1.06039,0,1.06747,0,1.07013,0,1.07133,0,1.07576,0,1.07622,0,1.08088,0,1.08145,0,1.22223,0,1.22572,0,1.10364,0,1.10467,0,1.10519,0,1.10718,0,1.09866,0,1.10035,0,1.09348,0,1.09657,0,1.09866,0,1.10431,0,1.11764,0,1.11802,0,1.11911,0,1.12201,0,1.11916,0,1.12583,0,1.12491,0,1.12545,0,1.12157,0,1.1236,0,1.12727,0,1.1298,0,1.13349,0,1.13347,0,1.13374,0,1.13576,0,1.14046,0,1.14339,0,1.15236,0,1.15734,0,1.15589,0,1.15618,0,1.16156,0,1.15919,0,1.15873,0,1.16271,0,1.16675,0,1.17048,0,1.1726,0,1.17758,0,1.181,0,1.18385,0,1.18756,0,1.18997,0,1.19321,0,1.19208,0,1.19153,0,1.18208,0,1.18394,0,1.18545,0,1.18627,0,1.19144,0,1.19688,0,0.00333587,0,1.34499,0,0.00349567,0,1.22945,0,1.22227,0,1.22226,0,1.22191,0,1.21461,0,1.21476,0,1.217,0,1.21903,0,1.2258,0,1.22607,0,1.22824,0,1.23713,0,1.23844,0,1.23955,0,1.24075,0,1.22685,0,1.23653,0,0.00347824,0,1.23371,0,1.23715,0,1.23594,0,1.23303,0,1.23175,0,1.23365,0,1.23092,0,1.23004,0,1.2327,0,1.23507,0,1.23695,0,1.24041,0,1.24353,0,1.25324,0,1.25445,0,1.26338,0,1.26919,0,1.27297,0,1.27266,0,1.27409,0,1.26791,0,1.26653,0,1.2672,0,1.27036,0,1.26489,0,1.26576,0,1.26268,0,1.27181,0,1.26888,0,1.26905,0,1.27508,0,1.2781,0,1.2845,0,1.28683,0,1.28852,0,1.2829,0,1.28504,0,1.28751,0,1.28616,0,1.29111,0,1.29299,0,1.29922,0,1.301,0,1.29828,0,1.30062,0,1.30221,0,1.30291,0,1.30706,0,1.30918,0,1.30931,0,1.31233,0
0,0,0,0,0,0,0,0,0,0,0,0,0,0,0,0,0,0,0,0,0,0,0,0,0,0,0,0,0,0,0,0,0,0,0,0,0,0,0,0,0,0,0,0,0,0,0,0,0,0,0,0,0,0,0,0,0,0,0,0,0,0,0,0,0,0,0,0,0,0,0,0,0,0,0,0,0,0,0,0,0,0,0,0,0,0,0,0,0,0,0,0,0,0,0,0,0,0,0,0,0,0,0,0,0,0,0,0,0,0,0,0,0,0,0,0,0,0,0,0,0,0,0,0,0,0,0,0,0,0,0,0,0,0,0,0,0,0,0,0,0,0,0,0,0,0,0,0,0,0,0,0,0,0,0,0,0,0,0,0,0,0,0,0,0,0,0,0,0,0,0,0,0,0,0,0,0,0,0,0,0,0,0,0,0,0,0,0,0,0,0,0,0,0,0,0,0,0,0,0,0,0,0,0,0,0,0,0,0,0,0,0,0,0,0,0,0,0,0,0,0,0,0,0,0,0,0,0,0,0,0,0,0,0,0,0,0,0,0,0,0,0,0,0,0,0,0,0,0,0,0,0,0,0,0,0,0,0,0,0,0,0,0,0,0,0,0,0,0,0,0,0,0,0,0,0,0,0,0,0,0,0,0,0,0,0,0,0,0,0,0,0,0,0,0,0,0,0,0,0,0,0,0,0,0,0,0,0,0,0,0,0,0,0,0,0,0,0,0,0,0,0,0,0,0,0,0,0,0,0,0,0,0,0,0,0,0,0,0,0,0,0,0,0,0,0,0,0,0,0,0,0,0,0,0,0,0,0,0,0,0,0,0,0,0,0,0,0,0,0,0,0,0,0,0,0,0,0,0,0,0,0,0,0,0,0,0,0,0,0,0,0,0,0,0,0,0,0,0,0,0,0,0,0,0,0,0,0,0,0,0,0,0,0,0,0,0,0,0,0,0,0,0,0,0,0,0,0,0,0,0,0,0,0,0,0,0,0,0,0,0,0,0,0,0,0,0,0,0,0,0,0,0,0,0,0,0,0,0,0,0,0,0,0,0,0,0,0,0,0,0,0,0,0,0,0,0,0,0,0,0,0,0,0,0,0,0,0,0,0,0,0,0,0,0,0,0,0,0,0,0,0,0,0,0,0,0,0,0,0,0,0,0,0,0,0,0,0,0,0,0,0,0,0,0,0,0,0,0,0,0,0,0,0,0,0,0,0,0,0,0,0,0,0,0,0,0,0,0,0,0,0,0,0,0,0,0,0,0,0,0,0,0,0,0,0,0,0,0,0,0,0,0,0,0,0,0,0,0,0,0,0,0,0,0,0,0,0,0,0,0,0,0,0,0,0,0,0,0,0
0.587141,0,0.583519,0,0.583642,0,0.584986,0,0.590782,0,0.605556,0,0.60849,0,0.607513,0,0.609514,0,0.608898,0,0.621201,0,0.62112,0,0.623049,0,0.622589,0,0.00346182,0,0.00349981,0,0.648594,0,0.649477,0,0.650794,0,0.65247,0,0.662876,0,0.658371,0,0.659895,0,0.66181,0,0.662087,0,0.00326779,0,0.671856,0,0.672795,0,0.674257,0,0.00329211,0,0.692086,0,0.0033506,0,0.699888,0,0.700588,0,0.701003,0,0.693882,0,0.704461,0,0.702394,0,0.705169,0,0.709703,0,0.708248,0,0.713908,0,0.717026,0,0.718418,0,0.72003,0,0.00343926,0,0.726944,0,0.732459,0,0.73361,0,0.736743,0,0.739723,0,0.74207,0,0.744079,0,0.748535,0,0.00371869,0,0.755634,0,0.757224,0,0.00334365,0,0.762863,0,0.764005,0,0.77261,0,0.00358674,0,0.00354977,0,0.778692,0,0.781747,0,0.782796,0,0.786677,0,0.790055,0,0.79095,0,0.797784,0,0.800841,0,0.803861,0,0.803109,0,0.80575,0,0.806931,0,0.808183,0,0.812791,0,0.816003,0,0.815793,0,0.819745,0,0.820985,0,0.827321,0,0.829279,0,0.835876,0,0.838801,0,0.840976,0,0.845748,0,0.845504,0,0.84994,0,0.851901,0,0.853376,0,0.854508,0,0.863734,0,0.866529,0,0.873536,0,0.870421,0,0.871795,0,0.874592,0,0.00345631,0,0.885662,0,0.894359,0,0.00310381,0,0.90033,0,0.900236,0,0.896204,0,0.895216,0,0.897309,0,0.898306,0,0.903491,0,0.903887,0,0.904538,0,0.90941,0,0.915476,0,0.914584,0,0.913164,0,0.918443,0,0.921483,0,0.924897,0,0.928472,0,0.00334663,0,0.936163,0,0.939173,0,0.94092,0,0.943789,0,0.94904,0,0.94884,0,0.947222,0,0.952423,0,0.955767,0,0.957983,0,0.958961,0,0.960423,0,0.960196,0,0.960621,0,0.961264,0,0.960905,0,0.963609,0,0.967329,0,0.970882,0,0.977059,0,0.979817,0,0.981863,0,0.988295,0,0.991256,0,0.00345817,0,1.00288,0,1.00589,0,0.00337425,0,1.01435,0,1.01633,0,1.01847,0,1.02517,0,1.0279,0,0.00326326,0,1.03894,0,1.04367,0,1.0446,0,1.03956,0,1.03422,0,1.03781,0,1.03559,0,1.04075,0,1.04053,0,1.049,0,0.00353696,0,1.06174,0,1.06433,0,1.07011,0,1.0779,0,1.07708,0,1.0802,0,1.08011,0,1.08361,0,1.08905,0,1.0912,0,1.09845,0,1.09632,0,1.09809,0,1.09407,0,1.09411,0,1.09608,0,1.09742,0,1.10595,0,1.10394,0,1.10587,0,1.10856,0,1.11015,0,1.1138,0,1.11699,0,1.11722,0,1.24564,0,1.35379,0,1.1195,0,1.12192,0,1.12347,0,1.12749,0,1.12913,0,1.1303,0,1.12769,0,1.12949,0,1.11974,0,0.00352637,0,0.00355737,0,0.00345303,0,0.00346214,0,1.15254,0,1.15621,0,1.15407,0,1.1551,0,0.00357465,0,0.00338221,0,1.16084,0,1.1629,0,1.17107,0,1.17188,0,0.00356031,0,1.17532,0,1.17302,0,1.16944,0,1.17189,0,1.16812,0,1.17443,0,1.17716,0,1.17852,0,1.18181,0,1.19535,0,1.19713,0,1.20123,0,1.20369,0,1.21142,0,0.0035722,0,1.22028,0,1.21525,0,1.21841,0,1.21655,0,1.22123,0,1.22318,0,1.2263,0,1.229,0,1.23257,0,1.23968,0,1.24015,0,1.24433,0,1.24182,0,1.22477,0,1.22897,0,1.22691,0,1.22741,0,1.22882,0,1.22932,0,1.228,0,1.23241,0,1.23093,0,1.23238,0,1.22796,0,1.2318,0,1.23154,0,1.22962,0,1.23122,0,1.2331,0,1.2379,0,1.24659,0,1.25042,0,1.25303,0,1.26145,0,1.26714,0,1.26838,0,1.26494,0,1.26686,0,1.26845,0,1.26177,0,1.26082,0,1.26111,0,1.25834,0,1.25939,0,1.25973,0,1.2591,0,1.26122,0,1.26626,0,1.27062,0,1.272,0,1.27563,0,1.28255,0,1.2798,0,1.28324,0,1.28435,0,1.28038,0,1.28424,0,1.2851,0,1.2846,0,1.28621,0,1.29042,0,1.29356,0,1.29811,0,1.2983,0,1.30119,0,1.30187,0,1.30502,0,1.30826,0,1.31068,0
0,0,0,0,0,0,0,0,0,0,0,0,0,0,0,0,0,0,0,0,0,0,0,0,0,0,0,0,0,0,0,0,0,0,0,0,0,0,0,0,0,0,0,0,0,0,0,0,0,0,0,0,0,0,0,0,0,0,0,0,0,0,0,0,0,0,0,0,0,0,0,0,0,0,0,0,0,0,0,0,0,0,0,0,0,0,0,0,0,0,0,0,0,0,0,0,0,0,0,0,0,0,0,0,0,0,0,0,0,0,0,0,0,0,0,0,0,0,0,0,0,0,0,0,0,0,0,0,0,0,0,0,0,0,0,0,0,0,0,0,0,0,0,0,0,0,0,0,0,0,0,0,0,0,0,0,0,0,0,0,0,0,0,0,0,0,0,0,0,0,0,0,0,0,0,0,0,0,0,0,0,0,0,0,0,0,0,0,0,0,0,0,0,0,0,0,0,0,0,0,0,0,0,0,0,0,0,0,0,0,0,0,0,0,0,0,0,0,0,0,0,0,0,0,0,0,0,0,0,0,0,0,0,0,0,0,0,0,0,0,0,0,0,0,0,0,0,0,0,0,0,0,0,0,0,0,0,0,0,0,0,0,0,0,0,0,0,0,0,0,0,0,0,0,0,0,0,0,0,0,0,0,0,0,0,0,0,0,0,0,0,0,0,0,0,0,0,0,0,0,0,0,0,0,0,0,0,0,0,0,0,0,0,0,0,0,0,0,0,0,0,0,0,0,0,0,0,0,0,0,0,0,0,0,0,0,0,0,0,0,0,0,0,0,0,0,0,0,0,0,0,0,0,0,0,0,0,0,0,0,0,0,0,0,0,0,0,0,0,0,0,0,0,0,0,0,0,0,0,0,0,0,0,0,0,0,0,0,0,0,0,0,0,0,0,0,0,0,0,0,0,0,0,0,0,0,0,0,0,0,0,0,0,0,0,0,0,0,0,0,0,0,0,0,0,0,0,0,0,0,0,0,0,0,0,0,0,0,0,0,0,0,0,0,0,0,0,0,0,0,0,0,0,0,0,0,0,0,0,0,0,0,0,0,0,0,0,0,0,0,0,0,0,0,0,0,0,0,0,0,0,0,0,0,0,0,0,0,0,0,0,0,0,0,0,0,0,0,0,0,0,0,0,0,0,0,0,0,0,0,0,0,0,0,0,0,0,0,0,0,0,0,0,0,0,0,0,0,0,0,0,0,0,0,0,0,0,0,0,0,0,0,0,0,0,0,0,0,0,0,0,0,0,0,0,0,0,0,0,0,0,0,0,0,0,0,0,0,0,0,0,0,0,0,0,0,0,0,0,0,0,0,0,0,0,0,0,0,0,0,0,0,0,0,0,0,0,0,0,0
0.580675,0,0.582716,0,0.582739,0,0.585793,0,0.588055,0,0.589405,0,0.589646,0,0.592479,0,0.593928,0,0.00350072,0,0.608262,0,0.611099,0,0.612031,0,0.614232,0,0.00331259,0,0.00343122,0,0.00340345,0,0.634074,0,0.00324872,0,0.651493,0,0.650589,0,0.650707,0,0.651115,0,0.658433,0,0.659029,0,0.660251,0,0.00322432,0,0.661815,0,0.663418,0,0.666178,0,0.00326256,0,0.00331272,0,0.0032338,0,0.687061,0,0.694416,0,0.695077,0,0.697008,0,0.699579,0,0.699457,0,0.700761,0,0.710279,0,0.711213,0,0.708837,0,0.715424,0,0.717559,0,0.717651,0,0.721479,0,0.726266,0,0.731978,0,0.733274,0,0.73484,0,0.738575,0,0.00315033,0,0.735923,0,0.738296,0,0.00365953,0,0.00342893,0,0.00337425,0,0.00338052,0,0.761841,0,0.763781,0,0.764854,0,0.00311932,0,0.769984,0,0.775411,0,0.775199,0,0.784216,0,0.790866,0,0.791749,0,0.786662,0,0.792423,0,0.00328812,0,0.800842,0,0.801523,0,0.807123,0,0.808598,0,0.809485,0,0.810653,0,0.818431,0,0.821234,0,0.823911,0,0.82452,0,0.831616,0,0.832925,0,0.835042,0,0.836197,0,0.846175,0,0.846046,0,0.846162,0,0.852663,0,0.854808,0,0.857332,0,0.858978,0,0.861625,0,0.865706,0,0.868997,0,0.870647,0,0.871862,0,0.875078,0,0.876972,0,0.88157,0,0.886495,0,0.00353488,0,0.889181,0,0.891356,0,0.89164,0,0.895129,0,0.894459,0,0.895347,0,0.9024,0,0.905374,0,0.906319,0,0.913682,0,0.915366,0,0.921322,0,0.920905,0,0.92386,0,0.925548,0,0.929555,0,0.929704,0,0.93279,0,0.933167,0,0.939834,0,0.940375,0,0.939922,0,0.941905,0,0.946993,0,0.949728,0,0.951444,0,0.953925,0,0.955916,0,0.957506,0,0.960831,0,0.964001,0,0.965083,0,0.964447,0,0.965081,0,0.970432,0,0.972204,0,0.973381,0,0.977987,0,0.980695,0,0.98918,0,0.992217,0,0.994785,0,1.00125,0,1.00835,0,0.00354924,0,0.0033953,0,1.02487,0,1.02644,0,1.03075,0,1.0315,0,1.03209,0,1.03236,0,1.02727,0,1.04012,0,1.0321,0,1.0337,0,1.03537,0,1.03622,0,1.03919,0,0.00337828,0,0.00357783,0,1.05615,0,1.06046,0,1.06111,0,1.06111,0,1.06373,0,1.06576,0,1.07029,0,1.07227,0,1.07432,0,1.07815,0,1.07711,0,1.08192,0,1.08577,0,1.08298,0,1.08785,0,1.09458,0,1.10197,0,1.10368,0,1.10986,0,1.10755,0,1.10833,0,1.11184,0,1.11204,0,1.11048,0,1.11285,0,1.11099,0,1.11566,0,1.11511,0,1.1136,0,1.11531,0,1.12054,0,1.1259,0,1.12844,0,1.13215,0,1.13413,0,1.12042,0,0.00335621,0,1.10879,0,1.09999,0,1.10048,0,1.10013,0,1.09987,0,1.10064,0,1.09963,0,0.00346139,0,0.00348541,0,0.00321265,0,1.14843,0,1.15664,0,1.15583,0,0.00333176,0,0.00332458,0,1.15982,0,1.16047,0,1.16141,0,1.16325,0,1.16599,0,1.16759,0,1.16857,0,1.17165,0,0.00316286,0,0.00353757,0,1.19279,0,1.19759,0,1.2046,0,1.20838,0,1.20895,0,1.20894,0,1.20886,0,1.21201,0,1.21199,0,1.33375,0,1.22333,0,1.22686,0,1.22912,0,1.23382,0,1.23613,0,1.23582,0,1.23755,0,1.23974,0,1.22042,0,1.22587,0,1.2254,0,1.22689,0,1.22979,0,1.22905,0,1.22999,0,1.22898,0,1.22223,0,1.22696,0,1.22713,0,1.22514,0,1.22631,0,1.227,0,1.22422,0,1.22719,0,1.23172,0,1.23352,0,0.00329853,0,1.24948,0,0.00322615,0,0.00349454,0,1.26267,0,1.26546,0,1.26284,0,1.26162,0,1.25903,0,1.2572,0,1.26383,0,1.25956,0,1.25776,0,1.25553,0,1.26303,0,1.2617,0,1.26368,0,1.26396,0,1.27063,0,1.26814,0,1.27212,0,1.27214,0,1.27035,0,1.27146,0,1.27207,0,1.27758,0,1.27757,0,1.27878,0,1.27996,0,1.28332,0,1.28785,0,1.2903,0,1.2972,0,1.30348,0,1.30144,0,1.30224,0,1.30539,0,1.31189,0
0,0,0,0,0,0,0,0,0,0,0,0,0,0,0,0,0,0,0,0,0,0,0,0,0,0,0,0,0,0,0,0,0,0,0,0,0,0,0,0,0,0,0,0,0,0,0,0,0,0,0,0,0,0,0,0,0,0,0,0,0,0,0,0,0,0,0,0,0,0,0,0,0,0,0,0,0,0,0,0,0,0,0,0,0,0,0,0,0,0,0,0,0,0,0,0,0,0,0,0,0,0,0,0,0,0,0,0,0,0,0,0,0,0,0,0,0,0,0,0,0,0,0,0,0,0,0,0,0,0,0,0,0,0,0,0,0,0,0,0,0,0,0,0,0,0,0,0,0,0,0,0,0,0,0,0,0,0,0,0,0,0,0,0,0,0,0,0,0,0,0,0,0,0,0,0,0,0,0,0,0,0,0,0,0,0,0,0,0,0,0,0,0,0,0,0,0,0,0,0,0,0,0,0,0,0,0,0,0,0,0,0,0,0,0,0,0,0,0,0,0,0,0,0,0,0,0,0,0,0,0,0,0,0,0,0,0,0,0,0,0,0,0,0,0,0,0,0,0,0,0,0,0,0,0,0,0,0,0,0,0,0,0,0,0,0,0,0,0,0,0,0,0,0,0,0,0,0,0,0,0,0,0,0,0,0,0,0,0,0,0,0,0,0,0,0,0,0,0,0,0,0,0,0,0,0,0,0,0,0,0,0,0,0,0,0,0,0,0,0,0,0,0,0,0,0,0,0,0,0,0,0,0,0,0,0,0,0,0,0,0,0,0,0,0,0,0,0,0,0,0,0,0,0,0,0,0,0,0,0,0,0,0,0,0,0,0,0,0,0,0,0,0,0,0,0,0,0,0,0,0,0,0,0,0,0,0,0,0,0,0,0,0,0,0,0,0,0,0,0,0,0,0,0,0,0,0,0,0,0,0,0,0,0,0,0,0,0,0,0,0,0,0,0,0,0,0,0,0,0,0,0,0,0,0,0,0,0,0,0,0,0,0,0,0,0,0,0,0,0,0,0,0,0,0,0,0,0,0,0,0,0,0,0,0,0,0,0,0,0,0,0,0,0,0,0,0,0,0,0,0,0,0,0,0,0,0,0,0,0,0,0,0,0,0,0,0,0,0,0,0,0,0,0,0,0,0,0,0,0,0,0,0,0,0,0,0,0,0,0,0,0,0,0,0,0,0,0,0,0,0,0,0,0,0,0,0,0,0,0,0,0,0,0,0,0,0,0,0,0,0,0,0,0,0,0,0,0,0,0,0,0,0,0,0,0,0,0,0,0,0,0,0,0,0,0,0,0,0,0,0,0,0,0,0,0,0,0,0,0,0,0,0,0,0,0,0,0,0,0
0.57985,0,0.580566,0,0.581263,0,0.579566,0,0.578338,0,0.580652,0,0.589466,0,0.590914,0,0.608555,0,0.610499,0,0.611001,0,0.613917,0,0.61464,0,0.614996,0,0.615786,0,0.62127,0,0.621132,0,0.627711,0,0.00340428,0,0.63612,0,0.649316,0,0.650758,0,0.649728,0,0.650818,0,0.651741,0,0.652355,0,0.654001,0,0.655791,0,0.659026,0,0.664074,0,0.671445,0,0.672202,0,0.675398,0,0.676012,0,0.677125,0,0.00331052,0,0.0032953,0,0.00339343,0,0.686053,0,0.00332665,0,0.00365007,0,0.0033514,0,0.705652,0,0.00342176,0,0.717192,0,0.717631,0,0.711933,0,0.00326978,0,0.721658,0,0.718891,0,0.719756,0,0.728209,0,0.72839,0,0.734568,0,0.733731,0,0.734781,0,0.736807,0,0.742278,0,0.00356212,0,0.751148,0,0.759224,0,0.757124,0,0.0033624,0,0.767743,0,0.769968,0,0.77348,0,0.774753,0,0.780639,0,0.00331611,0,0.784252,0,0.786963,0,0.789745,0,0.790376,0,0.791123,0,0.790435,0,0.791147,0,0.806763,0,0.808119,0,0.00337966,0,0.00327612,0,0.822429,0,0.825034,0,0.829989,0,0.830651,0,0.83461,0,0.836921,0,0.836811,0,0.840317,0,0.842029,0,0.85072,0,0.852706,0,0.853767,0,0.854661,0,0.859233,0,0.860148,0,0.862646,0,0.86981,0,0.872234,0,0.873399,0,0.876447,0,0.876507,0,0.880587,0,0.883744,0,0.885415,0,0.884216,0,0.889256,0,0.890027,0,0.892299,0,0.892842,0,0.900956,0,0.903232,0,0.906118,0,0.913795,0,0.920898,0,0.923707,0,0.925922,0,0.926492,0,0.927595,0,0.928882,0,0.92895,0,0.931126,0,0.931262,0,0.936244,0,0.933804,0,0.937157,0,0.938505,0,0.939149,0,0.943172,0,0.946474,0,0.949834,0,0.955169,0,0.956552,0,0.959583,0,0.96236,0,0.964534,0,0.966726,0,0.970168,0,0.977243,0,0.979249,0,0.982271,0,0.984453,0,0.987461,0,0.990198,0,0.991395,0,0.00341438,0,1.0154,0,1.01639,0,1.01638,0,1.01986,0,1.02205,0,1.01784,0,1.0104,0,1.01215,0,0.00345695,0,1.02758,0,1.03055,0,1.02903,0,1.0275,0,1.02021,0,1.02171,0,1.24716,0,1.03562,0,1.03762,0,1.03744,0,1.03659,0,1.04121,0,1.04149,0,0.00335674,0,1.06079,0,1.05268,0,1.061,0,0.00331779,0,0.00335153,0,1.06716,0,1.06769,0,1.06615,0,1.07463,0,1.0769,0,0.00345513,0,0.00329924,0,0.0033444,0,1.09847,0,1.10432,0,0.003252,0,1.11815,0,1.11897,0,1.12179,0,1.10838,0,1.1119,0,1.11121,0,1.1131,0,1.11278,0,1.11568,0,1.1229,0,1.12604,0,1.12694,0,1.13086,0,1.12751,0,1.12837,0,1.12004,0,1.11216,0,1.11144,0,1.09832,0,1.10099,0,1.10108,0,1.10233,0,1.10457,0,1.10952,0,0.0033844,0,0.00327002,0,0.00371766,0,1.15125,0,1.15213,0,1.15198,0,1.14744,0,1.15021,0,1.1504,0,1.15993,0,1.16007,0,1.16103,0,1.16453,0,1.16737,0,1.16884,0,0.00345031,0,1.18435,0,1.19178,0,1.19355,0,0.0032035,0,1.29303,0,0.00315224,0,0.00351479,0,0.00328936,0,1.20646,0,1.20829,0,1.21241,0,1.21403,0,1.22176,0,0.00337031,0,0.0034545,0,1.23052,0,1.2353,0,1.23378,0,1.23534,0,1.22288,0,1.21766,0,1.21932,0,1.22118,0,1.22258,0,1.21746,0,1.21623,0,1.22055,0,1.21931,0,1.22186,0,1.2191,0,1.22249,0,1.22234,0,1.21903,0,1.21933,0,1.22233,0,1.22133,0,1.22647,0,1.23233,0,1.23305,0,1.24009,0,1.24353,0,1.24442,0,0.0037164,0,1.26154,0,1.26223,0,1.25628,0,1.25699,0,1.25435,0,1.25472,0,1.2537,0,1.25354,0,1.25313,0,1.25822,0,1.25708,0,1.25622,0,1.25744,0,1.26056,0,1.26371,0,1.26273,0,1.26455,0,1.26769,0,1.26958,0,1.26722,0,1.27587,0,1.26735,0,1.2716,0,1.27563,0,1.28062,0,1.28118,0,0.00322875,0,1.28936,0,0.00325674,0,0.00339547,0,0.00367882,0,0.00359975,0,1.2963,0
0,0,0,0,0,0,0,0,0,0,0,0,0,0,0,0,0,0,0,0,0,0,0,0,0,0,0,0,0,0,0,0,0,0,0,0,0,0,0,0,0,0,0,0,0,0,0,0,0,0,0,0,0,0,0,0,0,0,0,0,0,0,0,0,0,0,0,0,0,0,0,0,0,0,0,0,0,0,0,0,0,0,0,0,0,0,0,0,0,0,0,0,0,0,0,0,0,0,0,0,0,0,0,0,0,0,0,0,0,0,0,0,0,0,0,0,0,0,0,0,0,0,0,0,0,0,0,0,0,0,0,0,0,0,0,0,0,0,0,0,0,0,0,0,0,0,0,0,0,0,0,0,0,0,0,0,0,0,0,0,0,0,0,0,0,0,0,0,0,0,0,0,0,0,0,0,0,0,0,0,0,0,0,0,0,0,0,0,0,0,0,0,0,0,0,0,0,0,0,0,0,0,0,0,0,0,0,0,0,0,0,0,0,0,0,0,0,0,0,0,0,0,0,0,0,0,0,0,0,0,0,0,0,0,0,0,0,0,0,0,0,0,0,0,0,0,0,0,0,0,0,0,0,0,0,0,0,0,0,0,0,0,0,0,0,0,0,0,0,0,0,0,0,0,0,0,0,0,0,0,0,0,0,0,0,0,0,0,0,0,0,0,0,0,0,0,0,0,0,0,0,0,0,0,0,0,0,0,0,0,0,0,0,0,0,0,0,0,0,0,0,0,0,0,0,0,0,0,0,0,0,0,0,0,0,0,0,0,0,0,0,0,0,0,0,0,0,0,0,0,0,0,0,0,0,0,0,0,0,0,0,0,0,0,0,0,0,0,0,0,0,0,0,0,0,0,0,0,0,0,0,0,0,0,0,0,0,0,0,0,0,0,0,0,0,0,0,0,0,0,0,0,0,0,0,0,0,0,0,0,0,0,0,0,0,0,0,0,0,0,0,0,0,0,0,0,0,0,0,0,0,0,0,0,0,0,0,0,0,0,0,0,0,0,0,0,0,0,0,0,0,0,0,0,0,0,0,0,0,0,0,0,0,0,0,0,0,0,0,0,0,0,0,0,0,0,0,0,0,0,0,0,0,0,0,0,0,0,0,0,0,0,0,0,0,0,0,0,0,0,0,0,0,0,0,0,0,0,0,0,0,0,0,0,0,0,0,0,0,0,0,0,0,0,0,0,0,0,0,0,0,0,0,0,0,0,0,0,0,0,0,0,0,0,0,0,0,0,0,0,0,0,0,0,0,0,0,0,0,0,0,0,0,0,0,0,0,0,0,0,0,0,0,0,0,0,0,0,0,0,0,0,0,0,0,0,0,0,0,0,0,0,0,0,0,0,0,0,0,0
0.580358,0,0.580922,0,0.580925,0,0.584201,0,0.585034,0,0.582429,0,0.586381,0,0.0033433,0,0.705873,0,0.596962,0,0.6062,0,0.614426,0,0.618216,0,0.621327,0,0.622295,0,0.622186,0,0.622343,0,0.62243,0,0.623013,0,0.634758,0,0.64243,0,0.644088,0,0.645771,0,0.65212,0,0.653172,0,0.654018,0,0.655114,0,0.657515,0,0.657664,0,0.00352934,0,0.661429,0,0.66407,0,0.664744,0,0.666287,0,0.667565,0,0.675752,0,0.671553,0,0.684276,0,0.686206,0,0.686615,0,0.686489,0,0.688212,0,0.00348009,0,0.693845,0,0.696181,0,0.698443,0,0.703965,0,0.705121,0,0.711485,0,0.711149,0,0.714263,0,0.713803,0,0.718736,0,0.726019,0,0.731561,0,0.729901,0,0.73367,0,0.741358,0,0.00349808,0,0.00351153,0,0.00363338,0,0.759131,0,0.759157,0,0.758556,0,0.00368928,0,0.765663,0,0.00340861,0,0.00325711,0,0.00318704,0,0.778667,0,0.780887,0,0.784894,0,0.7924,0,0.79421,0,0.795306,0,0.797441,0,0.801386,0,0.804067,0,0.808354,0,0.810641,0,0.81582,0,0.817466,0,0.822761,0,0.824549,0,0.825447,0,0.830159,0,0.832859,0,0.834598,0,0.839428,0,0.840838,0,0.846545,0,0.848598,0,0.852763,0,0.853492,0,0.856055,0,0.861817,0,0.86241,0,0.868022,0,0.869387,0,0.870874,0,0.873243,0,0.877156,0,0.879438,0,0.881407,0,0.884903,0,0.886999,0,0.889109,0,0.8913,0,0.894152,0,0.897417,0,0.905739,0,0.908327,0,0.00329758,0,0.916427,0,0.920413,0,0.922871,0,0.924626,0,0.930396,0,0.927993,0,0.928287,0,0.928958,0,0.928704,0,0.9326,0,0.935474,0,0.935682,0,0.937308,0,0.941046,0,0.00341392,0,0.947142,0,0.950196,0,0.952094,0,0.953637,0,0.959533,0,0.962213,0,0.967135,0,0.967821,0,0.973837,0,0.980659,0,0.980644,0,0.986928,0,0.00327019,0,0.00356785,0,0.00341281,0,1.01001,0,1.01509,0,1.01881,0,1.02031,0,0.00326828,0,0.00333119,0,1.00503,0,1.00521,0,1.00812,0,1.01609,0,1.01916,0,1.02846,0,1.02858,0,1.0305,0,1.02503,0,1.02491,0,1.14619,0,0.00346361,0,1.03506,0,1.03465,0,1.04077,0,1.0408,0,1.03905,0,1.0365,0,1.03977,0,1.0393,0,1.04261,0,1.0474,0,1.04821,0,1.0513,0,1.05491,0,1.05868,0,1.05933,0,1.06339,0,1.06522,0,1.07062,0,1.07587,0,1.0792,0,1.07887,0,1.09113,0,1.09246,0,1.09154,0,1.09422,0,1.17023,0,1.10523,0,1.10717,0,1.11584,0,1.11786,0,1.12142,0,1.12231,0,1.11761,0,1.1185,0,1.11803,0,1.11768,0,1.11949,0,1.11524,0,1.10865,0,1.11167,0,1.10779,0,1.10564,0,1.10835,0,1.10693,0,1.10955,0,1.11254,0,1.1164,0,1.12576,0,1.12583,0,1.12991,0,1.22978,0,1.13856,0,1.13925,0,1.14112,0,1.14807,0,1.15005,0,1.15284,0,1.15442,0,1.16038,0,1.15964,0,1.16292,0,1.16432,0,1.16716,0,1.16754,0,1.17092,0,1.17238,0,1.17757,0,1.17866,0,1.47874,0,1.4819,0,0.00363189,0,1.20153,0,0.00322506,0,0.00361207,0,1.31014,0,1.20954,0,1.21224,0,1.2144,0,0.00352236,0,1.21715,0,1.22233,0,1.227,0,1.2237,0,1.22063,0,1.22002,0,1.21847,0,1.21263,0,1.21512,0,1.21448,0,1.21082,0,1.21199,0,1.21399,0,1.2114,0,1.21189,0,1.21548,0,1.21618,0,1.21618,0,1.21807,0,1.21812,0,1.22215,0,1.22743,0,1.23081,0,1.23378,0,1.23733,0,1.24042,0,1.23953,0,1.25387,0,1.25876,0,1.25838,0,1.26064,0,1.25965,0,1.25573,0,1.25335,0,1.25395,0,1.25479,0,1.25434,0,1.2537,0,1.25092,0,1.25261,0,1.25453,0,1.25354,0,1.25337,0,1.25538,0,1.25678,0,1.25757,0,1.25828,0,1.26075,0,1.26106,0,1.26214,0,1.26728,0,1.26902,0,1.27374,0,1.27475,0,1.28013,0,1.28105,0,1.28292,0,1.28768,0,1.28552,0,1.28666,0
0,0,0,0,0,0,0,0,0,0,0,0,0,0,0,0,0,0,0,0,0,0,0,0,0,0,0,0,0,0,0,0,0,0,0,0,0,0,0,0,0,0,0,0,0,0,0,0,0,0,0,0,0,0,0,0,0,0,0,0,0,0,0,0,0,0,0,0,0,0,0,0,0,0,0,0,0,0,0,0,0,0,0,0,0,0,0,0,0,0,0,0,0,0,0,0,0,0,0,0,0,0,0,0,0,0,0,0,0,0,0,0,0,0,0,0,0,0,0,0,0,0,0,0,0,0,0,0,0,0,0,0,0,0,0,0,0,0,0,0,0,0,0,0,0,0,0,0,0,0,0,0,0,0,0,0,0,0,0,0,0,0,0,0,0,0,0,0,0,0,0,0,0,0,0,0,0,0,0,0,0,0,0,0,0,0,0,0,0,0,0,0,0,0,0,0,0,0,0,0,0,0,0,0,0,0,0,0,0,0,0,0,0,0,0,0,0,0,0,0,0,0,0,0,0,0,0,0,0,0,0,0,0,0,0,0,0,0,0,0,0,0,0,0,0,0,0,0,0,0,0,0,0,0,0,0,0,0,0,0,0,0,0,0,0,0,0,0,0,0,0,0,0,0,0,0,0,0,0,0,0,0,0,0,0,0,0,0,0,0,0,0,0,0,0,0,0,0,0,0,0,0,0,0,0,0,0,0,0,0,0,0,0,0,0,0,0,0,0,0,0,0,0,0,0,0,0,0,0,0,0,0,0,0,0,0,0,0,0,0,0,0,0,0,0,0,0,0,0,0,0,0,0,0,0,0,0,0,0,0,0,0,0,0,0,0,0,0,0,0,0,0,0,0,0,0,0,0,0,0,0,0,0,0,0,0,0,0,0,0,0,0,0,0,0,0,0,0,0,0,0,0,0,0,0,0,0,0,0,0,0,0,0,0,0,0,0,0,0,0,0,0,0,0,0,0,0,0,0,0,0,0,0,0,0,0,0,0,0,0,0,0,0,0,0,0,0,0,0,0,0,0,0,0,0,0,0,0,0,0,0,0,0,0,0,0,0,0,0,0,0,0,0,0,0,0,0,0,0,0,0,0,0,0,0,0,0,0,0,0,0,0,0,0,0,0,0,0,0,0,0,0,0,0,0,0,0,0,0,0,0,0,0,0,0,0,0,0,0,0,0,0,0,0,0,0,0,0,0,0,0,0,0,0,0,0,0,0,0,0,0,0,0,0,0,0,0,0,0,0,0,0,0,0,0,0,0,0,0,0,0,0,0,0,0,0,0,0,0,0,0,0,0,0,0,0,0,0,0,0,0,0,0,0,0,0,0,0,0,0,0,0,0,0,0,0,0,0,0,0
0.556159,0,0.00336255,0,0.582761,0,0.584277,0,0.580375,0,0.576972,0,0.577671,0,0.00325695,0,0.00373958,0,0.00314825,0,0.00360241,0,0.607615,0,0.611965,0,0.617861,0,0.618408,0,0.621511,0,0.620018,0,0.625415,0,0.629228,0,0.629745,0,0.63626,0,0.641637,0,0.643991,0,0.00326751,0,0.634925,0,0.652291,0,0.645156,0,0.645749,0,0.646189,0,0.65148,0,0.652434,0,0.65369,0,0.655059,0,0.658817,0,0.667505,0,0.66794,0,0.667818,0,0.669132,0,0.677338,0,0.676215,0,0.6796,0,0.680807,0,0.686218,0,0.688125,0,0.694028,0,0.702121,0,0.702423,0,0.703898,0,0.704191,0,0.70749,0,0.708799,0,0.711435,0,0.716665,0,0.72215,0,0.723734,0,0.726922,0,0.731284,0,0.00331443,0,0.737428,0,0.00328447,0,0.745974,0,0.746798,0,0.00357285,0,0.00324894,0,0.758119,0,0.758096,0,0.758961,0,0.764639,0,0.772156,0,0.770907,0,0.77598,0,0.780212,0,0.00348629,0,0.787431,0,0.793797,0,0.797841,0,0.799225,0,0.804394,0,0.807658,0,0.809054,0,0.812201,0,0.812779,0,0.81788,0,0.822399,0,0.824442,0,0.82536,0,0.830152,0,0.835513,0,0.837125,0,0.839718,0,0.845826,0,0.84787,0,0.849453,0,0.855462,0,0.857225,0,0.858878,0,0.861509,0,0.866168,0,0.867314,0,0.869418,0,0.870449,0,0.874165,0,0.875579,0,0.879633,0,0.882903,0,0.883787,0,0.886036,0,0.88888,0,0.893787,0,0.897583,0,0.903519,0,0.905854,0,0.909924,0,0.915471,0,0.914895,0,0.918196,0,0.921035,0,0.923609,0,0.924523,0,0.925608,0,0.929267,0,0.931381,0,0.935432,0,0.934579,0,0.935712,0,0.937766,0,0.939932,0,0.943073,0,0.949617,0,0.949673,0,0.952378,0,0.003487,0,0.00369166,0,0.00326311,0,0.96847,0,0.969766,0,0.974934,0,0.00352262,0,0.00358696,0,0.00326964,0,1.00601,0,1.00807,0,1.00893,0,1.0116,0,0.00356224,0,0.984175,0,0.9908,0,0.98875,0,0.99103,0,0.999,0,1.00467,0,1.01051,0,1.01394,0,1.01857,0,1.02299,0,1.02643,0,1.02937,0,1.03208,0,1.0466,0,1.04956,0,1.04772,0,1.04964,0,1.05265,0,1.05018,0,1.03261,0,1.03009,0,1.03155,0,1.04276,0,1.04354,0,1.04401,0,1.0434,0,1.04498,0,1.04643,0,1.04823,0,1.05158,0,1.05254,0,1.06043,0,1.05828,0,1.06249,0,1.06442,0,1.06672,0,1.07852,0,1.08252,0,1.08819,0,1.09269,0,0.00342963,0,0.00360195,0,1.11021,0,1.11983,0,1.12294,0,1.12436,0,1.12536,0,1.13043,0,1.11346,0,1.11477,0,1.11402,0,1.11166,0,1.11117,0,1.11071,0,1.11132,0,1.09768,0,1.10477,0,1.10597,0,1.1082,0,1.11128,0,1.11211,0,1.11498,0,1.1171,0,1.12043,0,1.12389,0,1.13098,0,1.13473,0,1.13824,0,1.13886,0,1.14161,0,1.14094,0,1.14052,0,1.14616,0,1.14951,0,1.14795,0,1.15093,0,1.15344,0,1.15723,0,1.16042,0,1.16685,0,1.17249,0,1.17257,0,1.17683,0,1.17989,0,1.18421,0,1.19072,0,1.19371,0,1.19344,0,1.19151,0,1.19048,0,0.0034142,0,1.2075,0,1.20584,0,1.20531,0,1.2119,0,1.21273,0,1.21476,0,1.21763,0,1.21782,0,1.22234,0,1.21231,0,1.21319,0,1.20728,0,1.20994,0,1.21047,0,1.2122,0,1.21455,0,1.21339,0,1.21053,0,1.21243,0,1.21066,0,1.21098,0,1.2117,0,1.2121,0,1.21693,0,1.21937,0,1.22224,0,1.22747,0,1.22991,0,1.23348,0,1.23488,0,1.24226,0,1.24369,0,1.24619,0,1.24914,0,1.24767,0,0.00365959,0,1.24744,0,1.24422,0,1.24231,0,1.24378,0,1.2446,0,1.24284,0,1.24627,0,1.24579,0,1.24811,0,1.24974,0,1.25054,0,1.25711,0,1.25596,0,1.25581,0,1.25693,0,1.25778,0,1.25785,0,1.26167,0,1.2626,0,1.26296,0,1.26729,0,1.26833,0,1.27401,0,1.2771,0,1.27838,0,1.28102,0,0.00366506,0,0.00324394,0
0,0,0,0,0,0,0,0,0,0,0,0,0,0,0,0,0,0,0,0,0,0,0,0,0,0,0,0,0,0,0,0,0,0,0,0,0,0,0,0,0,0,0,0,0,0,0,0,0,0,0,0,0,0,0,0,0,0,0,0,0,0,0,0,0,0,0,0,0,0,0,0,0,0,0,0,0,0,0,0,0,0,0,0,0,0,0,0,0,0,0,0,0,0,0,0,0,0,0,0,0,0,0,0,0,0,0,0,0,0,0,0,0,0,0,0,0,0,0,0,0,0,0,0,0,0,0,0,0,0,0,0,0,0,0,0,0,0,0,0,0,0,0,0,0,0,0,0,0,0,0,0,0,0,0,0,0,0,0,0,0,0,0,0,0,0,0,0,0,0,0,0,0,0,0,0,0,0,0,0,0,0,0,0,0,0,0,0,0,0,0,0,0,0,0,0,0,0,0,0,0,0,0,0,0,0,0,0,0,0,0,0,0,0,0,0,0,0,0,0,0,0,0,0,0,0,0,0,0,0,0,0,0,0,0,0,0,0,0,0,0,0,0,0,0,0,0,0,0,0,0,0,0,0,0,0,0,0,0,0,0,0,0,0,0,0,0,0,0,0,0,0,0,0,0,0,0,0,0,0,0,0,0,0,0,0,0,0,0,0,0,0,0,0,0,0,0,0,0,0,0,0,0,0,0,0,0,0,0,0,0,0,0,0,0,0,0,0,0,0,0,0,0,0,0,0,0,0,0,0,0,0,0,0,0,0,0,0,0,0,0,0,0,0,0,0,0,0,0,0,0,0,0,0,0,0,0,0,0,0,0,0,0,0,0,0,0,0,0,0,0,0,0,0,0,0,0,0,0,0,0,0,0,0,0,0,0,0,0,0,0,0,0,0,0,0,0,0,0,0,0,0,0,0,0,0,0,0,0,0,0,0,0,0,0,0,0,0,0,0,0,0,0,0,0,0,0,0,0,0,0,0,0,0,0,0,0,0,0,0,0,0,0,0,0,0,0,0,0,0,0,0,0,0,0,0,0,0,0,0,0,0,0,0,0,0,0,0,0,0,0,0,0,0,0,0,0,0,0,0,0,0,0,0,0,0,0,0,0,0,0,0,0,0,0,0,0,0,0,0,0,0,0,0,0,0,0,0,0,0,0,0,0,0,0,0,0,0,0,0,0,0,0,0,0,0,0,0,0,0,0,0,0,0,0,0,0,0,0,0,0,0,0,0,0,0,0,0,0,0,0,0,0,0,0,0,0,0,0,0,0,0,0,0,0,0,0,0,0,0,0,0,0,0,0,0,0,0,0,0,0,0,0,0,0,0,0,0,0,0,0,0,0,0,0,0,0,0,0,0
0.556385,0,0.568278,0,0.570942,0,0.573701,0,0.575774,0,0.576166,0,0.576992,0,0.58167,0,0.582135,0,0.00346455,0,0.00344029,0,0.605446,0,0.609114,0,0.611392,0,0.611583,0,0.615006,0,0.00347488,0,0.629402,0,0.631039,0,0.631171,0,0.634644,0,0.631321,0,0.639334,0,0.626294,0,0.635339,0,0.632424,0,0.635599,0,0.637892,0,0.642349,0,0.642822,0,0.650051,0,0.653161,0,0.652325,0,0.653921,0,0.658881,0,0.665294,0,0.664047,0,0.666092,0,0.67136,0,0.67163,0,0.675931,0,0.681621,0,0.683113,0,0.68475,0,0.688183,0,0.689767,0,0.693516,0,0.704053,0,0.700699,0,0.702568,0,0.710551,0,0.713434,0,0.714561,0,0.721015,0,0.721676,0,0.721739,0,0.730321,0,0.73238,0,0.738444,0,0.7395,0,0.743013,0,0.743904,0,0.744649,0,0.749364,0,0.751267,0,0.759358,0,0.760032,0,0.763211,0,0.763589,0,0.773774,0,0.771699,0,0.778191,0,0.779591,0,0.784244,0,0.789849,0,0.789584,0,0.796508,0,0.797818,0,0.799063,0,0.804927,0,0.805645,0,0.807027,0,0.814691,0,0.817926,0,0.819996,0,0.821823,0,0.828974,0,1.40154,0,0.00330671,0,1.45015,0,0.844086,0,0.845914,0,0.847202,0,0.849454,0,0.853783,0,0.857174,0,0.858097,0,0.861722,0,0.866951,0,0.866497,0,0.866896,0,0.871884,0,0.87413,0,0.876569,0,0.881047,0,0.883773,0,0.884941,0,0.889351,0,0.899482,0,0.901237,0,0.00339004,0,0.00334722,0,0.918419,0,0.919737,0,0.919854,0,0.918377,0,0.921215,0,0.92144,0,0.924056,0,0.927372,0,0.929659,0,0.93213,0,0.934395,0,0.935566,0,0.93679,0,0.93589,0,0.943021,0,0.910437,0,0.90514,0,0.916655,0,0.00333184,0,0.0037818,0,0.00321652,0,0.970669,0,0.973217,0,0.975094,0,0.984222,0,0.985016,0,0.997805,0,0.998181,0,0.00350675,0,0.00356388,0,0.985281,0,0.982343,0,0.983117,0,0.984364,0,0.991548,0,0.993626,0,0.998161,0,1.00322,0,1.00922,0,1.00995,0,1.01582,0,1.01777,0,1.01941,0,1.02069,0,1.02255,0,1.02202,0,1.0232,0,1.02755,0,1.03098,0,1.03386,0,1.0391,0,1.0396,0,1.02891,0,1.03085,0,1.03039,0,1.03195,0,1.03999,0,1.04618,0,0.00340931,0,1.05246,0,1.05101,0,1.04971,0,1.05198,0,1.05584,0,1.05647,0,1.05729,0,1.05635,0,0.00329392,0,0.00350434,0,0.00347015,0,1.07513,0,1.08068,0,1.08173,0,1.08419,0,0.00331803,0,0.00322846,0,0.00311416,0,0.00352018,0,1.12603,0,1.13082,0,1.12986,0,1.13122,0,1.1306,0,0.00329754,0,1.11535,0,0.00352899,0,1.09179,0,1.09201,0,1.09291,0,1.09646,0,1.10178,0,1.10301,0,1.10916,0,1.10882,0,1.11536,0,1.11586,0,1.12242,0,1.12719,0,1.13011,0,1.13655,0,1.138,0,1.13801,0,1.14308,0,1.14272,0,1.14324,0,1.14423,0,1.14428,0,1.14372,0,1.14907,0,1.1485,0,0.0032321,0,0.00340916,0,0.00336546,0,0.00345393,0,1.17896,0,1.18062,0,1.1825,0,1.18394,0,1.19392,0,1.19197,0,1.18846,0,1.18905,0,1.1854,0,1.18884,0,0.00322506,0,1.20345,0,1.20487,0,1.20717,0,1.21186,0,1.21539,0,1.21707,0,1.21571,0,1.21904,0,1.20651,0,1.20658,0,1.20684,0,1.20737,0,1.20495,0,1.20651,0,1.21074,0,1.21186,0,1.21035,0,1.20969,0,1.20821,0,1.21197,0,1.20837,0,1.20941,0,1.21565,0,1.21839,0,1.21915,0,1.22247,0,1.22013,0,1.2223,0,1.22522,0,0.00320887,0,0.00340128,0,1.24041,0,1.24207,0,1.24243,0,1.23647,0,1.23389,0,1.23581,0,1.23902,0,1.2391,0,1.23917,0,1.23734,0,1.24382,0,1.24323,0,1.2478,0,1.24912,0,1.25094,0,1.25291,0,1.24799,0,1.2597,0,1.25882,0,1.26341,0,1.26559,0,1.2575,0,1.26066,0,1.26111,0,1.25707,0,1.25902,0,0.0032237,0,1.27018,0,0.00352722,0,0.00352647,0,1.32931,0,1.27846,0
0,0,0,0,0,0,0,0,0,0,0,0,0,0,0,0,0,0,0,0,0,0,0,0,0,0,0,0,0,0,0,0,0,0,0,0,0,0,0,0,0,0,0,0,0,0,0,0,0,0,0,0,0,0,0,0,0,0,0,0,0,0,0,0,0,0,0,0,0,0,0,0,0,0,0,0,0,0,0,0,0,0,0,0,0,0,0,0,0,0,0,0,0,0,0,0,0,0,0,0,0,0,0,0,0,0,0,0,0,0,0,0,0,0,0,0,0,0,0,0,0,0,0,0,0,0,0,0,0,0,0,0,0,0,0,0,0,0,0,0,0,0,0,0,0,0,0,0,0,0,0,0,0,0,0,0,0,0,0,0,0,0,0,0,0,0,0,0,0,0,0,0,0,0,0,0,0,0,0,0,0,0,0,0,0,0,0,0,0,0,0,0,0,0,0,0,0,0,0,0,0,0,0,0,0,0,0,0,0,0,0,0,0,0,0,0,0,0,0,0,0,0,0,0,0,0,0,0,0,0,0,0,0,0,0,0,0,0,0,0,0,0,0,0,0,0,0,0,0,0,0,0,0,0,0,0,0,0,0,0,0,0,0,0,0,0,0,0,0,0,0,0,0,0,0,0,0,0,0,0,0,0,0,0,0,0,0,0,0,0,0,0,0,0,0,0,0,0,0,0,0,0,0,0,0,0,0,0,0,0,0,0,0,0,0,0,0,0,0,0,0,0,0,0,0,0,0,0,0,0,0,0,0,0,0,0,0,0,0,0,0,0,0,0,0,0,0,0,0,0,0,0,0,0,0,0,0,0,0,0,0,0,0,0,0,0,0,0,0,0,0,0,0,0,0,0,0,0,0,0,0,0,0,0,0,0,0,0,0,0,0,0,0,0,0,0,0,0,0,0,0,0,0,0,0,0,0,0,0,0,0,0,0,0,0,0,0,0,0,0,0,0,0,0,0,0,0,0,0,0,0,0,0,0,0,0,0,0,0,0,0,0,0,0,0,0,0,0,0,0,0,0,0,0,0,0,0,0,0,0,0,0,0,0,0,0,0,0,0,0,0,0,0,0,0,0,0,0,0,0,0,0,0,0,0,0,0,0,0,0,0,0,0,0,0,0,0,0,0,0,0,0,0,0,0,0,0,0,0,0,0,0,0,0,0,0,0,0,0,0,0,0,0,0,0,0,0,0,0,0,0,0,0,0,0,0,0,0,0,0,0,0,0,0,0,0,0,0,0,0,0,0,0,0,0,0,0,0,0,0,0,0,0,0,0,0,0,0,0,0,0,0,0,0,0,0,0,0,0,0,0,0,0,0,0,0,0,0,0,0,0,0,0,0,0,0,0,0,0,0
0.569903,0,0.57057,0,0.582623,0,0.583942,0,0.583717,0,0.583997,0,0.59166,0,0.593298,0,0.593603,0,0.596492,0,0.601143,0,0.606236,0,0.607587,0,0.610507,0,0.614522,0,0.618052,0,0.618248,0,0.6196,0,0.628289,0,0.630636,0,0.631552,0,0.632908,0,0.631906,0,0.631023,0,0.631498,0,0.632546,0,0.632841,0,0.636249,0,0.638679,0,0.64182,0,0.640704,0,0.646047,0,0.646848,0,0.65238,0,0.653882,0,0.0031905,0,0.0033199,0,0.667587,0,0.669049,0,0.671325,0,0.670411,0,0.0033542,0,0.680267,0,0.67795,0,0.681257,0,0.687755,0,0.689238,0,0.696279,0,0.697962,0,0.699113,0,0.702825,0,0.707769,0,0.713,0,0.71788,0,0.718953,0,0.725174,0,0.726381,0,0.72804,0,0.729875,0,0.739416,0,0.739395,0,0.741909,0,0.744286,0,0.745014,0,0.745516,0,0.758488,0,0.760355,0,0.76194,0,0.760762,0,0.763805,0,0.765478,0,0.771659,0,0.772807,0,0.00326406,0,0.783656,0,0.785679,0,0.00317231,0,0.790849,0,0.791408,0,0.796777,0,0.00360819,0,0.799691,0,0.799879,0,0.809259,0,0.814302,0,0.0034426,0,0.829743,0,0.834916,0,0.835743,0,0.00339968,0,0.847592,0,0.851169,0,0.852526,0,0.848805,0,0.849482,0,0.850688,0,0.853611,0,0.85913,0,0.860887,0,0.864747,0,0.86506,0,0.870578,0,0.0034449,0,0.878139,0,0.880312,0,0.881955,0,0.886547,0,0.00320234,0,0.0036647,0,0.00325901,0,0.00354603,0,0.91883,0,0.918321,0,0.918582,0,0.920542,0,0.921698,0,0.921323,0,0.921971,0,1.29954,0,0.0034042,0,0.927156,0,0.928655,0,0.933076,0,0.934059,0,0.93593,0,0.938355,0,0.939571,0,0.940594,0,0.946793,0,0.949856,0,0.951772,0,0.95626,0,0.00351005,0,0.96845,0,0.970537,0,0.976948,0,0.978311,0,0.976987,0,0.974697,0,0.98112,0,0.980446,0,0.976171,0,0.981783,0,0.985653,0,0.985217,0,0.987322,0,0.991681,0,0.991887,0,0.00367963,0,1.26129,0,0.00333743,0,0.00331862,0,0.00363097,0,0.00357825,0,0.00364141,0,0.00344389,0,0.00341142,0,0.00337613,0,1.25215,0,1.0251,0,1.02362,0,1.02973,0,0.00341533,0,1.0323,0,1.02635,0,1.02637,0,1.0263,0,1.0227,0,1.02505,0,1.02505,0,1.02457,0,1.02614,0,1.02862,0,1.0318,0,1.03548,0,1.0396,0,1.03802,0,1.03951,0,1.04349,0,1.04406,0,1.04744,0,1.04924,0,1.05706,0,1.0639,0,1.06949,0,1.07163,0,0.00361837,0,0.00320253,0,0.00343307,0,0.00354507,0,0.00333199,0,0.00326083,0,0.00354094,0,0.00342558,0,0.00353287,0,1.08333,0,1.07839,0,1.07879,0,1.08174,0,1.08191,0,1.08662,0,1.09164,0,1.09926,0,1.10214,0,1.10539,0,1.10801,0,1.1088,0,1.11698,0,1.12106,0,1.12765,0,1.13323,0,1.13122,0,1.13056,0,1.13189,0,1.13543,0,1.13684,0,1.13889,0,1.14126,0,1.14623,0,1.14653,0,1.14067,0,1.14076,0,1.14584,0,1.14458,0,1.14487,0,0.00332929,0,1.35099,0,0.00335617,0,0.00336698,0,1.17762,0,1.17957,0,1.18267,0,1.18747,0,1.18799,0,1.19428,0,1.20106,0,1.19971,0,1.20131,0,1.20014,0,1.2074,0,1.20892,0,1.21446,0,1.21945,0,1.21759,0,1.21067,0,1.20425,0,1.20651,0,1.20785,0,1.20764,0,1.20203,0,1.20338,0,1.20471,0,1.20467,0,1.19814,0,1.19881,0,1.20024,0,1.20302,0,1.20464,0,1.20738,0,1.20859,0,1.20796,0,1.2098,0,1.21401,0,1.21849,0,1.22044,0,1.22237,0,1.22603,0,1.22833,0,1.22925,0,1.23667,0,1.23542,0,1.23957,0,1.23952,0,1.24012,0,1.2428,0,1.24188,0,1.24319,0,1.24383,0,1.24272,0,1.24389,0,0.00355104,0,1.3156,0,1.31572,0,1.24298,0,1.24617,0,1.24738,0,1.25073,0,1.24896,0,1.25189,0,1.25315,0,1.24877,0,1.24636,0,1.24962,0,1.25028,0,1.24998,0,1.2532,0,1.24993,0,1.25668,0,1.25774,0,1.26202,0
0,0,0,0,0,0,0,0,0,0,0,0,0,0,0,0,0,0,0,0,0,0,0,0,0,0,0,0,0,0,0,0,0,0,0,0,0,0,0,0,0,0,0,0,0,0,0,0,0,0,0,0,0,0,0,0,0,0,0,0,0,0,0,0,0,0,0,0,0,0,0,0,0,0,0,0,0,0,0,0,0,0,0,0,0,0,0,0,0,0,0,0,0,0,0,0,0,0,0,0,0,0,0,0,0,0,0,0,0,0,0,0,0,0,0,0,0,0,0,0,0,0,0,0,0,0,0,0,0,0,0,0,0,0,0,0,0,0,0,0,0,0,0,0,0,0,0,0,0,0,0,0,0,0,0,0,0,0,0,0,0,0,0,0,0,0,0,0,0,0,0,0,0,0,0,0,0,0,0,0,0,0,0,0,0,0,0,0,0,0,0,0,0,0,0,0,0,0,0,0,0,0,0,0,0,0,0,0,0,0,0,0,0,0,0,0,0,0,0,0,0,0,0,0,0,0,0,0,0,0,0,0,0,0,0,0,0,0,0,0,0,0,0,0,0,0,0,0,0,0,0,0,0,0,0,0,0,0,0,0,0,0,0,0,0,0,0,0,0,0,0,0,0,0,0,0,0,0,0,0,0,0,0,0,0,0,0,0,0,0,0,0,0,0,0,0,0,0,0,0,0,0,0,0,0,0,0,0,0,0,0,0,0,0,0,0,0,0,0,0,0,0,0,0,0,0,0,0,0,0,0,0,0,0,0,0,0,0,0,0,0,0,0,0,0,0,0,0,0,0,0,0,0,0,0,0,0,0,0,0,0,0,0,0,0,0,0,0,0,0,0,0,0,0,0,0,0,0,0,0,0,0,0,0,0,0,0,0,0,0,0,0,0,0,0,0,0,0,0,0,0,0,0,0,0,0,0,0,0,0,0,0,0,0,0,0,0,0,0,0,0,0,0,0,0,0,0,0,0,0,0,0,0,0,0,0,0,0,0,0,0,0,0,0,0,0,0,0,0,0,0,0,0,0,0,0,0,0,0,0,0,0,0,0,0,0,0,0,0,0,0,0,0,0,0,0,0,0,0,0,0,0,0,0,0,0,0,0,0,0,0,0,0,0,0,0,0,0,0,0,0,0,0,0,0,0,0,0,0,0,0,0,0,0,0,0,0,0,0,0,0,0,0,0,0,0,0,0,0,0,0,0,0,0,0,0,0,0,0,0,0,0,0,0,0,0,0,0,0,0,0,0,0,0,0,0,0,0,0,0,0,0,0,0,0,0,0,0,0,0,0,0,0,0,0,0,0,0,0,0,0,0,0,0,0,0,0,0,0,0,0,0,0,0,0,0,0,0,0,0
